pt_graph cpue_kghour
16180 0.4
16180 42.4
16180 1.48
16180 6.16
16181 0.4
16181 42.4
16181 1.48
16181 6.16
16182 0.4
16182 42.4
16182 1.48
16182 6.16
16291 0.4
16291 42.4
16291 1.48
16291 6.16
16292 0.4
16292 42.4
16292 1.48
16292 6.16
16293 0.4
16293 42.4
16293 1.48
16293 6.16
16294 0.4
16294 42.4
16294 1.48
16294 6.16
16295 0.4
16295 42.4
16295 1.48
16295 6.16
16296 0.4
16296 42.4
16296 1.48
16296 6.16
16297 0.4
16297 42.4
16297 1.48
16297 6.16
16400 0.4
16400 42.4
16400 1.48
16400 6.16
16401 0.4
16401 42.4
16401 1.48
16401 6.16
16402 0.4
16402 42.4
16402 1.48
16402 6.16
16403 0.4
16403 42.4
16403 1.48
16403 6.16
16404 0.4
16404 42.4
16404 1.48
16404 6.16
16405 0.4
16405 42.4
16405 1.48
16405 6.16
16406 0.4
16406 42.4
16406 1.48
16406 6.16
16407 0.4
16407 42.4
16407 1.48
16407 6.16
16408 0.4
16408 42.4
16408 1.48
16408 6.16
16409 0.4
16409 42.4
16409 1.48
16409 6.16
16410 0.4
16410 42.4
16410 1.48
16410 6.16
16411 0.4
16411 42.4
16411 1.48
16411 6.16
16412 0.4
16412 42.4
16412 1.48
16412 6.16
16510 0.4
16510 42.4
16510 1.48
16510 6.16
16511 0.4
16511 42.4
16511 1.48
16511 6.16
16512 0.4
16512 42.4
16512 1.48
16512 6.16
16513 0.4
16513 42.4
16513 1.48
16513 6.16
16514 0.4
16514 42.4
16514 1.48
16514 6.16
16515 0.4
16515 42.4
16515 1.48
16515 6.16
16516 0.4
16516 42.4
16516 1.48
16516 6.16
16517 0.4
16517 42.4
16517 1.48
16517 6.16
16518 0.4
16518 42.4
16518 1.48
16518 6.16
16519 0.4
16519 42.4
16519 1.48
16519 6.16
16520 0.4
16520 42.4
16520 1.48
16520 6.16
16521 0.4
16521 42.4
16521 1.48
16521 6.16
16522 0.4
16522 42.4
16522 1.48
16522 6.16
16523 0.4
16523 42.4
16523 1.48
16523 6.16
16524 0.4
16524 42.4
16524 1.48
16524 6.16
16620 0.4
16620 42.4
16620 1.48
16620 6.16
16621 0.4
16621 42.4
16621 1.48
16621 6.16
16622 0.4
16622 42.4
16622 1.48
16622 6.16
16623 0.4
16623 42.4
16623 1.48
16623 6.16
16624 0.4
16624 42.4
16624 1.48
16624 6.16
16625 0.4
16625 42.4
16625 1.48
16625 6.16
16626 0.4
16626 42.4
16626 1.48
16626 6.16
16627 0.4
16627 42.4
16627 1.48
16627 6.16
16628 0.4
16628 42.4
16628 1.48
16628 6.16
16629 0.4
16629 42.4
16629 1.48
16629 6.16
16630 0.4
16630 42.4
16630 1.48
16630 6.16
16631 0.4
16631 42.4
16631 1.48
16631 6.16
16632 0.4
16632 42.4
16632 1.48
16632 6.16
16633 0.4
16633 42.4
16633 1.48
16633 6.16
16634 0.4
16634 42.4
16634 1.48
16634 6.16
16635 0.4
16635 42.4
16635 1.48
16635 6.16
16636 0.4
16636 42.4
16636 1.48
16636 6.16
16737 0.4
16737 42.4
16737 1.48
16737 6.16
16738 0.4
16738 42.4
16738 1.48
16738 6.16
16739 0.4
16739 42.4
16739 1.48
16739 6.16
16740 0.4
16740 42.4
16740 1.48
16740 6.16
16744 0.4
16744 42.4
16744 1.48
16744 6.16
16745 0.4
16745 42.4
16745 1.48
16745 6.16
16746 0.4
16746 42.4
16746 1.48
16746 6.16
16747 0.4
16747 42.4
16747 1.48
16747 6.16
16847 0.4
16847 42.4
16847 1.48
16847 6.16
16848 0.4
16848 42.4
16848 1.48
16848 6.16
16849 0.4
16849 42.4
16849 1.48
16849 6.16
16850 0.4
16850 42.4
16850 1.48
16850 6.16
16851 0.4
16851 42.4
16851 1.48
16851 6.16
16854 0.4
16854 42.4
16854 1.48
16854 6.16
16855 0.4
16855 42.4
16855 1.48
16855 6.16
16856 0.4
16856 42.4
16856 1.48
16856 6.16
16857 0.4
16857 42.4
16857 1.48
16857 6.16
16858 0.4
16858 42.4
16858 1.48
16858 6.16
16859 0.4
16859 42.4
16859 1.48
16859 6.16
16860 0.4
16860 42.4
16860 1.48
16860 6.16
16958 0.4
16958 42.4
16958 1.48
16958 6.16
16959 0.4
16959 42.4
16959 1.48
16959 6.16
16960 0.4
16960 42.4
16960 1.48
16960 6.16
16961 0.4
16961 42.4
16961 1.48
16961 6.16
16965 0.4
16965 42.4
16965 1.48
16965 6.16
16966 0.4
16966 42.4
16966 1.48
16966 6.16
16967 0.4
16967 42.4
16967 1.48
16967 6.16
16968 0.4
16968 42.4
16968 1.48
16968 6.16
16969 0.4
16969 42.4
16969 1.48
16969 6.16
16970 0.4
16970 42.4
16970 1.48
16970 6.16
16971 0.4
16971 42.4
16971 1.48
16971 6.16
16972 0.4
16972 42.4
16972 1.48
16972 6.16
17062 0.4
17062 42.4
17062 1.48
17062 6.16
17063 0.4
17063 42.4
17063 1.48
17063 6.16
17064 0.4
17064 42.4
17064 1.48
17064 6.16
17065 0.4
17065 42.4
17065 1.48
17065 6.16
17066 0.4
17066 42.4
17066 1.48
17066 6.16
17067 0.4
17067 42.4
17067 1.48
17067 6.16
17068 0.4
17068 42.4
17068 1.48
17068 6.16
17069 0.4
17069 42.4
17069 1.48
17069 6.16
17070 0.4
17070 42.4
17070 1.48
17070 6.16
17071 0.4
17071 42.4
17071 1.48
17071 6.16
17072 0.4
17072 42.4
17072 1.48
17072 6.16
17073 0.4
17073 42.4
17073 1.48
17073 6.16
17074 0.4
17074 42.4
17074 1.48
17074 6.16
17075 0.4
17075 42.4
17075 1.48
17075 6.16
17076 0.4
17076 42.4
17076 1.48
17076 6.16
17077 0.4
17077 42.4
17077 1.48
17077 6.16
17078 0.4
17078 42.4
17078 1.48
17078 6.16
17079 0.4
17079 42.4
17079 1.48
17079 6.16
17080 0.4
17080 42.4
17080 1.48
17080 6.16
17081 0.4
17081 42.4
17081 1.48
17081 6.16
17170 0.4
17170 42.4
17170 1.48
17170 6.16
17171 0.4
17171 42.4
17171 1.48
17171 6.16
17172 0.4
17172 42.4
17172 1.48
17172 6.16
17173 0.4
17173 42.4
17173 1.48
17173 6.16
17174 0.4
17174 42.4
17174 1.48
17174 6.16
17175 0.4
17175 42.4
17175 1.48
17175 6.16
17176 0.4
17176 42.4
17176 1.48
17176 6.16
17177 0.4
17177 42.4
17177 1.48
17177 6.16
17178 0.4
17178 42.4
17178 1.48
17178 6.16
17179 0.4
17179 42.4
17179 1.48
17179 6.16
17180 0.4
17180 42.4
17180 1.48
17180 6.16
17181 0.4
17181 42.4
17181 1.48
17181 6.16
17182 0.4
17182 42.4
17182 1.48
17182 6.16
17183 0.4
17183 42.4
17183 1.48
17183 6.16
17184 0.4
17184 42.4
17184 1.48
17184 6.16
17185 0.4
17185 42.4
17185 1.48
17185 6.16
17186 0.4
17186 42.4
17186 1.48
17186 6.16
17187 0.4
17187 42.4
17187 1.48
17187 6.16
17188 0.4
17188 42.4
17188 1.48
17188 6.16
17189 0.4
17189 42.4
17189 1.48
17189 6.16
17190 0.4
17190 42.4
17190 1.48
17190 6.16
17191 0.4
17191 42.4
17191 1.48
17191 6.16
17274 0.4
17274 42.4
17274 1.48
17274 6.16
17275 0.4
17275 42.4
17275 1.48
17275 6.16
17276 0.4
17276 42.4
17276 1.48
17276 6.16
17277 0.4
17277 42.4
17277 1.48
17277 6.16
17278 0.4
17278 42.4
17278 1.48
17278 6.16
17279 0.4
17279 42.4
17279 1.48
17279 6.16
17280 0.4
17280 42.4
17280 1.48
17280 6.16
17281 0.4
17281 42.4
17281 1.48
17281 6.16
17282 0.4
17282 42.4
17282 1.48
17282 6.16
17283 0.4
17283 42.4
17283 1.48
17283 6.16
17284 0.4
17284 42.4
17284 1.48
17284 6.16
17285 0.4
17285 42.4
17285 1.48
17285 6.16
17286 0.4
17286 42.4
17286 1.48
17286 6.16
17287 0.4
17287 42.4
17287 1.48
17287 6.16
17288 0.4
17288 42.4
17288 1.48
17288 6.16
17289 0.4
17289 42.4
17289 1.48
17289 6.16
17290 0.4
17290 42.4
17290 1.48
17290 6.16
17291 0.4
17291 42.4
17291 1.48
17291 6.16
17292 0.4
17292 42.4
17292 1.48
17292 6.16
17293 0.4
17293 42.4
17293 1.48
17293 6.16
17294 0.4
17294 42.4
17294 1.48
17294 6.16
17295 0.4
17295 42.4
17295 1.48
17295 6.16
17296 0.4
17296 42.4
17296 1.48
17296 6.16
17297 0.4
17297 42.4
17297 1.48
17297 6.16
17298 0.4
17298 42.4
17298 1.48
17298 6.16
17299 0.4
17299 42.4
17299 1.48
17299 6.16
17382 0.4
17382 42.4
17382 1.48
17382 6.16
17383 0.4
17383 42.4
17383 1.48
17383 6.16
17384 0.4
17384 42.4
17384 1.48
17384 6.16
17385 0.4
17385 42.4
17385 1.48
17385 6.16
17386 0.4
17386 42.4
17386 1.48
17386 6.16
17387 0.4
17387 42.4
17387 1.48
17387 6.16
17388 0.4
17388 42.4
17388 1.48
17388 6.16
17389 0.4
17389 42.4
17389 1.48
17389 6.16
17390 0.4
17390 42.4
17390 1.48
17390 6.16
17391 0.4
17391 42.4
17391 1.48
17391 6.16
17392 0.4
17392 42.4
17392 1.48
17392 6.16
17393 0.4
17393 42.4
17393 1.48
17393 6.16
17394 0.4
17394 42.4
17394 1.48
17394 6.16
17395 0.4
17395 42.4
17395 1.48
17395 6.16
17396 0.4
17396 42.4
17396 1.48
17396 6.16
17397 0.4
17397 42.4
17397 1.48
17397 6.16
17398 0.4
17398 42.4
17398 1.48
17398 6.16
17399 0.4
17399 42.4
17399 1.48
17399 6.16
17400 0.4
17400 42.4
17400 1.48
17400 6.16
17401 0.4
17401 42.4
17401 1.48
17401 6.16
17402 0.4
17402 42.4
17402 1.48
17402 6.16
17403 0.4
17403 42.4
17403 1.48
17403 6.16
17404 0.4
17404 42.4
17404 1.48
17404 6.16
17405 0.4
17405 42.4
17405 1.48
17405 6.16
17406 0.4
17406 42.4
17406 1.48
17406 6.16
17407 0.4
17407 42.4
17407 1.48
17407 6.16
17486 0.4
17486 42.4
17486 1.48
17486 6.16
17487 0.4
17487 42.4
17487 1.48
17487 6.16
17488 0.4
17488 42.4
17488 1.48
17488 6.16
17489 0.4
17489 42.4
17489 1.48
17489 6.16
17490 0.4
17490 42.4
17490 1.48
17490 6.16
17491 0.4
17491 42.4
17491 1.48
17491 6.16
17492 0.4
17492 42.4
17492 1.48
17492 6.16
17493 0.4
17493 42.4
17493 1.48
17493 6.16
17494 0.4
17494 42.4
17494 1.48
17494 6.16
17495 0.4
17495 42.4
17495 1.48
17495 6.16
17496 0.4
17496 42.4
17496 1.48
17496 6.16
17497 0.4
17497 42.4
17497 1.48
17497 6.16
17498 0.4
17498 42.4
17498 1.48
17498 6.16
17499 0.4
17499 42.4
17499 1.48
17499 6.16
17500 0.4
17500 42.4
17500 1.48
17500 6.16
17501 0.4
17501 42.4
17501 1.48
17501 6.16
17502 0.4
17502 42.4
17502 1.48
17502 6.16
17503 0.4
17503 42.4
17503 1.48
17503 6.16
17504 0.4
17504 42.4
17504 1.48
17504 6.16
17505 0.4
17505 42.4
17505 1.48
17505 6.16
17506 0.4
17506 42.4
17506 1.48
17506 6.16
17507 0.4
17507 42.4
17507 1.48
17507 6.16
17508 0.4
17508 42.4
17508 1.48
17508 6.16
17509 0.4
17509 42.4
17509 1.48
17509 6.16
17510 0.4
17510 42.4
17510 1.48
17510 6.16
17511 0.4
17511 42.4
17511 1.48
17511 6.16
17512 0.4
17512 42.4
17512 1.48
17512 6.16
17513 0.4
17513 42.4
17513 1.48
17513 6.16
17590 0.4
17590 42.4
17590 1.48
17590 6.16
17591 0.4
17591 42.4
17591 1.48
17591 6.16
17592 0.4
17592 42.4
17592 1.48
17592 6.16
17593 0.4
17593 42.4
17593 1.48
17593 6.16
17594 0.4
17594 42.4
17594 1.48
17594 6.16
17595 0.4
17595 42.4
17595 1.48
17595 6.16
17596 0.4
17596 42.4
17596 1.48
17596 6.16
17597 0.4
17597 42.4
17597 1.48
17597 6.16
17598 0.4
17598 42.4
17598 1.48
17598 6.16
17599 0.4
17599 42.4
17599 1.48
17599 6.16
17600 0.4
17600 42.4
17600 1.48
17600 6.16
17601 0.4
17601 42.4
17601 1.48
17601 6.16
17602 0.4
17602 42.4
17602 1.48
17602 6.16
17603 0.4
17603 42.4
17603 1.48
17603 6.16
17604 0.4
17604 42.4
17604 1.48
17604 6.16
17605 0.4
17605 42.4
17605 1.48
17605 6.16
17606 0.4
17606 42.4
17606 1.48
17606 6.16
17607 0.4
17607 42.4
17607 1.48
17607 6.16
17608 0.4
17608 42.4
17608 1.48
17608 6.16
17609 0.4
17609 42.4
17609 1.48
17609 6.16
17610 0.4
17610 42.4
17610 1.48
17610 6.16
17611 0.4
17611 42.4
17611 1.48
17611 6.16
17612 0.4
17612 42.4
17612 1.48
17612 6.16
17613 0.4
17613 42.4
17613 1.48
17613 6.16
17614 0.4
17614 42.4
17614 1.48
17614 6.16
17615 0.4
17615 42.4
17615 1.48
17615 6.16
17691 0.4
17691 42.4
17691 1.48
17691 6.16
17692 0.4
17692 42.4
17692 1.48
17692 6.16
17693 0.4
17693 42.4
17693 1.48
17693 6.16
17694 0.4
17694 42.4
17694 1.48
17694 6.16
17695 0.4
17695 42.4
17695 1.48
17695 6.16
17696 0.4
17696 42.4
17696 1.48
17696 6.16
17697 0.4
17697 42.4
17697 1.48
17697 6.16
17698 0.4
17698 42.4
17698 1.48
17698 6.16
17699 0.4
17699 42.4
17699 1.48
17699 6.16
17700 0.4
17700 42.4
17700 1.48
17700 6.16
17701 0.4
17701 42.4
17701 1.48
17701 6.16
17702 0.4
17702 42.4
17702 1.48
17702 6.16
17703 0.4
17703 42.4
17703 1.48
17703 6.16
17704 0.4
17704 42.4
17704 1.48
17704 6.16
17705 0.4
17705 42.4
17705 1.48
17705 6.16
17706 0.4
17706 42.4
17706 1.48
17706 6.16
17707 0.4
17707 42.4
17707 1.48
17707 6.16
17708 0.4
17708 42.4
17708 1.48
17708 6.16
17709 0.4
17709 42.4
17709 1.48
17709 6.16
17710 0.4
17710 42.4
17710 1.48
17710 6.16
17711 0.4
17711 42.4
17711 1.48
17711 6.16
17712 0.4
17712 42.4
17712 1.48
17712 6.16
17713 0.4
17713 42.4
17713 1.48
17713 6.16
17714 0.4
17714 42.4
17714 1.48
17714 6.16
17715 0.4
17715 42.4
17715 1.48
17715 6.16
17716 0.4
17716 42.4
17716 1.48
17716 6.16
17717 0.4
17717 42.4
17717 1.48
17717 6.16
17788 0.4
17788 42.4
17788 1.48
17788 6.16
17789 0.4
17789 42.4
17789 1.48
17789 6.16
17790 0.4
17790 42.4
17790 1.48
17790 6.16
17791 0.4
17791 42.4
17791 1.48
17791 6.16
17792 0.4
17792 42.4
17792 1.48
17792 6.16
17793 0.4
17793 42.4
17793 1.48
17793 6.16
17794 0.4
17794 42.4
17794 1.48
17794 6.16
17795 0.4
17795 42.4
17795 1.48
17795 6.16
17796 0.4
17796 42.4
17796 1.48
17796 6.16
17797 0.4
17797 42.4
17797 1.48
17797 6.16
17798 0.4
17798 42.4
17798 1.48
17798 6.16
17799 0.4
17799 42.4
17799 1.48
17799 6.16
17800 0.4
17800 42.4
17800 1.48
17800 6.16
17801 0.4
17801 42.4
17801 1.48
17801 6.16
17802 0.4
17802 42.4
17802 1.48
17802 6.16
17803 0.4
17803 42.4
17803 1.48
17803 6.16
17804 0.4
17804 42.4
17804 1.48
17804 6.16
17805 0.4
17805 42.4
17805 1.48
17805 6.16
17806 0.4
17806 42.4
17806 1.48
17806 6.16
17807 0.4
17807 42.4
17807 1.48
17807 6.16
17808 0.4
17808 42.4
17808 1.48
17808 6.16
17809 0.4
17809 42.4
17809 1.48
17809 6.16
17810 0.4
17810 42.4
17810 1.48
17810 6.16
17811 0.4
17811 42.4
17811 1.48
17811 6.16
17812 0.4
17812 42.4
17812 1.48
17812 6.16
17813 0.4
17813 42.4
17813 1.48
17813 6.16
17814 0.4
17814 42.4
17814 1.48
17814 6.16
17815 0.4
17815 42.4
17815 1.48
17815 6.16
17884 0.4
17884 42.4
17884 1.48
17884 6.16
17885 0.4
17885 42.4
17885 1.48
17885 6.16
17886 0.4
17886 42.4
17886 1.48
17886 6.16
17887 0.4
17887 42.4
17887 1.48
17887 6.16
17888 0.4
17888 42.4
17888 1.48
17888 6.16
17889 0.4
17889 42.4
17889 1.48
17889 6.16
17890 0.4
17890 42.4
17890 1.48
17890 6.16
17891 0.4
17891 42.4
17891 1.48
17891 6.16
17892 0.4
17892 42.4
17892 1.48
17892 6.16
17893 0.4
17893 42.4
17893 1.48
17893 6.16
17894 0.4
17894 42.4
17894 1.48
17894 6.16
17895 0.4
17895 42.4
17895 1.48
17895 6.16
17896 0.4
17896 42.4
17896 1.48
17896 6.16
17897 0.4
17897 42.4
17897 1.48
17897 6.16
17898 0.4
17898 42.4
17898 1.48
17898 6.16
17899 0.4
17899 42.4
17899 1.48
17899 6.16
17900 0.4
17900 42.4
17900 1.48
17900 6.16
17901 0.4
17901 42.4
17901 1.48
17901 6.16
17902 0.4
17902 42.4
17902 1.48
17902 6.16
17903 0.4
17903 42.4
17903 1.48
17903 6.16
17904 0.4
17904 42.4
17904 1.48
17904 6.16
17905 0.4
17905 42.4
17905 1.48
17905 6.16
17906 0.4
17906 42.4
17906 1.48
17906 6.16
17907 0.4
17907 42.4
17907 1.48
17907 6.16
17908 0.4
17908 42.4
17908 1.48
17908 6.16
17909 0.4
17909 42.4
17909 1.48
17909 6.16
17973 0.4
17973 42.4
17973 1.48
17973 6.16
17974 0.4
17974 42.4
17974 1.48
17974 6.16
17975 0.4
17975 42.4
17975 1.48
17975 6.16
17976 0.4
17976 42.4
17976 1.48
17976 6.16
17977 0.4
17977 42.4
17977 1.48
17977 6.16
17978 0.4
17978 42.4
17978 1.48
17978 6.16
17979 0.4
17979 42.4
17979 1.48
17979 6.16
17980 0.4
17980 42.4
17980 1.48
17980 6.16
17981 0.4
17981 42.4
17981 1.48
17981 6.16
17982 0.4
17982 42.4
17982 1.48
17982 6.16
17983 0.4
17983 42.4
17983 1.48
17983 6.16
17984 0.4
17984 42.4
17984 1.48
17984 6.16
17985 0.4
17985 42.4
17985 1.48
17985 6.16
17986 0.4
17986 42.4
17986 1.48
17986 6.16
17987 0.4
17987 42.4
17987 1.48
17987 6.16
17988 0.4
17988 42.4
17988 1.48
17988 6.16
17989 0.4
17989 42.4
17989 1.48
17989 6.16
17990 0.4
17990 42.4
17990 1.48
17990 6.16
17991 0.4
17991 42.4
17991 1.48
17991 6.16
17992 0.4
17992 42.4
17992 1.48
17992 6.16
17993 0.4
17993 42.4
17993 1.48
17993 6.16
17994 0.4
17994 42.4
17994 1.48
17994 6.16
17995 0.4
17995 42.4
17995 1.48
17995 6.16
17996 0.4
17996 42.4
17996 1.48
17996 6.16
17997 0.4
17997 42.4
17997 1.48
17997 6.16
17998 0.4
17998 42.4
17998 1.48
17998 6.16
17999 0.4
17999 42.4
17999 1.48
17999 6.16
18063 0.4
18063 42.4
18063 1.48
18063 6.16
18064 0.4
18064 42.4
18064 1.48
18064 6.16
18065 0.4
18065 42.4
18065 1.48
18065 6.16
18066 0.4
18066 42.4
18066 1.48
18066 6.16
18067 0.4
18067 42.4
18067 1.48
18067 6.16
18068 0.4
18068 42.4
18068 1.48
18068 6.16
18069 0.4
18069 42.4
18069 1.48
18069 6.16
18070 0.4
18070 42.4
18070 1.48
18070 6.16
18071 0.4
18071 42.4
18071 1.48
18071 6.16
18072 0.4
18072 42.4
18072 1.48
18072 6.16
18073 0.4
18073 42.4
18073 1.48
18073 6.16
18074 0.4
18074 42.4
18074 1.48
18074 6.16
18075 0.4
18075 42.4
18075 1.48
18075 6.16
18076 0.4
18076 42.4
18076 1.48
18076 6.16
18077 0.4
18077 42.4
18077 1.48
18077 6.16
18078 0.4
18078 42.4
18078 1.48
18078 6.16
18079 0.4
18079 42.4
18079 1.48
18079 6.16
18080 0.4
18080 42.4
18080 1.48
18080 6.16
18081 0.4
18081 42.4
18081 1.48
18081 6.16
18082 0.4
18082 42.4
18082 1.48
18082 6.16
18083 0.4
18083 42.4
18083 1.48
18083 6.16
18084 0.4
18084 42.4
18084 1.48
18084 6.16
18085 0.4
18085 42.4
18085 1.48
18085 6.16
18086 0.4
18086 42.4
18086 1.48
18086 6.16
18087 0.4
18087 42.4
18087 1.48
18087 6.16
18088 0.4
18088 42.4
18088 1.48
18088 6.16
18089 0.4
18089 42.4
18089 1.48
18089 6.16
18090 0.4
18090 42.4
18090 1.48
18090 6.16
18150 0.4
18150 42.4
18150 1.48
18150 6.16
18151 0.4
18151 42.4
18151 1.48
18151 6.16
18152 0.4
18152 42.4
18152 1.48
18152 6.16
18153 0.4
18153 42.4
18153 1.48
18153 6.16
18154 0.4
18154 42.4
18154 1.48
18154 6.16
18155 0.4
18155 42.4
18155 1.48
18155 6.16
18156 0.4
18156 42.4
18156 1.48
18156 6.16
18157 0.4
18157 42.4
18157 1.48
18157 6.16
18158 0.4
18158 42.4
18158 1.48
18158 6.16
18159 0.4
18159 42.4
18159 1.48
18159 6.16
18160 0.4
18160 42.4
18160 1.48
18160 6.16
18161 0.4
18161 42.4
18161 1.48
18161 6.16
18162 0.4
18162 42.4
18162 1.48
18162 6.16
18163 0.4
18163 42.4
18163 1.48
18163 6.16
18164 0.4
18164 42.4
18164 1.48
18164 6.16
18165 0.4
18165 42.4
18165 1.48
18165 6.16
18166 0.4
18166 42.4
18166 1.48
18166 6.16
18167 0.4
18167 42.4
18167 1.48
18167 6.16
18168 0.4
18168 42.4
18168 1.48
18168 6.16
18169 0.4
18169 42.4
18169 1.48
18169 6.16
18170 0.4
18170 42.4
18170 1.48
18170 6.16
18171 0.4
18171 42.4
18171 1.48
18171 6.16
18172 0.4
18172 42.4
18172 1.48
18172 6.16
18173 0.4
18173 42.4
18173 1.48
18173 6.16
18174 0.4
18174 42.4
18174 1.48
18174 6.16
18175 0.4
18175 42.4
18175 1.48
18175 6.16
18176 0.4
18176 42.4
18176 1.48
18176 6.16
18177 0.4
18177 42.4
18177 1.48
18177 6.16
18178 0.4
18178 42.4
18178 1.48
18178 6.16
18236 0.4
18236 42.4
18236 1.48
18236 6.16
18237 0.4
18237 42.4
18237 1.48
18237 6.16
18238 0.4
18238 42.4
18238 1.48
18238 6.16
18239 0.4
18239 42.4
18239 1.48
18239 6.16
18240 0.4
18240 42.4
18240 1.48
18240 6.16
18241 0.4
18241 42.4
18241 1.48
18241 6.16
18242 0.4
18242 42.4
18242 1.48
18242 6.16
18243 0.4
18243 42.4
18243 1.48
18243 6.16
18244 0.4
18244 42.4
18244 1.48
18244 6.16
18245 0.4
18245 42.4
18245 1.48
18245 6.16
18246 0.4
18246 42.4
18246 1.48
18246 6.16
18247 0.4
18247 42.4
18247 1.48
18247 6.16
18248 0.4
18248 42.4
18248 1.48
18248 6.16
18249 0.4
18249 42.4
18249 1.48
18249 6.16
18250 0.4
18250 42.4
18250 1.48
18250 6.16
18251 0.4
18251 42.4
18251 1.48
18251 6.16
18252 0.4
18252 42.4
18252 1.48
18252 6.16
18253 0.4
18253 42.4
18253 1.48
18253 6.16
18254 0.4
18254 42.4
18254 1.48
18254 6.16
18255 0.4
18255 42.4
18255 1.48
18255 6.16
18256 0.4
18256 42.4
18256 1.48
18256 6.16
18257 0.4
18257 42.4
18257 1.48
18257 6.16
18258 0.4
18258 42.4
18258 1.48
18258 6.16
18259 0.4
18259 42.4
18259 1.48
18259 6.16
18260 0.4
18260 42.4
18260 1.48
18260 6.16
18261 0.4
18261 42.4
18261 1.48
18261 6.16
18262 0.4
18262 42.4
18262 1.48
18262 6.16
18263 0.4
18263 42.4
18263 1.48
18263 6.16
18264 0.4
18264 42.4
18264 1.48
18264 6.16
18319 0.4
18319 42.4
18319 1.48
18319 6.16
18320 0.4
18320 42.4
18320 1.48
18320 6.16
18321 0.4
18321 42.4
18321 1.48
18321 6.16
18322 0.4
18322 42.4
18322 1.48
18322 6.16
18323 0.4
18323 42.4
18323 1.48
18323 6.16
18324 0.4
18324 42.4
18324 1.48
18324 6.16
18325 0.4
18325 42.4
18325 1.48
18325 6.16
18326 0.4
18326 42.4
18326 1.48
18326 6.16
18327 0.4
18327 42.4
18327 1.48
18327 6.16
18328 0.4
18328 42.4
18328 1.48
18328 6.16
18329 0.4
18329 42.4
18329 1.48
18329 6.16
18330 0.4
18330 42.4
18330 1.48
18330 6.16
18331 0.4
18331 42.4
18331 1.48
18331 6.16
18332 0.4
18332 42.4
18332 1.48
18332 6.16
18333 0.4
18333 42.4
18333 1.48
18333 6.16
18334 0.4
18334 42.4
18334 1.48
18334 6.16
18335 0.4
18335 42.4
18335 1.48
18335 6.16
18336 0.4
18336 42.4
18336 1.48
18336 6.16
18337 0.4
18337 42.4
18337 1.48
18337 6.16
18338 0.4
18338 42.4
18338 1.48
18338 6.16
18339 0.4
18339 42.4
18339 1.48
18339 6.16
18340 0.4
18340 42.4
18340 1.48
18340 6.16
18341 0.4
18341 42.4
18341 1.48
18341 6.16
18342 0.4
18342 42.4
18342 1.48
18342 6.16
18343 0.4
18343 42.4
18343 1.48
18343 6.16
18344 0.4
18344 42.4
18344 1.48
18344 6.16
18345 0.4
18345 42.4
18345 1.48
18345 6.16
18346 0.4
18346 42.4
18346 1.48
18346 6.16
18347 0.4
18347 42.4
18347 1.48
18347 6.16
18348 0.4
18348 42.4
18348 1.48
18348 6.16
18402 0.4
18402 42.4
18402 1.48
18402 6.16
18403 0.4
18403 42.4
18403 1.48
18403 6.16
18404 0.4
18404 42.4
18404 1.48
18404 6.16
18405 0.4
18405 42.4
18405 1.48
18405 6.16
18406 0.4
18406 42.4
18406 1.48
18406 6.16
18407 0.4
18407 42.4
18407 1.48
18407 6.16
18408 0.4
18408 42.4
18408 1.48
18408 6.16
18409 0.4
18409 42.4
18409 1.48
18409 6.16
18410 0.4
18410 42.4
18410 1.48
18410 6.16
18411 0.4
18411 42.4
18411 1.48
18411 6.16
18412 0.4
18412 42.4
18412 1.48
18412 6.16
18413 0.4
18413 42.4
18413 1.48
18413 6.16
18414 0.4
18414 42.4
18414 1.48
18414 6.16
18415 0.4
18415 42.4
18415 1.48
18415 6.16
18416 0.4
18416 42.4
18416 1.48
18416 6.16
18417 0.4
18417 42.4
18417 1.48
18417 6.16
18418 0.4
18418 42.4
18418 1.48
18418 6.16
18419 0.4
18419 42.4
18419 1.48
18419 6.16
18420 0.4
18420 42.4
18420 1.48
18420 6.16
18421 0.4
18421 42.4
18421 1.48
18421 6.16
18422 0.4
18422 42.4
18422 1.48
18422 6.16
18423 0.4
18423 42.4
18423 1.48
18423 6.16
18424 0.4
18424 42.4
18424 1.48
18424 6.16
18425 0.4
18425 42.4
18425 1.48
18425 6.16
18426 0.4
18426 42.4
18426 1.48
18426 6.16
18427 0.4
18427 42.4
18427 1.48
18427 6.16
18428 0.4
18428 42.4
18428 1.48
18428 6.16
18429 0.4
18429 42.4
18429 1.48
18429 6.16
18483 0.4
18483 42.4
18483 1.48
18483 6.16
18484 0.4
18484 42.4
18484 1.48
18484 6.16
18485 0.4
18485 42.4
18485 1.48
18485 6.16
18486 0.4
18486 42.4
18486 1.48
18486 6.16
18487 0.4
18487 42.4
18487 1.48
18487 6.16
18488 0.4
18488 42.4
18488 1.48
18488 6.16
18489 0.4
18489 42.4
18489 1.48
18489 6.16
18490 0.4
18490 42.4
18490 1.48
18490 6.16
18491 0.4
18491 42.4
18491 1.48
18491 6.16
18492 0.4
18492 42.4
18492 1.48
18492 6.16
18493 0.4
18493 42.4
18493 1.48
18493 6.16
18494 0.4
18494 42.4
18494 1.48
18494 6.16
18495 0.4
18495 42.4
18495 1.48
18495 6.16
18496 0.4
18496 42.4
18496 1.48
18496 6.16
18497 0.4
18497 42.4
18497 1.48
18497 6.16
18498 0.4
18498 42.4
18498 1.48
18498 6.16
18499 0.4
18499 42.4
18499 1.48
18499 6.16
18500 0.4
18500 42.4
18500 1.48
18500 6.16
18501 0.4
18501 42.4
18501 1.48
18501 6.16
18502 0.4
18502 42.4
18502 1.48
18502 6.16
18503 0.4
18503 42.4
18503 1.48
18503 6.16
18504 0.4
18504 42.4
18504 1.48
18504 6.16
18505 0.4
18505 42.4
18505 1.48
18505 6.16
18506 0.4
18506 42.4
18506 1.48
18506 6.16
18507 0.4
18507 42.4
18507 1.48
18507 6.16
18508 0.4
18508 42.4
18508 1.48
18508 6.16
18509 0.4
18509 42.4
18509 1.48
18509 6.16
18510 0.4
18510 42.4
18510 1.48
18510 6.16
18559 0.4
18559 42.4
18559 1.48
18559 6.16
18560 0.4
18560 42.4
18560 1.48
18560 6.16
18561 0.4
18561 42.4
18561 1.48
18561 6.16
18562 0.4
18562 42.4
18562 1.48
18562 6.16
18563 0.4
18563 42.4
18563 1.48
18563 6.16
18564 0.4
18564 42.4
18564 1.48
18564 6.16
18565 0.4
18565 42.4
18565 1.48
18565 6.16
18566 0.4
18566 42.4
18566 1.48
18566 6.16
18567 0.4
18567 42.4
18567 1.48
18567 6.16
18568 0.4
18568 42.4
18568 1.48
18568 6.16
18569 0.4
18569 42.4
18569 1.48
18569 6.16
18570 0.4
18570 42.4
18570 1.48
18570 6.16
18571 0.4
18571 42.4
18571 1.48
18571 6.16
18572 0.4
18572 42.4
18572 1.48
18572 6.16
18573 0.4
18573 42.4
18573 1.48
18573 6.16
18574 0.4
18574 42.4
18574 1.48
18574 6.16
18575 0.4
18575 42.4
18575 1.48
18575 6.16
18576 0.4
18576 42.4
18576 1.48
18576 6.16
18577 0.4
18577 42.4
18577 1.48
18577 6.16
18578 0.4
18578 42.4
18578 1.48
18578 6.16
18579 0.4
18579 42.4
18579 1.48
18579 6.16
18580 0.4
18580 42.4
18580 1.48
18580 6.16
18581 0.4
18581 42.4
18581 1.48
18581 6.16
18582 0.4
18582 42.4
18582 1.48
18582 6.16
18583 0.4
18583 42.4
18583 1.48
18583 6.16
18584 0.4
18584 42.4
18584 1.48
18584 6.16
18585 0.4
18585 42.4
18585 1.48
18585 6.16
18586 0.4
18586 42.4
18586 1.48
18586 6.16
18587 0.4
18587 42.4
18587 1.48
18587 6.16
18588 0.4
18588 42.4
18588 1.48
18588 6.16
18589 0.4
18589 42.4
18589 1.48
18589 6.16
18636 0.4
18636 42.4
18636 1.48
18636 6.16
18637 0.4
18637 42.4
18637 1.48
18637 6.16
18638 0.4
18638 42.4
18638 1.48
18638 6.16
18639 0.4
18639 42.4
18639 1.48
18639 6.16
18640 0.4
18640 42.4
18640 1.48
18640 6.16
18641 0.4
18641 42.4
18641 1.48
18641 6.16
18642 0.4
18642 42.4
18642 1.48
18642 6.16
18643 0.4
18643 42.4
18643 1.48
18643 6.16
18644 0.4
18644 42.4
18644 1.48
18644 6.16
18645 0.4
18645 42.4
18645 1.48
18645 6.16
18646 0.4
18646 42.4
18646 1.48
18646 6.16
18647 0.4
18647 42.4
18647 1.48
18647 6.16
18648 0.4
18648 42.4
18648 1.48
18648 6.16
18649 0.4
18649 42.4
18649 1.48
18649 6.16
18650 0.4
18650 42.4
18650 1.48
18650 6.16
18651 0.4
18651 42.4
18651 1.48
18651 6.16
18652 0.4
18652 42.4
18652 1.48
18652 6.16
18653 0.4
18653 42.4
18653 1.48
18653 6.16
18654 0.4
18654 42.4
18654 1.48
18654 6.16
18655 0.4
18655 42.4
18655 1.48
18655 6.16
18656 0.4
18656 42.4
18656 1.48
18656 6.16
18657 0.4
18657 42.4
18657 1.48
18657 6.16
18658 0.4
18658 42.4
18658 1.48
18658 6.16
18659 0.4
18659 42.4
18659 1.48
18659 6.16
18660 0.4
18660 42.4
18660 1.48
18660 6.16
18661 0.4
18661 42.4
18661 1.48
18661 6.16
18662 0.4
18662 42.4
18662 1.48
18662 6.16
18663 0.4
18663 42.4
18663 1.48
18663 6.16
18664 0.4
18664 42.4
18664 1.48
18664 6.16
18665 0.4
18665 42.4
18665 1.48
18665 6.16
18666 0.4
18666 42.4
18666 1.48
18666 6.16
18715 0.4
18715 42.4
18715 1.48
18715 6.16
18716 0.4
18716 42.4
18716 1.48
18716 6.16
18717 0.4
18717 42.4
18717 1.48
18717 6.16
18718 0.4
18718 42.4
18718 1.48
18718 6.16
18719 0.4
18719 42.4
18719 1.48
18719 6.16
18720 0.4
18720 42.4
18720 1.48
18720 6.16
18721 0.4
18721 42.4
18721 1.48
18721 6.16
18722 0.4
18722 42.4
18722 1.48
18722 6.16
18723 0.4
18723 42.4
18723 1.48
18723 6.16
18724 0.4
18724 42.4
18724 1.48
18724 6.16
18725 0.4
18725 42.4
18725 1.48
18725 6.16
18726 0.4
18726 42.4
18726 1.48
18726 6.16
18727 0.4
18727 42.4
18727 1.48
18727 6.16
18728 0.4
18728 42.4
18728 1.48
18728 6.16
18729 0.4
18729 42.4
18729 1.48
18729 6.16
18730 0.4
18730 42.4
18730 1.48
18730 6.16
18731 0.4
18731 42.4
18731 1.48
18731 6.16
18732 0.4
18732 42.4
18732 1.48
18732 6.16
18733 0.4
18733 42.4
18733 1.48
18733 6.16
18734 0.4
18734 42.4
18734 1.48
18734 6.16
18735 0.4
18735 42.4
18735 1.48
18735 6.16
18736 0.4
18736 42.4
18736 1.48
18736 6.16
18737 0.4
18737 42.4
18737 1.48
18737 6.16
18738 0.4
18738 42.4
18738 1.48
18738 6.16
18739 0.4
18739 42.4
18739 1.48
18739 6.16
18740 0.4
18740 42.4
18740 1.48
18740 6.16
18741 0.4
18741 42.4
18741 1.48
18741 6.16
18742 0.4
18742 42.4
18742 1.48
18742 6.16
18743 0.4
18743 42.4
18743 1.48
18743 6.16
18744 0.4
18744 42.4
18744 1.48
18744 6.16
18745 0.4
18745 42.4
18745 1.48
18745 6.16
18786 0.4
18786 42.4
18786 1.48
18786 6.16
18787 0.4
18787 42.4
18787 1.48
18787 6.16
18788 0.4
18788 42.4
18788 1.48
18788 6.16
18789 0.4
18789 42.4
18789 1.48
18789 6.16
18790 0.4
18790 42.4
18790 1.48
18790 6.16
18791 0.4
18791 42.4
18791 1.48
18791 6.16
18792 0.4
18792 42.4
18792 1.48
18792 6.16
18793 0.4
18793 42.4
18793 1.48
18793 6.16
18794 0.4
18794 42.4
18794 1.48
18794 6.16
18795 0.4
18795 42.4
18795 1.48
18795 6.16
18796 0.4
18796 42.4
18796 1.48
18796 6.16
18797 0.4
18797 42.4
18797 1.48
18797 6.16
18798 0.4
18798 42.4
18798 1.48
18798 6.16
18799 0.4
18799 42.4
18799 1.48
18799 6.16
18800 0.4
18800 42.4
18800 1.48
18800 6.16
18801 0.4
18801 42.4
18801 1.48
18801 6.16
18802 0.4
18802 42.4
18802 1.48
18802 6.16
18803 0.4
18803 42.4
18803 1.48
18803 6.16
18804 0.4
18804 42.4
18804 1.48
18804 6.16
18805 0.4
18805 42.4
18805 1.48
18805 6.16
18806 0.4
18806 42.4
18806 1.48
18806 6.16
18807 0.4
18807 42.4
18807 1.48
18807 6.16
18808 0.4
18808 42.4
18808 1.48
18808 6.16
18809 0.4
18809 42.4
18809 1.48
18809 6.16
18810 0.4
18810 42.4
18810 1.48
18810 6.16
18811 0.4
18811 42.4
18811 1.48
18811 6.16
18812 0.4
18812 42.4
18812 1.48
18812 6.16
18813 0.4
18813 42.4
18813 1.48
18813 6.16
18814 0.4
18814 42.4
18814 1.48
18814 6.16
18815 0.4
18815 42.4
18815 1.48
18815 6.16
18816 0.4
18816 42.4
18816 1.48
18816 6.16
18817 0.4
18817 42.4
18817 1.48
18817 6.16
18818 0.4
18818 42.4
18818 1.48
18818 6.16
18819 0.4
18819 42.4
18819 1.48
18819 6.16
18820 0.4
18820 42.4
18820 1.48
18820 6.16
18821 0.4
18821 42.4
18821 1.48
18821 6.16
18856 0.4
18856 42.4
18856 1.48
18856 6.16
18857 0.4
18857 42.4
18857 1.48
18857 6.16
18858 0.4
18858 42.4
18858 1.48
18858 6.16
18859 0.4
18859 42.4
18859 1.48
18859 6.16
18860 0.4
18860 42.4
18860 1.48
18860 6.16
18861 0.4
18861 42.4
18861 1.48
18861 6.16
18862 0.4
18862 42.4
18862 1.48
18862 6.16
18863 0.4
18863 42.4
18863 1.48
18863 6.16
18864 0.4
18864 42.4
18864 1.48
18864 6.16
18865 0.4
18865 42.4
18865 1.48
18865 6.16
18866 0.4
18866 42.4
18866 1.48
18866 6.16
18867 0.4
18867 42.4
18867 1.48
18867 6.16
18868 0.4
18868 42.4
18868 1.48
18868 6.16
18869 0.4
18869 42.4
18869 1.48
18869 6.16
18870 0.4
18870 42.4
18870 1.48
18870 6.16
18871 0.4
18871 42.4
18871 1.48
18871 6.16
18872 0.4
18872 42.4
18872 1.48
18872 6.16
18873 0.4
18873 42.4
18873 1.48
18873 6.16
18874 0.4
18874 42.4
18874 1.48
18874 6.16
18875 0.4
18875 42.4
18875 1.48
18875 6.16
18876 0.4
18876 42.4
18876 1.48
18876 6.16
18877 0.4
18877 42.4
18877 1.48
18877 6.16
18878 0.4
18878 42.4
18878 1.48
18878 6.16
18879 0.4
18879 42.4
18879 1.48
18879 6.16
18880 0.4
18880 42.4
18880 1.48
18880 6.16
18881 0.4
18881 42.4
18881 1.48
18881 6.16
18882 0.4
18882 42.4
18882 1.48
18882 6.16
18883 0.4
18883 42.4
18883 1.48
18883 6.16
18884 0.4
18884 42.4
18884 1.48
18884 6.16
18885 0.4
18885 42.4
18885 1.48
18885 6.16
18886 0.4
18886 42.4
18886 1.48
18886 6.16
18887 0.4
18887 42.4
18887 1.48
18887 6.16
18888 0.4
18888 42.4
18888 1.48
18888 6.16
18889 0.4
18889 42.4
18889 1.48
18889 6.16
18890 0.4
18890 42.4
18890 1.48
18890 6.16
18891 0.4
18891 42.4
18891 1.48
18891 6.16
18892 0.4
18892 42.4
18892 1.48
18892 6.16
18926 0.4
18926 42.4
18926 1.48
18926 6.16
18927 0.4
18927 42.4
18927 1.48
18927 6.16
18928 0.4
18928 42.4
18928 1.48
18928 6.16
18929 0.4
18929 42.4
18929 1.48
18929 6.16
18930 0.4
18930 42.4
18930 1.48
18930 6.16
18931 0.4
18931 42.4
18931 1.48
18931 6.16
18932 0.4
18932 42.4
18932 1.48
18932 6.16
18933 0.4
18933 42.4
18933 1.48
18933 6.16
18934 0.4
18934 42.4
18934 1.48
18934 6.16
18935 0.4
18935 42.4
18935 1.48
18935 6.16
18936 0.4
18936 42.4
18936 1.48
18936 6.16
18937 0.4
18937 42.4
18937 1.48
18937 6.16
18938 0.4
18938 42.4
18938 1.48
18938 6.16
18939 0.4
18939 42.4
18939 1.48
18939 6.16
18940 0.4
18940 42.4
18940 1.48
18940 6.16
18941 0.4
18941 42.4
18941 1.48
18941 6.16
18942 0.4
18942 42.4
18942 1.48
18942 6.16
18943 0.4
18943 42.4
18943 1.48
18943 6.16
18944 0.4
18944 42.4
18944 1.48
18944 6.16
18945 0.4
18945 42.4
18945 1.48
18945 6.16
18946 0.4
18946 42.4
18946 1.48
18946 6.16
18947 0.4
18947 42.4
18947 1.48
18947 6.16
18948 0.4
18948 42.4
18948 1.48
18948 6.16
18949 0.4
18949 42.4
18949 1.48
18949 6.16
18950 0.4
18950 42.4
18950 1.48
18950 6.16
18951 0.4
18951 42.4
18951 1.48
18951 6.16
18952 0.4
18952 42.4
18952 1.48
18952 6.16
18953 0.4
18953 42.4
18953 1.48
18953 6.16
18954 0.4
18954 42.4
18954 1.48
18954 6.16
18955 0.4
18955 42.4
18955 1.48
18955 6.16
18956 0.4
18956 42.4
18956 1.48
18956 6.16
18957 0.4
18957 42.4
18957 1.48
18957 6.16
18958 0.4
18958 42.4
18958 1.48
18958 6.16
18959 0.4
18959 42.4
18959 1.48
18959 6.16
18960 0.4
18960 42.4
18960 1.48
18960 6.16
18961 0.4
18961 42.4
18961 1.48
18961 6.16
18962 0.4
18962 42.4
18962 1.48
18962 6.16
18992 0.4
18992 42.4
18992 1.48
18992 6.16
18993 0.4
18993 42.4
18993 1.48
18993 6.16
18994 0.4
18994 42.4
18994 1.48
18994 6.16
18995 0.4
18995 42.4
18995 1.48
18995 6.16
18996 0.4
18996 42.4
18996 1.48
18996 6.16
18997 0.4
18997 42.4
18997 1.48
18997 6.16
18998 0.4
18998 42.4
18998 1.48
18998 6.16
18999 0.4
18999 42.4
18999 1.48
18999 6.16
19000 0.4
19000 42.4
19000 1.48
19000 6.16
19001 0.4
19001 42.4
19001 1.48
19001 6.16
19002 0.4
19002 42.4
19002 1.48
19002 6.16
19003 0.4
19003 42.4
19003 1.48
19003 6.16
19004 0.4
19004 42.4
19004 1.48
19004 6.16
19005 0.4
19005 42.4
19005 1.48
19005 6.16
19006 0.4
19006 42.4
19006 1.48
19006 6.16
19007 0.4
19007 42.4
19007 1.48
19007 6.16
19008 0.4
19008 42.4
19008 1.48
19008 6.16
19009 0.4
19009 42.4
19009 1.48
19009 6.16
19010 0.4
19010 42.4
19010 1.48
19010 6.16
19011 0.4
19011 42.4
19011 1.48
19011 6.16
19012 0.4
19012 42.4
19012 1.48
19012 6.16
19013 0.4
19013 42.4
19013 1.48
19013 6.16
19014 0.4
19014 42.4
19014 1.48
19014 6.16
19015 0.4
19015 42.4
19015 1.48
19015 6.16
19016 0.4
19016 42.4
19016 1.48
19016 6.16
19017 0.4
19017 42.4
19017 1.48
19017 6.16
19018 0.4
19018 42.4
19018 1.48
19018 6.16
19019 0.4
19019 42.4
19019 1.48
19019 6.16
19020 0.4
19020 42.4
19020 1.48
19020 6.16
19021 0.4
19021 42.4
19021 1.48
19021 6.16
19022 0.4
19022 42.4
19022 1.48
19022 6.16
19023 0.4
19023 42.4
19023 1.48
19023 6.16
19024 0.4
19024 42.4
19024 1.48
19024 6.16
19025 0.4
19025 42.4
19025 1.48
19025 6.16
19026 0.4
19026 42.4
19026 1.48
19026 6.16
19027 0.4
19027 42.4
19027 1.48
19027 6.16
19028 0.4
19028 42.4
19028 1.48
19028 6.16
19029 0.4
19029 42.4
19029 1.48
19029 6.16
19030 0.4
19030 42.4
19030 1.48
19030 6.16
19059 0.4
19059 42.4
19059 1.48
19059 6.16
19060 0.4
19060 42.4
19060 1.48
19060 6.16
19061 0.4
19061 42.4
19061 1.48
19061 6.16
19062 0.4
19062 42.4
19062 1.48
19062 6.16
19063 0.4
19063 42.4
19063 1.48
19063 6.16
19064 0.4
19064 42.4
19064 1.48
19064 6.16
19065 0.4
19065 42.4
19065 1.48
19065 6.16
19066 0.4
19066 42.4
19066 1.48
19066 6.16
19067 0.4
19067 42.4
19067 1.48
19067 6.16
19068 0.4
19068 42.4
19068 1.48
19068 6.16
19069 0.4
19069 42.4
19069 1.48
19069 6.16
19070 0.4
19070 42.4
19070 1.48
19070 6.16
19071 0.4
19071 42.4
19071 1.48
19071 6.16
19072 0.4
19072 42.4
19072 1.48
19072 6.16
19073 0.4
19073 42.4
19073 1.48
19073 6.16
19074 0.4
19074 42.4
19074 1.48
19074 6.16
19075 0.4
19075 42.4
19075 1.48
19075 6.16
19076 0.4
19076 42.4
19076 1.48
19076 6.16
19077 0.4
19077 42.4
19077 1.48
19077 6.16
19078 0.4
19078 42.4
19078 1.48
19078 6.16
19079 0.4
19079 42.4
19079 1.48
19079 6.16
19080 0.4
19080 42.4
19080 1.48
19080 6.16
19081 0.4
19081 42.4
19081 1.48
19081 6.16
19082 0.4
19082 42.4
19082 1.48
19082 6.16
19083 0.4
19083 42.4
19083 1.48
19083 6.16
19084 0.4
19084 42.4
19084 1.48
19084 6.16
19085 0.4
19085 42.4
19085 1.48
19085 6.16
19086 0.4
19086 42.4
19086 1.48
19086 6.16
19087 0.4
19087 42.4
19087 1.48
19087 6.16
19088 0.4
19088 42.4
19088 1.48
19088 6.16
19089 0.4
19089 42.4
19089 1.48
19089 6.16
19090 0.4
19090 42.4
19090 1.48
19090 6.16
19091 0.4
19091 42.4
19091 1.48
19091 6.16
19092 0.4
19092 42.4
19092 1.48
19092 6.16
19093 0.4
19093 42.4
19093 1.48
19093 6.16
19094 0.4
19094 42.4
19094 1.48
19094 6.16
19095 0.4
19095 42.4
19095 1.48
19095 6.16
19096 0.4
19096 42.4
19096 1.48
19096 6.16
19125 0.4
19125 42.4
19125 1.48
19125 6.16
19126 0.4
19126 42.4
19126 1.48
19126 6.16
19127 0.4
19127 42.4
19127 1.48
19127 6.16
19128 0.4
19128 42.4
19128 1.48
19128 6.16
19129 0.4
19129 42.4
19129 1.48
19129 6.16
19130 0.4
19130 42.4
19130 1.48
19130 6.16
19131 0.4
19131 42.4
19131 1.48
19131 6.16
19132 0.4
19132 42.4
19132 1.48
19132 6.16
19133 0.4
19133 42.4
19133 1.48
19133 6.16
19134 0.4
19134 42.4
19134 1.48
19134 6.16
19135 0.4
19135 42.4
19135 1.48
19135 6.16
19136 0.4
19136 42.4
19136 1.48
19136 6.16
19137 0.4
19137 42.4
19137 1.48
19137 6.16
19138 0.4
19138 42.4
19138 1.48
19138 6.16
19139 0.4
19139 42.4
19139 1.48
19139 6.16
19140 0.4
19140 42.4
19140 1.48
19140 6.16
19141 0.4
19141 42.4
19141 1.48
19141 6.16
19142 0.4
19142 42.4
19142 1.48
19142 6.16
19143 0.4
19143 42.4
19143 1.48
19143 6.16
19144 0.4
19144 42.4
19144 1.48
19144 6.16
19145 0.4
19145 42.4
19145 1.48
19145 6.16
19146 0.4
19146 42.4
19146 1.48
19146 6.16
19147 0.4
19147 42.4
19147 1.48
19147 6.16
19148 0.4
19148 42.4
19148 1.48
19148 6.16
19149 0.4
19149 42.4
19149 1.48
19149 6.16
19150 0.4
19150 42.4
19150 1.48
19150 6.16
19151 0.4
19151 42.4
19151 1.48
19151 6.16
19152 0.4
19152 42.4
19152 1.48
19152 6.16
19153 0.4
19153 42.4
19153 1.48
19153 6.16
19154 0.4
19154 42.4
19154 1.48
19154 6.16
19155 0.4
19155 42.4
19155 1.48
19155 6.16
19156 0.4
19156 42.4
19156 1.48
19156 6.16
19157 0.4
19157 42.4
19157 1.48
19157 6.16
19158 0.4
19158 42.4
19158 1.48
19158 6.16
19159 0.4
19159 42.4
19159 1.48
19159 6.16
19160 0.4
19160 42.4
19160 1.48
19160 6.16
19161 0.4
19161 42.4
19161 1.48
19161 6.16
19162 0.4
19162 42.4
19162 1.48
19162 6.16
19163 0.4
19163 42.4
19163 1.48
19163 6.16
19192 0.4
19192 42.4
19192 1.48
19192 6.16
19193 0.4
19193 42.4
19193 1.48
19193 6.16
19194 0.4
19194 42.4
19194 1.48
19194 6.16
19195 0.4
19195 42.4
19195 1.48
19195 6.16
19196 0.4
19196 42.4
19196 1.48
19196 6.16
19197 0.4
19197 42.4
19197 1.48
19197 6.16
19198 0.4
19198 42.4
19198 1.48
19198 6.16
19199 0.4
19199 42.4
19199 1.48
19199 6.16
19200 0.4
19200 42.4
19200 1.48
19200 6.16
19201 0.4
19201 42.4
19201 1.48
19201 6.16
19202 0.4
19202 42.4
19202 1.48
19202 6.16
19203 0.4
19203 42.4
19203 1.48
19203 6.16
19204 0.4
19204 42.4
19204 1.48
19204 6.16
19205 0.4
19205 42.4
19205 1.48
19205 6.16
19206 0.4
19206 42.4
19206 1.48
19206 6.16
19207 0.4
19207 42.4
19207 1.48
19207 6.16
19208 0.4
19208 42.4
19208 1.48
19208 6.16
19209 0.4
19209 42.4
19209 1.48
19209 6.16
19210 0.4
19210 42.4
19210 1.48
19210 6.16
19211 0.4
19211 42.4
19211 1.48
19211 6.16
19212 0.4
19212 42.4
19212 1.48
19212 6.16
19213 0.4
19213 42.4
19213 1.48
19213 6.16
19214 0.4
19214 42.4
19214 1.48
19214 6.16
19215 0.4
19215 42.4
19215 1.48
19215 6.16
19216 0.4
19216 42.4
19216 1.48
19216 6.16
19217 0.4
19217 42.4
19217 1.48
19217 6.16
19218 0.4
19218 42.4
19218 1.48
19218 6.16
19219 0.4
19219 42.4
19219 1.48
19219 6.16
19220 0.4
19220 42.4
19220 1.48
19220 6.16
19221 0.4
19221 42.4
19221 1.48
19221 6.16
19222 0.4
19222 42.4
19222 1.48
19222 6.16
19223 0.4
19223 42.4
19223 1.48
19223 6.16
19224 0.4
19224 42.4
19224 1.48
19224 6.16
19225 0.4
19225 42.4
19225 1.48
19225 6.16
19226 0.4
19226 42.4
19226 1.48
19226 6.16
19227 0.4
19227 42.4
19227 1.48
19227 6.16
19228 0.4
19228 42.4
19228 1.48
19228 6.16
19229 0.4
19229 42.4
19229 1.48
19229 6.16
19261 0.4
19261 42.4
19261 1.48
19261 6.16
19262 0.4
19262 42.4
19262 1.48
19262 6.16
19263 0.4
19263 42.4
19263 1.48
19263 6.16
19264 0.4
19264 42.4
19264 1.48
19264 6.16
19265 0.4
19265 42.4
19265 1.48
19265 6.16
19266 0.4
19266 42.4
19266 1.48
19266 6.16
19267 0.4
19267 42.4
19267 1.48
19267 6.16
19268 0.4
19268 42.4
19268 1.48
19268 6.16
19269 0.4
19269 42.4
19269 1.48
19269 6.16
19270 0.4
19270 42.4
19270 1.48
19270 6.16
19271 0.4
19271 42.4
19271 1.48
19271 6.16
19272 0.4
19272 42.4
19272 1.48
19272 6.16
19273 0.4
19273 42.4
19273 1.48
19273 6.16
19274 0.4
19274 42.4
19274 1.48
19274 6.16
19275 0.4
19275 42.4
19275 1.48
19275 6.16
19276 0.4
19276 42.4
19276 1.48
19276 6.16
19277 0.4
19277 42.4
19277 1.48
19277 6.16
19278 0.4
19278 42.4
19278 1.48
19278 6.16
19279 0.4
19279 42.4
19279 1.48
19279 6.16
19280 0.4
19280 42.4
19280 1.48
19280 6.16
19281 0.4
19281 42.4
19281 1.48
19281 6.16
19282 0.4
19282 42.4
19282 1.48
19282 6.16
19283 0.4
19283 42.4
19283 1.48
19283 6.16
19284 0.4
19284 42.4
19284 1.48
19284 6.16
19285 0.4
19285 42.4
19285 1.48
19285 6.16
19286 0.4
19286 42.4
19286 1.48
19286 6.16
19287 0.4
19287 42.4
19287 1.48
19287 6.16
19288 0.4
19288 42.4
19288 1.48
19288 6.16
19289 0.4
19289 42.4
19289 1.48
19289 6.16
19290 0.4
19290 42.4
19290 1.48
19290 6.16
19291 0.4
19291 42.4
19291 1.48
19291 6.16
19292 0.4
19292 42.4
19292 1.48
19292 6.16
19293 0.4
19293 42.4
19293 1.48
19293 6.16
19294 0.4
19294 42.4
19294 1.48
19294 6.16
19295 0.4
19295 42.4
19295 1.48
19295 6.16
19296 0.4
19296 42.4
19296 1.48
19296 6.16
19297 0.4
19297 42.4
19297 1.48
19297 6.16
19298 0.4
19298 42.4
19298 1.48
19298 6.16
19299 0.4
19299 42.4
19299 1.48
19299 6.16
19332 0.4
19332 42.4
19332 1.48
19332 6.16
19333 0.4
19333 42.4
19333 1.48
19333 6.16
19334 0.4
19334 42.4
19334 1.48
19334 6.16
19335 0.4
19335 42.4
19335 1.48
19335 6.16
19336 0.4
19336 42.4
19336 1.48
19336 6.16
19337 0.4
19337 42.4
19337 1.48
19337 6.16
19338 0.4
19338 42.4
19338 1.48
19338 6.16
19339 0.4
19339 42.4
19339 1.48
19339 6.16
19340 0.4
19340 42.4
19340 1.48
19340 6.16
19341 0.4
19341 42.4
19341 1.48
19341 6.16
19342 0.4
19342 42.4
19342 1.48
19342 6.16
19343 0.4
19343 42.4
19343 1.48
19343 6.16
19344 0.4
19344 42.4
19344 1.48
19344 6.16
19345 0.4
19345 42.4
19345 1.48
19345 6.16
19346 0.4
19346 42.4
19346 1.48
19346 6.16
19347 0.4
19347 42.4
19347 1.48
19347 6.16
19348 0.4
19348 42.4
19348 1.48
19348 6.16
19349 0.4
19349 42.4
19349 1.48
19349 6.16
19350 0.4
19350 42.4
19350 1.48
19350 6.16
19351 0.4
19351 42.4
19351 1.48
19351 6.16
19352 0.4
19352 42.4
19352 1.48
19352 6.16
19353 0.4
19353 42.4
19353 1.48
19353 6.16
19354 0.4
19354 42.4
19354 1.48
19354 6.16
19355 0.4
19355 42.4
19355 1.48
19355 6.16
19356 0.4
19356 42.4
19356 1.48
19356 6.16
19357 0.4
19357 42.4
19357 1.48
19357 6.16
19358 0.4
19358 42.4
19358 1.48
19358 6.16
19359 0.4
19359 42.4
19359 1.48
19359 6.16
19360 0.4
19360 42.4
19360 1.48
19360 6.16
19361 0.4
19361 42.4
19361 1.48
19361 6.16
19362 0.4
19362 42.4
19362 1.48
19362 6.16
19363 0.4
19363 42.4
19363 1.48
19363 6.16
19364 0.4
19364 42.4
19364 1.48
19364 6.16
19365 0.4
19365 42.4
19365 1.48
19365 6.16
19366 0.4
19366 42.4
19366 1.48
19366 6.16
19367 0.4
19367 42.4
19367 1.48
19367 6.16
19368 0.4
19368 42.4
19368 1.48
19368 6.16
19369 0.4
19369 42.4
19369 1.48
19369 6.16
19402 0.4
19402 42.4
19402 1.48
19402 6.16
19403 0.4
19403 42.4
19403 1.48
19403 6.16
19404 0.4
19404 42.4
19404 1.48
19404 6.16
19405 0.4
19405 42.4
19405 1.48
19405 6.16
19406 0.4
19406 42.4
19406 1.48
19406 6.16
19407 0.4
19407 42.4
19407 1.48
19407 6.16
19408 0.4
19408 42.4
19408 1.48
19408 6.16
19409 0.4
19409 42.4
19409 1.48
19409 6.16
19410 0.4
19410 42.4
19410 1.48
19410 6.16
19411 0.4
19411 42.4
19411 1.48
19411 6.16
19412 0.4
19412 42.4
19412 1.48
19412 6.16
19413 0.4
19413 42.4
19413 1.48
19413 6.16
19414 0.4
19414 42.4
19414 1.48
19414 6.16
19415 0.4
19415 42.4
19415 1.48
19415 6.16
19416 0.4
19416 42.4
19416 1.48
19416 6.16
19417 0.4
19417 42.4
19417 1.48
19417 6.16
19418 0.4
19418 42.4
19418 1.48
19418 6.16
19419 0.4
19419 42.4
19419 1.48
19419 6.16
19420 0.4
19420 42.4
19420 1.48
19420 6.16
19421 0.4
19421 42.4
19421 1.48
19421 6.16
19422 0.4
19422 42.4
19422 1.48
19422 6.16
19423 0.4
19423 42.4
19423 1.48
19423 6.16
19424 0.4
19424 42.4
19424 1.48
19424 6.16
19425 0.4
19425 42.4
19425 1.48
19425 6.16
19426 0.4
19426 42.4
19426 1.48
19426 6.16
19427 0.4
19427 42.4
19427 1.48
19427 6.16
19428 0.4
19428 42.4
19428 1.48
19428 6.16
19429 0.4
19429 42.4
19429 1.48
19429 6.16
19430 0.4
19430 42.4
19430 1.48
19430 6.16
19431 0.4
19431 42.4
19431 1.48
19431 6.16
19432 0.4
19432 42.4
19432 1.48
19432 6.16
19433 0.4
19433 42.4
19433 1.48
19433 6.16
19434 0.4
19434 42.4
19434 1.48
19434 6.16
19435 0.4
19435 42.4
19435 1.48
19435 6.16
19436 0.4
19436 42.4
19436 1.48
19436 6.16
19437 0.4
19437 42.4
19437 1.48
19437 6.16
19438 0.4
19438 42.4
19438 1.48
19438 6.16
19439 0.4
19439 42.4
19439 1.48
19439 6.16
19476 0.4
19476 42.4
19476 1.48
19476 6.16
19477 0.4
19477 42.4
19477 1.48
19477 6.16
19478 0.4
19478 42.4
19478 1.48
19478 6.16
19479 0.4
19479 42.4
19479 1.48
19479 6.16
19480 0.4
19480 42.4
19480 1.48
19480 6.16
19481 0.4
19481 42.4
19481 1.48
19481 6.16
19482 0.4
19482 42.4
19482 1.48
19482 6.16
19483 0.4
19483 42.4
19483 1.48
19483 6.16
19484 0.4
19484 42.4
19484 1.48
19484 6.16
19485 0.4
19485 42.4
19485 1.48
19485 6.16
19486 0.4
19486 42.4
19486 1.48
19486 6.16
19487 0.4
19487 42.4
19487 1.48
19487 6.16
19488 0.4
19488 42.4
19488 1.48
19488 6.16
19489 0.4
19489 42.4
19489 1.48
19489 6.16
19490 0.4
19490 42.4
19490 1.48
19490 6.16
19491 0.4
19491 42.4
19491 1.48
19491 6.16
19492 0.4
19492 42.4
19492 1.48
19492 6.16
19493 0.4
19493 42.4
19493 1.48
19493 6.16
19494 0.4
19494 42.4
19494 1.48
19494 6.16
19495 0.4
19495 42.4
19495 1.48
19495 6.16
19496 0.4
19496 42.4
19496 1.48
19496 6.16
19497 0.4
19497 42.4
19497 1.48
19497 6.16
19498 0.4
19498 42.4
19498 1.48
19498 6.16
19499 0.4
19499 42.4
19499 1.48
19499 6.16
19500 0.4
19500 42.4
19500 1.48
19500 6.16
19501 0.4
19501 42.4
19501 1.48
19501 6.16
19502 0.4
19502 42.4
19502 1.48
19502 6.16
19503 0.4
19503 42.4
19503 1.48
19503 6.16
19504 0.4
19504 42.4
19504 1.48
19504 6.16
19505 0.4
19505 42.4
19505 1.48
19505 6.16
19506 0.4
19506 42.4
19506 1.48
19506 6.16
19507 0.4
19507 42.4
19507 1.48
19507 6.16
19508 0.4
19508 42.4
19508 1.48
19508 6.16
19509 0.4
19509 42.4
19509 1.48
19509 6.16
19510 0.4
19510 42.4
19510 1.48
19510 6.16
19511 0.4
19511 42.4
19511 1.48
19511 6.16
19512 0.4
19512 42.4
19512 1.48
19512 6.16
19513 0.4
19513 42.4
19513 1.48
19513 6.16
19546 0.4
19546 42.4
19546 1.48
19546 6.16
19547 0.4
19547 42.4
19547 1.48
19547 6.16
19548 0.4
19548 42.4
19548 1.48
19548 6.16
19549 0.4
19549 42.4
19549 1.48
19549 6.16
19550 0.4
19550 42.4
19550 1.48
19550 6.16
19551 0.4
19551 42.4
19551 1.48
19551 6.16
19552 0.4
19552 42.4
19552 1.48
19552 6.16
19553 0.4
19553 42.4
19553 1.48
19553 6.16
19554 0.4
19554 42.4
19554 1.48
19554 6.16
19555 0.4
19555 42.4
19555 1.48
19555 6.16
19556 0.4
19556 42.4
19556 1.48
19556 6.16
19557 0.4
19557 42.4
19557 1.48
19557 6.16
19558 0.4
19558 42.4
19558 1.48
19558 6.16
19559 0.4
19559 42.4
19559 1.48
19559 6.16
19560 0.4
19560 42.4
19560 1.48
19560 6.16
19561 0.4
19561 42.4
19561 1.48
19561 6.16
19562 0.4
19562 42.4
19562 1.48
19562 6.16
19563 0.4
19563 42.4
19563 1.48
19563 6.16
19564 0.4
19564 42.4
19564 1.48
19564 6.16
19565 0.4
19565 42.4
19565 1.48
19565 6.16
19566 0.4
19566 42.4
19566 1.48
19566 6.16
19567 0.4
19567 42.4
19567 1.48
19567 6.16
19568 0.4
19568 42.4
19568 1.48
19568 6.16
19569 0.4
19569 42.4
19569 1.48
19569 6.16
19570 0.4
19570 42.4
19570 1.48
19570 6.16
19571 0.4
19571 42.4
19571 1.48
19571 6.16
19572 0.4
19572 42.4
19572 1.48
19572 6.16
19573 0.4
19573 42.4
19573 1.48
19573 6.16
19574 0.4
19574 42.4
19574 1.48
19574 6.16
19575 0.4
19575 42.4
19575 1.48
19575 6.16
19576 0.4
19576 42.4
19576 1.48
19576 6.16
19577 0.4
19577 42.4
19577 1.48
19577 6.16
19578 0.4
19578 42.4
19578 1.48
19578 6.16
19579 0.4
19579 42.4
19579 1.48
19579 6.16
19580 0.4
19580 42.4
19580 1.48
19580 6.16
19581 0.4
19581 42.4
19581 1.48
19581 6.16
19582 0.4
19582 42.4
19582 1.48
19582 6.16
19583 0.4
19583 42.4
19583 1.48
19583 6.16
19617 0.4
19617 42.4
19617 1.48
19617 6.16
19618 0.4
19618 42.4
19618 1.48
19618 6.16
19619 0.4
19619 42.4
19619 1.48
19619 6.16
19620 0.4
19620 42.4
19620 1.48
19620 6.16
19621 0.4
19621 42.4
19621 1.48
19621 6.16
19622 0.4
19622 42.4
19622 1.48
19622 6.16
19623 0.4
19623 42.4
19623 1.48
19623 6.16
19624 0.4
19624 42.4
19624 1.48
19624 6.16
19625 0.4
19625 42.4
19625 1.48
19625 6.16
19626 0.4
19626 42.4
19626 1.48
19626 6.16
19627 0.4
19627 42.4
19627 1.48
19627 6.16
19628 0.4
19628 42.4
19628 1.48
19628 6.16
19629 0.4
19629 42.4
19629 1.48
19629 6.16
19630 0.4
19630 42.4
19630 1.48
19630 6.16
19631 0.4
19631 42.4
19631 1.48
19631 6.16
19632 0.4
19632 42.4
19632 1.48
19632 6.16
19633 0.4
19633 42.4
19633 1.48
19633 6.16
19634 0.4
19634 42.4
19634 1.48
19634 6.16
19635 0.4
19635 42.4
19635 1.48
19635 6.16
19636 0.4
19636 42.4
19636 1.48
19636 6.16
19637 0.4
19637 42.4
19637 1.48
19637 6.16
19638 0.4
19638 42.4
19638 1.48
19638 6.16
19639 0.4
19639 42.4
19639 1.48
19639 6.16
19640 0.4
19640 42.4
19640 1.48
19640 6.16
19641 0.4
19641 42.4
19641 1.48
19641 6.16
19642 0.4
19642 42.4
19642 1.48
19642 6.16
19643 0.4
19643 42.4
19643 1.48
19643 6.16
19644 0.4
19644 42.4
19644 1.48
19644 6.16
19645 0.4
19645 42.4
19645 1.48
19645 6.16
19646 0.4
19646 42.4
19646 1.48
19646 6.16
19647 0.4
19647 42.4
19647 1.48
19647 6.16
19648 0.4
19648 42.4
19648 1.48
19648 6.16
19649 0.4
19649 42.4
19649 1.48
19649 6.16
19650 0.4
19650 42.4
19650 1.48
19650 6.16
19651 0.4
19651 42.4
19651 1.48
19651 6.16
19652 0.4
19652 42.4
19652 1.48
19652 6.16
19653 0.4
19653 42.4
19653 1.48
19653 6.16
19685 0.4
19685 42.4
19685 1.48
19685 6.16
19686 0.4
19686 42.4
19686 1.48
19686 6.16
19687 0.4
19687 42.4
19687 1.48
19687 6.16
19688 0.4
19688 42.4
19688 1.48
19688 6.16
19689 0.4
19689 42.4
19689 1.48
19689 6.16
19690 0.4
19690 42.4
19690 1.48
19690 6.16
19691 0.4
19691 42.4
19691 1.48
19691 6.16
19692 0.4
19692 42.4
19692 1.48
19692 6.16
19693 0.4
19693 42.4
19693 1.48
19693 6.16
19694 0.4
19694 42.4
19694 1.48
19694 6.16
19695 0.4
19695 42.4
19695 1.48
19695 6.16
19696 0.4
19696 42.4
19696 1.48
19696 6.16
19697 0.4
19697 42.4
19697 1.48
19697 6.16
19698 0.4
19698 42.4
19698 1.48
19698 6.16
19699 0.4
19699 42.4
19699 1.48
19699 6.16
19700 0.4
19700 42.4
19700 1.48
19700 6.16
19701 0.4
19701 42.4
19701 1.48
19701 6.16
19702 0.4
19702 42.4
19702 1.48
19702 6.16
19703 0.4
19703 42.4
19703 1.48
19703 6.16
19704 0.4
19704 42.4
19704 1.48
19704 6.16
19705 0.4
19705 42.4
19705 1.48
19705 6.16
19706 0.4
19706 42.4
19706 1.48
19706 6.16
19707 0.4
19707 42.4
19707 1.48
19707 6.16
19708 0.4
19708 42.4
19708 1.48
19708 6.16
19709 0.4
19709 42.4
19709 1.48
19709 6.16
19710 0.4
19710 42.4
19710 1.48
19710 6.16
19711 0.4
19711 42.4
19711 1.48
19711 6.16
19712 0.4
19712 42.4
19712 1.48
19712 6.16
19713 0.4
19713 42.4
19713 1.48
19713 6.16
19714 0.4
19714 42.4
19714 1.48
19714 6.16
19715 0.4
19715 42.4
19715 1.48
19715 6.16
19716 0.4
19716 42.4
19716 1.48
19716 6.16
19717 0.4
19717 42.4
19717 1.48
19717 6.16
19718 0.4
19718 42.4
19718 1.48
19718 6.16
19719 0.4
19719 42.4
19719 1.48
19719 6.16
19720 0.4
19720 42.4
19720 1.48
19720 6.16
19721 0.4
19721 42.4
19721 1.48
19721 6.16
19722 0.4
19722 42.4
19722 1.48
19722 6.16
19751 0.4
19751 42.4
19751 1.48
19751 6.16
19752 0.4
19752 42.4
19752 1.48
19752 6.16
19753 0.4
19753 42.4
19753 1.48
19753 6.16
19754 0.4
19754 42.4
19754 1.48
19754 6.16
19755 0.4
19755 42.4
19755 1.48
19755 6.16
19756 0.4
19756 42.4
19756 1.48
19756 6.16
19757 0.4
19757 42.4
19757 1.48
19757 6.16
19758 0.4
19758 42.4
19758 1.48
19758 6.16
19759 0.4
19759 42.4
19759 1.48
19759 6.16
19760 0.4
19760 42.4
19760 1.48
19760 6.16
19761 0.4
19761 42.4
19761 1.48
19761 6.16
19762 0.4
19762 42.4
19762 1.48
19762 6.16
19763 0.4
19763 42.4
19763 1.48
19763 6.16
19764 0.4
19764 42.4
19764 1.48
19764 6.16
19765 0.4
19765 42.4
19765 1.48
19765 6.16
19766 0.4
19766 42.4
19766 1.48
19766 6.16
19767 0.4
19767 42.4
19767 1.48
19767 6.16
19768 0.4
19768 42.4
19768 1.48
19768 6.16
19769 0.4
19769 42.4
19769 1.48
19769 6.16
19770 0.4
19770 42.4
19770 1.48
19770 6.16
19771 0.4
19771 42.4
19771 1.48
19771 6.16
19772 0.4
19772 42.4
19772 1.48
19772 6.16
19773 0.4
19773 42.4
19773 1.48
19773 6.16
19774 0.4
19774 42.4
19774 1.48
19774 6.16
19775 0.4
19775 42.4
19775 1.48
19775 6.16
19776 0.4
19776 42.4
19776 1.48
19776 6.16
19777 0.4
19777 42.4
19777 1.48
19777 6.16
19778 0.4
19778 42.4
19778 1.48
19778 6.16
19779 0.4
19779 42.4
19779 1.48
19779 6.16
19780 0.4
19780 42.4
19780 1.48
19780 6.16
19781 0.4
19781 42.4
19781 1.48
19781 6.16
19782 0.4
19782 42.4
19782 1.48
19782 6.16
19783 0.4
19783 42.4
19783 1.48
19783 6.16
19784 0.4
19784 42.4
19784 1.48
19784 6.16
19785 0.4
19785 42.4
19785 1.48
19785 6.16
19786 0.4
19786 42.4
19786 1.48
19786 6.16
19787 0.4
19787 42.4
19787 1.48
19787 6.16
19813 0.4
19813 42.4
19813 1.48
19813 6.16
19814 0.4
19814 42.4
19814 1.48
19814 6.16
19815 0.4
19815 42.4
19815 1.48
19815 6.16
19816 0.4
19816 42.4
19816 1.48
19816 6.16
19817 0.4
19817 42.4
19817 1.48
19817 6.16
19818 0.4
19818 42.4
19818 1.48
19818 6.16
19819 0.4
19819 42.4
19819 1.48
19819 6.16
19820 0.4
19820 42.4
19820 1.48
19820 6.16
19821 0.4
19821 42.4
19821 1.48
19821 6.16
19822 0.4
19822 42.4
19822 1.48
19822 6.16
19823 0.4
19823 42.4
19823 1.48
19823 6.16
19824 0.4
19824 42.4
19824 1.48
19824 6.16
19825 0.4
19825 42.4
19825 1.48
19825 6.16
19826 0.4
19826 42.4
19826 1.48
19826 6.16
19827 0.4
19827 42.4
19827 1.48
19827 6.16
19828 0.4
19828 42.4
19828 1.48
19828 6.16
19829 0.4
19829 42.4
19829 1.48
19829 6.16
19830 0.4
19830 42.4
19830 1.48
19830 6.16
19831 0.4
19831 42.4
19831 1.48
19831 6.16
19832 0.4
19832 42.4
19832 1.48
19832 6.16
19833 0.4
19833 42.4
19833 1.48
19833 6.16
19834 0.4
19834 42.4
19834 1.48
19834 6.16
19835 0.4
19835 42.4
19835 1.48
19835 6.16
19836 0.4
19836 42.4
19836 1.48
19836 6.16
19837 0.4
19837 42.4
19837 1.48
19837 6.16
19838 0.4
19838 42.4
19838 1.48
19838 6.16
19839 0.4
19839 42.4
19839 1.48
19839 6.16
19840 0.4
19840 42.4
19840 1.48
19840 6.16
19841 0.4
19841 42.4
19841 1.48
19841 6.16
19842 0.4
19842 42.4
19842 1.48
19842 6.16
19843 0.4
19843 42.4
19843 1.48
19843 6.16
19844 0.4
19844 42.4
19844 1.48
19844 6.16
19845 0.4
19845 42.4
19845 1.48
19845 6.16
19846 0.4
19846 42.4
19846 1.48
19846 6.16
19847 0.4
19847 42.4
19847 1.48
19847 6.16
19848 0.4
19848 42.4
19848 1.48
19848 6.16
19849 0.4
19849 42.4
19849 1.48
19849 6.16
19868 0.4
19868 42.4
19868 1.48
19868 6.16
19869 0.4
19869 42.4
19869 1.48
19869 6.16
19870 0.4
19870 42.4
19870 1.48
19870 6.16
19871 0.4
19871 42.4
19871 1.48
19871 6.16
19872 0.4
19872 42.4
19872 1.48
19872 6.16
19873 0.4
19873 42.4
19873 1.48
19873 6.16
19874 0.4
19874 42.4
19874 1.48
19874 6.16
19875 0.4
19875 42.4
19875 1.48
19875 6.16
19876 0.4
19876 42.4
19876 1.48
19876 6.16
19877 0.4
19877 42.4
19877 1.48
19877 6.16
19878 0.4
19878 42.4
19878 1.48
19878 6.16
19879 0.4
19879 42.4
19879 1.48
19879 6.16
19880 0.4
19880 42.4
19880 1.48
19880 6.16
19881 0.4
19881 42.4
19881 1.48
19881 6.16
19882 0.4
19882 42.4
19882 1.48
19882 6.16
19883 0.4
19883 42.4
19883 1.48
19883 6.16
19884 0.4
19884 42.4
19884 1.48
19884 6.16
19885 0.4
19885 42.4
19885 1.48
19885 6.16
19886 0.4
19886 42.4
19886 1.48
19886 6.16
19887 0.4
19887 42.4
19887 1.48
19887 6.16
19888 0.4
19888 42.4
19888 1.48
19888 6.16
19889 0.4
19889 42.4
19889 1.48
19889 6.16
19890 0.4
19890 42.4
19890 1.48
19890 6.16
19891 0.4
19891 42.4
19891 1.48
19891 6.16
19892 0.4
19892 42.4
19892 1.48
19892 6.16
19893 0.4
19893 42.4
19893 1.48
19893 6.16
19894 0.4
19894 42.4
19894 1.48
19894 6.16
19895 0.4
19895 42.4
19895 1.48
19895 6.16
19896 0.4
19896 42.4
19896 1.48
19896 6.16
19897 0.4
19897 42.4
19897 1.48
19897 6.16
19898 0.4
19898 42.4
19898 1.48
19898 6.16
19899 0.4
19899 42.4
19899 1.48
19899 6.16
19900 0.4
19900 42.4
19900 1.48
19900 6.16
19901 0.4
19901 42.4
19901 1.48
19901 6.16
19902 0.4
19902 42.4
19902 1.48
19902 6.16
19903 0.4
19903 42.4
19903 1.48
19903 6.16
19930 0.4
19930 42.4
19930 1.48
19930 6.16
19931 0.4
19931 42.4
19931 1.48
19931 6.16
19932 0.4
19932 42.4
19932 1.48
19932 6.16
19933 0.4
19933 42.4
19933 1.48
19933 6.16
19934 0.4
19934 42.4
19934 1.48
19934 6.16
19935 0.4
19935 42.4
19935 1.48
19935 6.16
19936 0.4
19936 42.4
19936 1.48
19936 6.16
19937 0.4
19937 42.4
19937 1.48
19937 6.16
19938 0.4
19938 42.4
19938 1.48
19938 6.16
19939 0.4
19939 42.4
19939 1.48
19939 6.16
19940 0.4
19940 42.4
19940 1.48
19940 6.16
19941 0.4
19941 42.4
19941 1.48
19941 6.16
19942 0.4
19942 42.4
19942 1.48
19942 6.16
19943 0.4
19943 42.4
19943 1.48
19943 6.16
19944 0.4
19944 42.4
19944 1.48
19944 6.16
19945 0.4
19945 42.4
19945 1.48
19945 6.16
19946 0.4
19946 42.4
19946 1.48
19946 6.16
19947 0.4
19947 42.4
19947 1.48
19947 6.16
19948 0.4
19948 42.4
19948 1.48
19948 6.16
19949 0.4
19949 42.4
19949 1.48
19949 6.16
19950 0.4
19950 42.4
19950 1.48
19950 6.16
19951 0.4
19951 42.4
19951 1.48
19951 6.16
19952 0.4
19952 42.4
19952 1.48
19952 6.16
19953 0.4
19953 42.4
19953 1.48
19953 6.16
19954 0.4
19954 42.4
19954 1.48
19954 6.16
19955 0.4
19955 42.4
19955 1.48
19955 6.16
19956 0.4
19956 42.4
19956 1.48
19956 6.16
19957 0.4
19957 42.4
19957 1.48
19957 6.16
19985 0.4
19985 42.4
19985 1.48
19985 6.16
19986 0.4
19986 42.4
19986 1.48
19986 6.16
19987 0.4
19987 42.4
19987 1.48
19987 6.16
19988 0.4
19988 42.4
19988 1.48
19988 6.16
19989 0.4
19989 42.4
19989 1.48
19989 6.16
19990 0.4
19990 42.4
19990 1.48
19990 6.16
19991 0.4
19991 42.4
19991 1.48
19991 6.16
19992 0.4
19992 42.4
19992 1.48
19992 6.16
19993 0.4
19993 42.4
19993 1.48
19993 6.16
19994 0.4
19994 42.4
19994 1.48
19994 6.16
19995 0.4
19995 42.4
19995 1.48
19995 6.16
19996 0.4
19996 42.4
19996 1.48
19996 6.16
19997 0.4
19997 42.4
19997 1.48
19997 6.16
19998 0.4
19998 42.4
19998 1.48
19998 6.16
19999 0.4
19999 42.4
19999 1.48
19999 6.16
20000 0.4
20000 42.4
20000 1.48
20000 6.16
20001 0.4
20001 42.4
20001 1.48
20001 6.16
20002 0.4
20002 42.4
20002 1.48
20002 6.16
20003 0.4
20003 42.4
20003 1.48
20003 6.16
20004 0.4
20004 42.4
20004 1.48
20004 6.16
20005 0.4
20005 42.4
20005 1.48
20005 6.16
20006 0.4
20006 42.4
20006 1.48
20006 6.16
20007 0.4
20007 42.4
20007 1.48
20007 6.16
20008 0.4
20008 42.4
20008 1.48
20008 6.16
20009 0.4
20009 42.4
20009 1.48
20009 6.16
20010 0.4
20010 42.4
20010 1.48
20010 6.16
20011 0.4
20011 42.4
20011 1.48
20011 6.16
20038 0.4
20038 42.4
20038 1.48
20038 6.16
20039 0.4
20039 42.4
20039 1.48
20039 6.16
20040 0.4
20040 42.4
20040 1.48
20040 6.16
20041 0.4
20041 42.4
20041 1.48
20041 6.16
20042 0.4
20042 42.4
20042 1.48
20042 6.16
20043 0.4
20043 42.4
20043 1.48
20043 6.16
20044 0.4
20044 42.4
20044 1.48
20044 6.16
20045 0.4
20045 42.4
20045 1.48
20045 6.16
20046 0.4
20046 42.4
20046 1.48
20046 6.16
20047 0.4
20047 42.4
20047 1.48
20047 6.16
20048 0.4
20048 42.4
20048 1.48
20048 6.16
20049 0.4
20049 42.4
20049 1.48
20049 6.16
20050 0.4
20050 42.4
20050 1.48
20050 6.16
20051 0.4
20051 42.4
20051 1.48
20051 6.16
20052 0.4
20052 42.4
20052 1.48
20052 6.16
20053 0.4
20053 42.4
20053 1.48
20053 6.16
20054 0.4
20054 42.4
20054 1.48
20054 6.16
20055 0.4
20055 42.4
20055 1.48
20055 6.16
20056 0.4
20056 42.4
20056 1.48
20056 6.16
20057 0.4
20057 42.4
20057 1.48
20057 6.16
20058 0.4
20058 42.4
20058 1.48
20058 6.16
20059 0.4
20059 42.4
20059 1.48
20059 6.16
20060 0.4
20060 42.4
20060 1.48
20060 6.16
20061 0.4
20061 42.4
20061 1.48
20061 6.16
20062 0.4
20062 42.4
20062 1.48
20062 6.16
20063 0.4
20063 42.4
20063 1.48
20063 6.16
20064 0.4
20064 42.4
20064 1.48
20064 6.16
20091 0.4
20091 42.4
20091 1.48
20091 6.16
20092 0.4
20092 42.4
20092 1.48
20092 6.16
20093 0.4
20093 42.4
20093 1.48
20093 6.16
20094 0.4
20094 42.4
20094 1.48
20094 6.16
20095 0.4
20095 42.4
20095 1.48
20095 6.16
20096 0.4
20096 42.4
20096 1.48
20096 6.16
20097 0.4
20097 42.4
20097 1.48
20097 6.16
20098 0.4
20098 42.4
20098 1.48
20098 6.16
20099 0.4
20099 42.4
20099 1.48
20099 6.16
20100 0.4
20100 42.4
20100 1.48
20100 6.16
20101 0.4
20101 42.4
20101 1.48
20101 6.16
20102 0.4
20102 42.4
20102 1.48
20102 6.16
20103 0.4
20103 42.4
20103 1.48
20103 6.16
20104 0.4
20104 42.4
20104 1.48
20104 6.16
20105 0.4
20105 42.4
20105 1.48
20105 6.16
20106 0.4
20106 42.4
20106 1.48
20106 6.16
20107 0.4
20107 42.4
20107 1.48
20107 6.16
20108 0.4
20108 42.4
20108 1.48
20108 6.16
20109 0.4
20109 42.4
20109 1.48
20109 6.16
20110 0.4
20110 42.4
20110 1.48
20110 6.16
20111 0.4
20111 42.4
20111 1.48
20111 6.16
20112 0.4
20112 42.4
20112 1.48
20112 6.16
20113 0.4
20113 42.4
20113 1.48
20113 6.16
20114 0.4
20114 42.4
20114 1.48
20114 6.16
20115 0.4
20115 42.4
20115 1.48
20115 6.16
20116 0.4
20116 42.4
20116 1.48
20116 6.16
20142 0.4
20142 42.4
20142 1.48
20142 6.16
20143 0.4
20143 42.4
20143 1.48
20143 6.16
20144 0.4
20144 42.4
20144 1.48
20144 6.16
20145 0.4
20145 42.4
20145 1.48
20145 6.16
20146 0.4
20146 42.4
20146 1.48
20146 6.16
20147 0.4
20147 42.4
20147 1.48
20147 6.16
20148 0.4
20148 42.4
20148 1.48
20148 6.16
20149 0.4
20149 42.4
20149 1.48
20149 6.16
20150 0.4
20150 42.4
20150 1.48
20150 6.16
20151 0.4
20151 42.4
20151 1.48
20151 6.16
20152 0.4
20152 42.4
20152 1.48
20152 6.16
20153 0.4
20153 42.4
20153 1.48
20153 6.16
20154 0.4
20154 42.4
20154 1.48
20154 6.16
20155 0.4
20155 42.4
20155 1.48
20155 6.16
20156 0.4
20156 42.4
20156 1.48
20156 6.16
20157 0.4
20157 42.4
20157 1.48
20157 6.16
20158 0.4
20158 42.4
20158 1.48
20158 6.16
20159 0.4
20159 42.4
20159 1.48
20159 6.16
20160 0.4
20160 42.4
20160 1.48
20160 6.16
20161 0.4
20161 42.4
20161 1.48
20161 6.16
20162 0.4
20162 42.4
20162 1.48
20162 6.16
20163 0.4
20163 42.4
20163 1.48
20163 6.16
20164 0.4
20164 42.4
20164 1.48
20164 6.16
20165 0.4
20165 42.4
20165 1.48
20165 6.16
20166 0.4
20166 42.4
20166 1.48
20166 6.16
20167 0.4
20167 42.4
20167 1.48
20167 6.16
20168 0.4
20168 42.4
20168 1.48
20168 6.16
20195 0.4
20195 42.4
20195 1.48
20195 6.16
20196 0.4
20196 42.4
20196 1.48
20196 6.16
20197 0.4
20197 42.4
20197 1.48
20197 6.16
20198 0.4
20198 42.4
20198 1.48
20198 6.16
20204 0.4
20204 42.4
20204 1.48
20204 6.16
20205 0.4
20205 42.4
20205 1.48
20205 6.16
20206 0.4
20206 42.4
20206 1.48
20206 6.16
20207 0.4
20207 42.4
20207 1.48
20207 6.16
20208 0.4
20208 42.4
20208 1.48
20208 6.16
20209 0.4
20209 42.4
20209 1.48
20209 6.16
20210 0.4
20210 42.4
20210 1.48
20210 6.16
20211 0.4
20211 42.4
20211 1.48
20211 6.16
20212 0.4
20212 42.4
20212 1.48
20212 6.16
20213 0.4
20213 42.4
20213 1.48
20213 6.16
20214 0.4
20214 42.4
20214 1.48
20214 6.16
20237 0.4
20237 42.4
20237 1.48
20237 6.16
20238 0.4
20238 42.4
20238 1.48
20238 6.16
20239 0.4
20239 42.4
20239 1.48
20239 6.16
20240 0.4
20240 42.4
20240 1.48
20240 6.16
20241 0.4
20241 42.4
20241 1.48
20241 6.16
20246 0.4
20246 42.4
20246 1.48
20246 6.16
20247 0.4
20247 42.4
20247 1.48
20247 6.16
20248 0.4
20248 42.4
20248 1.48
20248 6.16
20249 0.4
20249 42.4
20249 1.48
20249 6.16
20250 0.4
20250 42.4
20250 1.48
20250 6.16
20251 0.4
20251 42.4
20251 1.48
20251 6.16
20252 0.4
20252 42.4
20252 1.48
20252 6.16
20253 0.4
20253 42.4
20253 1.48
20253 6.16
20254 0.4
20254 42.4
20254 1.48
20254 6.16
20255 0.4
20255 42.4
20255 1.48
20255 6.16
20256 0.4
20256 42.4
20256 1.48
20256 6.16
20257 0.4
20257 42.4
20257 1.48
20257 6.16
20276 0.4
20276 42.4
20276 1.48
20276 6.16
20277 0.4
20277 42.4
20277 1.48
20277 6.16
20278 0.4
20278 42.4
20278 1.48
20278 6.16
20279 0.4
20279 42.4
20279 1.48
20279 6.16
20285 0.4
20285 42.4
20285 1.48
20285 6.16
20286 0.4
20286 42.4
20286 1.48
20286 6.16
20287 0.4
20287 42.4
20287 1.48
20287 6.16
20288 0.4
20288 42.4
20288 1.48
20288 6.16
20289 0.4
20289 42.4
20289 1.48
20289 6.16
20290 0.4
20290 42.4
20290 1.48
20290 6.16
20291 0.4
20291 42.4
20291 1.48
20291 6.16
20292 0.4
20292 42.4
20292 1.48
20292 6.16
20293 0.4
20293 42.4
20293 1.48
20293 6.16
20294 0.4
20294 42.4
20294 1.48
20294 6.16
20295 0.4
20295 42.4
20295 1.48
20295 6.16
20317 0.4
20317 42.4
20317 1.48
20317 6.16
20318 0.4
20318 42.4
20318 1.48
20318 6.16
20319 0.4
20319 42.4
20319 1.48
20319 6.16
20320 0.4
20320 42.4
20320 1.48
20320 6.16
20321 0.4
20321 42.4
20321 1.48
20321 6.16
20322 0.4
20322 42.4
20322 1.48
20322 6.16
20323 0.4
20323 42.4
20323 1.48
20323 6.16
20324 0.4
20324 42.4
20324 1.48
20324 6.16
20325 0.4
20325 42.4
20325 1.48
20325 6.16
20326 0.4
20326 42.4
20326 1.48
20326 6.16
20327 0.4
20327 42.4
20327 1.48
20327 6.16
20328 0.4
20328 42.4
20328 1.48
20328 6.16
20329 0.4
20329 42.4
20329 1.48
20329 6.16
20330 0.4
20330 42.4
20330 1.48
20330 6.16
20331 0.4
20331 42.4
20331 1.48
20331 6.16
20352 0.4
20352 42.4
20352 1.48
20352 6.16
20353 0.4
20353 42.4
20353 1.48
20353 6.16
20354 0.4
20354 42.4
20354 1.48
20354 6.16
20355 0.4
20355 42.4
20355 1.48
20355 6.16
20356 0.4
20356 42.4
20356 1.48
20356 6.16
20357 0.4
20357 42.4
20357 1.48
20357 6.16
20358 0.4
20358 42.4
20358 1.48
20358 6.16
20359 0.4
20359 42.4
20359 1.48
20359 6.16
20360 0.4
20360 42.4
20360 1.48
20360 6.16
20361 0.4
20361 42.4
20361 1.48
20361 6.16
20362 0.4
20362 42.4
20362 1.48
20362 6.16
20363 0.4
20363 42.4
20363 1.48
20363 6.16
20364 0.4
20364 42.4
20364 1.48
20364 6.16
20365 0.4
20365 42.4
20365 1.48
20365 6.16
20366 0.4
20366 42.4
20366 1.48
20366 6.16
20387 0.4
20387 42.4
20387 1.48
20387 6.16
20388 0.4
20388 42.4
20388 1.48
20388 6.16
20389 0.4
20389 42.4
20389 1.48
20389 6.16
20390 0.4
20390 42.4
20390 1.48
20390 6.16
20391 0.4
20391 42.4
20391 1.48
20391 6.16
20392 0.4
20392 42.4
20392 1.48
20392 6.16
20393 0.4
20393 42.4
20393 1.48
20393 6.16
20394 0.4
20394 42.4
20394 1.48
20394 6.16
20395 0.4
20395 42.4
20395 1.48
20395 6.16
20396 0.4
20396 42.4
20396 1.48
20396 6.16
20397 0.4
20397 42.4
20397 1.48
20397 6.16
20398 0.4
20398 42.4
20398 1.48
20398 6.16
20399 0.4
20399 42.4
20399 1.48
20399 6.16
20432 0.4
20432 42.4
20432 1.48
20432 6.16
20433 0.4
20433 42.4
20433 1.48
20433 6.16
20467 0.4
20467 42.4
20467 1.48
20467 6.16
20497 0.4
20497 42.4
20497 1.48
20497 6.16
