pt_graph met
11481 2
11482 2
11483 2
11484 2
11485 2
11486 2
11590 2
11591 2
11592 2
11593 2
11594 2
11595 2
11596 2
11697 2
11698 2
11699 2
11700 2
11701 2
11702 2
11703 2
11704 2
11705 2
11706 2
11807 2
11808 2
11809 2
11810 2
11811 2
11812 2
11813 2
11814 2
11815 2
11816 2
11916 2
11917 2
11918 2
11919 2
11920 2
11921 2
11922 2
11923 2
11924 2
11925 2
11926 2
12020 2
12021 2
12022 2
12023 2
12024 2
12025 2
12026 2
12027 2
12028 2
12029 2
12030 2
12031 2
12032 2
12033 2
12128 2
12129 2
12130 2
12131 2
12132 2
12133 2
12134 2
12135 2
12136 2
12137 2
12138 2
12139 2
12140 2
12235 2
12236 2
12237 2
12238 2
12239 2
12240 2
12241 2
12242 2
12243 2
12244 2
12245 2
12246 2
12247 2
12248 2
12342 2
12343 2
12344 2
12345 2
12346 2
12347 2
12348 2
12349 2
12350 2
12351 2
12352 2
12353 2
12354 2
12450 2
12451 2
12452 2
12453 2
12454 2
12455 2
12456 2
12457 2
12458 2
12459 2
12460 2
12461 2
12462 2
12463 2
12559 2
12560 2
12561 2
12562 2
12563 2
12564 2
12565 2
12566 2
12567 2
12568 2
12569 2
12570 2
12571 2
12663 2
12664 2
12665 2
12666 2
12667 2
12668 2
12669 2
12670 2
12671 2
12672 2
12673 2
12767 2
12768 2
12769 2
12770 2
12771 2
12772 2
12773 2
12774 2
12775 2
12776 2
12777 2
12867 2
12868 2
12869 2
12870 2
12871 2
12872 2
12873 2
12874 2
12875 2
12876 2
12877 2
12878 2
12879 2
12880 2
12975 2
12976 2
12977 2
12978 2
12979 2
12980 2
12981 2
12982 2
12983 2
12984 2
12985 2
12986 2
12987 2
13082 2
13083 2
13084 2
13085 2
13086 2
13087 2
13088 2
13089 2
13090 2
13091 2
13092 2
13093 2
13094 2
13095 2
13188 2
13189 2
13190 2
13191 2
13192 2
13193 2
13194 2
13195 2
13196 2
13197 2
13198 2
13199 2
13200 2
13201 2
13202 2
13203 2
13299 2
13300 2
13301 2
13302 2
13303 2
13304 2
13305 2
13306 2
13307 2
13308 2
13309 2
13310 2
13311 2
13312 2
13313 2
13409 2
13410 2
13411 2
13412 2
13413 2
13414 2
13415 2
13416 2
13417 2
13418 2
13419 2
13420 2
13421 2
13422 2
13423 2
13424 2
13515 2
13516 2
13517 2
13518 2
13519 2
13520 2
13521 2
13522 2
13523 2
13524 2
13525 2
13526 2
13527 2
13528 2
13529 2
13530 2
13531 2
13532 2
13624 2
13625 2
13626 2
13627 2
13628 2
13629 2
13630 2
13631 2
13632 2
13633 2
13634 2
13635 2
13636 2
13637 2
13638 2
13639 2
13640 2
13641 2
13642 2
13735 2
13736 2
13737 2
13738 2
13739 2
13740 2
13741 2
13742 2
13743 2
13744 2
13745 2
13746 2
13747 2
13748 2
13749 2
13750 2
13751 2
13752 2
13842 2
13843 2
13844 2
13845 2
13846 2
13847 2
13848 2
13849 2
13850 2
13851 2
13852 2
13853 2
13854 2
13855 2
13856 2
13857 2
13858 2
13859 2
13860 2
13861 2
13862 2
13863 2
13864 2
13954 2
13955 2
13956 2
13957 2
13958 2
13959 2
13960 2
13961 2
13962 2
13963 2
13964 2
13965 2
13966 2
13967 2
13968 2
13969 2
13970 2
13971 2
13972 2
13973 2
13974 2
13975 2
13976 2
14068 2
14069 2
14070 2
14071 2
14072 2
14073 2
14074 2
14075 2
14076 2
14077 2
14078 2
14079 2
14080 2
14081 2
14082 2
14083 2
14084 2
14085 2
14086 2
14087 2
14088 2
14089 2
14090 2
14181 2
14182 2
14183 2
14184 2
14185 2
14186 2
14187 2
14188 2
14189 2
14190 2
14191 2
14192 2
14193 2
14194 2
14195 2
14196 2
14197 2
14198 2
14199 2
14200 2
14201 2
14202 2
14203 2
14208 2
14209 2
14210 2
14211 2
14212 2
14213 2
14214 2
14215 2
14216 2
14217 2
14218 2
14219 2
14297 2
14298 2
14299 2
14300 2
14301 2
14302 2
14303 2
14304 2
14305 2
14306 2
14307 2
14308 2
14309 2
14310 2
14311 2
14312 2
14313 2
14314 2
14315 2
14316 2
14317 2
14318 2
14324 2
14325 2
14326 2
14327 2
14328 2
14329 2
14330 2
14331 2
14332 2
14333 2
14334 2
14411 2
14412 2
14413 2
14414 2
14415 2
14416 2
14417 2
14418 2
14419 2
14420 2
14421 2
14422 2
14423 2
14424 2
14425 2
14426 2
14427 2
14428 2
14429 2
14430 2
14431 2
14434 2
14435 2
14436 2
14437 2
14438 2
14439 2
14440 2
14441 2
14442 2
14443 2
14444 2
14445 2
14446 2
14447 2
14448 2
14449 2
14526 2
14527 2
14528 2
14529 2
14530 2
14531 2
14532 2
14533 2
14534 2
14535 2
14536 2
14537 2
14538 2
14539 2
14540 2
14541 2
14542 2
14543 2
14544 2
14545 2
14548 2
14549 2
14550 2
14551 2
14552 2
14553 2
14554 2
14555 2
14556 2
14557 2
14558 2
14559 2
14560 2
14561 2
14562 2
14563 2
14640 2
14641 2
14642 2
14643 2
14644 2
14645 2
14646 2
14647 2
14648 2
14649 2
14650 2
14651 2
14652 2
14653 2
14654 2
14655 2
14656 2
14657 2
14658 2
14659 2
14660 2
14663 2
14664 2
14665 2
14666 2
14667 2
14668 2
14669 2
14670 2
14671 2
14672 2
14673 2
14674 2
14675 2
14676 2
14677 2
14678 2
14753 2
14754 2
14755 2
14756 2
14757 2
14758 2
14759 2
14760 2
14761 2
14762 2
14763 2
14764 2
14765 2
14766 2
14767 2
14768 2
14769 2
14770 2
14771 2
14772 2
14773 2
14774 2
14775 2
14776 2
14777 2
14778 2
14779 2
14780 2
14781 2
14782 2
14792 2
14793 2
14881 2
14882 2
14883 2
14884 2
14885 2
14886 2
14887 2
14888 2
14889 2
14890 2
14891 2
14892 2
14893 2
14894 2
14895 2
14896 2
14897 2
14898 2
14899 2
14900 2
14901 2
14902 2
14903 2
14904 2
14905 2
14906 2
14907 2
14908 2
14909 2
14919 2
14920 2
15008 2
15009 2
15010 2
15011 2
15012 2
15013 2
15014 2
15015 2
15016 2
15017 2
15018 2
15019 2
15020 2
15021 2
15022 2
15023 2
15024 2
15025 2
15026 2
15027 2
15028 2
15029 2
15030 2
15031 2
15032 2
15033 2
15034 2
15035 2
15036 2
15037 2
15047 2
15048 2
15134 2
15135 2
15136 2
15137 2
15138 2
15139 2
15140 2
15141 2
15142 2
15143 2
15144 2
15145 2
15146 2
15147 2
15148 2
15149 2
15150 2
15151 2
15152 2
15153 2
15154 2
15155 2
15156 2
15157 2
15158 2
15159 2
15160 2
15161 2
15162 2
15165 2
15166 2
15167 2
15172 2
15173 2
15174 2
15175 2
15176 2
15177 2
15178 2
15179 2
15180 2
15255 2
15256 2
15257 2
15258 2
15259 2
15260 2
15261 2
15262 2
15263 2
15264 2
15265 2
15266 2
15267 2
15268 2
15269 2
15270 2
15271 2
15272 2
15273 2
15274 2
15275 2
15276 2
15277 2
15278 2
15279 2
15280 2
15281 2
15282 2
15283 2
15284 2
15287 2
15288 2
15294 2
15295 2
15296 2
15297 2
15298 2
15299 2
15300 2
15301 2
15373 2
15374 2
15375 2
15376 2
15377 2
15378 2
15379 2
15380 2
15381 2
15382 2
15383 2
15384 2
15385 2
15386 2
15387 2
15388 2
15389 2
15390 2
15391 2
15392 2
15393 2
15394 2
15395 2
15396 2
15397 2
15398 2
15399 2
15400 2
15401 2
15404 2
15405 2
15406 2
15411 2
15412 2
15413 2
15414 2
15415 2
15416 2
15417 2
15418 2
15489 2
15490 2
15491 2
15492 2
15493 2
15494 2
15495 2
15496 2
15497 2
15498 2
15499 2
15500 2
15501 2
15502 2
15503 2
15504 2
15505 2
15506 2
15507 2
15508 2
15509 2
15510 2
15511 2
15512 2
15513 2
15514 2
15515 2
15516 2
15517 2
15518 2
15519 2
15520 2
15521 2
15522 2
15523 2
15524 2
15525 2
15526 2
15527 2
15528 2
15529 2
15530 2
15531 2
15532 2
15533 2
15534 2
15607 2
15608 2
15609 2
15610 2
15611 2
15612 2
15613 2
15614 2
15615 2
15616 2
15617 2
15618 2
15619 2
15620 2
15621 2
15622 2
15623 2
15624 2
15625 2
15626 2
15627 2
15628 2
15629 2
15630 2
15631 2
15632 2
15633 2
15634 2
15635 2
15636 2
15637 2
15638 2
15639 2
15640 2
15641 2
15642 2
15643 2
15644 2
15645 2
15646 2
15647 2
15648 2
15649 2
15650 2
15651 2
15727 2
15728 2
15729 2
15730 2
15731 2
15732 2
15733 2
15734 2
15735 2
15736 2
15737 2
15738 2
15739 2
15740 2
15741 2
15742 2
15743 2
15744 2
15745 2
15746 2
15747 2
15748 2
15749 2
15750 2
15751 2
15752 2
15753 2
15754 2
15755 2
15756 2
15757 2
15758 2
15759 2
15760 2
15763 2
15764 2
15842 2
15843 2
15844 2
15845 2
15846 2
15847 2
15848 2
15849 2
15850 2
15851 2
15852 2
15853 2
15854 2
15855 2
15856 2
15857 2
15858 2
15859 2
15860 2
15861 2
15862 2
15863 2
15864 2
15865 2
15866 2
15867 2
15868 2
15869 2
15870 2
15871 2
15872 2
15873 2
15874 2
15875 2
15878 2
15879 2
15880 2
15956 2
15957 2
15958 2
15959 2
15960 2
15961 2
15962 2
15963 2
15964 2
15965 2
15966 2
15967 2
15968 2
15969 2
15970 2
15971 2
15972 2
15973 2
15974 2
15975 2
15976 2
15977 2
15978 2
15979 2
15980 2
15981 2
15982 2
15983 2
15984 2
15985 2
15986 2
15987 2
15988 2
15989 2
15992 2
15993 2
16068 2
16069 2
16070 2
16071 2
16072 2
16073 2
16074 2
16075 2
16076 2
16077 2
16078 2
16079 2
16080 2
16081 2
16082 2
16083 2
16084 2
16085 2
16086 2
16087 2
16088 2
16089 2
16090 2
16091 2
16092 2
16093 2
16094 2
16095 2
16096 2
16097 2
16098 2
16099 2
16100 2
16101 2
16104 2
16105 2
16180 2
16181 2
16182 2
16183 2
16184 2
16185 2
16186 2
16187 2
16188 2
16189 2
16190 2
16191 2
16192 2
16193 2
16194 2
16195 2
16196 2
16197 2
16198 2
16199 2
16200 2
16201 2
16202 2
16203 2
16204 2
16205 2
16206 2
16207 2
16208 2
16209 2
16210 2
16211 2
16212 2
16213 2
16216 2
16291 2
16292 2
16293 2
16294 2
16295 2
16296 2
16297 2
16298 2
16299 2
16300 2
16301 2
16302 2
16303 2
16304 2
16305 2
16306 2
16307 2
16308 2
16309 2
16310 2
16311 2
16312 2
16313 2
16314 2
16315 2
16316 2
16317 2
16318 2
16319 2
16320 2
16321 2
16322 2
16323 2
16324 2
16400 2
16401 2
16402 2
16403 2
16404 2
16405 2
16406 2
16407 2
16408 2
16409 2
16410 2
16411 2
16412 2
16413 2
16414 2
16415 2
16416 2
16417 2
16418 2
16419 2
16420 2
16421 2
16422 2
16423 2
16424 2
16425 2
16426 2
16427 2
16428 2
16429 2
16430 2
16431 2
16432 2
16433 2
16434 2
16435 2
16436 2
16437 2
16510 2
16511 2
16512 2
16513 2
16514 2
16515 2
16516 2
16517 2
16518 2
16519 2
16520 2
16521 2
16522 2
16523 2
16524 2
16525 2
16526 2
16527 2
16528 2
16529 2
16530 2
16531 2
16532 2
16533 2
16534 2
16535 2
16536 2
16537 2
16538 2
16539 2
16540 2
16541 2
16542 2
16543 2
16544 2
16545 2
16620 2
16621 2
16622 2
16623 2
16624 2
16625 2
16626 2
16627 2
16628 2
16629 2
16630 2
16631 2
16632 2
16633 2
16634 2
16635 2
16636 2
16637 2
16638 2
16639 2
16640 2
16641 2
16642 2
16643 2
16644 2
16645 2
16646 2
16647 2
16648 2
16649 2
16650 2
16651 2
16652 2
16653 2
16654 2
16655 2
16737 2
16738 2
16739 2
16740 2
16744 2
16745 2
16746 2
16747 2
16748 2
16749 2
16750 2
16751 2
16752 2
16753 2
16754 2
16755 2
16756 2
16757 2
16758 2
16759 2
16760 2
16761 2
16762 2
16763 2
16847 2
16848 2
16849 2
16850 2
16851 2
16854 2
16855 2
16856 2
16857 2
16858 2
16859 2
16860 2
16861 2
16862 2
16863 2
16864 2
16865 2
16866 2
16867 2
16868 2
16869 2
16870 2
16871 2
16872 2
16958 2
16959 2
16960 2
16961 2
16965 2
16966 2
16967 2
16968 2
16969 2
16970 2
16971 2
16972 2
16973 2
16974 2
16975 2
16976 2
16977 2
16978 2
16979 2
16980 2
16981 2
17062 2
17063 2
17064 2
17065 2
17066 2
17067 2
17068 2
17069 2
17070 2
17071 2
17072 2
17073 2
17074 2
17075 2
17076 2
17077 2
17078 2
17079 2
17080 2
17081 2
17082 2
17083 2
17084 2
17085 2
17086 2
17087 2
17088 2
17170 2
17171 2
17172 2
17173 2
17174 2
17175 2
17176 2
17177 2
17178 2
17179 2
17180 2
17181 2
17182 2
17183 2
17184 2
17185 2
17186 2
17187 2
17188 2
17189 2
17190 2
17191 2
17192 2
17193 2
17194 2
17274 2
17275 2
17276 2
17277 2
17278 2
17279 2
17280 2
17281 2
17282 2
17283 2
17284 2
17285 2
17286 2
17287 2
17288 2
17289 2
17290 2
17291 2
17292 2
17293 2
17294 2
17295 2
17296 2
17297 2
17298 2
17299 2
17382 2
17383 2
17384 2
17385 2
17386 2
17387 2
17388 2
17389 2
17390 2
17391 2
17392 2
17393 2
17394 2
17395 2
17396 2
17397 2
17398 2
17399 2
17400 2
17401 2
17402 2
17403 2
17404 2
17486 2
17487 2
17488 2
17489 2
17490 2
17491 2
17492 2
17493 2
17494 2
17495 2
17496 2
17497 2
17498 2
17499 2
17500 2
17501 2
17502 2
17503 2
17504 2
17505 2
17590 2
17591 2
17592 2
17593 2
17594 2
17595 2
17596 2
17597 2
17598 2
17599 2
17600 2
17601 2
17602 2
17603 2
