pt_graph scale
0 0
0 2.96
0 0.04
0 1.36
1 0
1 2.96
1 0.04
1 1.36
2 0
2 2.96
2 0.04
2 1.36
3 0
3 2.96
3 0.04
3 1.36
4 0
4 2.96
4 0.04
4 1.36
5 0
5 2.96
5 0.04
5 1.36
10 0
10 2.96
10 0.04
10 1.36
11 0
11 2.96
11 0.04
11 1.36
12 0
12 2.96
12 0.04
12 1.36
13 0
13 2.96
13 0.04
13 1.36
14 0
14 2.96
14 0.04
14 1.36
15 0
15 2.96
15 0.04
15 1.36
16 0
16 2.96
16 0.04
16 1.36
17 0
17 2.96
17 0.04
17 1.36
18 0
18 2.96
18 0.04
18 1.36
19 0
19 2.96
19 0.04
19 1.36
26 0
26 2.96
26 0.04
26 1.36
27 0
27 2.96
27 0.04
27 1.36
28 0
28 2.96
28 0.04
28 1.36
29 0
29 2.96
29 0.04
29 1.36
30 0
30 2.96
30 0.04
30 1.36
31 0
31 2.96
31 0.04
31 1.36
32 0
32 2.96
32 0.04
32 1.36
33 0
33 2.96
33 0.04
33 1.36
34 0
34 2.96
34 0.04
34 1.36
35 0
35 2.96
35 0.04
35 1.36
51 0
51 2.96
51 0.04
51 1.36
52 0
52 2.96
52 0.04
52 1.36
53 0
53 2.96
53 0.04
53 1.36
54 0
54 2.96
54 0.04
54 1.36
55 0
55 2.96
55 0.04
55 1.36
56 0
56 2.96
56 0.04
56 1.36
57 0
57 2.96
57 0.04
57 1.36
