pt_graph cpue_kghour
13630 7.92
13630 1.4
13630 45.24
13630 29.04
13631 7.92
13631 1.4
13631 45.24
13631 29.04
13632 7.92
13632 1.4
13632 45.24
13632 29.04
13741 7.92
13741 1.4
13741 45.24
13741 29.04
13742 7.92
13742 1.4
13742 45.24
13742 29.04
13743 7.92
13743 1.4
13743 45.24
13743 29.04
13744 7.92
13744 1.4
13744 45.24
13744 29.04
13850 7.92
13850 1.4
13850 45.24
13850 29.04
13851 7.92
13851 1.4
13851 45.24
13851 29.04
13852 7.92
13852 1.4
13852 45.24
13852 29.04
13853 7.92
13853 1.4
13853 45.24
13853 29.04
13854 7.92
13854 1.4
13854 45.24
13854 29.04
13855 7.92
13855 1.4
13855 45.24
13855 29.04
13856 7.92
13856 1.4
13856 45.24
13856 29.04
13857 7.92
13857 1.4
13857 45.24
13857 29.04
13963 7.92
13963 1.4
13963 45.24
13963 29.04
13964 7.92
13964 1.4
13964 45.24
13964 29.04
13965 7.92
13965 1.4
13965 45.24
13965 29.04
13966 7.92
13966 1.4
13966 45.24
13966 29.04
13967 7.92
13967 1.4
13967 45.24
13967 29.04
13968 7.92
13968 1.4
13968 45.24
13968 29.04
13969 7.92
13969 1.4
13969 45.24
13969 29.04
13970 7.92
13970 1.4
13970 45.24
13970 29.04
13971 7.92
13971 1.4
13971 45.24
13971 29.04
14075 7.92
14075 1.4
14075 45.24
14075 29.04
14076 7.92
14076 1.4
14076 45.24
14076 29.04
14077 7.92
14077 1.4
14077 45.24
14077 29.04
14078 7.92
14078 1.4
14078 45.24
14078 29.04
14079 7.92
14079 1.4
14079 45.24
14079 29.04
14080 7.92
14080 1.4
14080 45.24
14080 29.04
14081 7.92
14081 1.4
14081 45.24
14081 29.04
14082 7.92
14082 1.4
14082 45.24
14082 29.04
14083 7.92
14083 1.4
14083 45.24
14083 29.04
14084 7.92
14084 1.4
14084 45.24
14084 29.04
14085 7.92
14085 1.4
14085 45.24
14085 29.04
14190 7.92
14190 1.4
14190 45.24
14190 29.04
14191 7.92
14191 1.4
14191 45.24
14191 29.04
14192 7.92
14192 1.4
14192 45.24
14192 29.04
14193 7.92
14193 1.4
14193 45.24
14193 29.04
14194 7.92
14194 1.4
14194 45.24
14194 29.04
14195 7.92
14195 1.4
14195 45.24
14195 29.04
14196 7.92
14196 1.4
14196 45.24
14196 29.04
14197 7.92
14197 1.4
14197 45.24
14197 29.04
14198 7.92
14198 1.4
14198 45.24
14198 29.04
14199 7.92
14199 1.4
14199 45.24
14199 29.04
14200 7.92
14200 1.4
14200 45.24
14200 29.04
14201 7.92
14201 1.4
14201 45.24
14201 29.04
14202 7.92
14202 1.4
14202 45.24
14202 29.04
14306 7.92
14306 1.4
14306 45.24
14306 29.04
14307 7.92
14307 1.4
14307 45.24
14307 29.04
14308 7.92
14308 1.4
14308 45.24
14308 29.04
14309 7.92
14309 1.4
14309 45.24
14309 29.04
14310 7.92
14310 1.4
14310 45.24
14310 29.04
14311 7.92
14311 1.4
14311 45.24
14311 29.04
14312 7.92
14312 1.4
14312 45.24
14312 29.04
14313 7.92
14313 1.4
14313 45.24
14313 29.04
14314 7.92
14314 1.4
14314 45.24
14314 29.04
14315 7.92
14315 1.4
14315 45.24
14315 29.04
14316 7.92
14316 1.4
14316 45.24
14316 29.04
14317 7.92
14317 1.4
14317 45.24
14317 29.04
14318 7.92
14318 1.4
14318 45.24
14318 29.04
14319 7.92
14319 1.4
14319 45.24
14319 29.04
14416 7.92
14416 1.4
14416 45.24
14416 29.04
14417 7.92
14417 1.4
14417 45.24
14417 29.04
14418 7.92
14418 1.4
14418 45.24
14418 29.04
14419 7.92
14419 1.4
14419 45.24
14419 29.04
14420 7.92
14420 1.4
14420 45.24
14420 29.04
14421 7.92
14421 1.4
14421 45.24
14421 29.04
14422 7.92
14422 1.4
14422 45.24
14422 29.04
14423 7.92
14423 1.4
14423 45.24
14423 29.04
14424 7.92
14424 1.4
14424 45.24
14424 29.04
14425 7.92
14425 1.4
14425 45.24
14425 29.04
14426 7.92
14426 1.4
14426 45.24
14426 29.04
14427 7.92
14427 1.4
14427 45.24
14427 29.04
14428 7.92
14428 1.4
14428 45.24
14428 29.04
14429 7.92
14429 1.4
14429 45.24
14429 29.04
14430 7.92
14430 1.4
14430 45.24
14430 29.04
14431 7.92
14431 1.4
14431 45.24
14431 29.04
14432 7.92
14432 1.4
14432 45.24
14432 29.04
14433 7.92
14433 1.4
14433 45.24
14433 29.04
14434 7.92
14434 1.4
14434 45.24
14434 29.04
14531 7.92
14531 1.4
14531 45.24
14531 29.04
14532 7.92
14532 1.4
14532 45.24
14532 29.04
14533 7.92
14533 1.4
14533 45.24
14533 29.04
14534 7.92
14534 1.4
14534 45.24
14534 29.04
14535 7.92
14535 1.4
14535 45.24
14535 29.04
14536 7.92
14536 1.4
14536 45.24
14536 29.04
14537 7.92
14537 1.4
14537 45.24
14537 29.04
14538 7.92
14538 1.4
14538 45.24
14538 29.04
14539 7.92
14539 1.4
14539 45.24
14539 29.04
14540 7.92
14540 1.4
14540 45.24
14540 29.04
14541 7.92
14541 1.4
14541 45.24
14541 29.04
14542 7.92
14542 1.4
14542 45.24
14542 29.04
14543 7.92
14543 1.4
14543 45.24
14543 29.04
14544 7.92
14544 1.4
14544 45.24
14544 29.04
14545 7.92
14545 1.4
14545 45.24
14545 29.04
14546 7.92
14546 1.4
14546 45.24
14546 29.04
14547 7.92
14547 1.4
14547 45.24
14547 29.04
14548 7.92
14548 1.4
14548 45.24
14548 29.04
14549 7.92
14549 1.4
14549 45.24
14549 29.04
14645 7.92
14645 1.4
14645 45.24
14645 29.04
14646 7.92
14646 1.4
14646 45.24
14646 29.04
14647 7.92
14647 1.4
14647 45.24
14647 29.04
14648 7.92
14648 1.4
14648 45.24
14648 29.04
14649 7.92
14649 1.4
14649 45.24
14649 29.04
14650 7.92
14650 1.4
14650 45.24
14650 29.04
14651 7.92
14651 1.4
14651 45.24
14651 29.04
14652 7.92
14652 1.4
14652 45.24
14652 29.04
14653 7.92
14653 1.4
14653 45.24
14653 29.04
14654 7.92
14654 1.4
14654 45.24
14654 29.04
14655 7.92
14655 1.4
14655 45.24
14655 29.04
14656 7.92
14656 1.4
14656 45.24
14656 29.04
14657 7.92
14657 1.4
14657 45.24
14657 29.04
14658 7.92
14658 1.4
14658 45.24
14658 29.04
14659 7.92
14659 1.4
14659 45.24
14659 29.04
14660 7.92
14660 1.4
14660 45.24
14660 29.04
14661 7.92
14661 1.4
14661 45.24
14661 29.04
14662 7.92
14662 1.4
14662 45.24
14662 29.04
14663 7.92
14663 1.4
14663 45.24
14663 29.04
14664 7.92
14664 1.4
14664 45.24
14664 29.04
14665 7.92
14665 1.4
14665 45.24
14665 29.04
14763 7.92
14763 1.4
14763 45.24
14763 29.04
14764 7.92
14764 1.4
14764 45.24
14764 29.04
14765 7.92
14765 1.4
14765 45.24
14765 29.04
14766 7.92
14766 1.4
14766 45.24
14766 29.04
14767 7.92
14767 1.4
14767 45.24
14767 29.04
14768 7.92
14768 1.4
14768 45.24
14768 29.04
14769 7.92
14769 1.4
14769 45.24
14769 29.04
14770 7.92
14770 1.4
14770 45.24
14770 29.04
14771 7.92
14771 1.4
14771 45.24
14771 29.04
14772 7.92
14772 1.4
14772 45.24
14772 29.04
14773 7.92
14773 1.4
14773 45.24
14773 29.04
14774 7.92
14774 1.4
14774 45.24
14774 29.04
14775 7.92
14775 1.4
14775 45.24
14775 29.04
14776 7.92
14776 1.4
14776 45.24
14776 29.04
14777 7.92
14777 1.4
14777 45.24
14777 29.04
14778 7.92
14778 1.4
14778 45.24
14778 29.04
14779 7.92
14779 1.4
14779 45.24
14779 29.04
14780 7.92
14780 1.4
14780 45.24
14780 29.04
14781 7.92
14781 1.4
14781 45.24
14781 29.04
14782 7.92
14782 1.4
14782 45.24
14782 29.04
14783 7.92
14783 1.4
14783 45.24
14783 29.04
14888 7.92
14888 1.4
14888 45.24
14888 29.04
14889 7.92
14889 1.4
14889 45.24
14889 29.04
14890 7.92
14890 1.4
14890 45.24
14890 29.04
14891 7.92
14891 1.4
14891 45.24
14891 29.04
14892 7.92
14892 1.4
14892 45.24
14892 29.04
14893 7.92
14893 1.4
14893 45.24
14893 29.04
14894 7.92
14894 1.4
14894 45.24
14894 29.04
14895 7.92
14895 1.4
14895 45.24
14895 29.04
14896 7.92
14896 1.4
14896 45.24
14896 29.04
14897 7.92
14897 1.4
14897 45.24
14897 29.04
14898 7.92
14898 1.4
14898 45.24
14898 29.04
14899 7.92
14899 1.4
14899 45.24
14899 29.04
14900 7.92
14900 1.4
14900 45.24
14900 29.04
14901 7.92
14901 1.4
14901 45.24
14901 29.04
14902 7.92
14902 1.4
14902 45.24
14902 29.04
14903 7.92
14903 1.4
14903 45.24
14903 29.04
14904 7.92
14904 1.4
14904 45.24
14904 29.04
14905 7.92
14905 1.4
14905 45.24
14905 29.04
14906 7.92
14906 1.4
14906 45.24
14906 29.04
14907 7.92
14907 1.4
14907 45.24
14907 29.04
14908 7.92
14908 1.4
14908 45.24
14908 29.04
14909 7.92
14909 1.4
14909 45.24
14909 29.04
14910 7.92
14910 1.4
14910 45.24
14910 29.04
14911 7.92
14911 1.4
14911 45.24
14911 29.04
15016 7.92
15016 1.4
15016 45.24
15016 29.04
15017 7.92
15017 1.4
15017 45.24
15017 29.04
15018 7.92
15018 1.4
15018 45.24
15018 29.04
15019 7.92
15019 1.4
15019 45.24
15019 29.04
15020 7.92
15020 1.4
15020 45.24
15020 29.04
15021 7.92
15021 1.4
15021 45.24
15021 29.04
15022 7.92
15022 1.4
15022 45.24
15022 29.04
15023 7.92
15023 1.4
15023 45.24
15023 29.04
15024 7.92
15024 1.4
15024 45.24
15024 29.04
15025 7.92
15025 1.4
15025 45.24
15025 29.04
15026 7.92
15026 1.4
15026 45.24
15026 29.04
15027 7.92
15027 1.4
15027 45.24
15027 29.04
15028 7.92
15028 1.4
15028 45.24
15028 29.04
15029 7.92
15029 1.4
15029 45.24
15029 29.04
15030 7.92
15030 1.4
15030 45.24
15030 29.04
15031 7.92
15031 1.4
15031 45.24
15031 29.04
15032 7.92
15032 1.4
15032 45.24
15032 29.04
15033 7.92
15033 1.4
15033 45.24
15033 29.04
15034 7.92
15034 1.4
15034 45.24
15034 29.04
15035 7.92
15035 1.4
15035 45.24
15035 29.04
15036 7.92
15036 1.4
15036 45.24
15036 29.04
15037 7.92
15037 1.4
15037 45.24
15037 29.04
15038 7.92
15038 1.4
15038 45.24
15038 29.04
15039 7.92
15039 1.4
15039 45.24
15039 29.04
15140 7.92
15140 1.4
15140 45.24
15140 29.04
15141 7.92
15141 1.4
15141 45.24
15141 29.04
15142 7.92
15142 1.4
15142 45.24
15142 29.04
15143 7.92
15143 1.4
15143 45.24
15143 29.04
15144 7.92
15144 1.4
15144 45.24
15144 29.04
15145 7.92
15145 1.4
15145 45.24
15145 29.04
15146 7.92
15146 1.4
15146 45.24
15146 29.04
15147 7.92
15147 1.4
15147 45.24
15147 29.04
15148 7.92
15148 1.4
15148 45.24
15148 29.04
15149 7.92
15149 1.4
15149 45.24
15149 29.04
15150 7.92
15150 1.4
15150 45.24
15150 29.04
15151 7.92
15151 1.4
15151 45.24
15151 29.04
15152 7.92
15152 1.4
15152 45.24
15152 29.04
15153 7.92
15153 1.4
15153 45.24
15153 29.04
15154 7.92
15154 1.4
15154 45.24
15154 29.04
15155 7.92
15155 1.4
15155 45.24
15155 29.04
15156 7.92
15156 1.4
15156 45.24
15156 29.04
15157 7.92
15157 1.4
15157 45.24
15157 29.04
15158 7.92
15158 1.4
15158 45.24
15158 29.04
15159 7.92
15159 1.4
15159 45.24
15159 29.04
15160 7.92
15160 1.4
15160 45.24
15160 29.04
15161 7.92
15161 1.4
15161 45.24
15161 29.04
15162 7.92
15162 1.4
15162 45.24
15162 29.04
15163 7.92
15163 1.4
15163 45.24
15163 29.04
15164 7.92
15164 1.4
15164 45.24
15164 29.04
15165 7.92
15165 1.4
15165 45.24
15165 29.04
15261 7.92
15261 1.4
15261 45.24
15261 29.04
15262 7.92
15262 1.4
15262 45.24
15262 29.04
15263 7.92
15263 1.4
15263 45.24
15263 29.04
15264 7.92
15264 1.4
15264 45.24
15264 29.04
15265 7.92
15265 1.4
15265 45.24
15265 29.04
15266 7.92
15266 1.4
15266 45.24
15266 29.04
15267 7.92
15267 1.4
15267 45.24
15267 29.04
15268 7.92
15268 1.4
15268 45.24
15268 29.04
15269 7.92
15269 1.4
15269 45.24
15269 29.04
15270 7.92
15270 1.4
15270 45.24
15270 29.04
15271 7.92
15271 1.4
15271 45.24
15271 29.04
15272 7.92
15272 1.4
15272 45.24
15272 29.04
15273 7.92
15273 1.4
15273 45.24
15273 29.04
15274 7.92
15274 1.4
15274 45.24
15274 29.04
15275 7.92
15275 1.4
15275 45.24
15275 29.04
15276 7.92
15276 1.4
15276 45.24
15276 29.04
15277 7.92
15277 1.4
15277 45.24
15277 29.04
15278 7.92
15278 1.4
15278 45.24
15278 29.04
15279 7.92
15279 1.4
15279 45.24
15279 29.04
15280 7.92
15280 1.4
15280 45.24
15280 29.04
15281 7.92
15281 1.4
15281 45.24
15281 29.04
15282 7.92
15282 1.4
15282 45.24
15282 29.04
15283 7.92
15283 1.4
15283 45.24
15283 29.04
15284 7.92
15284 1.4
15284 45.24
15284 29.04
15285 7.92
15285 1.4
15285 45.24
15285 29.04
15286 7.92
15286 1.4
15286 45.24
15286 29.04
15287 7.92
15287 1.4
15287 45.24
15287 29.04
15379 7.92
15379 1.4
15379 45.24
15379 29.04
15380 7.92
15380 1.4
15380 45.24
15380 29.04
15381 7.92
15381 1.4
15381 45.24
15381 29.04
15382 7.92
15382 1.4
15382 45.24
15382 29.04
15383 7.92
15383 1.4
15383 45.24
15383 29.04
15384 7.92
15384 1.4
15384 45.24
15384 29.04
15385 7.92
15385 1.4
15385 45.24
15385 29.04
15386 7.92
15386 1.4
15386 45.24
15386 29.04
15387 7.92
15387 1.4
15387 45.24
15387 29.04
15388 7.92
15388 1.4
15388 45.24
15388 29.04
15389 7.92
15389 1.4
15389 45.24
15389 29.04
15390 7.92
15390 1.4
15390 45.24
15390 29.04
15391 7.92
15391 1.4
15391 45.24
15391 29.04
15392 7.92
15392 1.4
15392 45.24
15392 29.04
15393 7.92
15393 1.4
15393 45.24
15393 29.04
15394 7.92
15394 1.4
15394 45.24
15394 29.04
15395 7.92
15395 1.4
15395 45.24
15395 29.04
15396 7.92
15396 1.4
15396 45.24
15396 29.04
15397 7.92
15397 1.4
15397 45.24
15397 29.04
15398 7.92
15398 1.4
15398 45.24
15398 29.04
15399 7.92
15399 1.4
15399 45.24
15399 29.04
15400 7.92
15400 1.4
15400 45.24
15400 29.04
15401 7.92
15401 1.4
15401 45.24
15401 29.04
15402 7.92
15402 1.4
15402 45.24
15402 29.04
15403 7.92
15403 1.4
15403 45.24
15403 29.04
15404 7.92
15404 1.4
15404 45.24
15404 29.04
15405 7.92
15405 1.4
15405 45.24
15405 29.04
15493 7.92
15493 1.4
15493 45.24
15493 29.04
15494 7.92
15494 1.4
15494 45.24
15494 29.04
15495 7.92
15495 1.4
15495 45.24
15495 29.04
15496 7.92
15496 1.4
15496 45.24
15496 29.04
15497 7.92
15497 1.4
15497 45.24
15497 29.04
15498 7.92
15498 1.4
15498 45.24
15498 29.04
15499 7.92
15499 1.4
15499 45.24
15499 29.04
15500 7.92
15500 1.4
15500 45.24
15500 29.04
15501 7.92
15501 1.4
15501 45.24
15501 29.04
15502 7.92
15502 1.4
15502 45.24
15502 29.04
15503 7.92
15503 1.4
15503 45.24
15503 29.04
15504 7.92
15504 1.4
15504 45.24
15504 29.04
15505 7.92
15505 1.4
15505 45.24
15505 29.04
15506 7.92
15506 1.4
15506 45.24
15506 29.04
15507 7.92
15507 1.4
15507 45.24
15507 29.04
15508 7.92
15508 1.4
15508 45.24
15508 29.04
15509 7.92
15509 1.4
15509 45.24
15509 29.04
15510 7.92
15510 1.4
15510 45.24
15510 29.04
15511 7.92
15511 1.4
15511 45.24
15511 29.04
15512 7.92
15512 1.4
15512 45.24
15512 29.04
15513 7.92
15513 1.4
15513 45.24
15513 29.04
15514 7.92
15514 1.4
15514 45.24
15514 29.04
15515 7.92
15515 1.4
15515 45.24
15515 29.04
15516 7.92
15516 1.4
15516 45.24
15516 29.04
15517 7.92
15517 1.4
15517 45.24
15517 29.04
15518 7.92
15518 1.4
15518 45.24
15518 29.04
15519 7.92
15519 1.4
15519 45.24
15519 29.04
15520 7.92
15520 1.4
15520 45.24
15520 29.04
15521 7.92
15521 1.4
15521 45.24
15521 29.04
15522 7.92
15522 1.4
15522 45.24
15522 29.04
15611 7.92
15611 1.4
15611 45.24
15611 29.04
15612 7.92
15612 1.4
15612 45.24
15612 29.04
15613 7.92
15613 1.4
15613 45.24
15613 29.04
15614 7.92
15614 1.4
15614 45.24
15614 29.04
15615 7.92
15615 1.4
15615 45.24
15615 29.04
15616 7.92
15616 1.4
15616 45.24
15616 29.04
15617 7.92
15617 1.4
15617 45.24
15617 29.04
15618 7.92
15618 1.4
15618 45.24
15618 29.04
15619 7.92
15619 1.4
15619 45.24
15619 29.04
15620 7.92
15620 1.4
15620 45.24
15620 29.04
15621 7.92
15621 1.4
15621 45.24
15621 29.04
15622 7.92
15622 1.4
15622 45.24
15622 29.04
15623 7.92
15623 1.4
15623 45.24
15623 29.04
15624 7.92
15624 1.4
15624 45.24
15624 29.04
15625 7.92
15625 1.4
15625 45.24
15625 29.04
15626 7.92
15626 1.4
15626 45.24
15626 29.04
15627 7.92
15627 1.4
15627 45.24
15627 29.04
15628 7.92
15628 1.4
15628 45.24
15628 29.04
15629 7.92
15629 1.4
15629 45.24
15629 29.04
15630 7.92
15630 1.4
15630 45.24
15630 29.04
15631 7.92
15631 1.4
15631 45.24
15631 29.04
15632 7.92
15632 1.4
15632 45.24
15632 29.04
15633 7.92
15633 1.4
15633 45.24
15633 29.04
15634 7.92
15634 1.4
15634 45.24
15634 29.04
15635 7.92
15635 1.4
15635 45.24
15635 29.04
15636 7.92
15636 1.4
15636 45.24
15636 29.04
15637 7.92
15637 1.4
15637 45.24
15637 29.04
15638 7.92
15638 1.4
15638 45.24
15638 29.04
15639 7.92
15639 1.4
15639 45.24
15639 29.04
15640 7.92
15640 1.4
15640 45.24
15640 29.04
15726 7.92
15726 1.4
15726 45.24
15726 29.04
15727 7.92
15727 1.4
15727 45.24
15727 29.04
15728 7.92
15728 1.4
15728 45.24
15728 29.04
15729 7.92
15729 1.4
15729 45.24
15729 29.04
15730 7.92
15730 1.4
15730 45.24
15730 29.04
15731 7.92
15731 1.4
15731 45.24
15731 29.04
15732 7.92
15732 1.4
15732 45.24
15732 29.04
15733 7.92
15733 1.4
15733 45.24
15733 29.04
15734 7.92
15734 1.4
15734 45.24
15734 29.04
15735 7.92
15735 1.4
15735 45.24
15735 29.04
15736 7.92
15736 1.4
15736 45.24
15736 29.04
15737 7.92
15737 1.4
15737 45.24
15737 29.04
15738 7.92
15738 1.4
15738 45.24
15738 29.04
15739 7.92
15739 1.4
15739 45.24
15739 29.04
15740 7.92
15740 1.4
15740 45.24
15740 29.04
15741 7.92
15741 1.4
15741 45.24
15741 29.04
15742 7.92
15742 1.4
15742 45.24
15742 29.04
15743 7.92
15743 1.4
15743 45.24
15743 29.04
15744 7.92
15744 1.4
15744 45.24
15744 29.04
15745 7.92
15745 1.4
15745 45.24
15745 29.04
15746 7.92
15746 1.4
15746 45.24
15746 29.04
15747 7.92
15747 1.4
15747 45.24
15747 29.04
15748 7.92
15748 1.4
15748 45.24
15748 29.04
15749 7.92
15749 1.4
15749 45.24
15749 29.04
15750 7.92
15750 1.4
15750 45.24
15750 29.04
15751 7.92
15751 1.4
15751 45.24
15751 29.04
15752 7.92
15752 1.4
15752 45.24
15752 29.04
15753 7.92
15753 1.4
15753 45.24
15753 29.04
15754 7.92
15754 1.4
15754 45.24
15754 29.04
15755 7.92
15755 1.4
15755 45.24
15755 29.04
15756 7.92
15756 1.4
15756 45.24
15756 29.04
15842 7.92
15842 1.4
15842 45.24
15842 29.04
15843 7.92
15843 1.4
15843 45.24
15843 29.04
15844 7.92
15844 1.4
15844 45.24
15844 29.04
15845 7.92
15845 1.4
15845 45.24
15845 29.04
15846 7.92
15846 1.4
15846 45.24
15846 29.04
15847 7.92
15847 1.4
15847 45.24
15847 29.04
15848 7.92
15848 1.4
15848 45.24
15848 29.04
15849 7.92
15849 1.4
15849 45.24
15849 29.04
15850 7.92
15850 1.4
15850 45.24
15850 29.04
15851 7.92
15851 1.4
15851 45.24
15851 29.04
15852 7.92
15852 1.4
15852 45.24
15852 29.04
15853 7.92
15853 1.4
15853 45.24
15853 29.04
15854 7.92
15854 1.4
15854 45.24
15854 29.04
15855 7.92
15855 1.4
15855 45.24
15855 29.04
15856 7.92
15856 1.4
15856 45.24
15856 29.04
15857 7.92
15857 1.4
15857 45.24
15857 29.04
15858 7.92
15858 1.4
15858 45.24
15858 29.04
15859 7.92
15859 1.4
15859 45.24
15859 29.04
15860 7.92
15860 1.4
15860 45.24
15860 29.04
15861 7.92
15861 1.4
15861 45.24
15861 29.04
15862 7.92
15862 1.4
15862 45.24
15862 29.04
15863 7.92
15863 1.4
15863 45.24
15863 29.04
15864 7.92
15864 1.4
15864 45.24
15864 29.04
15865 7.92
15865 1.4
15865 45.24
15865 29.04
15866 7.92
15866 1.4
15866 45.24
15866 29.04
15867 7.92
15867 1.4
15867 45.24
15867 29.04
15868 7.92
15868 1.4
15868 45.24
15868 29.04
15869 7.92
15869 1.4
15869 45.24
15869 29.04
15870 7.92
15870 1.4
15870 45.24
15870 29.04
15871 7.92
15871 1.4
15871 45.24
15871 29.04
15872 7.92
15872 1.4
15872 45.24
15872 29.04
15955 7.92
15955 1.4
15955 45.24
15955 29.04
15956 7.92
15956 1.4
15956 45.24
15956 29.04
15957 7.92
15957 1.4
15957 45.24
15957 29.04
15958 7.92
15958 1.4
15958 45.24
15958 29.04
15959 7.92
15959 1.4
15959 45.24
15959 29.04
15960 7.92
15960 1.4
15960 45.24
15960 29.04
15961 7.92
15961 1.4
15961 45.24
15961 29.04
15962 7.92
15962 1.4
15962 45.24
15962 29.04
15963 7.92
15963 1.4
15963 45.24
15963 29.04
15964 7.92
15964 1.4
15964 45.24
15964 29.04
15965 7.92
15965 1.4
15965 45.24
15965 29.04
15966 7.92
15966 1.4
15966 45.24
15966 29.04
15967 7.92
15967 1.4
15967 45.24
15967 29.04
15968 7.92
15968 1.4
15968 45.24
15968 29.04
15969 7.92
15969 1.4
15969 45.24
15969 29.04
15970 7.92
15970 1.4
15970 45.24
15970 29.04
15971 7.92
15971 1.4
15971 45.24
15971 29.04
15972 7.92
15972 1.4
15972 45.24
15972 29.04
15973 7.92
15973 1.4
15973 45.24
15973 29.04
15974 7.92
15974 1.4
15974 45.24
15974 29.04
15975 7.92
15975 1.4
15975 45.24
15975 29.04
15976 7.92
15976 1.4
15976 45.24
15976 29.04
15977 7.92
15977 1.4
15977 45.24
15977 29.04
15978 7.92
15978 1.4
15978 45.24
15978 29.04
15979 7.92
15979 1.4
15979 45.24
15979 29.04
15980 7.92
15980 1.4
15980 45.24
15980 29.04
15981 7.92
15981 1.4
15981 45.24
15981 29.04
15982 7.92
15982 1.4
15982 45.24
15982 29.04
15983 7.92
15983 1.4
15983 45.24
15983 29.04
15984 7.92
15984 1.4
15984 45.24
15984 29.04
15985 7.92
15985 1.4
15985 45.24
15985 29.04
15986 7.92
15986 1.4
15986 45.24
15986 29.04
16068 7.92
16068 1.4
16068 45.24
16068 29.04
16069 7.92
16069 1.4
16069 45.24
16069 29.04
16070 7.92
16070 1.4
16070 45.24
16070 29.04
16071 7.92
16071 1.4
16071 45.24
16071 29.04
16072 7.92
16072 1.4
16072 45.24
16072 29.04
16073 7.92
16073 1.4
16073 45.24
16073 29.04
16074 7.92
16074 1.4
16074 45.24
16074 29.04
16075 7.92
16075 1.4
16075 45.24
16075 29.04
16076 7.92
16076 1.4
16076 45.24
16076 29.04
16077 7.92
16077 1.4
16077 45.24
16077 29.04
16078 7.92
16078 1.4
16078 45.24
16078 29.04
16079 7.92
16079 1.4
16079 45.24
16079 29.04
16080 7.92
16080 1.4
16080 45.24
16080 29.04
16081 7.92
16081 1.4
16081 45.24
16081 29.04
16082 7.92
16082 1.4
16082 45.24
16082 29.04
16083 7.92
16083 1.4
16083 45.24
16083 29.04
16084 7.92
16084 1.4
16084 45.24
16084 29.04
16085 7.92
16085 1.4
16085 45.24
16085 29.04
16086 7.92
16086 1.4
16086 45.24
16086 29.04
16087 7.92
16087 1.4
16087 45.24
16087 29.04
16088 7.92
16088 1.4
16088 45.24
16088 29.04
16089 7.92
16089 1.4
16089 45.24
16089 29.04
16090 7.92
16090 1.4
16090 45.24
16090 29.04
16091 7.92
16091 1.4
16091 45.24
16091 29.04
16092 7.92
16092 1.4
16092 45.24
16092 29.04
16093 7.92
16093 1.4
16093 45.24
16093 29.04
16094 7.92
16094 1.4
16094 45.24
16094 29.04
16095 7.92
16095 1.4
16095 45.24
16095 29.04
16096 7.92
16096 1.4
16096 45.24
16096 29.04
16097 7.92
16097 1.4
16097 45.24
16097 29.04
16098 7.92
16098 1.4
16098 45.24
16098 29.04
16099 7.92
16099 1.4
16099 45.24
16099 29.04
16179 7.92
16179 1.4
16179 45.24
16179 29.04
16180 7.92
16180 1.4
16180 45.24
16180 29.04
16181 7.92
16181 1.4
16181 45.24
16181 29.04
16182 7.92
16182 1.4
16182 45.24
16182 29.04
16183 7.92
16183 1.4
16183 45.24
16183 29.04
16184 7.92
16184 1.4
16184 45.24
16184 29.04
16185 7.92
16185 1.4
16185 45.24
16185 29.04
16186 7.92
16186 1.4
16186 45.24
16186 29.04
16187 7.92
16187 1.4
16187 45.24
16187 29.04
16188 7.92
16188 1.4
16188 45.24
16188 29.04
16189 7.92
16189 1.4
16189 45.24
16189 29.04
16190 7.92
16190 1.4
16190 45.24
16190 29.04
16191 7.92
16191 1.4
16191 45.24
16191 29.04
16192 7.92
16192 1.4
16192 45.24
16192 29.04
16193 7.92
16193 1.4
16193 45.24
16193 29.04
16194 7.92
16194 1.4
16194 45.24
16194 29.04
16195 7.92
16195 1.4
16195 45.24
16195 29.04
16196 7.92
16196 1.4
16196 45.24
16196 29.04
16197 7.92
16197 1.4
16197 45.24
16197 29.04
16198 7.92
16198 1.4
16198 45.24
16198 29.04
16199 7.92
16199 1.4
16199 45.24
16199 29.04
16200 7.92
16200 1.4
16200 45.24
16200 29.04
16201 7.92
16201 1.4
16201 45.24
16201 29.04
16202 7.92
16202 1.4
16202 45.24
16202 29.04
16203 7.92
16203 1.4
16203 45.24
16203 29.04
16204 7.92
16204 1.4
16204 45.24
16204 29.04
16205 7.92
16205 1.4
16205 45.24
16205 29.04
16206 7.92
16206 1.4
16206 45.24
16206 29.04
16207 7.92
16207 1.4
16207 45.24
16207 29.04
16208 7.92
16208 1.4
16208 45.24
16208 29.04
16209 7.92
16209 1.4
16209 45.24
16209 29.04
16210 7.92
16210 1.4
16210 45.24
16210 29.04
16289 7.92
16289 1.4
16289 45.24
16289 29.04
16290 7.92
16290 1.4
16290 45.24
16290 29.04
16291 7.92
16291 1.4
16291 45.24
16291 29.04
16292 7.92
16292 1.4
16292 45.24
16292 29.04
16293 7.92
16293 1.4
16293 45.24
16293 29.04
16294 7.92
16294 1.4
16294 45.24
16294 29.04
16295 7.92
16295 1.4
16295 45.24
16295 29.04
16296 7.92
16296 1.4
16296 45.24
16296 29.04
16297 7.92
16297 1.4
16297 45.24
16297 29.04
16298 7.92
16298 1.4
16298 45.24
16298 29.04
16299 7.92
16299 1.4
16299 45.24
16299 29.04
16300 7.92
16300 1.4
16300 45.24
16300 29.04
16301 7.92
16301 1.4
16301 45.24
16301 29.04
16302 7.92
16302 1.4
16302 45.24
16302 29.04
16303 7.92
16303 1.4
16303 45.24
16303 29.04
16304 7.92
16304 1.4
16304 45.24
16304 29.04
16305 7.92
16305 1.4
16305 45.24
16305 29.04
16306 7.92
16306 1.4
16306 45.24
16306 29.04
16307 7.92
16307 1.4
16307 45.24
16307 29.04
16308 7.92
16308 1.4
16308 45.24
16308 29.04
16309 7.92
16309 1.4
16309 45.24
16309 29.04
16310 7.92
16310 1.4
16310 45.24
16310 29.04
16311 7.92
16311 1.4
16311 45.24
16311 29.04
16312 7.92
16312 1.4
16312 45.24
16312 29.04
16313 7.92
16313 1.4
16313 45.24
16313 29.04
16314 7.92
16314 1.4
16314 45.24
16314 29.04
16315 7.92
16315 1.4
16315 45.24
16315 29.04
16316 7.92
16316 1.4
16316 45.24
16316 29.04
16317 7.92
16317 1.4
16317 45.24
16317 29.04
16318 7.92
16318 1.4
16318 45.24
16318 29.04
16319 7.92
16319 1.4
16319 45.24
16319 29.04
16320 7.92
16320 1.4
16320 45.24
16320 29.04
16321 7.92
16321 1.4
16321 45.24
16321 29.04
16322 7.92
16322 1.4
16322 45.24
16322 29.04
16400 7.92
16400 1.4
16400 45.24
16400 29.04
16401 7.92
16401 1.4
16401 45.24
16401 29.04
16402 7.92
16402 1.4
16402 45.24
16402 29.04
16403 7.92
16403 1.4
16403 45.24
16403 29.04
16404 7.92
16404 1.4
16404 45.24
16404 29.04
16405 7.92
16405 1.4
16405 45.24
16405 29.04
16406 7.92
16406 1.4
16406 45.24
16406 29.04
16407 7.92
16407 1.4
16407 45.24
16407 29.04
16408 7.92
16408 1.4
16408 45.24
16408 29.04
16409 7.92
16409 1.4
16409 45.24
16409 29.04
16410 7.92
16410 1.4
16410 45.24
16410 29.04
16411 7.92
16411 1.4
16411 45.24
16411 29.04
16412 7.92
16412 1.4
16412 45.24
16412 29.04
16413 7.92
16413 1.4
16413 45.24
16413 29.04
16414 7.92
16414 1.4
16414 45.24
16414 29.04
16415 7.92
16415 1.4
16415 45.24
16415 29.04
16416 7.92
16416 1.4
16416 45.24
16416 29.04
16417 7.92
16417 1.4
16417 45.24
16417 29.04
16418 7.92
16418 1.4
16418 45.24
16418 29.04
16419 7.92
16419 1.4
16419 45.24
16419 29.04
16420 7.92
16420 1.4
16420 45.24
16420 29.04
16421 7.92
16421 1.4
16421 45.24
16421 29.04
16422 7.92
16422 1.4
16422 45.24
16422 29.04
16423 7.92
16423 1.4
16423 45.24
16423 29.04
16424 7.92
16424 1.4
16424 45.24
16424 29.04
16425 7.92
16425 1.4
16425 45.24
16425 29.04
16426 7.92
16426 1.4
16426 45.24
16426 29.04
16427 7.92
16427 1.4
16427 45.24
16427 29.04
16428 7.92
16428 1.4
16428 45.24
16428 29.04
16429 7.92
16429 1.4
16429 45.24
16429 29.04
16430 7.92
16430 1.4
16430 45.24
16430 29.04
16431 7.92
16431 1.4
16431 45.24
16431 29.04
16432 7.92
16432 1.4
16432 45.24
16432 29.04
16433 7.92
16433 1.4
16433 45.24
16433 29.04
16434 7.92
16434 1.4
16434 45.24
16434 29.04
16510 7.92
16510 1.4
16510 45.24
16510 29.04
16511 7.92
16511 1.4
16511 45.24
16511 29.04
16512 7.92
16512 1.4
16512 45.24
16512 29.04
16513 7.92
16513 1.4
16513 45.24
16513 29.04
16514 7.92
16514 1.4
16514 45.24
16514 29.04
16515 7.92
16515 1.4
16515 45.24
16515 29.04
16516 7.92
16516 1.4
16516 45.24
16516 29.04
16517 7.92
16517 1.4
16517 45.24
16517 29.04
16518 7.92
16518 1.4
16518 45.24
16518 29.04
16519 7.92
16519 1.4
16519 45.24
16519 29.04
16520 7.92
16520 1.4
16520 45.24
16520 29.04
16521 7.92
16521 1.4
16521 45.24
16521 29.04
16522 7.92
16522 1.4
16522 45.24
16522 29.04
16523 7.92
16523 1.4
16523 45.24
16523 29.04
16524 7.92
16524 1.4
16524 45.24
16524 29.04
16525 7.92
16525 1.4
16525 45.24
16525 29.04
16526 7.92
16526 1.4
16526 45.24
16526 29.04
16527 7.92
16527 1.4
16527 45.24
16527 29.04
16528 7.92
16528 1.4
16528 45.24
16528 29.04
16529 7.92
16529 1.4
16529 45.24
16529 29.04
16530 7.92
16530 1.4
16530 45.24
16530 29.04
16531 7.92
16531 1.4
16531 45.24
16531 29.04
16532 7.92
16532 1.4
16532 45.24
16532 29.04
16533 7.92
16533 1.4
16533 45.24
16533 29.04
16534 7.92
16534 1.4
16534 45.24
16534 29.04
16535 7.92
16535 1.4
16535 45.24
16535 29.04
16536 7.92
16536 1.4
16536 45.24
16536 29.04
16537 7.92
16537 1.4
16537 45.24
16537 29.04
16538 7.92
16538 1.4
16538 45.24
16538 29.04
16539 7.92
16539 1.4
16539 45.24
16539 29.04
16540 7.92
16540 1.4
16540 45.24
16540 29.04
16541 7.92
16541 1.4
16541 45.24
16541 29.04
16542 7.92
16542 1.4
16542 45.24
16542 29.04
16543 7.92
16543 1.4
16543 45.24
16543 29.04
16544 7.92
16544 1.4
16544 45.24
16544 29.04
16620 7.92
16620 1.4
16620 45.24
16620 29.04
16621 7.92
16621 1.4
16621 45.24
16621 29.04
16622 7.92
16622 1.4
16622 45.24
16622 29.04
16623 7.92
16623 1.4
16623 45.24
16623 29.04
16624 7.92
16624 1.4
16624 45.24
16624 29.04
16625 7.92
16625 1.4
16625 45.24
16625 29.04
16626 7.92
16626 1.4
16626 45.24
16626 29.04
16627 7.92
16627 1.4
16627 45.24
16627 29.04
16628 7.92
16628 1.4
16628 45.24
16628 29.04
16629 7.92
16629 1.4
16629 45.24
16629 29.04
16630 7.92
16630 1.4
16630 45.24
16630 29.04
16631 7.92
16631 1.4
16631 45.24
16631 29.04
16632 7.92
16632 1.4
16632 45.24
16632 29.04
16633 7.92
16633 1.4
16633 45.24
16633 29.04
16634 7.92
16634 1.4
16634 45.24
16634 29.04
16635 7.92
16635 1.4
16635 45.24
16635 29.04
16636 7.92
16636 1.4
16636 45.24
16636 29.04
16637 7.92
16637 1.4
16637 45.24
16637 29.04
16638 7.92
16638 1.4
16638 45.24
16638 29.04
16639 7.92
16639 1.4
16639 45.24
16639 29.04
16640 7.92
16640 1.4
16640 45.24
16640 29.04
16641 7.92
16641 1.4
16641 45.24
16641 29.04
16642 7.92
16642 1.4
16642 45.24
16642 29.04
16643 7.92
16643 1.4
16643 45.24
16643 29.04
16644 7.92
16644 1.4
16644 45.24
16644 29.04
16645 7.92
16645 1.4
16645 45.24
16645 29.04
16646 7.92
16646 1.4
16646 45.24
16646 29.04
16647 7.92
16647 1.4
16647 45.24
16647 29.04
16648 7.92
16648 1.4
16648 45.24
16648 29.04
16649 7.92
16649 1.4
16649 45.24
16649 29.04
16650 7.92
16650 1.4
16650 45.24
16650 29.04
16651 7.92
16651 1.4
16651 45.24
16651 29.04
16652 7.92
16652 1.4
16652 45.24
16652 29.04
16653 7.92
16653 1.4
16653 45.24
16653 29.04
16654 7.92
16654 1.4
16654 45.24
16654 29.04
16730 7.92
16730 1.4
16730 45.24
16730 29.04
16731 7.92
16731 1.4
16731 45.24
16731 29.04
16732 7.92
16732 1.4
16732 45.24
16732 29.04
16733 7.92
16733 1.4
16733 45.24
16733 29.04
16734 7.92
16734 1.4
16734 45.24
16734 29.04
16735 7.92
16735 1.4
16735 45.24
16735 29.04
16736 7.92
16736 1.4
16736 45.24
16736 29.04
16737 7.92
16737 1.4
16737 45.24
16737 29.04
16738 7.92
16738 1.4
16738 45.24
16738 29.04
16739 7.92
16739 1.4
16739 45.24
16739 29.04
16740 7.92
16740 1.4
16740 45.24
16740 29.04
16741 7.92
16741 1.4
16741 45.24
16741 29.04
16742 7.92
16742 1.4
16742 45.24
16742 29.04
16743 7.92
16743 1.4
16743 45.24
16743 29.04
16744 7.92
16744 1.4
16744 45.24
16744 29.04
16745 7.92
16745 1.4
16745 45.24
16745 29.04
16746 7.92
16746 1.4
16746 45.24
16746 29.04
16747 7.92
16747 1.4
16747 45.24
16747 29.04
16748 7.92
16748 1.4
16748 45.24
16748 29.04
16749 7.92
16749 1.4
16749 45.24
16749 29.04
16750 7.92
16750 1.4
16750 45.24
16750 29.04
16751 7.92
16751 1.4
16751 45.24
16751 29.04
16752 7.92
16752 1.4
16752 45.24
16752 29.04
16753 7.92
16753 1.4
16753 45.24
16753 29.04
16754 7.92
16754 1.4
16754 45.24
16754 29.04
16755 7.92
16755 1.4
16755 45.24
16755 29.04
16756 7.92
16756 1.4
16756 45.24
16756 29.04
16757 7.92
16757 1.4
16757 45.24
16757 29.04
16758 7.92
16758 1.4
16758 45.24
16758 29.04
16759 7.92
16759 1.4
16759 45.24
16759 29.04
16760 7.92
16760 1.4
16760 45.24
16760 29.04
16761 7.92
16761 1.4
16761 45.24
16761 29.04
16762 7.92
16762 1.4
16762 45.24
16762 29.04
16763 7.92
16763 1.4
16763 45.24
16763 29.04
16764 7.92
16764 1.4
16764 45.24
16764 29.04
16840 7.92
16840 1.4
16840 45.24
16840 29.04
16841 7.92
16841 1.4
16841 45.24
16841 29.04
16842 7.92
16842 1.4
16842 45.24
16842 29.04
16843 7.92
16843 1.4
16843 45.24
16843 29.04
16844 7.92
16844 1.4
16844 45.24
16844 29.04
16845 7.92
16845 1.4
16845 45.24
16845 29.04
16846 7.92
16846 1.4
16846 45.24
16846 29.04
16847 7.92
16847 1.4
16847 45.24
16847 29.04
16848 7.92
16848 1.4
16848 45.24
16848 29.04
16849 7.92
16849 1.4
16849 45.24
16849 29.04
16850 7.92
16850 1.4
16850 45.24
16850 29.04
16851 7.92
16851 1.4
16851 45.24
16851 29.04
16852 7.92
16852 1.4
16852 45.24
16852 29.04
16853 7.92
16853 1.4
16853 45.24
16853 29.04
16854 7.92
16854 1.4
16854 45.24
16854 29.04
16855 7.92
16855 1.4
16855 45.24
16855 29.04
16856 7.92
16856 1.4
16856 45.24
16856 29.04
16857 7.92
16857 1.4
16857 45.24
16857 29.04
16858 7.92
16858 1.4
16858 45.24
16858 29.04
16859 7.92
16859 1.4
16859 45.24
16859 29.04
16860 7.92
16860 1.4
16860 45.24
16860 29.04
16861 7.92
16861 1.4
16861 45.24
16861 29.04
16862 7.92
16862 1.4
16862 45.24
16862 29.04
16863 7.92
16863 1.4
16863 45.24
16863 29.04
16864 7.92
16864 1.4
16864 45.24
16864 29.04
16865 7.92
16865 1.4
16865 45.24
16865 29.04
16866 7.92
16866 1.4
16866 45.24
16866 29.04
16867 7.92
16867 1.4
16867 45.24
16867 29.04
16868 7.92
16868 1.4
16868 45.24
16868 29.04
16869 7.92
16869 1.4
16869 45.24
16869 29.04
16870 7.92
16870 1.4
16870 45.24
16870 29.04
16871 7.92
16871 1.4
16871 45.24
16871 29.04
16872 7.92
16872 1.4
16872 45.24
16872 29.04
16873 7.92
16873 1.4
16873 45.24
16873 29.04
16874 7.92
16874 1.4
16874 45.24
16874 29.04
16951 7.92
16951 1.4
16951 45.24
16951 29.04
16952 7.92
16952 1.4
16952 45.24
16952 29.04
16953 7.92
16953 1.4
16953 45.24
16953 29.04
16954 7.92
16954 1.4
16954 45.24
16954 29.04
16955 7.92
16955 1.4
16955 45.24
16955 29.04
16956 7.92
16956 1.4
16956 45.24
16956 29.04
16957 7.92
16957 1.4
16957 45.24
16957 29.04
16958 7.92
16958 1.4
16958 45.24
16958 29.04
16959 7.92
16959 1.4
16959 45.24
16959 29.04
16960 7.92
16960 1.4
16960 45.24
16960 29.04
16961 7.92
16961 1.4
16961 45.24
16961 29.04
16962 7.92
16962 1.4
16962 45.24
16962 29.04
16963 7.92
16963 1.4
16963 45.24
16963 29.04
16964 7.92
16964 1.4
16964 45.24
16964 29.04
16965 7.92
16965 1.4
16965 45.24
16965 29.04
16966 7.92
16966 1.4
16966 45.24
16966 29.04
16967 7.92
16967 1.4
16967 45.24
16967 29.04
16968 7.92
16968 1.4
16968 45.24
16968 29.04
16969 7.92
16969 1.4
16969 45.24
16969 29.04
16970 7.92
16970 1.4
16970 45.24
16970 29.04
16971 7.92
16971 1.4
16971 45.24
16971 29.04
16972 7.92
16972 1.4
16972 45.24
16972 29.04
16973 7.92
16973 1.4
16973 45.24
16973 29.04
16974 7.92
16974 1.4
16974 45.24
16974 29.04
16975 7.92
16975 1.4
16975 45.24
16975 29.04
16976 7.92
16976 1.4
16976 45.24
16976 29.04
16977 7.92
16977 1.4
16977 45.24
16977 29.04
16978 7.92
16978 1.4
16978 45.24
16978 29.04
16979 7.92
16979 1.4
16979 45.24
16979 29.04
16980 7.92
16980 1.4
16980 45.24
16980 29.04
16981 7.92
16981 1.4
16981 45.24
16981 29.04
16982 7.92
16982 1.4
16982 45.24
16982 29.04
16983 7.92
16983 1.4
16983 45.24
16983 29.04
16984 7.92
16984 1.4
16984 45.24
16984 29.04
16985 7.92
16985 1.4
16985 45.24
16985 29.04
17059 7.92
17059 1.4
17059 45.24
17059 29.04
17060 7.92
17060 1.4
17060 45.24
17060 29.04
17061 7.92
17061 1.4
17061 45.24
17061 29.04
17062 7.92
17062 1.4
17062 45.24
17062 29.04
17063 7.92
17063 1.4
17063 45.24
17063 29.04
17064 7.92
17064 1.4
17064 45.24
17064 29.04
17065 7.92
17065 1.4
17065 45.24
17065 29.04
17066 7.92
17066 1.4
17066 45.24
17066 29.04
17067 7.92
17067 1.4
17067 45.24
17067 29.04
17068 7.92
17068 1.4
17068 45.24
17068 29.04
17069 7.92
17069 1.4
17069 45.24
17069 29.04
17070 7.92
17070 1.4
17070 45.24
17070 29.04
17071 7.92
17071 1.4
17071 45.24
17071 29.04
17072 7.92
17072 1.4
17072 45.24
17072 29.04
17073 7.92
17073 1.4
17073 45.24
17073 29.04
17074 7.92
17074 1.4
17074 45.24
17074 29.04
17075 7.92
17075 1.4
17075 45.24
17075 29.04
17076 7.92
17076 1.4
17076 45.24
17076 29.04
17077 7.92
17077 1.4
17077 45.24
17077 29.04
17078 7.92
17078 1.4
17078 45.24
17078 29.04
17079 7.92
17079 1.4
17079 45.24
17079 29.04
17080 7.92
17080 1.4
17080 45.24
17080 29.04
17081 7.92
17081 1.4
17081 45.24
17081 29.04
17082 7.92
17082 1.4
17082 45.24
17082 29.04
17083 7.92
17083 1.4
17083 45.24
17083 29.04
17084 7.92
17084 1.4
17084 45.24
17084 29.04
17085 7.92
17085 1.4
17085 45.24
17085 29.04
17086 7.92
17086 1.4
17086 45.24
17086 29.04
17087 7.92
17087 1.4
17087 45.24
17087 29.04
17088 7.92
17088 1.4
17088 45.24
17088 29.04
17089 7.92
17089 1.4
17089 45.24
17089 29.04
17090 7.92
17090 1.4
17090 45.24
17090 29.04
17091 7.92
17091 1.4
17091 45.24
17091 29.04
17092 7.92
17092 1.4
17092 45.24
17092 29.04
17093 7.92
17093 1.4
17093 45.24
17093 29.04
17168 7.92
17168 1.4
17168 45.24
17168 29.04
17169 7.92
17169 1.4
17169 45.24
17169 29.04
17170 7.92
17170 1.4
17170 45.24
17170 29.04
17171 7.92
17171 1.4
17171 45.24
17171 29.04
17172 7.92
17172 1.4
17172 45.24
17172 29.04
17173 7.92
17173 1.4
17173 45.24
17173 29.04
17174 7.92
17174 1.4
17174 45.24
17174 29.04
17175 7.92
17175 1.4
17175 45.24
17175 29.04
17176 7.92
17176 1.4
17176 45.24
17176 29.04
17177 7.92
17177 1.4
17177 45.24
17177 29.04
17178 7.92
17178 1.4
17178 45.24
17178 29.04
17179 7.92
17179 1.4
17179 45.24
17179 29.04
17180 7.92
17180 1.4
17180 45.24
17180 29.04
17181 7.92
17181 1.4
17181 45.24
17181 29.04
17182 7.92
17182 1.4
17182 45.24
17182 29.04
17183 7.92
17183 1.4
17183 45.24
17183 29.04
17184 7.92
17184 1.4
17184 45.24
17184 29.04
17185 7.92
17185 1.4
17185 45.24
17185 29.04
17186 7.92
17186 1.4
17186 45.24
17186 29.04
17187 7.92
17187 1.4
17187 45.24
17187 29.04
17188 7.92
17188 1.4
17188 45.24
17188 29.04
17189 7.92
17189 1.4
17189 45.24
17189 29.04
17190 7.92
17190 1.4
17190 45.24
17190 29.04
17191 7.92
17191 1.4
17191 45.24
17191 29.04
17192 7.92
17192 1.4
17192 45.24
17192 29.04
17193 7.92
17193 1.4
17193 45.24
17193 29.04
17194 7.92
17194 1.4
17194 45.24
17194 29.04
17195 7.92
17195 1.4
17195 45.24
17195 29.04
17196 7.92
17196 1.4
17196 45.24
17196 29.04
17197 7.92
17197 1.4
17197 45.24
17197 29.04
17198 7.92
17198 1.4
17198 45.24
17198 29.04
17199 7.92
17199 1.4
17199 45.24
17199 29.04
17200 7.92
17200 1.4
17200 45.24
17200 29.04
17201 7.92
17201 1.4
17201 45.24
17201 29.04
17202 7.92
17202 1.4
17202 45.24
17202 29.04
17274 7.92
17274 1.4
17274 45.24
17274 29.04
17275 7.92
17275 1.4
17275 45.24
17275 29.04
17276 7.92
17276 1.4
17276 45.24
17276 29.04
17277 7.92
17277 1.4
17277 45.24
17277 29.04
17278 7.92
17278 1.4
17278 45.24
17278 29.04
17279 7.92
17279 1.4
17279 45.24
17279 29.04
17280 7.92
17280 1.4
17280 45.24
17280 29.04
17281 7.92
17281 1.4
17281 45.24
17281 29.04
17282 7.92
17282 1.4
17282 45.24
17282 29.04
17283 7.92
17283 1.4
17283 45.24
17283 29.04
17284 7.92
17284 1.4
17284 45.24
17284 29.04
17285 7.92
17285 1.4
17285 45.24
17285 29.04
17286 7.92
17286 1.4
17286 45.24
17286 29.04
17287 7.92
17287 1.4
17287 45.24
17287 29.04
17288 7.92
17288 1.4
17288 45.24
17288 29.04
17289 7.92
17289 1.4
17289 45.24
17289 29.04
17290 7.92
17290 1.4
17290 45.24
17290 29.04
17291 7.92
17291 1.4
17291 45.24
17291 29.04
17292 7.92
17292 1.4
17292 45.24
17292 29.04
17293 7.92
17293 1.4
17293 45.24
17293 29.04
17294 7.92
17294 1.4
17294 45.24
17294 29.04
17295 7.92
17295 1.4
17295 45.24
17295 29.04
17296 7.92
17296 1.4
17296 45.24
17296 29.04
17297 7.92
17297 1.4
17297 45.24
17297 29.04
17298 7.92
17298 1.4
17298 45.24
17298 29.04
17299 7.92
17299 1.4
17299 45.24
17299 29.04
17300 7.92
17300 1.4
17300 45.24
17300 29.04
17301 7.92
17301 1.4
17301 45.24
17301 29.04
17302 7.92
17302 1.4
17302 45.24
17302 29.04
17303 7.92
17303 1.4
17303 45.24
17303 29.04
17304 7.92
17304 1.4
17304 45.24
17304 29.04
17305 7.92
17305 1.4
17305 45.24
17305 29.04
17306 7.92
17306 1.4
17306 45.24
17306 29.04
17307 7.92
17307 1.4
17307 45.24
17307 29.04
17308 7.92
17308 1.4
17308 45.24
17308 29.04
17382 7.92
17382 1.4
17382 45.24
17382 29.04
17383 7.92
17383 1.4
17383 45.24
17383 29.04
17384 7.92
17384 1.4
17384 45.24
17384 29.04
17385 7.92
17385 1.4
17385 45.24
17385 29.04
17386 7.92
17386 1.4
17386 45.24
17386 29.04
17387 7.92
17387 1.4
17387 45.24
17387 29.04
17388 7.92
17388 1.4
17388 45.24
17388 29.04
17389 7.92
17389 1.4
17389 45.24
17389 29.04
17390 7.92
17390 1.4
17390 45.24
17390 29.04
17391 7.92
17391 1.4
17391 45.24
17391 29.04
17392 7.92
17392 1.4
17392 45.24
17392 29.04
17393 7.92
17393 1.4
17393 45.24
17393 29.04
17394 7.92
17394 1.4
17394 45.24
17394 29.04
17395 7.92
17395 1.4
17395 45.24
17395 29.04
17396 7.92
17396 1.4
17396 45.24
17396 29.04
17397 7.92
17397 1.4
17397 45.24
17397 29.04
17398 7.92
17398 1.4
17398 45.24
17398 29.04
17399 7.92
17399 1.4
17399 45.24
17399 29.04
17400 7.92
17400 1.4
17400 45.24
17400 29.04
17401 7.92
17401 1.4
17401 45.24
17401 29.04
17402 7.92
17402 1.4
17402 45.24
17402 29.04
17403 7.92
17403 1.4
17403 45.24
17403 29.04
17404 7.92
17404 1.4
17404 45.24
17404 29.04
17405 7.92
17405 1.4
17405 45.24
17405 29.04
17406 7.92
17406 1.4
17406 45.24
17406 29.04
17407 7.92
17407 1.4
17407 45.24
17407 29.04
17408 7.92
17408 1.4
17408 45.24
17408 29.04
17409 7.92
17409 1.4
17409 45.24
17409 29.04
17410 7.92
17410 1.4
17410 45.24
17410 29.04
17411 7.92
17411 1.4
17411 45.24
17411 29.04
17412 7.92
17412 1.4
17412 45.24
17412 29.04
17413 7.92
17413 1.4
17413 45.24
17413 29.04
17414 7.92
17414 1.4
17414 45.24
17414 29.04
17415 7.92
17415 1.4
17415 45.24
17415 29.04
17416 7.92
17416 1.4
17416 45.24
17416 29.04
17488 7.92
17488 1.4
17488 45.24
17488 29.04
17489 7.92
17489 1.4
17489 45.24
17489 29.04
17490 7.92
17490 1.4
17490 45.24
17490 29.04
17491 7.92
17491 1.4
17491 45.24
17491 29.04
17492 7.92
17492 1.4
17492 45.24
17492 29.04
17493 7.92
17493 1.4
17493 45.24
17493 29.04
17494 7.92
17494 1.4
17494 45.24
17494 29.04
17495 7.92
17495 1.4
17495 45.24
17495 29.04
17496 7.92
17496 1.4
17496 45.24
17496 29.04
17497 7.92
17497 1.4
17497 45.24
17497 29.04
17498 7.92
17498 1.4
17498 45.24
17498 29.04
17499 7.92
17499 1.4
17499 45.24
17499 29.04
17500 7.92
17500 1.4
17500 45.24
17500 29.04
17501 7.92
17501 1.4
17501 45.24
17501 29.04
17502 7.92
17502 1.4
17502 45.24
17502 29.04
17503 7.92
17503 1.4
17503 45.24
17503 29.04
17504 7.92
17504 1.4
17504 45.24
17504 29.04
17505 7.92
17505 1.4
17505 45.24
17505 29.04
17506 7.92
17506 1.4
17506 45.24
17506 29.04
17507 7.92
17507 1.4
17507 45.24
17507 29.04
17508 7.92
17508 1.4
17508 45.24
17508 29.04
17509 7.92
17509 1.4
17509 45.24
17509 29.04
17510 7.92
17510 1.4
17510 45.24
17510 29.04
17511 7.92
17511 1.4
17511 45.24
17511 29.04
17512 7.92
17512 1.4
17512 45.24
17512 29.04
17513 7.92
17513 1.4
17513 45.24
17513 29.04
17514 7.92
17514 1.4
17514 45.24
17514 29.04
17515 7.92
17515 1.4
17515 45.24
17515 29.04
17516 7.92
17516 1.4
17516 45.24
17516 29.04
17517 7.92
17517 1.4
17517 45.24
17517 29.04
17518 7.92
17518 1.4
17518 45.24
17518 29.04
17519 7.92
17519 1.4
17519 45.24
17519 29.04
17520 7.92
17520 1.4
17520 45.24
17520 29.04
17590 7.92
17590 1.4
17590 45.24
17590 29.04
17591 7.92
17591 1.4
17591 45.24
17591 29.04
17592 7.92
17592 1.4
17592 45.24
17592 29.04
17593 7.92
17593 1.4
17593 45.24
17593 29.04
17594 7.92
17594 1.4
17594 45.24
17594 29.04
17595 7.92
17595 1.4
17595 45.24
17595 29.04
17596 7.92
17596 1.4
17596 45.24
17596 29.04
17597 7.92
17597 1.4
17597 45.24
17597 29.04
17598 7.92
17598 1.4
17598 45.24
17598 29.04
17599 7.92
17599 1.4
17599 45.24
17599 29.04
17600 7.92
17600 1.4
17600 45.24
17600 29.04
17601 7.92
17601 1.4
17601 45.24
17601 29.04
17602 7.92
17602 1.4
17602 45.24
17602 29.04
17603 7.92
17603 1.4
17603 45.24
17603 29.04
17604 7.92
17604 1.4
17604 45.24
17604 29.04
17605 7.92
17605 1.4
17605 45.24
17605 29.04
17606 7.92
17606 1.4
17606 45.24
17606 29.04
17607 7.92
17607 1.4
17607 45.24
17607 29.04
17608 7.92
17608 1.4
17608 45.24
17608 29.04
17609 7.92
17609 1.4
17609 45.24
17609 29.04
17610 7.92
17610 1.4
17610 45.24
17610 29.04
17611 7.92
17611 1.4
17611 45.24
17611 29.04
17612 7.92
17612 1.4
17612 45.24
17612 29.04
17613 7.92
17613 1.4
17613 45.24
17613 29.04
17614 7.92
17614 1.4
17614 45.24
17614 29.04
17615 7.92
17615 1.4
17615 45.24
17615 29.04
17616 7.92
17616 1.4
17616 45.24
17616 29.04
17617 7.92
17617 1.4
17617 45.24
17617 29.04
17618 7.92
17618 1.4
17618 45.24
17618 29.04
17619 7.92
17619 1.4
17619 45.24
17619 29.04
17620 7.92
17620 1.4
17620 45.24
17620 29.04
17621 7.92
17621 1.4
17621 45.24
17621 29.04
17622 7.92
17622 1.4
17622 45.24
17622 29.04
17690 7.92
17690 1.4
17690 45.24
17690 29.04
17691 7.92
17691 1.4
17691 45.24
17691 29.04
17692 7.92
17692 1.4
17692 45.24
17692 29.04
17693 7.92
17693 1.4
17693 45.24
17693 29.04
17694 7.92
17694 1.4
17694 45.24
17694 29.04
17695 7.92
17695 1.4
17695 45.24
17695 29.04
17696 7.92
17696 1.4
17696 45.24
17696 29.04
17697 7.92
17697 1.4
17697 45.24
17697 29.04
17698 7.92
17698 1.4
17698 45.24
17698 29.04
17699 7.92
17699 1.4
17699 45.24
17699 29.04
17700 7.92
17700 1.4
17700 45.24
17700 29.04
17701 7.92
17701 1.4
17701 45.24
17701 29.04
17702 7.92
17702 1.4
17702 45.24
17702 29.04
17703 7.92
17703 1.4
17703 45.24
17703 29.04
17704 7.92
17704 1.4
17704 45.24
17704 29.04
17705 7.92
17705 1.4
17705 45.24
17705 29.04
17706 7.92
17706 1.4
17706 45.24
17706 29.04
17707 7.92
17707 1.4
17707 45.24
17707 29.04
17708 7.92
17708 1.4
17708 45.24
17708 29.04
17709 7.92
17709 1.4
17709 45.24
17709 29.04
17710 7.92
17710 1.4
17710 45.24
17710 29.04
17711 7.92
17711 1.4
17711 45.24
17711 29.04
17712 7.92
17712 1.4
17712 45.24
17712 29.04
17713 7.92
17713 1.4
17713 45.24
17713 29.04
17714 7.92
17714 1.4
17714 45.24
17714 29.04
17715 7.92
17715 1.4
17715 45.24
17715 29.04
17716 7.92
17716 1.4
17716 45.24
17716 29.04
17717 7.92
17717 1.4
17717 45.24
17717 29.04
17718 7.92
17718 1.4
17718 45.24
17718 29.04
17719 7.92
17719 1.4
17719 45.24
17719 29.04
17720 7.92
17720 1.4
17720 45.24
17720 29.04
17721 7.92
17721 1.4
17721 45.24
17721 29.04
17722 7.92
17722 1.4
17722 45.24
17722 29.04
17790 7.92
17790 1.4
17790 45.24
17790 29.04
17791 7.92
17791 1.4
17791 45.24
17791 29.04
17792 7.92
17792 1.4
17792 45.24
17792 29.04
17793 7.92
17793 1.4
17793 45.24
17793 29.04
17794 7.92
17794 1.4
17794 45.24
17794 29.04
17795 7.92
17795 1.4
17795 45.24
17795 29.04
17796 7.92
17796 1.4
17796 45.24
17796 29.04
17797 7.92
17797 1.4
17797 45.24
17797 29.04
17798 7.92
17798 1.4
17798 45.24
17798 29.04
17799 7.92
17799 1.4
17799 45.24
17799 29.04
17800 7.92
17800 1.4
17800 45.24
17800 29.04
17801 7.92
17801 1.4
17801 45.24
17801 29.04
17802 7.92
17802 1.4
17802 45.24
17802 29.04
17803 7.92
17803 1.4
17803 45.24
17803 29.04
17804 7.92
17804 1.4
17804 45.24
17804 29.04
17805 7.92
17805 1.4
17805 45.24
17805 29.04
17806 7.92
17806 1.4
17806 45.24
17806 29.04
17807 7.92
17807 1.4
17807 45.24
17807 29.04
17808 7.92
17808 1.4
17808 45.24
17808 29.04
17809 7.92
17809 1.4
17809 45.24
17809 29.04
17810 7.92
17810 1.4
17810 45.24
17810 29.04
17811 7.92
17811 1.4
17811 45.24
17811 29.04
17812 7.92
17812 1.4
17812 45.24
17812 29.04
17813 7.92
17813 1.4
17813 45.24
17813 29.04
17814 7.92
17814 1.4
17814 45.24
17814 29.04
17815 7.92
17815 1.4
17815 45.24
17815 29.04
17816 7.92
17816 1.4
17816 45.24
17816 29.04
17817 7.92
17817 1.4
17817 45.24
17817 29.04
17818 7.92
17818 1.4
17818 45.24
17818 29.04
17819 7.92
17819 1.4
17819 45.24
17819 29.04
17883 7.92
17883 1.4
17883 45.24
17883 29.04
17884 7.92
17884 1.4
17884 45.24
17884 29.04
17885 7.92
17885 1.4
17885 45.24
17885 29.04
17886 7.92
17886 1.4
17886 45.24
17886 29.04
17887 7.92
17887 1.4
17887 45.24
17887 29.04
17888 7.92
17888 1.4
17888 45.24
17888 29.04
17889 7.92
17889 1.4
17889 45.24
17889 29.04
17890 7.92
17890 1.4
17890 45.24
17890 29.04
17891 7.92
17891 1.4
17891 45.24
17891 29.04
17892 7.92
17892 1.4
17892 45.24
17892 29.04
17893 7.92
17893 1.4
17893 45.24
17893 29.04
17894 7.92
17894 1.4
17894 45.24
17894 29.04
17895 7.92
17895 1.4
17895 45.24
17895 29.04
17896 7.92
17896 1.4
17896 45.24
17896 29.04
17897 7.92
17897 1.4
17897 45.24
17897 29.04
17898 7.92
17898 1.4
17898 45.24
17898 29.04
17899 7.92
17899 1.4
17899 45.24
17899 29.04
17900 7.92
17900 1.4
17900 45.24
17900 29.04
17901 7.92
17901 1.4
17901 45.24
17901 29.04
17902 7.92
17902 1.4
17902 45.24
17902 29.04
17903 7.92
17903 1.4
17903 45.24
17903 29.04
17904 7.92
17904 1.4
17904 45.24
17904 29.04
17905 7.92
17905 1.4
17905 45.24
17905 29.04
17906 7.92
17906 1.4
17906 45.24
17906 29.04
17907 7.92
17907 1.4
17907 45.24
17907 29.04
17908 7.92
17908 1.4
17908 45.24
17908 29.04
17909 7.92
17909 1.4
17909 45.24
17909 29.04
17910 7.92
17910 1.4
17910 45.24
17910 29.04
17911 7.92
17911 1.4
17911 45.24
17911 29.04
17912 7.92
17912 1.4
17912 45.24
17912 29.04
17974 7.92
17974 1.4
17974 45.24
17974 29.04
17975 7.92
17975 1.4
17975 45.24
17975 29.04
17976 7.92
17976 1.4
17976 45.24
17976 29.04
17977 7.92
17977 1.4
17977 45.24
17977 29.04
17978 7.92
17978 1.4
17978 45.24
17978 29.04
17979 7.92
17979 1.4
17979 45.24
17979 29.04
17980 7.92
17980 1.4
17980 45.24
17980 29.04
17981 7.92
17981 1.4
17981 45.24
17981 29.04
17982 7.92
17982 1.4
17982 45.24
17982 29.04
17983 7.92
17983 1.4
17983 45.24
17983 29.04
17984 7.92
17984 1.4
17984 45.24
17984 29.04
17985 7.92
17985 1.4
17985 45.24
17985 29.04
17986 7.92
17986 1.4
17986 45.24
17986 29.04
17987 7.92
17987 1.4
17987 45.24
17987 29.04
17988 7.92
17988 1.4
17988 45.24
17988 29.04
17989 7.92
17989 1.4
17989 45.24
17989 29.04
17990 7.92
17990 1.4
17990 45.24
17990 29.04
17991 7.92
17991 1.4
17991 45.24
17991 29.04
17992 7.92
17992 1.4
17992 45.24
17992 29.04
17993 7.92
17993 1.4
17993 45.24
17993 29.04
17994 7.92
17994 1.4
17994 45.24
17994 29.04
17995 7.92
17995 1.4
17995 45.24
17995 29.04
17996 7.92
17996 1.4
17996 45.24
17996 29.04
17997 7.92
17997 1.4
17997 45.24
17997 29.04
17998 7.92
17998 1.4
17998 45.24
17998 29.04
17999 7.92
17999 1.4
17999 45.24
17999 29.04
18000 7.92
18000 1.4
18000 45.24
18000 29.04
18001 7.92
18001 1.4
18001 45.24
18001 29.04
18002 7.92
18002 1.4
18002 45.24
18002 29.04
18064 7.92
18064 1.4
18064 45.24
18064 29.04
18065 7.92
18065 1.4
18065 45.24
18065 29.04
18066 7.92
18066 1.4
18066 45.24
18066 29.04
18067 7.92
18067 1.4
18067 45.24
18067 29.04
18068 7.92
18068 1.4
18068 45.24
18068 29.04
18069 7.92
18069 1.4
18069 45.24
18069 29.04
18070 7.92
18070 1.4
18070 45.24
18070 29.04
18071 7.92
18071 1.4
18071 45.24
18071 29.04
18072 7.92
18072 1.4
18072 45.24
18072 29.04
18073 7.92
18073 1.4
18073 45.24
18073 29.04
18074 7.92
18074 1.4
18074 45.24
18074 29.04
18075 7.92
18075 1.4
18075 45.24
18075 29.04
18076 7.92
18076 1.4
18076 45.24
18076 29.04
18077 7.92
18077 1.4
18077 45.24
18077 29.04
18078 7.92
18078 1.4
18078 45.24
18078 29.04
18079 7.92
18079 1.4
18079 45.24
18079 29.04
18080 7.92
18080 1.4
18080 45.24
18080 29.04
18081 7.92
18081 1.4
18081 45.24
18081 29.04
18082 7.92
18082 1.4
18082 45.24
18082 29.04
18083 7.92
18083 1.4
18083 45.24
18083 29.04
18084 7.92
18084 1.4
18084 45.24
18084 29.04
18085 7.92
18085 1.4
18085 45.24
18085 29.04
18086 7.92
18086 1.4
18086 45.24
18086 29.04
18087 7.92
18087 1.4
18087 45.24
18087 29.04
18088 7.92
18088 1.4
18088 45.24
18088 29.04
18089 7.92
18089 1.4
18089 45.24
18089 29.04
18090 7.92
18090 1.4
18090 45.24
18090 29.04
18091 7.92
18091 1.4
18091 45.24
18091 29.04
18151 7.92
18151 1.4
18151 45.24
18151 29.04
18152 7.92
18152 1.4
18152 45.24
18152 29.04
18153 7.92
18153 1.4
18153 45.24
18153 29.04
18154 7.92
18154 1.4
18154 45.24
18154 29.04
18155 7.92
18155 1.4
18155 45.24
18155 29.04
18156 7.92
18156 1.4
18156 45.24
18156 29.04
18157 7.92
18157 1.4
18157 45.24
18157 29.04
18158 7.92
18158 1.4
18158 45.24
18158 29.04
18159 7.92
18159 1.4
18159 45.24
18159 29.04
18160 7.92
18160 1.4
18160 45.24
18160 29.04
18161 7.92
18161 1.4
18161 45.24
18161 29.04
18162 7.92
18162 1.4
18162 45.24
18162 29.04
18163 7.92
18163 1.4
18163 45.24
18163 29.04
18164 7.92
18164 1.4
18164 45.24
18164 29.04
18165 7.92
18165 1.4
18165 45.24
18165 29.04
18166 7.92
18166 1.4
18166 45.24
18166 29.04
18167 7.92
18167 1.4
18167 45.24
18167 29.04
18168 7.92
18168 1.4
18168 45.24
18168 29.04
18169 7.92
18169 1.4
18169 45.24
18169 29.04
18170 7.92
18170 1.4
18170 45.24
18170 29.04
18171 7.92
18171 1.4
18171 45.24
18171 29.04
18172 7.92
18172 1.4
18172 45.24
18172 29.04
18173 7.92
18173 1.4
18173 45.24
18173 29.04
18174 7.92
18174 1.4
18174 45.24
18174 29.04
18175 7.92
18175 1.4
18175 45.24
18175 29.04
18176 7.92
18176 1.4
18176 45.24
18176 29.04
18177 7.92
18177 1.4
18177 45.24
18177 29.04
18178 7.92
18178 1.4
18178 45.24
18178 29.04
18237 7.92
18237 1.4
18237 45.24
18237 29.04
18238 7.92
18238 1.4
18238 45.24
18238 29.04
18239 7.92
18239 1.4
18239 45.24
18239 29.04
18240 7.92
18240 1.4
18240 45.24
18240 29.04
18241 7.92
18241 1.4
18241 45.24
18241 29.04
18242 7.92
18242 1.4
18242 45.24
18242 29.04
18243 7.92
18243 1.4
18243 45.24
18243 29.04
18244 7.92
18244 1.4
18244 45.24
18244 29.04
18245 7.92
18245 1.4
18245 45.24
18245 29.04
18246 7.92
18246 1.4
18246 45.24
18246 29.04
18247 7.92
18247 1.4
18247 45.24
18247 29.04
18248 7.92
18248 1.4
18248 45.24
18248 29.04
18249 7.92
18249 1.4
18249 45.24
18249 29.04
18250 7.92
18250 1.4
18250 45.24
18250 29.04
18251 7.92
18251 1.4
18251 45.24
18251 29.04
18252 7.92
18252 1.4
18252 45.24
18252 29.04
18253 7.92
18253 1.4
18253 45.24
18253 29.04
18254 7.92
18254 1.4
18254 45.24
18254 29.04
18255 7.92
18255 1.4
18255 45.24
18255 29.04
18256 7.92
18256 1.4
18256 45.24
18256 29.04
18257 7.92
18257 1.4
18257 45.24
18257 29.04
18258 7.92
18258 1.4
18258 45.24
18258 29.04
18259 7.92
18259 1.4
18259 45.24
18259 29.04
18260 7.92
18260 1.4
18260 45.24
18260 29.04
18261 7.92
18261 1.4
18261 45.24
18261 29.04
18262 7.92
18262 1.4
18262 45.24
18262 29.04
18263 7.92
18263 1.4
18263 45.24
18263 29.04
18320 7.92
18320 1.4
18320 45.24
18320 29.04
18321 7.92
18321 1.4
18321 45.24
18321 29.04
18322 7.92
18322 1.4
18322 45.24
18322 29.04
18323 7.92
18323 1.4
18323 45.24
18323 29.04
18324 7.92
18324 1.4
18324 45.24
18324 29.04
18325 7.92
18325 1.4
18325 45.24
18325 29.04
18326 7.92
18326 1.4
18326 45.24
18326 29.04
18327 7.92
18327 1.4
18327 45.24
18327 29.04
18328 7.92
18328 1.4
18328 45.24
18328 29.04
18329 7.92
18329 1.4
18329 45.24
18329 29.04
18330 7.92
18330 1.4
18330 45.24
18330 29.04
18331 7.92
18331 1.4
18331 45.24
18331 29.04
18332 7.92
18332 1.4
18332 45.24
18332 29.04
18333 7.92
18333 1.4
18333 45.24
18333 29.04
18334 7.92
18334 1.4
18334 45.24
18334 29.04
18335 7.92
18335 1.4
18335 45.24
18335 29.04
18336 7.92
18336 1.4
18336 45.24
18336 29.04
18337 7.92
18337 1.4
18337 45.24
18337 29.04
18338 7.92
18338 1.4
18338 45.24
18338 29.04
18339 7.92
18339 1.4
18339 45.24
18339 29.04
18340 7.92
18340 1.4
18340 45.24
18340 29.04
18341 7.92
18341 1.4
18341 45.24
18341 29.04
18342 7.92
18342 1.4
18342 45.24
18342 29.04
18343 7.92
18343 1.4
18343 45.24
18343 29.04
18344 7.92
18344 1.4
18344 45.24
18344 29.04
18345 7.92
18345 1.4
18345 45.24
18345 29.04
18346 7.92
18346 1.4
18346 45.24
18346 29.04
18401 7.92
18401 1.4
18401 45.24
18401 29.04
18402 7.92
18402 1.4
18402 45.24
18402 29.04
18403 7.92
18403 1.4
18403 45.24
18403 29.04
18404 7.92
18404 1.4
18404 45.24
18404 29.04
18405 7.92
18405 1.4
18405 45.24
18405 29.04
18406 7.92
18406 1.4
18406 45.24
18406 29.04
18407 7.92
18407 1.4
18407 45.24
18407 29.04
18408 7.92
18408 1.4
18408 45.24
18408 29.04
18409 7.92
18409 1.4
18409 45.24
18409 29.04
18410 7.92
18410 1.4
18410 45.24
18410 29.04
18411 7.92
18411 1.4
18411 45.24
18411 29.04
18412 7.92
18412 1.4
18412 45.24
18412 29.04
18413 7.92
18413 1.4
18413 45.24
18413 29.04
18414 7.92
18414 1.4
18414 45.24
18414 29.04
18415 7.92
18415 1.4
18415 45.24
18415 29.04
18416 7.92
18416 1.4
18416 45.24
18416 29.04
18417 7.92
18417 1.4
18417 45.24
18417 29.04
18418 7.92
18418 1.4
18418 45.24
18418 29.04
18419 7.92
18419 1.4
18419 45.24
18419 29.04
18420 7.92
18420 1.4
18420 45.24
18420 29.04
18421 7.92
18421 1.4
18421 45.24
18421 29.04
18422 7.92
18422 1.4
18422 45.24
18422 29.04
18423 7.92
18423 1.4
18423 45.24
18423 29.04
18424 7.92
18424 1.4
18424 45.24
18424 29.04
18425 7.92
18425 1.4
18425 45.24
18425 29.04
18426 7.92
18426 1.4
18426 45.24
18426 29.04
18481 7.92
18481 1.4
18481 45.24
18481 29.04
18482 7.92
18482 1.4
18482 45.24
18482 29.04
18483 7.92
18483 1.4
18483 45.24
18483 29.04
18484 7.92
18484 1.4
18484 45.24
18484 29.04
18485 7.92
18485 1.4
18485 45.24
18485 29.04
18486 7.92
18486 1.4
18486 45.24
18486 29.04
18487 7.92
18487 1.4
18487 45.24
18487 29.04
18488 7.92
18488 1.4
18488 45.24
18488 29.04
18489 7.92
18489 1.4
18489 45.24
18489 29.04
18490 7.92
18490 1.4
18490 45.24
18490 29.04
18491 7.92
18491 1.4
18491 45.24
18491 29.04
18492 7.92
18492 1.4
18492 45.24
18492 29.04
18493 7.92
18493 1.4
18493 45.24
18493 29.04
18494 7.92
18494 1.4
18494 45.24
18494 29.04
18495 7.92
18495 1.4
18495 45.24
18495 29.04
18496 7.92
18496 1.4
18496 45.24
18496 29.04
18497 7.92
18497 1.4
18497 45.24
18497 29.04
18498 7.92
18498 1.4
18498 45.24
18498 29.04
18499 7.92
18499 1.4
18499 45.24
18499 29.04
18500 7.92
18500 1.4
18500 45.24
18500 29.04
18501 7.92
18501 1.4
18501 45.24
18501 29.04
18502 7.92
18502 1.4
18502 45.24
18502 29.04
18503 7.92
18503 1.4
18503 45.24
18503 29.04
18504 7.92
18504 1.4
18504 45.24
18504 29.04
18505 7.92
18505 1.4
18505 45.24
18505 29.04
18506 7.92
18506 1.4
18506 45.24
18506 29.04
18558 7.92
18558 1.4
18558 45.24
18558 29.04
18559 7.92
18559 1.4
18559 45.24
18559 29.04
18560 7.92
18560 1.4
18560 45.24
18560 29.04
18561 7.92
18561 1.4
18561 45.24
18561 29.04
18562 7.92
18562 1.4
18562 45.24
18562 29.04
18563 7.92
18563 1.4
18563 45.24
18563 29.04
18564 7.92
18564 1.4
18564 45.24
18564 29.04
18565 7.92
18565 1.4
18565 45.24
18565 29.04
18566 7.92
18566 1.4
18566 45.24
18566 29.04
18567 7.92
18567 1.4
18567 45.24
18567 29.04
18568 7.92
18568 1.4
18568 45.24
18568 29.04
18569 7.92
18569 1.4
18569 45.24
18569 29.04
18570 7.92
18570 1.4
18570 45.24
18570 29.04
18571 7.92
18571 1.4
18571 45.24
18571 29.04
18572 7.92
18572 1.4
18572 45.24
18572 29.04
18573 7.92
18573 1.4
18573 45.24
18573 29.04
18574 7.92
18574 1.4
18574 45.24
18574 29.04
18575 7.92
18575 1.4
18575 45.24
18575 29.04
18576 7.92
18576 1.4
18576 45.24
18576 29.04
18577 7.92
18577 1.4
18577 45.24
18577 29.04
18578 7.92
18578 1.4
18578 45.24
18578 29.04
18579 7.92
18579 1.4
18579 45.24
18579 29.04
18580 7.92
18580 1.4
18580 45.24
18580 29.04
18581 7.92
18581 1.4
18581 45.24
18581 29.04
18582 7.92
18582 1.4
18582 45.24
18582 29.04
18583 7.92
18583 1.4
18583 45.24
18583 29.04
18584 7.92
18584 1.4
18584 45.24
18584 29.04
18636 7.92
18636 1.4
18636 45.24
18636 29.04
18637 7.92
18637 1.4
18637 45.24
18637 29.04
18638 7.92
18638 1.4
18638 45.24
18638 29.04
18639 7.92
18639 1.4
18639 45.24
18639 29.04
18640 7.92
18640 1.4
18640 45.24
18640 29.04
18641 7.92
18641 1.4
18641 45.24
18641 29.04
18642 7.92
18642 1.4
18642 45.24
18642 29.04
18643 7.92
18643 1.4
18643 45.24
18643 29.04
18644 7.92
18644 1.4
18644 45.24
18644 29.04
18645 7.92
18645 1.4
18645 45.24
18645 29.04
18646 7.92
18646 1.4
18646 45.24
18646 29.04
18647 7.92
18647 1.4
18647 45.24
18647 29.04
18648 7.92
18648 1.4
18648 45.24
18648 29.04
18649 7.92
18649 1.4
18649 45.24
18649 29.04
18650 7.92
18650 1.4
18650 45.24
18650 29.04
18651 7.92
18651 1.4
18651 45.24
18651 29.04
18652 7.92
18652 1.4
18652 45.24
18652 29.04
18653 7.92
18653 1.4
18653 45.24
18653 29.04
18654 7.92
18654 1.4
18654 45.24
18654 29.04
18655 7.92
18655 1.4
18655 45.24
18655 29.04
18656 7.92
18656 1.4
18656 45.24
18656 29.04
18657 7.92
18657 1.4
18657 45.24
18657 29.04
18658 7.92
18658 1.4
18658 45.24
18658 29.04
18659 7.92
18659 1.4
18659 45.24
18659 29.04
18660 7.92
18660 1.4
18660 45.24
18660 29.04
18661 7.92
18661 1.4
18661 45.24
18661 29.04
18710 7.92
18710 1.4
18710 45.24
18710 29.04
18711 7.92
18711 1.4
18711 45.24
18711 29.04
18712 7.92
18712 1.4
18712 45.24
18712 29.04
18713 7.92
18713 1.4
18713 45.24
18713 29.04
18714 7.92
18714 1.4
18714 45.24
18714 29.04
18715 7.92
18715 1.4
18715 45.24
18715 29.04
18716 7.92
18716 1.4
18716 45.24
18716 29.04
18717 7.92
18717 1.4
18717 45.24
18717 29.04
18718 7.92
18718 1.4
18718 45.24
18718 29.04
18719 7.92
18719 1.4
18719 45.24
18719 29.04
18720 7.92
18720 1.4
18720 45.24
18720 29.04
18721 7.92
18721 1.4
18721 45.24
18721 29.04
18722 7.92
18722 1.4
18722 45.24
18722 29.04
18723 7.92
18723 1.4
18723 45.24
18723 29.04
18724 7.92
18724 1.4
18724 45.24
18724 29.04
18725 7.92
18725 1.4
18725 45.24
18725 29.04
18726 7.92
18726 1.4
18726 45.24
18726 29.04
18727 7.92
18727 1.4
18727 45.24
18727 29.04
18728 7.92
18728 1.4
18728 45.24
18728 29.04
18729 7.92
18729 1.4
18729 45.24
18729 29.04
18730 7.92
18730 1.4
18730 45.24
18730 29.04
18731 7.92
18731 1.4
18731 45.24
18731 29.04
18732 7.92
18732 1.4
18732 45.24
18732 29.04
18733 7.92
18733 1.4
18733 45.24
18733 29.04
18734 7.92
18734 1.4
18734 45.24
18734 29.04
18735 7.92
18735 1.4
18735 45.24
18735 29.04
18736 7.92
18736 1.4
18736 45.24
18736 29.04
18737 7.92
18737 1.4
18737 45.24
18737 29.04
18738 7.92
18738 1.4
18738 45.24
18738 29.04
18739 7.92
18739 1.4
18739 45.24
18739 29.04
18786 7.92
18786 1.4
18786 45.24
18786 29.04
18787 7.92
18787 1.4
18787 45.24
18787 29.04
18788 7.92
18788 1.4
18788 45.24
18788 29.04
18789 7.92
18789 1.4
18789 45.24
18789 29.04
18790 7.92
18790 1.4
18790 45.24
18790 29.04
18791 7.92
18791 1.4
18791 45.24
18791 29.04
18792 7.92
18792 1.4
18792 45.24
18792 29.04
18793 7.92
18793 1.4
18793 45.24
18793 29.04
18794 7.92
18794 1.4
18794 45.24
18794 29.04
18795 7.92
18795 1.4
18795 45.24
18795 29.04
18796 7.92
18796 1.4
18796 45.24
18796 29.04
18797 7.92
18797 1.4
18797 45.24
18797 29.04
18798 7.92
18798 1.4
18798 45.24
18798 29.04
18799 7.92
18799 1.4
18799 45.24
18799 29.04
18800 7.92
18800 1.4
18800 45.24
18800 29.04
18801 7.92
18801 1.4
18801 45.24
18801 29.04
18802 7.92
18802 1.4
18802 45.24
18802 29.04
18803 7.92
18803 1.4
18803 45.24
18803 29.04
18804 7.92
18804 1.4
18804 45.24
18804 29.04
18805 7.92
18805 1.4
18805 45.24
18805 29.04
18806 7.92
18806 1.4
18806 45.24
18806 29.04
18807 7.92
18807 1.4
18807 45.24
18807 29.04
18808 7.92
18808 1.4
18808 45.24
18808 29.04
18809 7.92
18809 1.4
18809 45.24
18809 29.04
18810 7.92
18810 1.4
18810 45.24
18810 29.04
18811 7.92
18811 1.4
18811 45.24
18811 29.04
18812 7.92
18812 1.4
18812 45.24
18812 29.04
18813 7.92
18813 1.4
18813 45.24
18813 29.04
18814 7.92
18814 1.4
18814 45.24
18814 29.04
18856 7.92
18856 1.4
18856 45.24
18856 29.04
18857 7.92
18857 1.4
18857 45.24
18857 29.04
18858 7.92
18858 1.4
18858 45.24
18858 29.04
18859 7.92
18859 1.4
18859 45.24
18859 29.04
18860 7.92
18860 1.4
18860 45.24
18860 29.04
18861 7.92
18861 1.4
18861 45.24
18861 29.04
18862 7.92
18862 1.4
18862 45.24
18862 29.04
18863 7.92
18863 1.4
18863 45.24
18863 29.04
18864 7.92
18864 1.4
18864 45.24
18864 29.04
18865 7.92
18865 1.4
18865 45.24
18865 29.04
18866 7.92
18866 1.4
18866 45.24
18866 29.04
18867 7.92
18867 1.4
18867 45.24
18867 29.04
18868 7.92
18868 1.4
18868 45.24
18868 29.04
18869 7.92
18869 1.4
18869 45.24
18869 29.04
18870 7.92
18870 1.4
18870 45.24
18870 29.04
18871 7.92
18871 1.4
18871 45.24
18871 29.04
18872 7.92
18872 1.4
18872 45.24
18872 29.04
18873 7.92
18873 1.4
18873 45.24
18873 29.04
18874 7.92
18874 1.4
18874 45.24
18874 29.04
18875 7.92
18875 1.4
18875 45.24
18875 29.04
18876 7.92
18876 1.4
18876 45.24
18876 29.04
18877 7.92
18877 1.4
18877 45.24
18877 29.04
18878 7.92
18878 1.4
18878 45.24
18878 29.04
18879 7.92
18879 1.4
18879 45.24
18879 29.04
18880 7.92
18880 1.4
18880 45.24
18880 29.04
18881 7.92
18881 1.4
18881 45.24
18881 29.04
18882 7.92
18882 1.4
18882 45.24
18882 29.04
18883 7.92
18883 1.4
18883 45.24
18883 29.04
18884 7.92
18884 1.4
18884 45.24
18884 29.04
18926 7.92
18926 1.4
18926 45.24
18926 29.04
18927 7.92
18927 1.4
18927 45.24
18927 29.04
18928 7.92
18928 1.4
18928 45.24
18928 29.04
18929 7.92
18929 1.4
18929 45.24
18929 29.04
18930 7.92
18930 1.4
18930 45.24
18930 29.04
18931 7.92
18931 1.4
18931 45.24
18931 29.04
18932 7.92
18932 1.4
18932 45.24
18932 29.04
18933 7.92
18933 1.4
18933 45.24
18933 29.04
18934 7.92
18934 1.4
18934 45.24
18934 29.04
18935 7.92
18935 1.4
18935 45.24
18935 29.04
18936 7.92
18936 1.4
18936 45.24
18936 29.04
18937 7.92
18937 1.4
18937 45.24
18937 29.04
18938 7.92
18938 1.4
18938 45.24
18938 29.04
18939 7.92
18939 1.4
18939 45.24
18939 29.04
18940 7.92
18940 1.4
18940 45.24
18940 29.04
18941 7.92
18941 1.4
18941 45.24
18941 29.04
18942 7.92
18942 1.4
18942 45.24
18942 29.04
18943 7.92
18943 1.4
18943 45.24
18943 29.04
18944 7.92
18944 1.4
18944 45.24
18944 29.04
18945 7.92
18945 1.4
18945 45.24
18945 29.04
18946 7.92
18946 1.4
18946 45.24
18946 29.04
18947 7.92
18947 1.4
18947 45.24
18947 29.04
18948 7.92
18948 1.4
18948 45.24
18948 29.04
18949 7.92
18949 1.4
18949 45.24
18949 29.04
18950 7.92
18950 1.4
18950 45.24
18950 29.04
18951 7.92
18951 1.4
18951 45.24
18951 29.04
18952 7.92
18952 1.4
18952 45.24
18952 29.04
18994 7.92
18994 1.4
18994 45.24
18994 29.04
18995 7.92
18995 1.4
18995 45.24
18995 29.04
18996 7.92
18996 1.4
18996 45.24
18996 29.04
18997 7.92
18997 1.4
18997 45.24
18997 29.04
18998 7.92
18998 1.4
18998 45.24
18998 29.04
18999 7.92
18999 1.4
18999 45.24
18999 29.04
19000 7.92
19000 1.4
19000 45.24
19000 29.04
19001 7.92
19001 1.4
19001 45.24
19001 29.04
19002 7.92
19002 1.4
19002 45.24
19002 29.04
19003 7.92
19003 1.4
19003 45.24
19003 29.04
19004 7.92
19004 1.4
19004 45.24
19004 29.04
19005 7.92
19005 1.4
19005 45.24
19005 29.04
19006 7.92
19006 1.4
19006 45.24
19006 29.04
19007 7.92
19007 1.4
19007 45.24
19007 29.04
19008 7.92
19008 1.4
19008 45.24
19008 29.04
19009 7.92
19009 1.4
19009 45.24
19009 29.04
19010 7.92
19010 1.4
19010 45.24
19010 29.04
19011 7.92
19011 1.4
19011 45.24
19011 29.04
19012 7.92
19012 1.4
19012 45.24
19012 29.04
19013 7.92
19013 1.4
19013 45.24
19013 29.04
19014 7.92
19014 1.4
19014 45.24
19014 29.04
19015 7.92
19015 1.4
19015 45.24
19015 29.04
19016 7.92
19016 1.4
19016 45.24
19016 29.04
19017 7.92
19017 1.4
19017 45.24
19017 29.04
19018 7.92
19018 1.4
19018 45.24
19018 29.04
19019 7.92
19019 1.4
19019 45.24
19019 29.04
19020 7.92
19020 1.4
19020 45.24
19020 29.04
19059 7.92
19059 1.4
19059 45.24
19059 29.04
19060 7.92
19060 1.4
19060 45.24
19060 29.04
19061 7.92
19061 1.4
19061 45.24
19061 29.04
19062 7.92
19062 1.4
19062 45.24
19062 29.04
19063 7.92
19063 1.4
19063 45.24
19063 29.04
19064 7.92
19064 1.4
19064 45.24
19064 29.04
19065 7.92
19065 1.4
19065 45.24
19065 29.04
19066 7.92
19066 1.4
19066 45.24
19066 29.04
19067 7.92
19067 1.4
19067 45.24
19067 29.04
19068 7.92
19068 1.4
19068 45.24
19068 29.04
19069 7.92
19069 1.4
19069 45.24
19069 29.04
19070 7.92
19070 1.4
19070 45.24
19070 29.04
19071 7.92
19071 1.4
19071 45.24
19071 29.04
19072 7.92
19072 1.4
19072 45.24
19072 29.04
19073 7.92
19073 1.4
19073 45.24
19073 29.04
19074 7.92
19074 1.4
19074 45.24
19074 29.04
19075 7.92
19075 1.4
19075 45.24
19075 29.04
19076 7.92
19076 1.4
19076 45.24
19076 29.04
19077 7.92
19077 1.4
19077 45.24
19077 29.04
19078 7.92
19078 1.4
19078 45.24
19078 29.04
19079 7.92
19079 1.4
19079 45.24
19079 29.04
19080 7.92
19080 1.4
19080 45.24
19080 29.04
19081 7.92
19081 1.4
19081 45.24
19081 29.04
19082 7.92
19082 1.4
19082 45.24
19082 29.04
19083 7.92
19083 1.4
19083 45.24
19083 29.04
19084 7.92
19084 1.4
19084 45.24
19084 29.04
19085 7.92
19085 1.4
19085 45.24
19085 29.04
19086 7.92
19086 1.4
19086 45.24
19086 29.04
19125 7.92
19125 1.4
19125 45.24
19125 29.04
19126 7.92
19126 1.4
19126 45.24
19126 29.04
19127 7.92
19127 1.4
19127 45.24
19127 29.04
19128 7.92
19128 1.4
19128 45.24
19128 29.04
19129 7.92
19129 1.4
19129 45.24
19129 29.04
19130 7.92
19130 1.4
19130 45.24
19130 29.04
19131 7.92
19131 1.4
19131 45.24
19131 29.04
19132 7.92
19132 1.4
19132 45.24
19132 29.04
19133 7.92
19133 1.4
19133 45.24
19133 29.04
19134 7.92
19134 1.4
19134 45.24
19134 29.04
19135 7.92
19135 1.4
19135 45.24
19135 29.04
19136 7.92
19136 1.4
19136 45.24
19136 29.04
19137 7.92
19137 1.4
19137 45.24
19137 29.04
19138 7.92
19138 1.4
19138 45.24
19138 29.04
19139 7.92
19139 1.4
19139 45.24
19139 29.04
19140 7.92
19140 1.4
19140 45.24
19140 29.04
19141 7.92
19141 1.4
19141 45.24
19141 29.04
19142 7.92
19142 1.4
19142 45.24
19142 29.04
19143 7.92
19143 1.4
19143 45.24
19143 29.04
19144 7.92
19144 1.4
19144 45.24
19144 29.04
19145 7.92
19145 1.4
19145 45.24
19145 29.04
19146 7.92
19146 1.4
19146 45.24
19146 29.04
19147 7.92
19147 1.4
19147 45.24
19147 29.04
19148 7.92
19148 1.4
19148 45.24
19148 29.04
19149 7.92
19149 1.4
19149 45.24
19149 29.04
19150 7.92
19150 1.4
19150 45.24
19150 29.04
19151 7.92
19151 1.4
19151 45.24
19151 29.04
19192 7.92
19192 1.4
19192 45.24
19192 29.04
19193 7.92
19193 1.4
19193 45.24
19193 29.04
19194 7.92
19194 1.4
19194 45.24
19194 29.04
19195 7.92
19195 1.4
19195 45.24
19195 29.04
19196 7.92
19196 1.4
19196 45.24
19196 29.04
19197 7.92
19197 1.4
19197 45.24
19197 29.04
19198 7.92
19198 1.4
19198 45.24
19198 29.04
19199 7.92
19199 1.4
19199 45.24
19199 29.04
19200 7.92
19200 1.4
19200 45.24
19200 29.04
19201 7.92
19201 1.4
19201 45.24
19201 29.04
19202 7.92
19202 1.4
19202 45.24
19202 29.04
19203 7.92
19203 1.4
19203 45.24
19203 29.04
19204 7.92
19204 1.4
19204 45.24
19204 29.04
19205 7.92
19205 1.4
19205 45.24
19205 29.04
19206 7.92
19206 1.4
19206 45.24
19206 29.04
19207 7.92
19207 1.4
19207 45.24
19207 29.04
19208 7.92
19208 1.4
19208 45.24
19208 29.04
19209 7.92
19209 1.4
19209 45.24
19209 29.04
19210 7.92
19210 1.4
19210 45.24
19210 29.04
19211 7.92
19211 1.4
19211 45.24
19211 29.04
19212 7.92
19212 1.4
19212 45.24
19212 29.04
19213 7.92
19213 1.4
19213 45.24
19213 29.04
19214 7.92
19214 1.4
19214 45.24
19214 29.04
19215 7.92
19215 1.4
19215 45.24
19215 29.04
19216 7.92
19216 1.4
19216 45.24
19216 29.04
19217 7.92
19217 1.4
19217 45.24
19217 29.04
19261 7.92
19261 1.4
19261 45.24
19261 29.04
19262 7.92
19262 1.4
19262 45.24
19262 29.04
19263 7.92
19263 1.4
19263 45.24
19263 29.04
19264 7.92
19264 1.4
19264 45.24
19264 29.04
19265 7.92
19265 1.4
19265 45.24
19265 29.04
19266 7.92
19266 1.4
19266 45.24
19266 29.04
19267 7.92
19267 1.4
19267 45.24
19267 29.04
19268 7.92
19268 1.4
19268 45.24
19268 29.04
19269 7.92
19269 1.4
19269 45.24
19269 29.04
19270 7.92
19270 1.4
19270 45.24
19270 29.04
19271 7.92
19271 1.4
19271 45.24
19271 29.04
19272 7.92
19272 1.4
19272 45.24
19272 29.04
19273 7.92
19273 1.4
19273 45.24
19273 29.04
19274 7.92
19274 1.4
19274 45.24
19274 29.04
19275 7.92
19275 1.4
19275 45.24
19275 29.04
19276 7.92
19276 1.4
19276 45.24
19276 29.04
19277 7.92
19277 1.4
19277 45.24
19277 29.04
19278 7.92
19278 1.4
19278 45.24
19278 29.04
19279 7.92
19279 1.4
19279 45.24
19279 29.04
19280 7.92
19280 1.4
19280 45.24
19280 29.04
19281 7.92
19281 1.4
19281 45.24
19281 29.04
19282 7.92
19282 1.4
19282 45.24
19282 29.04
19283 7.92
19283 1.4
19283 45.24
19283 29.04
19284 7.92
19284 1.4
19284 45.24
19284 29.04
19285 7.92
19285 1.4
19285 45.24
19285 29.04
19332 7.92
19332 1.4
19332 45.24
19332 29.04
19333 7.92
19333 1.4
19333 45.24
19333 29.04
19334 7.92
19334 1.4
19334 45.24
19334 29.04
19335 7.92
19335 1.4
19335 45.24
19335 29.04
19336 7.92
19336 1.4
19336 45.24
19336 29.04
19337 7.92
19337 1.4
19337 45.24
19337 29.04
19338 7.92
19338 1.4
19338 45.24
19338 29.04
19339 7.92
19339 1.4
19339 45.24
19339 29.04
19340 7.92
19340 1.4
19340 45.24
19340 29.04
19341 7.92
19341 1.4
19341 45.24
19341 29.04
19342 7.92
19342 1.4
19342 45.24
19342 29.04
19343 7.92
19343 1.4
19343 45.24
19343 29.04
19344 7.92
19344 1.4
19344 45.24
19344 29.04
19345 7.92
19345 1.4
19345 45.24
19345 29.04
19346 7.92
19346 1.4
19346 45.24
19346 29.04
19347 7.92
19347 1.4
19347 45.24
19347 29.04
19348 7.92
19348 1.4
19348 45.24
19348 29.04
19349 7.92
19349 1.4
19349 45.24
19349 29.04
19350 7.92
19350 1.4
19350 45.24
19350 29.04
19351 7.92
19351 1.4
19351 45.24
19351 29.04
19352 7.92
19352 1.4
19352 45.24
19352 29.04
19353 7.92
19353 1.4
19353 45.24
19353 29.04
19354 7.92
19354 1.4
19354 45.24
19354 29.04
19402 7.92
19402 1.4
19402 45.24
19402 29.04
19403 7.92
19403 1.4
19403 45.24
19403 29.04
19404 7.92
19404 1.4
19404 45.24
19404 29.04
19405 7.92
19405 1.4
19405 45.24
19405 29.04
19406 7.92
19406 1.4
19406 45.24
19406 29.04
19407 7.92
19407 1.4
19407 45.24
19407 29.04
19408 7.92
19408 1.4
19408 45.24
19408 29.04
19409 7.92
19409 1.4
19409 45.24
19409 29.04
19410 7.92
19410 1.4
19410 45.24
19410 29.04
19411 7.92
19411 1.4
19411 45.24
19411 29.04
19412 7.92
19412 1.4
19412 45.24
19412 29.04
19413 7.92
19413 1.4
19413 45.24
19413 29.04
19414 7.92
19414 1.4
19414 45.24
19414 29.04
19415 7.92
19415 1.4
19415 45.24
19415 29.04
19416 7.92
19416 1.4
19416 45.24
19416 29.04
19417 7.92
19417 1.4
19417 45.24
19417 29.04
19418 7.92
19418 1.4
19418 45.24
19418 29.04
19419 7.92
19419 1.4
19419 45.24
19419 29.04
19420 7.92
19420 1.4
19420 45.24
19420 29.04
19421 7.92
19421 1.4
19421 45.24
19421 29.04
19422 7.92
19422 1.4
19422 45.24
19422 29.04
19423 7.92
19423 1.4
19423 45.24
19423 29.04
19424 7.92
19424 1.4
19424 45.24
19424 29.04
19476 7.92
19476 1.4
19476 45.24
19476 29.04
19477 7.92
19477 1.4
19477 45.24
19477 29.04
19478 7.92
19478 1.4
19478 45.24
19478 29.04
19479 7.92
19479 1.4
19479 45.24
19479 29.04
19480 7.92
19480 1.4
19480 45.24
19480 29.04
19481 7.92
19481 1.4
19481 45.24
19481 29.04
19482 7.92
19482 1.4
19482 45.24
19482 29.04
19483 7.92
19483 1.4
19483 45.24
19483 29.04
19484 7.92
19484 1.4
19484 45.24
19484 29.04
19485 7.92
19485 1.4
19485 45.24
19485 29.04
19486 7.92
19486 1.4
19486 45.24
19486 29.04
19487 7.92
19487 1.4
19487 45.24
19487 29.04
19488 7.92
19488 1.4
19488 45.24
19488 29.04
19489 7.92
19489 1.4
19489 45.24
19489 29.04
19490 7.92
19490 1.4
19490 45.24
19490 29.04
19491 7.92
19491 1.4
19491 45.24
19491 29.04
19492 7.92
19492 1.4
19492 45.24
19492 29.04
19493 7.92
19493 1.4
19493 45.24
19493 29.04
19494 7.92
19494 1.4
19494 45.24
19494 29.04
19495 7.92
19495 1.4
19495 45.24
19495 29.04
19496 7.92
19496 1.4
19496 45.24
19496 29.04
19546 7.92
19546 1.4
19546 45.24
19546 29.04
19547 7.92
19547 1.4
19547 45.24
19547 29.04
19548 7.92
19548 1.4
19548 45.24
19548 29.04
19549 7.92
19549 1.4
19549 45.24
19549 29.04
19550 7.92
19550 1.4
19550 45.24
19550 29.04
19551 7.92
19551 1.4
19551 45.24
19551 29.04
19552 7.92
19552 1.4
19552 45.24
19552 29.04
19553 7.92
19553 1.4
19553 45.24
19553 29.04
19554 7.92
19554 1.4
19554 45.24
19554 29.04
19555 7.92
19555 1.4
19555 45.24
19555 29.04
19556 7.92
19556 1.4
19556 45.24
19556 29.04
19557 7.92
19557 1.4
19557 45.24
19557 29.04
19558 7.92
19558 1.4
19558 45.24
19558 29.04
19559 7.92
19559 1.4
19559 45.24
19559 29.04
19560 7.92
19560 1.4
19560 45.24
19560 29.04
19561 7.92
19561 1.4
19561 45.24
19561 29.04
19562 7.92
19562 1.4
19562 45.24
19562 29.04
19563 7.92
19563 1.4
19563 45.24
19563 29.04
19564 7.92
19564 1.4
19564 45.24
19564 29.04
19565 7.92
19565 1.4
19565 45.24
19565 29.04
19617 7.92
19617 1.4
19617 45.24
19617 29.04
19618 7.92
19618 1.4
19618 45.24
19618 29.04
19619 7.92
19619 1.4
19619 45.24
19619 29.04
19620 7.92
19620 1.4
19620 45.24
19620 29.04
19621 7.92
19621 1.4
19621 45.24
19621 29.04
19622 7.92
19622 1.4
19622 45.24
19622 29.04
19623 7.92
19623 1.4
19623 45.24
19623 29.04
19624 7.92
19624 1.4
19624 45.24
19624 29.04
19625 7.92
19625 1.4
19625 45.24
19625 29.04
19626 7.92
19626 1.4
19626 45.24
19626 29.04
19627 7.92
19627 1.4
19627 45.24
19627 29.04
19628 7.92
19628 1.4
19628 45.24
19628 29.04
19629 7.92
19629 1.4
19629 45.24
19629 29.04
19630 7.92
19630 1.4
19630 45.24
19630 29.04
19631 7.92
19631 1.4
19631 45.24
19631 29.04
19632 7.92
19632 1.4
19632 45.24
19632 29.04
19633 7.92
19633 1.4
19633 45.24
19633 29.04
19689 7.92
19689 1.4
19689 45.24
19689 29.04
19690 7.92
19690 1.4
19690 45.24
19690 29.04
19691 7.92
19691 1.4
19691 45.24
19691 29.04
19692 7.92
19692 1.4
19692 45.24
19692 29.04
19693 7.92
19693 1.4
19693 45.24
19693 29.04
19694 7.92
19694 1.4
19694 45.24
19694 29.04
19695 7.92
19695 1.4
19695 45.24
19695 29.04
19696 7.92
19696 1.4
19696 45.24
19696 29.04
19697 7.92
19697 1.4
19697 45.24
19697 29.04
19698 7.92
19698 1.4
19698 45.24
19698 29.04
19699 7.92
19699 1.4
19699 45.24
19699 29.04
19700 7.92
19700 1.4
19700 45.24
19700 29.04
19755 7.92
19755 1.4
19755 45.24
19755 29.04
19756 7.92
19756 1.4
19756 45.24
19756 29.04
19757 7.92
19757 1.4
19757 45.24
19757 29.04
19758 7.92
19758 1.4
19758 45.24
19758 29.04
19759 7.92
19759 1.4
19759 45.24
19759 29.04
19760 7.92
19760 1.4
19760 45.24
19760 29.04
19761 7.92
19761 1.4
19761 45.24
19761 29.04
19762 7.92
19762 1.4
19762 45.24
19762 29.04
19763 7.92
19763 1.4
19763 45.24
19763 29.04
19817 7.92
19817 1.4
19817 45.24
19817 29.04
19818 7.92
19818 1.4
19818 45.24
19818 29.04
19819 7.92
19819 1.4
19819 45.24
19819 29.04
19820 7.92
19820 1.4
19820 45.24
19820 29.04
19821 7.92
19821 1.4
19821 45.24
19821 29.04
19822 7.92
19822 1.4
19822 45.24
19822 29.04
19823 7.92
19823 1.4
19823 45.24
19823 29.04
