pt_graph cpue_kghour
9809 0
9809 2.96
9809 0.04
9809 1.36
9810 0
9810 2.96
9810 0.04
9810 1.36
9811 0
9811 2.96
9811 0.04
9811 1.36
9941 0
9941 2.96
9941 0.04
9941 1.36
9942 0
9942 2.96
9942 0.04
9942 1.36
10069 0
10069 2.96
10069 0.04
10069 1.36
10070 0
10070 2.96
10070 0.04
10070 1.36
10194 0
10194 2.96
10194 0.04
10194 1.36
10195 0
10195 2.96
10195 0.04
10195 1.36
10196 0
10196 2.96
10196 0.04
10196 1.36
10317 0
10317 2.96
10317 0.04
10317 1.36
10318 0
10318 2.96
10318 0.04
10318 1.36
10319 0
10319 2.96
10319 0.04
10319 1.36
10438 0
10438 2.96
10438 0.04
10438 1.36
10439 0
10439 2.96
10439 0.04
10439 1.36
10440 0
10440 2.96
10440 0.04
10440 1.36
10552 0
10552 2.96
10552 0.04
10552 1.36
10553 0
10553 2.96
10553 0.04
10553 1.36
10659 0
10659 2.96
10659 0.04
10659 1.36
10660 0
10660 2.96
10660 0.04
10660 1.36
10661 0
10661 2.96
10661 0.04
10661 1.36
10662 0
10662 2.96
10662 0.04
10662 1.36
10757 0
10757 2.96
10757 0.04
10757 1.36
10759 0
10759 2.96
10759 0.04
10759 1.36
10760 0
10760 2.96
10760 0.04
10760 1.36
10761 0
10761 2.96
10761 0.04
10761 1.36
10762 0
10762 2.96
10762 0.04
10762 1.36
10858 0
10858 2.96
10858 0.04
10858 1.36
10859 0
10859 2.96
10859 0.04
10859 1.36
10860 0
10860 2.96
10860 0.04
10860 1.36
10959 0
10959 2.96
10959 0.04
10959 1.36
10758 0
10758 2.96
10758 0.04
10758 1.36
