pt_graph cpue_kghour
20 14.48
20 1.16
20 25.44
20 18.04
21 14.48
21 1.16
21 25.44
21 18.04
22 14.48
22 1.16
22 25.44
22 18.04
23 14.48
23 1.16
23 25.44
23 18.04
24 14.48
24 1.16
24 25.44
24 18.04
25 14.48
25 1.16
25 25.44
25 18.04
26 14.48
26 1.16
26 25.44
26 18.04
27 14.48
27 1.16
27 25.44
27 18.04
28 14.48
28 1.16
28 25.44
28 18.04
29 14.48
29 1.16
29 25.44
29 18.04
30 14.48
30 1.16
30 25.44
30 18.04
31 14.48
31 1.16
31 25.44
31 18.04
32 14.48
32 1.16
32 25.44
32 18.04
33 14.48
33 1.16
33 25.44
33 18.04
34 14.48
34 1.16
34 25.44
34 18.04
35 14.48
35 1.16
35 25.44
35 18.04
36 14.48
36 1.16
36 25.44
36 18.04
37 14.48
37 1.16
37 25.44
37 18.04
38 14.48
38 1.16
38 25.44
38 18.04
39 14.48
39 1.16
39 25.44
39 18.04
40 14.48
40 1.16
40 25.44
40 18.04
43 14.48
43 1.16
43 25.44
43 18.04
44 14.48
44 1.16
44 25.44
44 18.04
45 14.48
45 1.16
45 25.44
45 18.04
46 14.48
46 1.16
46 25.44
46 18.04
47 14.48
47 1.16
47 25.44
47 18.04
48 14.48
48 1.16
48 25.44
48 18.04
49 14.48
49 1.16
49 25.44
49 18.04
50 14.48
50 1.16
50 25.44
50 18.04
51 14.48
51 1.16
51 25.44
51 18.04
52 14.48
52 1.16
52 25.44
52 18.04
53 14.48
53 1.16
53 25.44
53 18.04
54 14.48
54 1.16
54 25.44
54 18.04
55 14.48
55 1.16
55 25.44
55 18.04
56 14.48
56 1.16
56 25.44
56 18.04
57 14.48
57 1.16
57 25.44
57 18.04
58 14.48
58 1.16
58 25.44
58 18.04
59 14.48
59 1.16
59 25.44
59 18.04
60 14.48
60 1.16
60 25.44
60 18.04
61 14.48
61 1.16
61 25.44
61 18.04
62 14.48
62 1.16
62 25.44
62 18.04
63 14.48
63 1.16
63 25.44
63 18.04
64 14.48
64 1.16
64 25.44
64 18.04
65 14.48
65 1.16
65 25.44
65 18.04
66 14.48
66 1.16
66 25.44
66 18.04
67 14.48
67 1.16
67 25.44
67 18.04
68 14.48
68 1.16
68 25.44
68 18.04
69 14.48
69 1.16
69 25.44
69 18.04
73 14.48
73 1.16
73 25.44
73 18.04
74 14.48
74 1.16
74 25.44
74 18.04
75 14.48
75 1.16
75 25.44
75 18.04
76 14.48
76 1.16
76 25.44
76 18.04
77 14.48
77 1.16
77 25.44
77 18.04
78 14.48
78 1.16
78 25.44
78 18.04
79 14.48
79 1.16
79 25.44
79 18.04
80 14.48
80 1.16
80 25.44
80 18.04
81 14.48
81 1.16
81 25.44
81 18.04
82 14.48
82 1.16
82 25.44
82 18.04
83 14.48
83 1.16
83 25.44
83 18.04
84 14.48
84 1.16
84 25.44
84 18.04
85 14.48
85 1.16
85 25.44
85 18.04
86 14.48
86 1.16
86 25.44
86 18.04
87 14.48
87 1.16
87 25.44
87 18.04
88 14.48
88 1.16
88 25.44
88 18.04
89 14.48
89 1.16
89 25.44
89 18.04
90 14.48
90 1.16
90 25.44
90 18.04
91 14.48
91 1.16
91 25.44
91 18.04
92 14.48
92 1.16
92 25.44
92 18.04
93 14.48
93 1.16
93 25.44
93 18.04
94 14.48
94 1.16
94 25.44
94 18.04
95 14.48
95 1.16
95 25.44
95 18.04
96 14.48
96 1.16
96 25.44
96 18.04
97 14.48
97 1.16
97 25.44
97 18.04
98 14.48
98 1.16
98 25.44
98 18.04
99 14.48
99 1.16
99 25.44
99 18.04
100 14.48
100 1.16
100 25.44
100 18.04
101 14.48
101 1.16
101 25.44
101 18.04
102 14.48
102 1.16
102 25.44
102 18.04
103 14.48
103 1.16
103 25.44
103 18.04
104 14.48
104 1.16
104 25.44
104 18.04
105 14.48
105 1.16
105 25.44
105 18.04
110 14.48
110 1.16
110 25.44
110 18.04
111 14.48
111 1.16
111 25.44
111 18.04
112 14.48
112 1.16
112 25.44
112 18.04
113 14.48
113 1.16
113 25.44
113 18.04
114 14.48
114 1.16
114 25.44
114 18.04
115 14.48
115 1.16
115 25.44
115 18.04
116 14.48
116 1.16
116 25.44
116 18.04
117 14.48
117 1.16
117 25.44
117 18.04
118 14.48
118 1.16
118 25.44
118 18.04
119 14.48
119 1.16
119 25.44
119 18.04
120 14.48
120 1.16
120 25.44
120 18.04
121 14.48
121 1.16
121 25.44
121 18.04
122 14.48
122 1.16
122 25.44
122 18.04
123 14.48
123 1.16
123 25.44
123 18.04
124 14.48
124 1.16
124 25.44
124 18.04
125 14.48
125 1.16
125 25.44
125 18.04
126 14.48
126 1.16
126 25.44
126 18.04
127 14.48
127 1.16
127 25.44
127 18.04
128 14.48
128 1.16
128 25.44
128 18.04
129 14.48
129 1.16
129 25.44
129 18.04
130 14.48
130 1.16
130 25.44
130 18.04
131 14.48
131 1.16
131 25.44
131 18.04
132 14.48
132 1.16
132 25.44
132 18.04
133 14.48
133 1.16
133 25.44
133 18.04
134 14.48
134 1.16
134 25.44
134 18.04
135 14.48
135 1.16
135 25.44
135 18.04
136 14.48
136 1.16
136 25.44
136 18.04
137 14.48
137 1.16
137 25.44
137 18.04
138 14.48
138 1.16
138 25.44
138 18.04
139 14.48
139 1.16
139 25.44
139 18.04
140 14.48
140 1.16
140 25.44
140 18.04
141 14.48
141 1.16
141 25.44
141 18.04
142 14.48
142 1.16
142 25.44
142 18.04
143 14.48
143 1.16
143 25.44
143 18.04
144 14.48
144 1.16
144 25.44
144 18.04
145 14.48
145 1.16
145 25.44
145 18.04
146 14.48
146 1.16
146 25.44
146 18.04
147 14.48
147 1.16
147 25.44
147 18.04
148 14.48
148 1.16
148 25.44
148 18.04
152 14.48
152 1.16
152 25.44
152 18.04
153 14.48
153 1.16
153 25.44
153 18.04
154 14.48
154 1.16
154 25.44
154 18.04
155 14.48
155 1.16
155 25.44
155 18.04
156 14.48
156 1.16
156 25.44
156 18.04
157 14.48
157 1.16
157 25.44
157 18.04
158 14.48
158 1.16
158 25.44
158 18.04
159 14.48
159 1.16
159 25.44
159 18.04
160 14.48
160 1.16
160 25.44
160 18.04
161 14.48
161 1.16
161 25.44
161 18.04
162 14.48
162 1.16
162 25.44
162 18.04
163 14.48
163 1.16
163 25.44
163 18.04
164 14.48
164 1.16
164 25.44
164 18.04
165 14.48
165 1.16
165 25.44
165 18.04
166 14.48
166 1.16
166 25.44
166 18.04
167 14.48
167 1.16
167 25.44
167 18.04
168 14.48
168 1.16
168 25.44
168 18.04
169 14.48
169 1.16
169 25.44
169 18.04
170 14.48
170 1.16
170 25.44
170 18.04
171 14.48
171 1.16
171 25.44
171 18.04
172 14.48
172 1.16
172 25.44
172 18.04
173 14.48
173 1.16
173 25.44
173 18.04
174 14.48
174 1.16
174 25.44
174 18.04
175 14.48
175 1.16
175 25.44
175 18.04
176 14.48
176 1.16
176 25.44
176 18.04
177 14.48
177 1.16
177 25.44
177 18.04
178 14.48
178 1.16
178 25.44
178 18.04
179 14.48
179 1.16
179 25.44
179 18.04
180 14.48
180 1.16
180 25.44
180 18.04
181 14.48
181 1.16
181 25.44
181 18.04
182 14.48
182 1.16
182 25.44
182 18.04
183 14.48
183 1.16
183 25.44
183 18.04
184 14.48
184 1.16
184 25.44
184 18.04
185 14.48
185 1.16
185 25.44
185 18.04
186 14.48
186 1.16
186 25.44
186 18.04
187 14.48
187 1.16
187 25.44
187 18.04
188 14.48
188 1.16
188 25.44
188 18.04
189 14.48
189 1.16
189 25.44
189 18.04
190 14.48
190 1.16
190 25.44
190 18.04
191 14.48
191 1.16
191 25.44
191 18.04
192 14.48
192 1.16
192 25.44
192 18.04
193 14.48
193 1.16
193 25.44
193 18.04
194 14.48
194 1.16
194 25.44
194 18.04
195 14.48
195 1.16
195 25.44
195 18.04
196 14.48
196 1.16
196 25.44
196 18.04
197 14.48
197 1.16
197 25.44
197 18.04
198 14.48
198 1.16
198 25.44
198 18.04
199 14.48
199 1.16
199 25.44
199 18.04
204 14.48
204 1.16
204 25.44
204 18.04
205 14.48
205 1.16
205 25.44
205 18.04
206 14.48
206 1.16
206 25.44
206 18.04
207 14.48
207 1.16
207 25.44
207 18.04
208 14.48
208 1.16
208 25.44
208 18.04
209 14.48
209 1.16
209 25.44
209 18.04
210 14.48
210 1.16
210 25.44
210 18.04
211 14.48
211 1.16
211 25.44
211 18.04
212 14.48
212 1.16
212 25.44
212 18.04
213 14.48
213 1.16
213 25.44
213 18.04
214 14.48
214 1.16
214 25.44
214 18.04
215 14.48
215 1.16
215 25.44
215 18.04
216 14.48
216 1.16
216 25.44
216 18.04
217 14.48
217 1.16
217 25.44
217 18.04
218 14.48
218 1.16
218 25.44
218 18.04
219 14.48
219 1.16
219 25.44
219 18.04
220 14.48
220 1.16
220 25.44
220 18.04
221 14.48
221 1.16
221 25.44
221 18.04
222 14.48
222 1.16
222 25.44
222 18.04
223 14.48
223 1.16
223 25.44
223 18.04
224 14.48
224 1.16
224 25.44
224 18.04
225 14.48
225 1.16
225 25.44
225 18.04
226 14.48
226 1.16
226 25.44
226 18.04
227 14.48
227 1.16
227 25.44
227 18.04
228 14.48
228 1.16
228 25.44
228 18.04
229 14.48
229 1.16
229 25.44
229 18.04
230 14.48
230 1.16
230 25.44
230 18.04
231 14.48
231 1.16
231 25.44
231 18.04
232 14.48
232 1.16
232 25.44
232 18.04
233 14.48
233 1.16
233 25.44
233 18.04
234 14.48
234 1.16
234 25.44
234 18.04
235 14.48
235 1.16
235 25.44
235 18.04
236 14.48
236 1.16
236 25.44
236 18.04
237 14.48
237 1.16
237 25.44
237 18.04
238 14.48
238 1.16
238 25.44
238 18.04
239 14.48
239 1.16
239 25.44
239 18.04
240 14.48
240 1.16
240 25.44
240 18.04
241 14.48
241 1.16
241 25.44
241 18.04
242 14.48
242 1.16
242 25.44
242 18.04
243 14.48
243 1.16
243 25.44
243 18.04
244 14.48
244 1.16
244 25.44
244 18.04
245 14.48
245 1.16
245 25.44
245 18.04
246 14.48
246 1.16
246 25.44
246 18.04
247 14.48
247 1.16
247 25.44
247 18.04
248 14.48
248 1.16
248 25.44
248 18.04
249 14.48
249 1.16
249 25.44
249 18.04
250 14.48
250 1.16
250 25.44
250 18.04
251 14.48
251 1.16
251 25.44
251 18.04
252 14.48
252 1.16
252 25.44
252 18.04
253 14.48
253 1.16
253 25.44
253 18.04
254 14.48
254 1.16
254 25.44
254 18.04
255 14.48
255 1.16
255 25.44
255 18.04
256 14.48
256 1.16
256 25.44
256 18.04
263 14.48
263 1.16
263 25.44
263 18.04
264 14.48
264 1.16
264 25.44
264 18.04
265 14.48
265 1.16
265 25.44
265 18.04
266 14.48
266 1.16
266 25.44
266 18.04
267 14.48
267 1.16
267 25.44
267 18.04
268 14.48
268 1.16
268 25.44
268 18.04
269 14.48
269 1.16
269 25.44
269 18.04
270 14.48
270 1.16
270 25.44
270 18.04
271 14.48
271 1.16
271 25.44
271 18.04
272 14.48
272 1.16
272 25.44
272 18.04
273 14.48
273 1.16
273 25.44
273 18.04
274 14.48
274 1.16
274 25.44
274 18.04
275 14.48
275 1.16
275 25.44
275 18.04
276 14.48
276 1.16
276 25.44
276 18.04
277 14.48
277 1.16
277 25.44
277 18.04
278 14.48
278 1.16
278 25.44
278 18.04
279 14.48
279 1.16
279 25.44
279 18.04
280 14.48
280 1.16
280 25.44
280 18.04
281 14.48
281 1.16
281 25.44
281 18.04
282 14.48
282 1.16
282 25.44
282 18.04
283 14.48
283 1.16
283 25.44
283 18.04
288 14.48
288 1.16
288 25.44
288 18.04
289 14.48
289 1.16
289 25.44
289 18.04
290 14.48
290 1.16
290 25.44
290 18.04
291 14.48
291 1.16
291 25.44
291 18.04
292 14.48
292 1.16
292 25.44
292 18.04
293 14.48
293 1.16
293 25.44
293 18.04
294 14.48
294 1.16
294 25.44
294 18.04
295 14.48
295 1.16
295 25.44
295 18.04
296 14.48
296 1.16
296 25.44
296 18.04
297 14.48
297 1.16
297 25.44
297 18.04
298 14.48
298 1.16
298 25.44
298 18.04
299 14.48
299 1.16
299 25.44
299 18.04
300 14.48
300 1.16
300 25.44
300 18.04
301 14.48
301 1.16
301 25.44
301 18.04
302 14.48
302 1.16
302 25.44
302 18.04
303 14.48
303 1.16
303 25.44
303 18.04
304 14.48
304 1.16
304 25.44
304 18.04
305 14.48
305 1.16
305 25.44
305 18.04
306 14.48
306 1.16
306 25.44
306 18.04
307 14.48
307 1.16
307 25.44
307 18.04
308 14.48
308 1.16
308 25.44
308 18.04
309 14.48
309 1.16
309 25.44
309 18.04
310 14.48
310 1.16
310 25.44
310 18.04
311 14.48
311 1.16
311 25.44
311 18.04
312 14.48
312 1.16
312 25.44
312 18.04
313 14.48
313 1.16
313 25.44
313 18.04
314 14.48
314 1.16
314 25.44
314 18.04
315 14.48
315 1.16
315 25.44
315 18.04
316 14.48
316 1.16
316 25.44
316 18.04
317 14.48
317 1.16
317 25.44
317 18.04
318 14.48
318 1.16
318 25.44
318 18.04
319 14.48
319 1.16
319 25.44
319 18.04
320 14.48
320 1.16
320 25.44
320 18.04
328 14.48
328 1.16
328 25.44
328 18.04
329 14.48
329 1.16
329 25.44
329 18.04
330 14.48
330 1.16
330 25.44
330 18.04
331 14.48
331 1.16
331 25.44
331 18.04
332 14.48
332 1.16
332 25.44
332 18.04
333 14.48
333 1.16
333 25.44
333 18.04
334 14.48
334 1.16
334 25.44
334 18.04
335 14.48
335 1.16
335 25.44
335 18.04
336 14.48
336 1.16
336 25.44
336 18.04
337 14.48
337 1.16
337 25.44
337 18.04
338 14.48
338 1.16
338 25.44
338 18.04
339 14.48
339 1.16
339 25.44
339 18.04
340 14.48
340 1.16
340 25.44
340 18.04
341 14.48
341 1.16
341 25.44
341 18.04
342 14.48
342 1.16
342 25.44
342 18.04
343 14.48
343 1.16
343 25.44
343 18.04
344 14.48
344 1.16
344 25.44
344 18.04
345 14.48
345 1.16
345 25.44
345 18.04
346 14.48
346 1.16
346 25.44
346 18.04
347 14.48
347 1.16
347 25.44
347 18.04
352 14.48
352 1.16
352 25.44
352 18.04
353 14.48
353 1.16
353 25.44
353 18.04
354 14.48
354 1.16
354 25.44
354 18.04
355 14.48
355 1.16
355 25.44
355 18.04
356 14.48
356 1.16
356 25.44
356 18.04
357 14.48
357 1.16
357 25.44
357 18.04
358 14.48
358 1.16
358 25.44
358 18.04
359 14.48
359 1.16
359 25.44
359 18.04
360 14.48
360 1.16
360 25.44
360 18.04
361 14.48
361 1.16
361 25.44
361 18.04
362 14.48
362 1.16
362 25.44
362 18.04
363 14.48
363 1.16
363 25.44
363 18.04
364 14.48
364 1.16
364 25.44
364 18.04
365 14.48
365 1.16
365 25.44
365 18.04
366 14.48
366 1.16
366 25.44
366 18.04
367 14.48
367 1.16
367 25.44
367 18.04
368 14.48
368 1.16
368 25.44
368 18.04
369 14.48
369 1.16
369 25.44
369 18.04
370 14.48
370 1.16
370 25.44
370 18.04
371 14.48
371 1.16
371 25.44
371 18.04
372 14.48
372 1.16
372 25.44
372 18.04
373 14.48
373 1.16
373 25.44
373 18.04
374 14.48
374 1.16
374 25.44
374 18.04
375 14.48
375 1.16
375 25.44
375 18.04
376 14.48
376 1.16
376 25.44
376 18.04
377 14.48
377 1.16
377 25.44
377 18.04
378 14.48
378 1.16
378 25.44
378 18.04
379 14.48
379 1.16
379 25.44
379 18.04
380 14.48
380 1.16
380 25.44
380 18.04
381 14.48
381 1.16
381 25.44
381 18.04
382 14.48
382 1.16
382 25.44
382 18.04
383 14.48
383 1.16
383 25.44
383 18.04
384 14.48
384 1.16
384 25.44
384 18.04
385 14.48
385 1.16
385 25.44
385 18.04
386 14.48
386 1.16
386 25.44
386 18.04
387 14.48
387 1.16
387 25.44
387 18.04
388 14.48
388 1.16
388 25.44
388 18.04
389 14.48
389 1.16
389 25.44
389 18.04
399 14.48
399 1.16
399 25.44
399 18.04
400 14.48
400 1.16
400 25.44
400 18.04
401 14.48
401 1.16
401 25.44
401 18.04
402 14.48
402 1.16
402 25.44
402 18.04
403 14.48
403 1.16
403 25.44
403 18.04
404 14.48
404 1.16
404 25.44
404 18.04
405 14.48
405 1.16
405 25.44
405 18.04
406 14.48
406 1.16
406 25.44
406 18.04
407 14.48
407 1.16
407 25.44
407 18.04
408 14.48
408 1.16
408 25.44
408 18.04
409 14.48
409 1.16
409 25.44
409 18.04
410 14.48
410 1.16
410 25.44
410 18.04
411 14.48
411 1.16
411 25.44
411 18.04
412 14.48
412 1.16
412 25.44
412 18.04
413 14.48
413 1.16
413 25.44
413 18.04
414 14.48
414 1.16
414 25.44
414 18.04
415 14.48
415 1.16
415 25.44
415 18.04
416 14.48
416 1.16
416 25.44
416 18.04
417 14.48
417 1.16
417 25.44
417 18.04
418 14.48
418 1.16
418 25.44
418 18.04
423 14.48
423 1.16
423 25.44
423 18.04
424 14.48
424 1.16
424 25.44
424 18.04
425 14.48
425 1.16
425 25.44
425 18.04
426 14.48
426 1.16
426 25.44
426 18.04
427 14.48
427 1.16
427 25.44
427 18.04
428 14.48
428 1.16
428 25.44
428 18.04
429 14.48
429 1.16
429 25.44
429 18.04
430 14.48
430 1.16
430 25.44
430 18.04
431 14.48
431 1.16
431 25.44
431 18.04
432 14.48
432 1.16
432 25.44
432 18.04
433 14.48
433 1.16
433 25.44
433 18.04
434 14.48
434 1.16
434 25.44
434 18.04
435 14.48
435 1.16
435 25.44
435 18.04
436 14.48
436 1.16
436 25.44
436 18.04
437 14.48
437 1.16
437 25.44
437 18.04
438 14.48
438 1.16
438 25.44
438 18.04
439 14.48
439 1.16
439 25.44
439 18.04
440 14.48
440 1.16
440 25.44
440 18.04
441 14.48
441 1.16
441 25.44
441 18.04
442 14.48
442 1.16
442 25.44
442 18.04
443 14.48
443 1.16
443 25.44
443 18.04
444 14.48
444 1.16
444 25.44
444 18.04
445 14.48
445 1.16
445 25.44
445 18.04
446 14.48
446 1.16
446 25.44
446 18.04
447 14.48
447 1.16
447 25.44
447 18.04
448 14.48
448 1.16
448 25.44
448 18.04
449 14.48
449 1.16
449 25.44
449 18.04
450 14.48
450 1.16
450 25.44
450 18.04
451 14.48
451 1.16
451 25.44
451 18.04
452 14.48
452 1.16
452 25.44
452 18.04
453 14.48
453 1.16
453 25.44
453 18.04
454 14.48
454 1.16
454 25.44
454 18.04
455 14.48
455 1.16
455 25.44
455 18.04
456 14.48
456 1.16
456 25.44
456 18.04
457 14.48
457 1.16
457 25.44
457 18.04
458 14.48
458 1.16
458 25.44
458 18.04
459 14.48
459 1.16
459 25.44
459 18.04
460 14.48
460 1.16
460 25.44
460 18.04
461 14.48
461 1.16
461 25.44
461 18.04
462 14.48
462 1.16
462 25.44
462 18.04
463 14.48
463 1.16
463 25.44
463 18.04
464 14.48
464 1.16
464 25.44
464 18.04
465 14.48
465 1.16
465 25.44
465 18.04
476 14.48
476 1.16
476 25.44
476 18.04
477 14.48
477 1.16
477 25.44
477 18.04
478 14.48
478 1.16
478 25.44
478 18.04
479 14.48
479 1.16
479 25.44
479 18.04
480 14.48
480 1.16
480 25.44
480 18.04
481 14.48
481 1.16
481 25.44
481 18.04
482 14.48
482 1.16
482 25.44
482 18.04
483 14.48
483 1.16
483 25.44
483 18.04
484 14.48
484 1.16
484 25.44
484 18.04
485 14.48
485 1.16
485 25.44
485 18.04
486 14.48
486 1.16
486 25.44
486 18.04
487 14.48
487 1.16
487 25.44
487 18.04
488 14.48
488 1.16
488 25.44
488 18.04
489 14.48
489 1.16
489 25.44
489 18.04
490 14.48
490 1.16
490 25.44
490 18.04
491 14.48
491 1.16
491 25.44
491 18.04
492 14.48
492 1.16
492 25.44
492 18.04
493 14.48
493 1.16
493 25.44
493 18.04
494 14.48
494 1.16
494 25.44
494 18.04
495 14.48
495 1.16
495 25.44
495 18.04
496 14.48
496 1.16
496 25.44
496 18.04
497 14.48
497 1.16
497 25.44
497 18.04
498 14.48
498 1.16
498 25.44
498 18.04
499 14.48
499 1.16
499 25.44
499 18.04
500 14.48
500 1.16
500 25.44
500 18.04
501 14.48
501 1.16
501 25.44
501 18.04
502 14.48
502 1.16
502 25.44
502 18.04
503 14.48
503 1.16
503 25.44
503 18.04
504 14.48
504 1.16
504 25.44
504 18.04
505 14.48
505 1.16
505 25.44
505 18.04
506 14.48
506 1.16
506 25.44
506 18.04
507 14.48
507 1.16
507 25.44
507 18.04
508 14.48
508 1.16
508 25.44
508 18.04
509 14.48
509 1.16
509 25.44
509 18.04
510 14.48
510 1.16
510 25.44
510 18.04
511 14.48
511 1.16
511 25.44
511 18.04
512 14.48
512 1.16
512 25.44
512 18.04
513 14.48
513 1.16
513 25.44
513 18.04
514 14.48
514 1.16
514 25.44
514 18.04
515 14.48
515 1.16
515 25.44
515 18.04
516 14.48
516 1.16
516 25.44
516 18.04
517 14.48
517 1.16
517 25.44
517 18.04
518 14.48
518 1.16
518 25.44
518 18.04
519 14.48
519 1.16
519 25.44
519 18.04
520 14.48
520 1.16
520 25.44
520 18.04
521 14.48
521 1.16
521 25.44
521 18.04
522 14.48
522 1.16
522 25.44
522 18.04
523 14.48
523 1.16
523 25.44
523 18.04
524 14.48
524 1.16
524 25.44
524 18.04
525 14.48
525 1.16
525 25.44
525 18.04
526 14.48
526 1.16
526 25.44
526 18.04
527 14.48
527 1.16
527 25.44
527 18.04
528 14.48
528 1.16
528 25.44
528 18.04
529 14.48
529 1.16
529 25.44
529 18.04
530 14.48
530 1.16
530 25.44
530 18.04
531 14.48
531 1.16
531 25.44
531 18.04
532 14.48
532 1.16
532 25.44
532 18.04
533 14.48
533 1.16
533 25.44
533 18.04
534 14.48
534 1.16
534 25.44
534 18.04
535 14.48
535 1.16
535 25.44
535 18.04
536 14.48
536 1.16
536 25.44
536 18.04
537 14.48
537 1.16
537 25.44
537 18.04
538 14.48
538 1.16
538 25.44
538 18.04
539 14.48
539 1.16
539 25.44
539 18.04
540 14.48
540 1.16
540 25.44
540 18.04
541 14.48
541 1.16
541 25.44
541 18.04
542 14.48
542 1.16
542 25.44
542 18.04
543 14.48
543 1.16
543 25.44
543 18.04
544 14.48
544 1.16
544 25.44
544 18.04
545 14.48
545 1.16
545 25.44
545 18.04
546 14.48
546 1.16
546 25.44
546 18.04
547 14.48
547 1.16
547 25.44
547 18.04
548 14.48
548 1.16
548 25.44
548 18.04
561 14.48
561 1.16
561 25.44
561 18.04
562 14.48
562 1.16
562 25.44
562 18.04
563 14.48
563 1.16
563 25.44
563 18.04
564 14.48
564 1.16
564 25.44
564 18.04
565 14.48
565 1.16
565 25.44
565 18.04
566 14.48
566 1.16
566 25.44
566 18.04
567 14.48
567 1.16
567 25.44
567 18.04
568 14.48
568 1.16
568 25.44
568 18.04
569 14.48
569 1.16
569 25.44
569 18.04
570 14.48
570 1.16
570 25.44
570 18.04
571 14.48
571 1.16
571 25.44
571 18.04
572 14.48
572 1.16
572 25.44
572 18.04
573 14.48
573 1.16
573 25.44
573 18.04
574 14.48
574 1.16
574 25.44
574 18.04
575 14.48
575 1.16
575 25.44
575 18.04
576 14.48
576 1.16
576 25.44
576 18.04
577 14.48
577 1.16
577 25.44
577 18.04
578 14.48
578 1.16
578 25.44
578 18.04
579 14.48
579 1.16
579 25.44
579 18.04
580 14.48
580 1.16
580 25.44
580 18.04
581 14.48
581 1.16
581 25.44
581 18.04
582 14.48
582 1.16
582 25.44
582 18.04
583 14.48
583 1.16
583 25.44
583 18.04
584 14.48
584 1.16
584 25.44
584 18.04
585 14.48
585 1.16
585 25.44
585 18.04
586 14.48
586 1.16
586 25.44
586 18.04
587 14.48
587 1.16
587 25.44
587 18.04
588 14.48
588 1.16
588 25.44
588 18.04
589 14.48
589 1.16
589 25.44
589 18.04
590 14.48
590 1.16
590 25.44
590 18.04
591 14.48
591 1.16
591 25.44
591 18.04
592 14.48
592 1.16
592 25.44
592 18.04
593 14.48
593 1.16
593 25.44
593 18.04
594 14.48
594 1.16
594 25.44
594 18.04
595 14.48
595 1.16
595 25.44
595 18.04
596 14.48
596 1.16
596 25.44
596 18.04
597 14.48
597 1.16
597 25.44
597 18.04
598 14.48
598 1.16
598 25.44
598 18.04
599 14.48
599 1.16
599 25.44
599 18.04
600 14.48
600 1.16
600 25.44
600 18.04
601 14.48
601 1.16
601 25.44
601 18.04
602 14.48
602 1.16
602 25.44
602 18.04
603 14.48
603 1.16
603 25.44
603 18.04
604 14.48
604 1.16
604 25.44
604 18.04
605 14.48
605 1.16
605 25.44
605 18.04
606 14.48
606 1.16
606 25.44
606 18.04
607 14.48
607 1.16
607 25.44
607 18.04
608 14.48
608 1.16
608 25.44
608 18.04
609 14.48
609 1.16
609 25.44
609 18.04
610 14.48
610 1.16
610 25.44
610 18.04
611 14.48
611 1.16
611 25.44
611 18.04
612 14.48
612 1.16
612 25.44
612 18.04
613 14.48
613 1.16
613 25.44
613 18.04
614 14.48
614 1.16
614 25.44
614 18.04
615 14.48
615 1.16
615 25.44
615 18.04
616 14.48
616 1.16
616 25.44
616 18.04
617 14.48
617 1.16
617 25.44
617 18.04
618 14.48
618 1.16
618 25.44
618 18.04
619 14.48
619 1.16
619 25.44
619 18.04
620 14.48
620 1.16
620 25.44
620 18.04
621 14.48
621 1.16
621 25.44
621 18.04
622 14.48
622 1.16
622 25.44
622 18.04
623 14.48
623 1.16
623 25.44
623 18.04
624 14.48
624 1.16
624 25.44
624 18.04
625 14.48
625 1.16
625 25.44
625 18.04
626 14.48
626 1.16
626 25.44
626 18.04
627 14.48
627 1.16
627 25.44
627 18.04
628 14.48
628 1.16
628 25.44
628 18.04
629 14.48
629 1.16
629 25.44
629 18.04
630 14.48
630 1.16
630 25.44
630 18.04
631 14.48
631 1.16
631 25.44
631 18.04
632 14.48
632 1.16
632 25.44
632 18.04
633 14.48
633 1.16
633 25.44
633 18.04
634 14.48
634 1.16
634 25.44
634 18.04
635 14.48
635 1.16
635 25.44
635 18.04
636 14.48
636 1.16
636 25.44
636 18.04
652 14.48
652 1.16
652 25.44
652 18.04
653 14.48
653 1.16
653 25.44
653 18.04
654 14.48
654 1.16
654 25.44
654 18.04
655 14.48
655 1.16
655 25.44
655 18.04
656 14.48
656 1.16
656 25.44
656 18.04
657 14.48
657 1.16
657 25.44
657 18.04
658 14.48
658 1.16
658 25.44
658 18.04
659 14.48
659 1.16
659 25.44
659 18.04
660 14.48
660 1.16
660 25.44
660 18.04
661 14.48
661 1.16
661 25.44
661 18.04
662 14.48
662 1.16
662 25.44
662 18.04
663 14.48
663 1.16
663 25.44
663 18.04
664 14.48
664 1.16
664 25.44
664 18.04
665 14.48
665 1.16
665 25.44
665 18.04
666 14.48
666 1.16
666 25.44
666 18.04
667 14.48
667 1.16
667 25.44
667 18.04
668 14.48
668 1.16
668 25.44
668 18.04
669 14.48
669 1.16
669 25.44
669 18.04
670 14.48
670 1.16
670 25.44
670 18.04
671 14.48
671 1.16
671 25.44
671 18.04
672 14.48
672 1.16
672 25.44
672 18.04
673 14.48
673 1.16
673 25.44
673 18.04
674 14.48
674 1.16
674 25.44
674 18.04
675 14.48
675 1.16
675 25.44
675 18.04
676 14.48
676 1.16
676 25.44
676 18.04
677 14.48
677 1.16
677 25.44
677 18.04
678 14.48
678 1.16
678 25.44
678 18.04
679 14.48
679 1.16
679 25.44
679 18.04
680 14.48
680 1.16
680 25.44
680 18.04
681 14.48
681 1.16
681 25.44
681 18.04
682 14.48
682 1.16
682 25.44
682 18.04
683 14.48
683 1.16
683 25.44
683 18.04
684 14.48
684 1.16
684 25.44
684 18.04
685 14.48
685 1.16
685 25.44
685 18.04
686 14.48
686 1.16
686 25.44
686 18.04
687 14.48
687 1.16
687 25.44
687 18.04
688 14.48
688 1.16
688 25.44
688 18.04
689 14.48
689 1.16
689 25.44
689 18.04
690 14.48
690 1.16
690 25.44
690 18.04
691 14.48
691 1.16
691 25.44
691 18.04
692 14.48
692 1.16
692 25.44
692 18.04
693 14.48
693 1.16
693 25.44
693 18.04
694 14.48
694 1.16
694 25.44
694 18.04
695 14.48
695 1.16
695 25.44
695 18.04
696 14.48
696 1.16
696 25.44
696 18.04
697 14.48
697 1.16
697 25.44
697 18.04
698 14.48
698 1.16
698 25.44
698 18.04
699 14.48
699 1.16
699 25.44
699 18.04
700 14.48
700 1.16
700 25.44
700 18.04
701 14.48
701 1.16
701 25.44
701 18.04
702 14.48
702 1.16
702 25.44
702 18.04
703 14.48
703 1.16
703 25.44
703 18.04
704 14.48
704 1.16
704 25.44
704 18.04
705 14.48
705 1.16
705 25.44
705 18.04
706 14.48
706 1.16
706 25.44
706 18.04
707 14.48
707 1.16
707 25.44
707 18.04
708 14.48
708 1.16
708 25.44
708 18.04
709 14.48
709 1.16
709 25.44
709 18.04
710 14.48
710 1.16
710 25.44
710 18.04
711 14.48
711 1.16
711 25.44
711 18.04
712 14.48
712 1.16
712 25.44
712 18.04
713 14.48
713 1.16
713 25.44
713 18.04
714 14.48
714 1.16
714 25.44
714 18.04
715 14.48
715 1.16
715 25.44
715 18.04
716 14.48
716 1.16
716 25.44
716 18.04
717 14.48
717 1.16
717 25.44
717 18.04
718 14.48
718 1.16
718 25.44
718 18.04
719 14.48
719 1.16
719 25.44
719 18.04
720 14.48
720 1.16
720 25.44
720 18.04
721 14.48
721 1.16
721 25.44
721 18.04
722 14.48
722 1.16
722 25.44
722 18.04
723 14.48
723 1.16
723 25.44
723 18.04
724 14.48
724 1.16
724 25.44
724 18.04
725 14.48
725 1.16
725 25.44
725 18.04
726 14.48
726 1.16
726 25.44
726 18.04
750 14.48
750 1.16
750 25.44
750 18.04
751 14.48
751 1.16
751 25.44
751 18.04
752 14.48
752 1.16
752 25.44
752 18.04
753 14.48
753 1.16
753 25.44
753 18.04
754 14.48
754 1.16
754 25.44
754 18.04
755 14.48
755 1.16
755 25.44
755 18.04
756 14.48
756 1.16
756 25.44
756 18.04
757 14.48
757 1.16
757 25.44
757 18.04
758 14.48
758 1.16
758 25.44
758 18.04
759 14.48
759 1.16
759 25.44
759 18.04
760 14.48
760 1.16
760 25.44
760 18.04
761 14.48
761 1.16
761 25.44
761 18.04
762 14.48
762 1.16
762 25.44
762 18.04
763 14.48
763 1.16
763 25.44
763 18.04
764 14.48
764 1.16
764 25.44
764 18.04
765 14.48
765 1.16
765 25.44
765 18.04
766 14.48
766 1.16
766 25.44
766 18.04
767 14.48
767 1.16
767 25.44
767 18.04
768 14.48
768 1.16
768 25.44
768 18.04
769 14.48
769 1.16
769 25.44
769 18.04
770 14.48
770 1.16
770 25.44
770 18.04
771 14.48
771 1.16
771 25.44
771 18.04
772 14.48
772 1.16
772 25.44
772 18.04
773 14.48
773 1.16
773 25.44
773 18.04
774 14.48
774 1.16
774 25.44
774 18.04
775 14.48
775 1.16
775 25.44
775 18.04
776 14.48
776 1.16
776 25.44
776 18.04
777 14.48
777 1.16
777 25.44
777 18.04
778 14.48
778 1.16
778 25.44
778 18.04
779 14.48
779 1.16
779 25.44
779 18.04
780 14.48
780 1.16
780 25.44
780 18.04
781 14.48
781 1.16
781 25.44
781 18.04
782 14.48
782 1.16
782 25.44
782 18.04
783 14.48
783 1.16
783 25.44
783 18.04
784 14.48
784 1.16
784 25.44
784 18.04
785 14.48
785 1.16
785 25.44
785 18.04
786 14.48
786 1.16
786 25.44
786 18.04
787 14.48
787 1.16
787 25.44
787 18.04
788 14.48
788 1.16
788 25.44
788 18.04
789 14.48
789 1.16
789 25.44
789 18.04
790 14.48
790 1.16
790 25.44
790 18.04
791 14.48
791 1.16
791 25.44
791 18.04
792 14.48
792 1.16
792 25.44
792 18.04
793 14.48
793 1.16
793 25.44
793 18.04
794 14.48
794 1.16
794 25.44
794 18.04
795 14.48
795 1.16
795 25.44
795 18.04
796 14.48
796 1.16
796 25.44
796 18.04
797 14.48
797 1.16
797 25.44
797 18.04
798 14.48
798 1.16
798 25.44
798 18.04
799 14.48
799 1.16
799 25.44
799 18.04
800 14.48
800 1.16
800 25.44
800 18.04
801 14.48
801 1.16
801 25.44
801 18.04
802 14.48
802 1.16
802 25.44
802 18.04
803 14.48
803 1.16
803 25.44
803 18.04
804 14.48
804 1.16
804 25.44
804 18.04
805 14.48
805 1.16
805 25.44
805 18.04
806 14.48
806 1.16
806 25.44
806 18.04
807 14.48
807 1.16
807 25.44
807 18.04
808 14.48
808 1.16
808 25.44
808 18.04
809 14.48
809 1.16
809 25.44
809 18.04
810 14.48
810 1.16
810 25.44
810 18.04
811 14.48
811 1.16
811 25.44
811 18.04
812 14.48
812 1.16
812 25.44
812 18.04
813 14.48
813 1.16
813 25.44
813 18.04
814 14.48
814 1.16
814 25.44
814 18.04
815 14.48
815 1.16
815 25.44
815 18.04
816 14.48
816 1.16
816 25.44
816 18.04
817 14.48
817 1.16
817 25.44
817 18.04
818 14.48
818 1.16
818 25.44
818 18.04
819 14.48
819 1.16
819 25.44
819 18.04
820 14.48
820 1.16
820 25.44
820 18.04
821 14.48
821 1.16
821 25.44
821 18.04
822 14.48
822 1.16
822 25.44
822 18.04
823 14.48
823 1.16
823 25.44
823 18.04
855 14.48
855 1.16
855 25.44
855 18.04
856 14.48
856 1.16
856 25.44
856 18.04
857 14.48
857 1.16
857 25.44
857 18.04
858 14.48
858 1.16
858 25.44
858 18.04
859 14.48
859 1.16
859 25.44
859 18.04
860 14.48
860 1.16
860 25.44
860 18.04
861 14.48
861 1.16
861 25.44
861 18.04
862 14.48
862 1.16
862 25.44
862 18.04
863 14.48
863 1.16
863 25.44
863 18.04
864 14.48
864 1.16
864 25.44
864 18.04
865 14.48
865 1.16
865 25.44
865 18.04
866 14.48
866 1.16
866 25.44
866 18.04
867 14.48
867 1.16
867 25.44
867 18.04
868 14.48
868 1.16
868 25.44
868 18.04
869 14.48
869 1.16
869 25.44
869 18.04
870 14.48
870 1.16
870 25.44
870 18.04
871 14.48
871 1.16
871 25.44
871 18.04
872 14.48
872 1.16
872 25.44
872 18.04
873 14.48
873 1.16
873 25.44
873 18.04
874 14.48
874 1.16
874 25.44
874 18.04
875 14.48
875 1.16
875 25.44
875 18.04
876 14.48
876 1.16
876 25.44
876 18.04
877 14.48
877 1.16
877 25.44
877 18.04
878 14.48
878 1.16
878 25.44
878 18.04
879 14.48
879 1.16
879 25.44
879 18.04
880 14.48
880 1.16
880 25.44
880 18.04
881 14.48
881 1.16
881 25.44
881 18.04
882 14.48
882 1.16
882 25.44
882 18.04
883 14.48
883 1.16
883 25.44
883 18.04
884 14.48
884 1.16
884 25.44
884 18.04
885 14.48
885 1.16
885 25.44
885 18.04
886 14.48
886 1.16
886 25.44
886 18.04
887 14.48
887 1.16
887 25.44
887 18.04
888 14.48
888 1.16
888 25.44
888 18.04
889 14.48
889 1.16
889 25.44
889 18.04
890 14.48
890 1.16
890 25.44
890 18.04
891 14.48
891 1.16
891 25.44
891 18.04
892 14.48
892 1.16
892 25.44
892 18.04
893 14.48
893 1.16
893 25.44
893 18.04
894 14.48
894 1.16
894 25.44
894 18.04
895 14.48
895 1.16
895 25.44
895 18.04
896 14.48
896 1.16
896 25.44
896 18.04
897 14.48
897 1.16
897 25.44
897 18.04
898 14.48
898 1.16
898 25.44
898 18.04
899 14.48
899 1.16
899 25.44
899 18.04
900 14.48
900 1.16
900 25.44
900 18.04
901 14.48
901 1.16
901 25.44
901 18.04
902 14.48
902 1.16
902 25.44
902 18.04
917 14.48
917 1.16
917 25.44
917 18.04
918 14.48
918 1.16
918 25.44
918 18.04
919 14.48
919 1.16
919 25.44
919 18.04
920 14.48
920 1.16
920 25.44
920 18.04
921 14.48
921 1.16
921 25.44
921 18.04
922 14.48
922 1.16
922 25.44
922 18.04
923 14.48
923 1.16
923 25.44
923 18.04
924 14.48
924 1.16
924 25.44
924 18.04
925 14.48
925 1.16
925 25.44
925 18.04
926 14.48
926 1.16
926 25.44
926 18.04
927 14.48
927 1.16
927 25.44
927 18.04
966 14.48
966 1.16
966 25.44
966 18.04
967 14.48
967 1.16
967 25.44
967 18.04
968 14.48
968 1.16
968 25.44
968 18.04
969 14.48
969 1.16
969 25.44
969 18.04
970 14.48
970 1.16
970 25.44
970 18.04
971 14.48
971 1.16
971 25.44
971 18.04
972 14.48
972 1.16
972 25.44
972 18.04
973 14.48
973 1.16
973 25.44
973 18.04
974 14.48
974 1.16
974 25.44
974 18.04
975 14.48
975 1.16
975 25.44
975 18.04
976 14.48
976 1.16
976 25.44
976 18.04
977 14.48
977 1.16
977 25.44
977 18.04
978 14.48
978 1.16
978 25.44
978 18.04
979 14.48
979 1.16
979 25.44
979 18.04
980 14.48
980 1.16
980 25.44
980 18.04
981 14.48
981 1.16
981 25.44
981 18.04
982 14.48
982 1.16
982 25.44
982 18.04
983 14.48
983 1.16
983 25.44
983 18.04
984 14.48
984 1.16
984 25.44
984 18.04
985 14.48
985 1.16
985 25.44
985 18.04
986 14.48
986 1.16
986 25.44
986 18.04
987 14.48
987 1.16
987 25.44
987 18.04
988 14.48
988 1.16
988 25.44
988 18.04
989 14.48
989 1.16
989 25.44
989 18.04
990 14.48
990 1.16
990 25.44
990 18.04
991 14.48
991 1.16
991 25.44
991 18.04
992 14.48
992 1.16
992 25.44
992 18.04
993 14.48
993 1.16
993 25.44
993 18.04
994 14.48
994 1.16
994 25.44
994 18.04
995 14.48
995 1.16
995 25.44
995 18.04
996 14.48
996 1.16
996 25.44
996 18.04
997 14.48
997 1.16
997 25.44
997 18.04
998 14.48
998 1.16
998 25.44
998 18.04
999 14.48
999 1.16
999 25.44
999 18.04
1000 14.48
1000 1.16
1000 25.44
1000 18.04
1001 14.48
1001 1.16
1001 25.44
1001 18.04
1002 14.48
1002 1.16
1002 25.44
1002 18.04
1003 14.48
1003 1.16
1003 25.44
1003 18.04
1004 14.48
1004 1.16
1004 25.44
1004 18.04
1005 14.48
1005 1.16
1005 25.44
1005 18.04
1006 14.48
1006 1.16
1006 25.44
1006 18.04
1007 14.48
1007 1.16
1007 25.44
1007 18.04
1008 14.48
1008 1.16
1008 25.44
1008 18.04
1009 14.48
1009 1.16
1009 25.44
1009 18.04
1010 14.48
1010 1.16
1010 25.44
1010 18.04
1011 14.48
1011 1.16
1011 25.44
1011 18.04
1012 14.48
1012 1.16
1012 25.44
1012 18.04
1013 14.48
1013 1.16
1013 25.44
1013 18.04
1027 14.48
1027 1.16
1027 25.44
1027 18.04
1028 14.48
1028 1.16
1028 25.44
1028 18.04
1029 14.48
1029 1.16
1029 25.44
1029 18.04
1030 14.48
1030 1.16
1030 25.44
1030 18.04
1031 14.48
1031 1.16
1031 25.44
1031 18.04
1032 14.48
1032 1.16
1032 25.44
1032 18.04
1033 14.48
1033 1.16
1033 25.44
1033 18.04
1034 14.48
1034 1.16
1034 25.44
1034 18.04
1035 14.48
1035 1.16
1035 25.44
1035 18.04
1036 14.48
1036 1.16
1036 25.44
1036 18.04
1037 14.48
1037 1.16
1037 25.44
1037 18.04
1083 14.48
1083 1.16
1083 25.44
1083 18.04
1084 14.48
1084 1.16
1084 25.44
1084 18.04
1085 14.48
1085 1.16
1085 25.44
1085 18.04
1086 14.48
1086 1.16
1086 25.44
1086 18.04
1087 14.48
1087 1.16
1087 25.44
1087 18.04
1088 14.48
1088 1.16
1088 25.44
1088 18.04
1089 14.48
1089 1.16
1089 25.44
1089 18.04
1090 14.48
1090 1.16
1090 25.44
1090 18.04
1091 14.48
1091 1.16
1091 25.44
1091 18.04
1092 14.48
1092 1.16
1092 25.44
1092 18.04
1093 14.48
1093 1.16
1093 25.44
1093 18.04
1094 14.48
1094 1.16
1094 25.44
1094 18.04
1095 14.48
1095 1.16
1095 25.44
1095 18.04
1096 14.48
1096 1.16
1096 25.44
1096 18.04
1097 14.48
1097 1.16
1097 25.44
1097 18.04
1098 14.48
1098 1.16
1098 25.44
1098 18.04
1099 14.48
1099 1.16
1099 25.44
1099 18.04
1100 14.48
1100 1.16
1100 25.44
1100 18.04
1101 14.48
1101 1.16
1101 25.44
1101 18.04
1102 14.48
1102 1.16
1102 25.44
1102 18.04
1103 14.48
1103 1.16
1103 25.44
1103 18.04
1104 14.48
1104 1.16
1104 25.44
1104 18.04
1105 14.48
1105 1.16
1105 25.44
1105 18.04
1106 14.48
1106 1.16
1106 25.44
1106 18.04
1107 14.48
1107 1.16
1107 25.44
1107 18.04
1108 14.48
1108 1.16
1108 25.44
1108 18.04
1109 14.48
1109 1.16
1109 25.44
1109 18.04
1110 14.48
1110 1.16
1110 25.44
1110 18.04
1111 14.48
1111 1.16
1111 25.44
1111 18.04
1112 14.48
1112 1.16
1112 25.44
1112 18.04
1113 14.48
1113 1.16
1113 25.44
1113 18.04
1114 14.48
1114 1.16
1114 25.44
1114 18.04
1115 14.48
1115 1.16
1115 25.44
1115 18.04
1116 14.48
1116 1.16
1116 25.44
1116 18.04
1117 14.48
1117 1.16
1117 25.44
1117 18.04
1118 14.48
1118 1.16
1118 25.44
1118 18.04
1119 14.48
1119 1.16
1119 25.44
1119 18.04
1120 14.48
1120 1.16
1120 25.44
1120 18.04
1121 14.48
1121 1.16
1121 25.44
1121 18.04
1122 14.48
1122 1.16
1122 25.44
1122 18.04
1123 14.48
1123 1.16
1123 25.44
1123 18.04
1124 14.48
1124 1.16
1124 25.44
1124 18.04
1125 14.48
1125 1.16
1125 25.44
1125 18.04
1126 14.48
1126 1.16
1126 25.44
1126 18.04
1127 14.48
1127 1.16
1127 25.44
1127 18.04
1128 14.48
1128 1.16
1128 25.44
1128 18.04
1129 14.48
1129 1.16
1129 25.44
1129 18.04
1144 14.48
1144 1.16
1144 25.44
1144 18.04
1145 14.48
1145 1.16
1145 25.44
1145 18.04
1146 14.48
1146 1.16
1146 25.44
1146 18.04
1147 14.48
1147 1.16
1147 25.44
1147 18.04
1148 14.48
1148 1.16
1148 25.44
1148 18.04
1149 14.48
1149 1.16
1149 25.44
1149 18.04
1150 14.48
1150 1.16
1150 25.44
1150 18.04
1151 14.48
1151 1.16
1151 25.44
1151 18.04
1152 14.48
1152 1.16
1152 25.44
1152 18.04
1153 14.48
1153 1.16
1153 25.44
1153 18.04
1206 14.48
1206 1.16
1206 25.44
1206 18.04
1207 14.48
1207 1.16
1207 25.44
1207 18.04
1208 14.48
1208 1.16
1208 25.44
1208 18.04
1209 14.48
1209 1.16
1209 25.44
1209 18.04
1210 14.48
1210 1.16
1210 25.44
1210 18.04
1211 14.48
1211 1.16
1211 25.44
1211 18.04
1212 14.48
1212 1.16
1212 25.44
1212 18.04
1213 14.48
1213 1.16
1213 25.44
1213 18.04
1214 14.48
1214 1.16
1214 25.44
1214 18.04
1215 14.48
1215 1.16
1215 25.44
1215 18.04
1216 14.48
1216 1.16
1216 25.44
1216 18.04
1217 14.48
1217 1.16
1217 25.44
1217 18.04
1218 14.48
1218 1.16
1218 25.44
1218 18.04
1219 14.48
1219 1.16
1219 25.44
1219 18.04
1220 14.48
1220 1.16
1220 25.44
1220 18.04
1221 14.48
1221 1.16
1221 25.44
1221 18.04
1222 14.48
1222 1.16
1222 25.44
1222 18.04
1223 14.48
1223 1.16
1223 25.44
1223 18.04
1224 14.48
1224 1.16
1224 25.44
1224 18.04
1225 14.48
1225 1.16
1225 25.44
1225 18.04
1226 14.48
1226 1.16
1226 25.44
1226 18.04
1227 14.48
1227 1.16
1227 25.44
1227 18.04
1228 14.48
1228 1.16
1228 25.44
1228 18.04
1229 14.48
1229 1.16
1229 25.44
1229 18.04
1230 14.48
1230 1.16
1230 25.44
1230 18.04
1231 14.48
1231 1.16
1231 25.44
1231 18.04
1232 14.48
1232 1.16
1232 25.44
1232 18.04
1233 14.48
1233 1.16
1233 25.44
1233 18.04
1234 14.48
1234 1.16
1234 25.44
1234 18.04
1235 14.48
1235 1.16
1235 25.44
1235 18.04
1236 14.48
1236 1.16
1236 25.44
1236 18.04
1237 14.48
1237 1.16
1237 25.44
1237 18.04
1238 14.48
1238 1.16
1238 25.44
1238 18.04
1239 14.48
1239 1.16
1239 25.44
1239 18.04
1240 14.48
1240 1.16
1240 25.44
1240 18.04
1241 14.48
1241 1.16
1241 25.44
1241 18.04
1242 14.48
1242 1.16
1242 25.44
1242 18.04
1243 14.48
1243 1.16
1243 25.44
1243 18.04
1244 14.48
1244 1.16
1244 25.44
1244 18.04
1245 14.48
1245 1.16
1245 25.44
1245 18.04
1246 14.48
1246 1.16
1246 25.44
1246 18.04
1247 14.48
1247 1.16
1247 25.44
1247 18.04
1248 14.48
1248 1.16
1248 25.44
1248 18.04
1268 14.48
1268 1.16
1268 25.44
1268 18.04
1269 14.48
1269 1.16
1269 25.44
1269 18.04
1270 14.48
1270 1.16
1270 25.44
1270 18.04
1271 14.48
1271 1.16
1271 25.44
1271 18.04
1272 14.48
1272 1.16
1272 25.44
1272 18.04
1273 14.48
1273 1.16
1273 25.44
1273 18.04
1274 14.48
1274 1.16
1274 25.44
1274 18.04
1275 14.48
1275 1.16
1275 25.44
1275 18.04
1335 14.48
1335 1.16
1335 25.44
1335 18.04
1336 14.48
1336 1.16
1336 25.44
1336 18.04
1337 14.48
1337 1.16
1337 25.44
1337 18.04
1338 14.48
1338 1.16
1338 25.44
1338 18.04
1339 14.48
1339 1.16
1339 25.44
1339 18.04
1340 14.48
1340 1.16
1340 25.44
1340 18.04
1341 14.48
1341 1.16
1341 25.44
1341 18.04
1342 14.48
1342 1.16
1342 25.44
1342 18.04
1343 14.48
1343 1.16
1343 25.44
1343 18.04
1344 14.48
1344 1.16
1344 25.44
1344 18.04
1345 14.48
1345 1.16
1345 25.44
1345 18.04
1346 14.48
1346 1.16
1346 25.44
1346 18.04
1347 14.48
1347 1.16
1347 25.44
1347 18.04
1348 14.48
1348 1.16
1348 25.44
1348 18.04
1349 14.48
1349 1.16
1349 25.44
1349 18.04
1350 14.48
1350 1.16
1350 25.44
1350 18.04
1351 14.48
1351 1.16
1351 25.44
1351 18.04
1352 14.48
1352 1.16
1352 25.44
1352 18.04
1353 14.48
1353 1.16
1353 25.44
1353 18.04
1354 14.48
1354 1.16
1354 25.44
1354 18.04
1355 14.48
1355 1.16
1355 25.44
1355 18.04
1356 14.48
1356 1.16
1356 25.44
1356 18.04
1357 14.48
1357 1.16
1357 25.44
1357 18.04
1358 14.48
1358 1.16
1358 25.44
1358 18.04
1359 14.48
1359 1.16
1359 25.44
1359 18.04
1360 14.48
1360 1.16
1360 25.44
1360 18.04
1361 14.48
1361 1.16
1361 25.44
1361 18.04
1362 14.48
1362 1.16
1362 25.44
1362 18.04
1363 14.48
1363 1.16
1363 25.44
1363 18.04
1364 14.48
1364 1.16
1364 25.44
1364 18.04
1365 14.48
1365 1.16
1365 25.44
1365 18.04
1366 14.48
1366 1.16
1366 25.44
1366 18.04
1367 14.48
1367 1.16
1367 25.44
1367 18.04
1368 14.48
1368 1.16
1368 25.44
1368 18.04
1369 14.48
1369 1.16
1369 25.44
1369 18.04
1370 14.48
1370 1.16
1370 25.44
1370 18.04
1371 14.48
1371 1.16
1371 25.44
1371 18.04
1372 14.48
1372 1.16
1372 25.44
1372 18.04
1373 14.48
1373 1.16
1373 25.44
1373 18.04
1374 14.48
1374 1.16
1374 25.44
1374 18.04
1375 14.48
1375 1.16
1375 25.44
1375 18.04
1376 14.48
1376 1.16
1376 25.44
1376 18.04
1377 14.48
1377 1.16
1377 25.44
1377 18.04
1396 14.48
1396 1.16
1396 25.44
1396 18.04
1397 14.48
1397 1.16
1397 25.44
1397 18.04
1398 14.48
1398 1.16
1398 25.44
1398 18.04
1399 14.48
1399 1.16
1399 25.44
1399 18.04
1400 14.48
1400 1.16
1400 25.44
1400 18.04
1401 14.48
1401 1.16
1401 25.44
1401 18.04
1402 14.48
1402 1.16
1402 25.44
1402 18.04
1403 14.48
1403 1.16
1403 25.44
1403 18.04
1471 14.48
1471 1.16
1471 25.44
1471 18.04
1472 14.48
1472 1.16
1472 25.44
1472 18.04
1473 14.48
1473 1.16
1473 25.44
1473 18.04
1474 14.48
1474 1.16
1474 25.44
1474 18.04
1475 14.48
1475 1.16
1475 25.44
1475 18.04
1476 14.48
1476 1.16
1476 25.44
1476 18.04
1477 14.48
1477 1.16
1477 25.44
1477 18.04
1478 14.48
1478 1.16
1478 25.44
1478 18.04
1479 14.48
1479 1.16
1479 25.44
1479 18.04
1480 14.48
1480 1.16
1480 25.44
1480 18.04
1481 14.48
1481 1.16
1481 25.44
1481 18.04
1482 14.48
1482 1.16
1482 25.44
1482 18.04
1483 14.48
1483 1.16
1483 25.44
1483 18.04
1484 14.48
1484 1.16
1484 25.44
1484 18.04
1485 14.48
1485 1.16
1485 25.44
1485 18.04
1486 14.48
1486 1.16
1486 25.44
1486 18.04
1487 14.48
1487 1.16
1487 25.44
1487 18.04
1488 14.48
1488 1.16
1488 25.44
1488 18.04
1489 14.48
1489 1.16
1489 25.44
1489 18.04
1490 14.48
1490 1.16
1490 25.44
1490 18.04
1491 14.48
1491 1.16
1491 25.44
1491 18.04
1492 14.48
1492 1.16
1492 25.44
1492 18.04
1493 14.48
1493 1.16
1493 25.44
1493 18.04
1494 14.48
1494 1.16
1494 25.44
1494 18.04
1495 14.48
1495 1.16
1495 25.44
1495 18.04
1496 14.48
1496 1.16
1496 25.44
1496 18.04
1497 14.48
1497 1.16
1497 25.44
1497 18.04
1498 14.48
1498 1.16
1498 25.44
1498 18.04
1499 14.48
1499 1.16
1499 25.44
1499 18.04
1500 14.48
1500 1.16
1500 25.44
1500 18.04
1501 14.48
1501 1.16
1501 25.44
1501 18.04
1502 14.48
1502 1.16
1502 25.44
1502 18.04
1503 14.48
1503 1.16
1503 25.44
1503 18.04
1504 14.48
1504 1.16
1504 25.44
1504 18.04
1505 14.48
1505 1.16
1505 25.44
1505 18.04
1506 14.48
1506 1.16
1506 25.44
1506 18.04
1507 14.48
1507 1.16
1507 25.44
1507 18.04
1508 14.48
1508 1.16
1508 25.44
1508 18.04
1509 14.48
1509 1.16
1509 25.44
1509 18.04
1510 14.48
1510 1.16
1510 25.44
1510 18.04
1534 14.48
1534 1.16
1534 25.44
1534 18.04
1535 14.48
1535 1.16
1535 25.44
1535 18.04
1536 14.48
1536 1.16
1536 25.44
1536 18.04
1537 14.48
1537 1.16
1537 25.44
1537 18.04
1538 14.48
1538 1.16
1538 25.44
1538 18.04
1614 14.48
1614 1.16
1614 25.44
1614 18.04
1615 14.48
1615 1.16
1615 25.44
1615 18.04
1616 14.48
1616 1.16
1616 25.44
1616 18.04
1617 14.48
1617 1.16
1617 25.44
1617 18.04
1618 14.48
1618 1.16
1618 25.44
1618 18.04
1619 14.48
1619 1.16
1619 25.44
1619 18.04
1620 14.48
1620 1.16
1620 25.44
1620 18.04
1621 14.48
1621 1.16
1621 25.44
1621 18.04
1622 14.48
1622 1.16
1622 25.44
1622 18.04
1623 14.48
1623 1.16
1623 25.44
1623 18.04
1624 14.48
1624 1.16
1624 25.44
1624 18.04
1625 14.48
1625 1.16
1625 25.44
1625 18.04
1626 14.48
1626 1.16
1626 25.44
1626 18.04
1627 14.48
1627 1.16
1627 25.44
1627 18.04
1628 14.48
1628 1.16
1628 25.44
1628 18.04
1629 14.48
1629 1.16
1629 25.44
1629 18.04
1630 14.48
1630 1.16
1630 25.44
1630 18.04
1631 14.48
1631 1.16
1631 25.44
1631 18.04
1632 14.48
1632 1.16
1632 25.44
1632 18.04
1633 14.48
1633 1.16
1633 25.44
1633 18.04
1634 14.48
1634 1.16
1634 25.44
1634 18.04
1635 14.48
1635 1.16
1635 25.44
1635 18.04
1636 14.48
1636 1.16
1636 25.44
1636 18.04
1637 14.48
1637 1.16
1637 25.44
1637 18.04
1638 14.48
1638 1.16
1638 25.44
1638 18.04
1639 14.48
1639 1.16
1639 25.44
1639 18.04
1640 14.48
1640 1.16
1640 25.44
1640 18.04
1641 14.48
1641 1.16
1641 25.44
1641 18.04
1642 14.48
1642 1.16
1642 25.44
1642 18.04
1643 14.48
1643 1.16
1643 25.44
1643 18.04
1644 14.48
1644 1.16
1644 25.44
1644 18.04
1645 14.48
1645 1.16
1645 25.44
1645 18.04
1646 14.48
1646 1.16
1646 25.44
1646 18.04
1647 14.48
1647 1.16
1647 25.44
1647 18.04
1648 14.48
1648 1.16
1648 25.44
1648 18.04
1649 14.48
1649 1.16
1649 25.44
1649 18.04
1650 14.48
1650 1.16
1650 25.44
1650 18.04
1651 14.48
1651 1.16
1651 25.44
1651 18.04
1652 14.48
1652 1.16
1652 25.44
1652 18.04
1675 14.48
1675 1.16
1675 25.44
1675 18.04
1676 14.48
1676 1.16
1676 25.44
1676 18.04
1677 14.48
1677 1.16
1677 25.44
1677 18.04
1678 14.48
1678 1.16
1678 25.44
1678 18.04
1679 14.48
1679 1.16
1679 25.44
1679 18.04
1762 14.48
1762 1.16
1762 25.44
1762 18.04
1763 14.48
1763 1.16
1763 25.44
1763 18.04
1764 14.48
1764 1.16
1764 25.44
1764 18.04
1765 14.48
1765 1.16
1765 25.44
1765 18.04
1766 14.48
1766 1.16
1766 25.44
1766 18.04
1767 14.48
1767 1.16
1767 25.44
1767 18.04
1768 14.48
1768 1.16
1768 25.44
1768 18.04
1769 14.48
1769 1.16
1769 25.44
1769 18.04
1770 14.48
1770 1.16
1770 25.44
1770 18.04
1771 14.48
1771 1.16
1771 25.44
1771 18.04
1772 14.48
1772 1.16
1772 25.44
1772 18.04
1773 14.48
1773 1.16
1773 25.44
1773 18.04
1774 14.48
1774 1.16
1774 25.44
1774 18.04
1775 14.48
1775 1.16
1775 25.44
1775 18.04
1776 14.48
1776 1.16
1776 25.44
1776 18.04
1777 14.48
1777 1.16
1777 25.44
1777 18.04
1778 14.48
1778 1.16
1778 25.44
1778 18.04
1779 14.48
1779 1.16
1779 25.44
1779 18.04
1780 14.48
1780 1.16
1780 25.44
1780 18.04
1781 14.48
1781 1.16
1781 25.44
1781 18.04
1782 14.48
1782 1.16
1782 25.44
1782 18.04
1783 14.48
1783 1.16
1783 25.44
1783 18.04
1784 14.48
1784 1.16
1784 25.44
1784 18.04
1785 14.48
1785 1.16
1785 25.44
1785 18.04
1786 14.48
1786 1.16
1786 25.44
1786 18.04
1787 14.48
1787 1.16
1787 25.44
1787 18.04
1788 14.48
1788 1.16
1788 25.44
1788 18.04
1789 14.48
1789 1.16
1789 25.44
1789 18.04
1790 14.48
1790 1.16
1790 25.44
1790 18.04
1791 14.48
1791 1.16
1791 25.44
1791 18.04
1792 14.48
1792 1.16
1792 25.44
1792 18.04
1793 14.48
1793 1.16
1793 25.44
1793 18.04
1794 14.48
1794 1.16
1794 25.44
1794 18.04
1795 14.48
1795 1.16
1795 25.44
1795 18.04
1796 14.48
1796 1.16
1796 25.44
1796 18.04
1797 14.48
1797 1.16
1797 25.44
1797 18.04
1798 14.48
1798 1.16
1798 25.44
1798 18.04
1799 14.48
1799 1.16
1799 25.44
1799 18.04
1823 14.48
1823 1.16
1823 25.44
1823 18.04
1824 14.48
1824 1.16
1824 25.44
1824 18.04
1825 14.48
1825 1.16
1825 25.44
1825 18.04
1826 14.48
1826 1.16
1826 25.44
1826 18.04
1917 14.48
1917 1.16
1917 25.44
1917 18.04
1918 14.48
1918 1.16
1918 25.44
1918 18.04
1919 14.48
1919 1.16
1919 25.44
1919 18.04
1920 14.48
1920 1.16
1920 25.44
1920 18.04
1921 14.48
1921 1.16
1921 25.44
1921 18.04
1922 14.48
1922 1.16
1922 25.44
1922 18.04
1923 14.48
1923 1.16
1923 25.44
1923 18.04
1924 14.48
1924 1.16
1924 25.44
1924 18.04
1925 14.48
1925 1.16
1925 25.44
1925 18.04
1926 14.48
1926 1.16
1926 25.44
1926 18.04
1927 14.48
1927 1.16
1927 25.44
1927 18.04
1928 14.48
1928 1.16
1928 25.44
1928 18.04
1929 14.48
1929 1.16
1929 25.44
1929 18.04
1930 14.48
1930 1.16
1930 25.44
1930 18.04
1931 14.48
1931 1.16
1931 25.44
1931 18.04
1932 14.48
1932 1.16
1932 25.44
1932 18.04
1933 14.48
1933 1.16
1933 25.44
1933 18.04
1934 14.48
1934 1.16
1934 25.44
1934 18.04
1935 14.48
1935 1.16
1935 25.44
1935 18.04
1936 14.48
1936 1.16
1936 25.44
1936 18.04
1937 14.48
1937 1.16
1937 25.44
1937 18.04
1938 14.48
1938 1.16
1938 25.44
1938 18.04
1939 14.48
1939 1.16
1939 25.44
1939 18.04
1940 14.48
1940 1.16
1940 25.44
1940 18.04
1941 14.48
1941 1.16
1941 25.44
1941 18.04
1942 14.48
1942 1.16
1942 25.44
1942 18.04
1943 14.48
1943 1.16
1943 25.44
1943 18.04
1944 14.48
1944 1.16
1944 25.44
1944 18.04
1945 14.48
1945 1.16
1945 25.44
1945 18.04
1946 14.48
1946 1.16
1946 25.44
1946 18.04
1947 14.48
1947 1.16
1947 25.44
1947 18.04
1948 14.48
1948 1.16
1948 25.44
1948 18.04
1949 14.48
1949 1.16
1949 25.44
1949 18.04
1950 14.48
1950 1.16
1950 25.44
1950 18.04
1951 14.48
1951 1.16
1951 25.44
1951 18.04
1952 14.48
1952 1.16
1952 25.44
1952 18.04
1953 14.48
1953 1.16
1953 25.44
1953 18.04
1954 14.48
1954 1.16
1954 25.44
1954 18.04
1977 14.48
1977 1.16
1977 25.44
1977 18.04
1978 14.48
1978 1.16
1978 25.44
1978 18.04
1979 14.48
1979 1.16
1979 25.44
1979 18.04
2078 14.48
2078 1.16
2078 25.44
2078 18.04
2079 14.48
2079 1.16
2079 25.44
2079 18.04
2080 14.48
2080 1.16
2080 25.44
2080 18.04
2081 14.48
2081 1.16
2081 25.44
2081 18.04
2082 14.48
2082 1.16
2082 25.44
2082 18.04
2083 14.48
2083 1.16
2083 25.44
2083 18.04
2084 14.48
2084 1.16
2084 25.44
2084 18.04
2085 14.48
2085 1.16
2085 25.44
2085 18.04
2086 14.48
2086 1.16
2086 25.44
2086 18.04
2087 14.48
2087 1.16
2087 25.44
2087 18.04
2088 14.48
2088 1.16
2088 25.44
2088 18.04
2089 14.48
2089 1.16
2089 25.44
2089 18.04
2090 14.48
2090 1.16
2090 25.44
2090 18.04
2091 14.48
2091 1.16
2091 25.44
2091 18.04
2092 14.48
2092 1.16
2092 25.44
2092 18.04
2093 14.48
2093 1.16
2093 25.44
2093 18.04
2094 14.48
2094 1.16
2094 25.44
2094 18.04
2095 14.48
2095 1.16
2095 25.44
2095 18.04
2096 14.48
2096 1.16
2096 25.44
2096 18.04
2097 14.48
2097 1.16
2097 25.44
2097 18.04
2098 14.48
2098 1.16
2098 25.44
2098 18.04
2099 14.48
2099 1.16
2099 25.44
2099 18.04
2100 14.48
2100 1.16
2100 25.44
2100 18.04
2101 14.48
2101 1.16
2101 25.44
2101 18.04
2102 14.48
2102 1.16
2102 25.44
2102 18.04
2103 14.48
2103 1.16
2103 25.44
2103 18.04
2104 14.48
2104 1.16
2104 25.44
2104 18.04
2105 14.48
2105 1.16
2105 25.44
2105 18.04
2106 14.48
2106 1.16
2106 25.44
2106 18.04
2107 14.48
2107 1.16
2107 25.44
2107 18.04
2108 14.48
2108 1.16
2108 25.44
2108 18.04
2109 14.48
2109 1.16
2109 25.44
2109 18.04
2110 14.48
2110 1.16
2110 25.44
2110 18.04
2111 14.48
2111 1.16
2111 25.44
2111 18.04
2112 14.48
2112 1.16
2112 25.44
2112 18.04
2113 14.48
2113 1.16
2113 25.44
2113 18.04
2137 14.48
2137 1.16
2137 25.44
2137 18.04
2138 14.48
2138 1.16
2138 25.44
2138 18.04
2245 14.48
2245 1.16
2245 25.44
2245 18.04
2246 14.48
2246 1.16
2246 25.44
2246 18.04
2247 14.48
2247 1.16
2247 25.44
2247 18.04
2248 14.48
2248 1.16
2248 25.44
2248 18.04
2249 14.48
2249 1.16
2249 25.44
2249 18.04
2250 14.48
2250 1.16
2250 25.44
2250 18.04
2251 14.48
2251 1.16
2251 25.44
2251 18.04
2252 14.48
2252 1.16
2252 25.44
2252 18.04
2253 14.48
2253 1.16
2253 25.44
2253 18.04
2254 14.48
2254 1.16
2254 25.44
2254 18.04
2255 14.48
2255 1.16
2255 25.44
2255 18.04
2256 14.48
2256 1.16
2256 25.44
2256 18.04
2257 14.48
2257 1.16
2257 25.44
2257 18.04
2258 14.48
2258 1.16
2258 25.44
2258 18.04
2259 14.48
2259 1.16
2259 25.44
2259 18.04
2260 14.48
2260 1.16
2260 25.44
2260 18.04
2261 14.48
2261 1.16
2261 25.44
2261 18.04
2262 14.48
2262 1.16
2262 25.44
2262 18.04
2263 14.48
2263 1.16
2263 25.44
2263 18.04
2264 14.48
2264 1.16
2264 25.44
2264 18.04
2265 14.48
2265 1.16
2265 25.44
2265 18.04
2266 14.48
2266 1.16
2266 25.44
2266 18.04
2267 14.48
2267 1.16
2267 25.44
2267 18.04
2268 14.48
2268 1.16
2268 25.44
2268 18.04
2269 14.48
2269 1.16
2269 25.44
2269 18.04
2270 14.48
2270 1.16
2270 25.44
2270 18.04
2271 14.48
2271 1.16
2271 25.44
2271 18.04
2272 14.48
2272 1.16
2272 25.44
2272 18.04
2273 14.48
2273 1.16
2273 25.44
2273 18.04
2274 14.48
2274 1.16
2274 25.44
2274 18.04
2275 14.48
2275 1.16
2275 25.44
2275 18.04
2276 14.48
2276 1.16
2276 25.44
2276 18.04
2277 14.48
2277 1.16
2277 25.44
2277 18.04
2278 14.48
2278 1.16
2278 25.44
2278 18.04
2279 14.48
2279 1.16
2279 25.44
2279 18.04
2280 14.48
2280 1.16
2280 25.44
2280 18.04
2303 14.48
2303 1.16
2303 25.44
2303 18.04
2419 14.48
2419 1.16
2419 25.44
2419 18.04
2420 14.48
2420 1.16
2420 25.44
2420 18.04
2421 14.48
2421 1.16
2421 25.44
2421 18.04
2422 14.48
2422 1.16
2422 25.44
2422 18.04
2423 14.48
2423 1.16
2423 25.44
2423 18.04
2424 14.48
2424 1.16
2424 25.44
2424 18.04
2425 14.48
2425 1.16
2425 25.44
2425 18.04
2426 14.48
2426 1.16
2426 25.44
2426 18.04
2427 14.48
2427 1.16
2427 25.44
2427 18.04
2428 14.48
2428 1.16
2428 25.44
2428 18.04
2429 14.48
2429 1.16
2429 25.44
2429 18.04
2430 14.48
2430 1.16
2430 25.44
2430 18.04
2431 14.48
2431 1.16
2431 25.44
2431 18.04
2432 14.48
2432 1.16
2432 25.44
2432 18.04
2433 14.48
2433 1.16
2433 25.44
2433 18.04
2434 14.48
2434 1.16
2434 25.44
2434 18.04
2435 14.48
2435 1.16
2435 25.44
2435 18.04
2436 14.48
2436 1.16
2436 25.44
2436 18.04
2437 14.48
2437 1.16
2437 25.44
2437 18.04
2438 14.48
2438 1.16
2438 25.44
2438 18.04
2439 14.48
2439 1.16
2439 25.44
2439 18.04
2440 14.48
2440 1.16
2440 25.44
2440 18.04
2441 14.48
2441 1.16
2441 25.44
2441 18.04
2442 14.48
2442 1.16
2442 25.44
2442 18.04
2443 14.48
2443 1.16
2443 25.44
2443 18.04
2444 14.48
2444 1.16
2444 25.44
2444 18.04
2445 14.48
2445 1.16
2445 25.44
2445 18.04
2446 14.48
2446 1.16
2446 25.44
2446 18.04
2447 14.48
2447 1.16
2447 25.44
2447 18.04
2448 14.48
2448 1.16
2448 25.44
2448 18.04
2449 14.48
2449 1.16
2449 25.44
2449 18.04
2450 14.48
2450 1.16
2450 25.44
2450 18.04
2451 14.48
2451 1.16
2451 25.44
2451 18.04
2452 14.48
2452 1.16
2452 25.44
2452 18.04
2596 14.48
2596 1.16
2596 25.44
2596 18.04
2597 14.48
2597 1.16
2597 25.44
2597 18.04
2598 14.48
2598 1.16
2598 25.44
2598 18.04
2599 14.48
2599 1.16
2599 25.44
2599 18.04
2600 14.48
2600 1.16
2600 25.44
2600 18.04
2601 14.48
2601 1.16
2601 25.44
2601 18.04
2602 14.48
2602 1.16
2602 25.44
2602 18.04
2603 14.48
2603 1.16
2603 25.44
2603 18.04
2604 14.48
2604 1.16
2604 25.44
2604 18.04
2605 14.48
2605 1.16
2605 25.44
2605 18.04
2606 14.48
2606 1.16
2606 25.44
2606 18.04
2607 14.48
2607 1.16
2607 25.44
2607 18.04
2608 14.48
2608 1.16
2608 25.44
2608 18.04
2609 14.48
2609 1.16
2609 25.44
2609 18.04
2610 14.48
2610 1.16
2610 25.44
2610 18.04
2611 14.48
2611 1.16
2611 25.44
2611 18.04
2612 14.48
2612 1.16
2612 25.44
2612 18.04
2613 14.48
2613 1.16
2613 25.44
2613 18.04
2614 14.48
2614 1.16
2614 25.44
2614 18.04
2615 14.48
2615 1.16
2615 25.44
2615 18.04
2616 14.48
2616 1.16
2616 25.44
2616 18.04
2617 14.48
2617 1.16
2617 25.44
2617 18.04
2618 14.48
2618 1.16
2618 25.44
2618 18.04
2619 14.48
2619 1.16
2619 25.44
2619 18.04
2620 14.48
2620 1.16
2620 25.44
2620 18.04
2621 14.48
2621 1.16
2621 25.44
2621 18.04
2622 14.48
2622 1.16
2622 25.44
2622 18.04
2623 14.48
2623 1.16
2623 25.44
2623 18.04
2624 14.48
2624 1.16
2624 25.44
2624 18.04
2625 14.48
2625 1.16
2625 25.44
2625 18.04
2626 14.48
2626 1.16
2626 25.44
2626 18.04
2627 14.48
2627 1.16
2627 25.44
2627 18.04
2628 14.48
2628 1.16
2628 25.44
2628 18.04
2629 14.48
2629 1.16
2629 25.44
2629 18.04
2630 14.48
2630 1.16
2630 25.44
2630 18.04
2631 14.48
2631 1.16
2631 25.44
2631 18.04
2650 14.48
2650 1.16
2650 25.44
2650 18.04
2774 14.48
2774 1.16
2774 25.44
2774 18.04
2775 14.48
2775 1.16
2775 25.44
2775 18.04
2776 14.48
2776 1.16
2776 25.44
2776 18.04
2777 14.48
2777 1.16
2777 25.44
2777 18.04
2778 14.48
2778 1.16
2778 25.44
2778 18.04
2779 14.48
2779 1.16
2779 25.44
2779 18.04
2780 14.48
2780 1.16
2780 25.44
2780 18.04
2781 14.48
2781 1.16
2781 25.44
2781 18.04
2782 14.48
2782 1.16
2782 25.44
2782 18.04
2783 14.48
2783 1.16
2783 25.44
2783 18.04
2784 14.48
2784 1.16
2784 25.44
2784 18.04
2785 14.48
2785 1.16
2785 25.44
2785 18.04
2786 14.48
2786 1.16
2786 25.44
2786 18.04
2787 14.48
2787 1.16
2787 25.44
2787 18.04
2788 14.48
2788 1.16
2788 25.44
2788 18.04
2789 14.48
2789 1.16
2789 25.44
2789 18.04
2790 14.48
2790 1.16
2790 25.44
2790 18.04
2791 14.48
2791 1.16
2791 25.44
2791 18.04
2792 14.48
2792 1.16
2792 25.44
2792 18.04
2793 14.48
2793 1.16
2793 25.44
2793 18.04
2794 14.48
2794 1.16
2794 25.44
2794 18.04
2795 14.48
2795 1.16
2795 25.44
2795 18.04
2796 14.48
2796 1.16
2796 25.44
2796 18.04
2797 14.48
2797 1.16
2797 25.44
2797 18.04
2798 14.48
2798 1.16
2798 25.44
2798 18.04
2799 14.48
2799 1.16
2799 25.44
2799 18.04
2800 14.48
2800 1.16
2800 25.44
2800 18.04
2801 14.48
2801 1.16
2801 25.44
2801 18.04
2802 14.48
2802 1.16
2802 25.44
2802 18.04
2803 14.48
2803 1.16
2803 25.44
2803 18.04
2804 14.48
2804 1.16
2804 25.44
2804 18.04
2805 14.48
2805 1.16
2805 25.44
2805 18.04
2806 14.48
2806 1.16
2806 25.44
2806 18.04
2807 14.48
2807 1.16
2807 25.44
2807 18.04
2952 14.48
2952 1.16
2952 25.44
2952 18.04
2953 14.48
2953 1.16
2953 25.44
2953 18.04
2954 14.48
2954 1.16
2954 25.44
2954 18.04
2955 14.48
2955 1.16
2955 25.44
2955 18.04
2956 14.48
2956 1.16
2956 25.44
2956 18.04
2957 14.48
2957 1.16
2957 25.44
2957 18.04
2958 14.48
2958 1.16
2958 25.44
2958 18.04
2959 14.48
2959 1.16
2959 25.44
2959 18.04
2960 14.48
2960 1.16
2960 25.44
2960 18.04
2961 14.48
2961 1.16
2961 25.44
2961 18.04
2962 14.48
2962 1.16
2962 25.44
2962 18.04
2963 14.48
2963 1.16
2963 25.44
2963 18.04
2964 14.48
2964 1.16
2964 25.44
2964 18.04
2965 14.48
2965 1.16
2965 25.44
2965 18.04
2966 14.48
2966 1.16
2966 25.44
2966 18.04
2967 14.48
2967 1.16
2967 25.44
2967 18.04
2968 14.48
2968 1.16
2968 25.44
2968 18.04
2969 14.48
2969 1.16
2969 25.44
2969 18.04
2970 14.48
2970 1.16
2970 25.44
2970 18.04
2971 14.48
2971 1.16
2971 25.44
2971 18.04
2972 14.48
2972 1.16
2972 25.44
2972 18.04
2973 14.48
2973 1.16
2973 25.44
2973 18.04
2974 14.48
2974 1.16
2974 25.44
2974 18.04
2975 14.48
2975 1.16
2975 25.44
2975 18.04
2976 14.48
2976 1.16
2976 25.44
2976 18.04
2977 14.48
2977 1.16
2977 25.44
2977 18.04
2978 14.48
2978 1.16
2978 25.44
2978 18.04
2979 14.48
2979 1.16
2979 25.44
2979 18.04
2980 14.48
2980 1.16
2980 25.44
2980 18.04
2981 14.48
2981 1.16
2981 25.44
2981 18.04
2982 14.48
2982 1.16
2982 25.44
2982 18.04
2983 14.48
2983 1.16
2983 25.44
2983 18.04
2984 14.48
2984 1.16
2984 25.44
2984 18.04
2985 14.48
2985 1.16
2985 25.44
2985 18.04
2986 14.48
2986 1.16
2986 25.44
2986 18.04
3129 14.48
3129 1.16
3129 25.44
3129 18.04
3130 14.48
3130 1.16
3130 25.44
3130 18.04
3131 14.48
3131 1.16
3131 25.44
3131 18.04
3132 14.48
3132 1.16
3132 25.44
3132 18.04
3133 14.48
3133 1.16
3133 25.44
3133 18.04
3134 14.48
3134 1.16
3134 25.44
3134 18.04
3135 14.48
3135 1.16
3135 25.44
3135 18.04
3136 14.48
3136 1.16
3136 25.44
3136 18.04
3137 14.48
3137 1.16
3137 25.44
3137 18.04
3138 14.48
3138 1.16
3138 25.44
3138 18.04
3139 14.48
3139 1.16
3139 25.44
3139 18.04
3140 14.48
3140 1.16
3140 25.44
3140 18.04
3141 14.48
3141 1.16
3141 25.44
3141 18.04
3142 14.48
3142 1.16
3142 25.44
3142 18.04
3143 14.48
3143 1.16
3143 25.44
3143 18.04
3144 14.48
3144 1.16
3144 25.44
3144 18.04
3145 14.48
3145 1.16
3145 25.44
3145 18.04
3146 14.48
3146 1.16
3146 25.44
3146 18.04
3147 14.48
3147 1.16
3147 25.44
3147 18.04
3148 14.48
3148 1.16
3148 25.44
3148 18.04
3149 14.48
3149 1.16
3149 25.44
3149 18.04
3150 14.48
3150 1.16
3150 25.44
3150 18.04
3151 14.48
3151 1.16
3151 25.44
3151 18.04
3152 14.48
3152 1.16
3152 25.44
3152 18.04
3153 14.48
3153 1.16
3153 25.44
3153 18.04
3154 14.48
3154 1.16
3154 25.44
3154 18.04
3155 14.48
3155 1.16
3155 25.44
3155 18.04
3156 14.48
3156 1.16
3156 25.44
3156 18.04
3157 14.48
3157 1.16
3157 25.44
3157 18.04
3158 14.48
3158 1.16
3158 25.44
3158 18.04
3159 14.48
3159 1.16
3159 25.44
3159 18.04
3160 14.48
3160 1.16
3160 25.44
3160 18.04
3161 14.48
3161 1.16
3161 25.44
3161 18.04
3305 14.48
3305 1.16
3305 25.44
3305 18.04
3306 14.48
3306 1.16
3306 25.44
3306 18.04
3307 14.48
3307 1.16
3307 25.44
3307 18.04
3308 14.48
3308 1.16
3308 25.44
3308 18.04
3309 14.48
3309 1.16
3309 25.44
3309 18.04
3310 14.48
3310 1.16
3310 25.44
3310 18.04
3311 14.48
3311 1.16
3311 25.44
3311 18.04
3312 14.48
3312 1.16
3312 25.44
3312 18.04
3313 14.48
3313 1.16
3313 25.44
3313 18.04
3314 14.48
3314 1.16
3314 25.44
3314 18.04
3315 14.48
3315 1.16
3315 25.44
3315 18.04
3316 14.48
3316 1.16
3316 25.44
3316 18.04
3317 14.48
3317 1.16
3317 25.44
3317 18.04
3318 14.48
3318 1.16
3318 25.44
3318 18.04
3319 14.48
3319 1.16
3319 25.44
3319 18.04
3320 14.48
3320 1.16
3320 25.44
3320 18.04
3321 14.48
3321 1.16
3321 25.44
3321 18.04
3322 14.48
3322 1.16
3322 25.44
3322 18.04
3323 14.48
3323 1.16
3323 25.44
3323 18.04
3324 14.48
3324 1.16
3324 25.44
3324 18.04
3325 14.48
3325 1.16
3325 25.44
3325 18.04
3326 14.48
3326 1.16
3326 25.44
3326 18.04
3327 14.48
3327 1.16
3327 25.44
3327 18.04
3328 14.48
3328 1.16
3328 25.44
3328 18.04
3329 14.48
3329 1.16
3329 25.44
3329 18.04
3330 14.48
3330 1.16
3330 25.44
3330 18.04
3331 14.48
3331 1.16
3331 25.44
3331 18.04
3332 14.48
3332 1.16
3332 25.44
3332 18.04
3333 14.48
3333 1.16
3333 25.44
3333 18.04
3334 14.48
3334 1.16
3334 25.44
3334 18.04
3335 14.48
3335 1.16
3335 25.44
3335 18.04
3336 14.48
3336 1.16
3336 25.44
3336 18.04
3480 14.48
3480 1.16
3480 25.44
3480 18.04
3481 14.48
3481 1.16
3481 25.44
3481 18.04
3482 14.48
3482 1.16
3482 25.44
3482 18.04
3483 14.48
3483 1.16
3483 25.44
3483 18.04
3484 14.48
3484 1.16
3484 25.44
3484 18.04
3485 14.48
3485 1.16
3485 25.44
3485 18.04
3486 14.48
3486 1.16
3486 25.44
3486 18.04
3487 14.48
3487 1.16
3487 25.44
3487 18.04
3488 14.48
3488 1.16
3488 25.44
3488 18.04
3489 14.48
3489 1.16
3489 25.44
3489 18.04
3490 14.48
3490 1.16
3490 25.44
3490 18.04
3491 14.48
3491 1.16
3491 25.44
3491 18.04
3492 14.48
3492 1.16
3492 25.44
3492 18.04
3493 14.48
3493 1.16
3493 25.44
3493 18.04
3494 14.48
3494 1.16
3494 25.44
3494 18.04
3495 14.48
3495 1.16
3495 25.44
3495 18.04
3496 14.48
3496 1.16
3496 25.44
3496 18.04
3497 14.48
3497 1.16
3497 25.44
3497 18.04
3498 14.48
3498 1.16
3498 25.44
3498 18.04
3499 14.48
3499 1.16
3499 25.44
3499 18.04
3500 14.48
3500 1.16
3500 25.44
3500 18.04
3501 14.48
3501 1.16
3501 25.44
3501 18.04
3502 14.48
3502 1.16
3502 25.44
3502 18.04
3503 14.48
3503 1.16
3503 25.44
3503 18.04
3504 14.48
3504 1.16
3504 25.44
3504 18.04
3505 14.48
3505 1.16
3505 25.44
3505 18.04
3506 14.48
3506 1.16
3506 25.44
3506 18.04
3507 14.48
3507 1.16
3507 25.44
3507 18.04
3508 14.48
3508 1.16
3508 25.44
3508 18.04
3509 14.48
3509 1.16
3509 25.44
3509 18.04
3510 14.48
3510 1.16
3510 25.44
3510 18.04
3511 14.48
3511 1.16
3511 25.44
3511 18.04
3512 14.48
3512 1.16
3512 25.44
3512 18.04
3513 14.48
3513 1.16
3513 25.44
3513 18.04
3514 14.48
3514 1.16
3514 25.44
3514 18.04
3515 14.48
3515 1.16
3515 25.44
3515 18.04
3656 14.48
3656 1.16
3656 25.44
3656 18.04
3657 14.48
3657 1.16
3657 25.44
3657 18.04
3658 14.48
3658 1.16
3658 25.44
3658 18.04
3659 14.48
3659 1.16
3659 25.44
3659 18.04
3660 14.48
3660 1.16
3660 25.44
3660 18.04
3661 14.48
3661 1.16
3661 25.44
3661 18.04
3662 14.48
3662 1.16
3662 25.44
3662 18.04
3663 14.48
3663 1.16
3663 25.44
3663 18.04
3664 14.48
3664 1.16
3664 25.44
3664 18.04
3665 14.48
3665 1.16
3665 25.44
3665 18.04
3666 14.48
3666 1.16
3666 25.44
3666 18.04
3667 14.48
3667 1.16
3667 25.44
3667 18.04
3668 14.48
3668 1.16
3668 25.44
3668 18.04
3669 14.48
3669 1.16
3669 25.44
3669 18.04
3670 14.48
3670 1.16
3670 25.44
3670 18.04
3671 14.48
3671 1.16
3671 25.44
3671 18.04
3672 14.48
3672 1.16
3672 25.44
3672 18.04
3673 14.48
3673 1.16
3673 25.44
3673 18.04
3674 14.48
3674 1.16
3674 25.44
3674 18.04
3675 14.48
3675 1.16
3675 25.44
3675 18.04
3676 14.48
3676 1.16
3676 25.44
3676 18.04
3677 14.48
3677 1.16
3677 25.44
3677 18.04
3678 14.48
3678 1.16
3678 25.44
3678 18.04
3679 14.48
3679 1.16
3679 25.44
3679 18.04
3680 14.48
3680 1.16
3680 25.44
3680 18.04
3681 14.48
3681 1.16
3681 25.44
3681 18.04
3682 14.48
3682 1.16
3682 25.44
3682 18.04
3683 14.48
3683 1.16
3683 25.44
3683 18.04
3684 14.48
3684 1.16
3684 25.44
3684 18.04
3685 14.48
3685 1.16
3685 25.44
3685 18.04
3686 14.48
3686 1.16
3686 25.44
3686 18.04
3687 14.48
3687 1.16
3687 25.44
3687 18.04
3688 14.48
3688 1.16
3688 25.44
3688 18.04
3831 14.48
3831 1.16
3831 25.44
3831 18.04
3832 14.48
3832 1.16
3832 25.44
3832 18.04
3833 14.48
3833 1.16
3833 25.44
3833 18.04
3834 14.48
3834 1.16
3834 25.44
3834 18.04
3835 14.48
3835 1.16
3835 25.44
3835 18.04
3836 14.48
3836 1.16
3836 25.44
3836 18.04
3837 14.48
3837 1.16
3837 25.44
3837 18.04
3838 14.48
3838 1.16
3838 25.44
3838 18.04
3839 14.48
3839 1.16
3839 25.44
3839 18.04
3840 14.48
3840 1.16
3840 25.44
3840 18.04
3841 14.48
3841 1.16
3841 25.44
3841 18.04
3842 14.48
3842 1.16
3842 25.44
3842 18.04
3843 14.48
3843 1.16
3843 25.44
3843 18.04
3844 14.48
3844 1.16
3844 25.44
3844 18.04
3845 14.48
3845 1.16
3845 25.44
3845 18.04
3846 14.48
3846 1.16
3846 25.44
3846 18.04
3847 14.48
3847 1.16
3847 25.44
3847 18.04
3848 14.48
3848 1.16
3848 25.44
3848 18.04
3849 14.48
3849 1.16
3849 25.44
3849 18.04
3850 14.48
3850 1.16
3850 25.44
3850 18.04
3851 14.48
3851 1.16
3851 25.44
3851 18.04
3852 14.48
3852 1.16
3852 25.44
3852 18.04
3853 14.48
3853 1.16
3853 25.44
3853 18.04
3854 14.48
3854 1.16
3854 25.44
3854 18.04
3855 14.48
3855 1.16
3855 25.44
3855 18.04
3856 14.48
3856 1.16
3856 25.44
3856 18.04
3857 14.48
3857 1.16
3857 25.44
3857 18.04
3858 14.48
3858 1.16
3858 25.44
3858 18.04
3859 14.48
3859 1.16
3859 25.44
3859 18.04
3860 14.48
3860 1.16
3860 25.44
3860 18.04
3861 14.48
3861 1.16
3861 25.44
3861 18.04
4006 14.48
4006 1.16
4006 25.44
4006 18.04
4007 14.48
4007 1.16
4007 25.44
4007 18.04
4008 14.48
4008 1.16
4008 25.44
4008 18.04
4009 14.48
4009 1.16
4009 25.44
4009 18.04
4010 14.48
4010 1.16
4010 25.44
4010 18.04
4011 14.48
4011 1.16
4011 25.44
4011 18.04
4012 14.48
4012 1.16
4012 25.44
4012 18.04
4013 14.48
4013 1.16
4013 25.44
4013 18.04
4014 14.48
4014 1.16
4014 25.44
4014 18.04
4015 14.48
4015 1.16
4015 25.44
4015 18.04
4016 14.48
4016 1.16
4016 25.44
4016 18.04
4017 14.48
4017 1.16
4017 25.44
4017 18.04
4018 14.48
4018 1.16
4018 25.44
4018 18.04
4019 14.48
4019 1.16
4019 25.44
4019 18.04
4020 14.48
4020 1.16
4020 25.44
4020 18.04
4021 14.48
4021 1.16
4021 25.44
4021 18.04
4022 14.48
4022 1.16
4022 25.44
4022 18.04
4023 14.48
4023 1.16
4023 25.44
4023 18.04
4024 14.48
4024 1.16
4024 25.44
4024 18.04
4025 14.48
4025 1.16
4025 25.44
4025 18.04
4026 14.48
4026 1.16
4026 25.44
4026 18.04
4027 14.48
4027 1.16
4027 25.44
4027 18.04
4028 14.48
4028 1.16
4028 25.44
4028 18.04
4029 14.48
4029 1.16
4029 25.44
4029 18.04
4030 14.48
4030 1.16
4030 25.44
4030 18.04
4183 14.48
4183 1.16
4183 25.44
4183 18.04
4184 14.48
4184 1.16
4184 25.44
4184 18.04
4185 14.48
4185 1.16
4185 25.44
4185 18.04
4186 14.48
4186 1.16
4186 25.44
4186 18.04
4187 14.48
4187 1.16
4187 25.44
4187 18.04
4188 14.48
4188 1.16
4188 25.44
4188 18.04
4189 14.48
4189 1.16
4189 25.44
4189 18.04
4190 14.48
4190 1.16
4190 25.44
4190 18.04
4191 14.48
4191 1.16
4191 25.44
4191 18.04
4192 14.48
4192 1.16
4192 25.44
4192 18.04
4193 14.48
4193 1.16
4193 25.44
4193 18.04
4194 14.48
4194 1.16
4194 25.44
4194 18.04
4195 14.48
4195 1.16
4195 25.44
4195 18.04
4196 14.48
4196 1.16
4196 25.44
4196 18.04
4197 14.48
4197 1.16
4197 25.44
4197 18.04
4198 14.48
4198 1.16
4198 25.44
4198 18.04
4199 14.48
4199 1.16
4199 25.44
4199 18.04
