pt_graph scale
11593 14.48
11593 1.16
11593 25.44
11593 18.04
11594 14.48
11594 1.16
11594 25.44
11594 18.04
11595 14.48
11595 1.16
11595 25.44
11595 18.04
11596 14.48
11596 1.16
11596 25.44
11596 18.04
11703 14.48
11703 1.16
11703 25.44
11703 18.04
11704 14.48
11704 1.16
11704 25.44
11704 18.04
11705 14.48
11705 1.16
11705 25.44
11705 18.04
11706 14.48
11706 1.16
11706 25.44
11706 18.04
11809 14.48
11809 1.16
11809 25.44
11809 18.04
11810 14.48
11810 1.16
11810 25.44
11810 18.04
11811 14.48
11811 1.16
11811 25.44
11811 18.04
11812 14.48
11812 1.16
11812 25.44
11812 18.04
11813 14.48
11813 1.16
11813 25.44
11813 18.04
11814 14.48
11814 1.16
11814 25.44
11814 18.04
11815 14.48
11815 1.16
11815 25.44
11815 18.04
11816 14.48
11816 1.16
11816 25.44
11816 18.04
11918 14.48
11918 1.16
11918 25.44
11918 18.04
11919 14.48
11919 1.16
11919 25.44
11919 18.04
11920 14.48
11920 1.16
11920 25.44
11920 18.04
11921 14.48
11921 1.16
11921 25.44
11921 18.04
11922 14.48
11922 1.16
11922 25.44
11922 18.04
11923 14.48
11923 1.16
11923 25.44
11923 18.04
11924 14.48
11924 1.16
11924 25.44
11924 18.04
11925 14.48
11925 1.16
11925 25.44
11925 18.04
11926 14.48
11926 1.16
11926 25.44
11926 18.04
12027 14.48
12027 1.16
12027 25.44
12027 18.04
12028 14.48
12028 1.16
12028 25.44
12028 18.04
12029 14.48
12029 1.16
12029 25.44
12029 18.04
12030 14.48
12030 1.16
12030 25.44
12030 18.04
12031 14.48
12031 1.16
12031 25.44
12031 18.04
12032 14.48
12032 1.16
12032 25.44
12032 18.04
12033 14.48
12033 1.16
12033 25.44
12033 18.04
12034 14.48
12034 1.16
12034 25.44
12034 18.04
12035 14.48
12035 1.16
12035 25.44
12035 18.04
12130 14.48
12130 1.16
12130 25.44
12130 18.04
12131 14.48
12131 1.16
12131 25.44
12131 18.04
12132 14.48
12132 1.16
12132 25.44
12132 18.04
12133 14.48
12133 1.16
12133 25.44
12133 18.04
12134 14.48
12134 1.16
12134 25.44
12134 18.04
12135 14.48
12135 1.16
12135 25.44
12135 18.04
12136 14.48
12136 1.16
12136 25.44
12136 18.04
12137 14.48
12137 1.16
12137 25.44
12137 18.04
12138 14.48
12138 1.16
12138 25.44
12138 18.04
12139 14.48
12139 1.16
12139 25.44
12139 18.04
12140 14.48
12140 1.16
12140 25.44
12140 18.04
12141 14.48
12141 1.16
12141 25.44
12141 18.04
12142 14.48
12142 1.16
12142 25.44
12142 18.04
12143 14.48
12143 1.16
12143 25.44
12143 18.04
12238 14.48
12238 1.16
12238 25.44
12238 18.04
12239 14.48
12239 1.16
12239 25.44
12239 18.04
12240 14.48
12240 1.16
12240 25.44
12240 18.04
12241 14.48
12241 1.16
12241 25.44
12241 18.04
12242 14.48
12242 1.16
12242 25.44
12242 18.04
12243 14.48
12243 1.16
12243 25.44
12243 18.04
12244 14.48
12244 1.16
12244 25.44
12244 18.04
12245 14.48
12245 1.16
12245 25.44
12245 18.04
12246 14.48
12246 1.16
12246 25.44
12246 18.04
12247 14.48
12247 1.16
12247 25.44
12247 18.04
12248 14.48
12248 1.16
12248 25.44
12248 18.04
12249 14.48
12249 1.16
12249 25.44
12249 18.04
12250 14.48
12250 1.16
12250 25.44
12250 18.04
12251 14.48
12251 1.16
12251 25.44
12251 18.04
12344 14.48
12344 1.16
12344 25.44
12344 18.04
12345 14.48
12345 1.16
12345 25.44
12345 18.04
12346 14.48
12346 1.16
12346 25.44
12346 18.04
12347 14.48
12347 1.16
12347 25.44
12347 18.04
12348 14.48
12348 1.16
12348 25.44
12348 18.04
12349 14.48
12349 1.16
12349 25.44
12349 18.04
12350 14.48
12350 1.16
12350 25.44
12350 18.04
12351 14.48
12351 1.16
12351 25.44
12351 18.04
12352 14.48
12352 1.16
12352 25.44
12352 18.04
12353 14.48
12353 1.16
12353 25.44
12353 18.04
12354 14.48
12354 1.16
12354 25.44
12354 18.04
12355 14.48
12355 1.16
12355 25.44
12355 18.04
12356 14.48
12356 1.16
12356 25.44
12356 18.04
12357 14.48
12357 1.16
12357 25.44
12357 18.04
12358 14.48
12358 1.16
12358 25.44
12358 18.04
12359 14.48
12359 1.16
12359 25.44
12359 18.04
12360 14.48
12360 1.16
12360 25.44
12360 18.04
12453 14.48
12453 1.16
12453 25.44
12453 18.04
12454 14.48
12454 1.16
12454 25.44
12454 18.04
12455 14.48
12455 1.16
12455 25.44
12455 18.04
12456 14.48
12456 1.16
12456 25.44
12456 18.04
12457 14.48
12457 1.16
12457 25.44
12457 18.04
12458 14.48
12458 1.16
12458 25.44
12458 18.04
12459 14.48
12459 1.16
12459 25.44
12459 18.04
12460 14.48
12460 1.16
12460 25.44
12460 18.04
12461 14.48
12461 1.16
12461 25.44
12461 18.04
12462 14.48
12462 1.16
12462 25.44
12462 18.04
12463 14.48
12463 1.16
12463 25.44
12463 18.04
12464 14.48
12464 1.16
12464 25.44
12464 18.04
12465 14.48
12465 1.16
12465 25.44
12465 18.04
12466 14.48
12466 1.16
12466 25.44
12466 18.04
12467 14.48
12467 1.16
12467 25.44
12467 18.04
12468 14.48
12468 1.16
12468 25.44
12468 18.04
12469 14.48
12469 1.16
12469 25.44
12469 18.04
12558 14.48
12558 1.16
12558 25.44
12558 18.04
12559 14.48
12559 1.16
12559 25.44
12559 18.04
12560 14.48
12560 1.16
12560 25.44
12560 18.04
12561 14.48
12561 1.16
12561 25.44
12561 18.04
12562 14.48
12562 1.16
12562 25.44
12562 18.04
12563 14.48
12563 1.16
12563 25.44
12563 18.04
12564 14.48
12564 1.16
12564 25.44
12564 18.04
12565 14.48
12565 1.16
12565 25.44
12565 18.04
12566 14.48
12566 1.16
12566 25.44
12566 18.04
12567 14.48
12567 1.16
12567 25.44
12567 18.04
12568 14.48
12568 1.16
12568 25.44
12568 18.04
12569 14.48
12569 1.16
12569 25.44
12569 18.04
12570 14.48
12570 1.16
12570 25.44
12570 18.04
12571 14.48
12571 1.16
12571 25.44
12571 18.04
12572 14.48
12572 1.16
12572 25.44
12572 18.04
12573 14.48
12573 1.16
12573 25.44
12573 18.04
12574 14.48
12574 1.16
12574 25.44
12574 18.04
12575 14.48
12575 1.16
12575 25.44
12575 18.04
12576 14.48
12576 1.16
12576 25.44
12576 18.04
12577 14.48
12577 1.16
12577 25.44
12577 18.04
12666 14.48
12666 1.16
12666 25.44
12666 18.04
12667 14.48
12667 1.16
12667 25.44
12667 18.04
12668 14.48
12668 1.16
12668 25.44
12668 18.04
12669 14.48
12669 1.16
12669 25.44
12669 18.04
12670 14.48
12670 1.16
12670 25.44
12670 18.04
12671 14.48
12671 1.16
12671 25.44
12671 18.04
12672 14.48
12672 1.16
12672 25.44
12672 18.04
12673 14.48
12673 1.16
12673 25.44
12673 18.04
12674 14.48
12674 1.16
12674 25.44
12674 18.04
12675 14.48
12675 1.16
12675 25.44
12675 18.04
12676 14.48
12676 1.16
12676 25.44
12676 18.04
12677 14.48
12677 1.16
12677 25.44
12677 18.04
12678 14.48
12678 1.16
12678 25.44
12678 18.04
12679 14.48
12679 1.16
12679 25.44
12679 18.04
12680 14.48
12680 1.16
12680 25.44
12680 18.04
12681 14.48
12681 1.16
12681 25.44
12681 18.04
12682 14.48
12682 1.16
12682 25.44
12682 18.04
12683 14.48
12683 1.16
12683 25.44
12683 18.04
12684 14.48
12684 1.16
12684 25.44
12684 18.04
12685 14.48
12685 1.16
12685 25.44
12685 18.04
12686 14.48
12686 1.16
12686 25.44
12686 18.04
12771 14.48
12771 1.16
12771 25.44
12771 18.04
12772 14.48
12772 1.16
12772 25.44
12772 18.04
12773 14.48
12773 1.16
12773 25.44
12773 18.04
12774 14.48
12774 1.16
12774 25.44
12774 18.04
12775 14.48
12775 1.16
12775 25.44
12775 18.04
12776 14.48
12776 1.16
12776 25.44
12776 18.04
12777 14.48
12777 1.16
12777 25.44
12777 18.04
12778 14.48
12778 1.16
12778 25.44
12778 18.04
12779 14.48
12779 1.16
12779 25.44
12779 18.04
12780 14.48
12780 1.16
12780 25.44
12780 18.04
12781 14.48
12781 1.16
12781 25.44
12781 18.04
12782 14.48
12782 1.16
12782 25.44
12782 18.04
12783 14.48
12783 1.16
12783 25.44
12783 18.04
12784 14.48
12784 1.16
12784 25.44
12784 18.04
12785 14.48
12785 1.16
12785 25.44
12785 18.04
12786 14.48
12786 1.16
12786 25.44
12786 18.04
12787 14.48
12787 1.16
12787 25.44
12787 18.04
12788 14.48
12788 1.16
12788 25.44
12788 18.04
12789 14.48
12789 1.16
12789 25.44
12789 18.04
12790 14.48
12790 1.16
12790 25.44
12790 18.04
12791 14.48
12791 1.16
12791 25.44
12791 18.04
12873 14.48
12873 1.16
12873 25.44
12873 18.04
12874 14.48
12874 1.16
12874 25.44
12874 18.04
12875 14.48
12875 1.16
12875 25.44
12875 18.04
12876 14.48
12876 1.16
12876 25.44
12876 18.04
12877 14.48
12877 1.16
12877 25.44
12877 18.04
12878 14.48
12878 1.16
12878 25.44
12878 18.04
12879 14.48
12879 1.16
12879 25.44
12879 18.04
12880 14.48
12880 1.16
12880 25.44
12880 18.04
12881 14.48
12881 1.16
12881 25.44
12881 18.04
12882 14.48
12882 1.16
12882 25.44
12882 18.04
12883 14.48
12883 1.16
12883 25.44
12883 18.04
12884 14.48
12884 1.16
12884 25.44
12884 18.04
12885 14.48
12885 1.16
12885 25.44
12885 18.04
12886 14.48
12886 1.16
12886 25.44
12886 18.04
12887 14.48
12887 1.16
12887 25.44
12887 18.04
12888 14.48
12888 1.16
12888 25.44
12888 18.04
12889 14.48
12889 1.16
12889 25.44
12889 18.04
12890 14.48
12890 1.16
12890 25.44
12890 18.04
12891 14.48
12891 1.16
12891 25.44
12891 18.04
12892 14.48
12892 1.16
12892 25.44
12892 18.04
12893 14.48
12893 1.16
12893 25.44
12893 18.04
12894 14.48
12894 1.16
12894 25.44
12894 18.04
12895 14.48
12895 1.16
12895 25.44
12895 18.04
12896 14.48
12896 1.16
12896 25.44
12896 18.04
12981 14.48
12981 1.16
12981 25.44
12981 18.04
12982 14.48
12982 1.16
12982 25.44
12982 18.04
12983 14.48
12983 1.16
12983 25.44
12983 18.04
12984 14.48
12984 1.16
12984 25.44
12984 18.04
12985 14.48
12985 1.16
12985 25.44
12985 18.04
12986 14.48
12986 1.16
12986 25.44
12986 18.04
12987 14.48
12987 1.16
12987 25.44
12987 18.04
12988 14.48
12988 1.16
12988 25.44
12988 18.04
12989 14.48
12989 1.16
12989 25.44
12989 18.04
12990 14.48
12990 1.16
12990 25.44
12990 18.04
12991 14.48
12991 1.16
12991 25.44
12991 18.04
12992 14.48
12992 1.16
12992 25.44
12992 18.04
12993 14.48
12993 1.16
12993 25.44
12993 18.04
12994 14.48
12994 1.16
12994 25.44
12994 18.04
12995 14.48
12995 1.16
12995 25.44
12995 18.04
12996 14.48
12996 1.16
12996 25.44
12996 18.04
12997 14.48
12997 1.16
12997 25.44
12997 18.04
12998 14.48
12998 1.16
12998 25.44
12998 18.04
12999 14.48
12999 1.16
12999 25.44
12999 18.04
13000 14.48
13000 1.16
13000 25.44
13000 18.04
13001 14.48
13001 1.16
13001 25.44
13001 18.04
13002 14.48
13002 1.16
13002 25.44
13002 18.04
13003 14.48
13003 1.16
13003 25.44
13003 18.04
13086 14.48
13086 1.16
13086 25.44
13086 18.04
13087 14.48
13087 1.16
13087 25.44
13087 18.04
13088 14.48
13088 1.16
13088 25.44
13088 18.04
13089 14.48
13089 1.16
13089 25.44
13089 18.04
13090 14.48
13090 1.16
13090 25.44
13090 18.04
13091 14.48
13091 1.16
13091 25.44
13091 18.04
13092 14.48
13092 1.16
13092 25.44
13092 18.04
13093 14.48
13093 1.16
13093 25.44
13093 18.04
13094 14.48
13094 1.16
13094 25.44
13094 18.04
13095 14.48
13095 1.16
13095 25.44
13095 18.04
13096 14.48
13096 1.16
13096 25.44
13096 18.04
13097 14.48
13097 1.16
13097 25.44
13097 18.04
13098 14.48
13098 1.16
13098 25.44
13098 18.04
13099 14.48
13099 1.16
13099 25.44
13099 18.04
13100 14.48
13100 1.16
13100 25.44
13100 18.04
13101 14.48
13101 1.16
13101 25.44
13101 18.04
13102 14.48
13102 1.16
13102 25.44
13102 18.04
13103 14.48
13103 1.16
13103 25.44
13103 18.04
13104 14.48
13104 1.16
13104 25.44
13104 18.04
13105 14.48
13105 1.16
13105 25.44
13105 18.04
13106 14.48
13106 1.16
13106 25.44
13106 18.04
13107 14.48
13107 1.16
13107 25.44
13107 18.04
13108 14.48
13108 1.16
13108 25.44
13108 18.04
13109 14.48
13109 1.16
13109 25.44
13109 18.04
13110 14.48
13110 1.16
13110 25.44
13110 18.04
13111 14.48
13111 1.16
13111 25.44
13111 18.04
13197 14.48
13197 1.16
13197 25.44
13197 18.04
13198 14.48
13198 1.16
13198 25.44
13198 18.04
13199 14.48
13199 1.16
13199 25.44
13199 18.04
13200 14.48
13200 1.16
13200 25.44
13200 18.04
13201 14.48
13201 1.16
13201 25.44
13201 18.04
13202 14.48
13202 1.16
13202 25.44
13202 18.04
13203 14.48
13203 1.16
13203 25.44
13203 18.04
13204 14.48
13204 1.16
13204 25.44
13204 18.04
13205 14.48
13205 1.16
13205 25.44
13205 18.04
13206 14.48
13206 1.16
13206 25.44
13206 18.04
13207 14.48
13207 1.16
13207 25.44
13207 18.04
13208 14.48
13208 1.16
13208 25.44
13208 18.04
13209 14.48
13209 1.16
13209 25.44
13209 18.04
13210 14.48
13210 1.16
13210 25.44
13210 18.04
13211 14.48
13211 1.16
13211 25.44
13211 18.04
13212 14.48
13212 1.16
13212 25.44
13212 18.04
13213 14.48
13213 1.16
13213 25.44
13213 18.04
13214 14.48
13214 1.16
13214 25.44
13214 18.04
13215 14.48
13215 1.16
13215 25.44
13215 18.04
13216 14.48
13216 1.16
13216 25.44
13216 18.04
13217 14.48
13217 1.16
13217 25.44
13217 18.04
13218 14.48
13218 1.16
13218 25.44
13218 18.04
13219 14.48
13219 1.16
13219 25.44
13219 18.04
13220 14.48
13220 1.16
13220 25.44
13220 18.04
13221 14.48
13221 1.16
13221 25.44
13221 18.04
13222 14.48
13222 1.16
13222 25.44
13222 18.04
13304 14.48
13304 1.16
13304 25.44
13304 18.04
13305 14.48
13305 1.16
13305 25.44
13305 18.04
13306 14.48
13306 1.16
13306 25.44
13306 18.04
13307 14.48
13307 1.16
13307 25.44
13307 18.04
13308 14.48
13308 1.16
13308 25.44
13308 18.04
13309 14.48
13309 1.16
13309 25.44
13309 18.04
13310 14.48
13310 1.16
13310 25.44
13310 18.04
13311 14.48
13311 1.16
13311 25.44
13311 18.04
13312 14.48
13312 1.16
13312 25.44
13312 18.04
13313 14.48
13313 1.16
13313 25.44
13313 18.04
13314 14.48
13314 1.16
13314 25.44
13314 18.04
13315 14.48
13315 1.16
13315 25.44
13315 18.04
13316 14.48
13316 1.16
13316 25.44
13316 18.04
13317 14.48
13317 1.16
13317 25.44
13317 18.04
13318 14.48
13318 1.16
13318 25.44
13318 18.04
13319 14.48
13319 1.16
13319 25.44
13319 18.04
13320 14.48
13320 1.16
13320 25.44
13320 18.04
13321 14.48
13321 1.16
13321 25.44
13321 18.04
13322 14.48
13322 1.16
13322 25.44
13322 18.04
13323 14.48
13323 1.16
13323 25.44
13323 18.04
13324 14.48
13324 1.16
13324 25.44
13324 18.04
13325 14.48
13325 1.16
13325 25.44
13325 18.04
13326 14.48
13326 1.16
13326 25.44
13326 18.04
13327 14.48
13327 1.16
13327 25.44
13327 18.04
13328 14.48
13328 1.16
13328 25.44
13328 18.04
13329 14.48
13329 1.16
13329 25.44
13329 18.04
13330 14.48
13330 1.16
13330 25.44
13330 18.04
13331 14.48
13331 1.16
13331 25.44
13331 18.04
13332 14.48
13332 1.16
13332 25.44
13332 18.04
13414 14.48
13414 1.16
13414 25.44
13414 18.04
13415 14.48
13415 1.16
13415 25.44
13415 18.04
13416 14.48
13416 1.16
13416 25.44
13416 18.04
13417 14.48
13417 1.16
13417 25.44
13417 18.04
13418 14.48
13418 1.16
13418 25.44
13418 18.04
13419 14.48
13419 1.16
13419 25.44
13419 18.04
13420 14.48
13420 1.16
13420 25.44
13420 18.04
13421 14.48
13421 1.16
13421 25.44
13421 18.04
13422 14.48
13422 1.16
13422 25.44
13422 18.04
13423 14.48
13423 1.16
13423 25.44
13423 18.04
13424 14.48
13424 1.16
13424 25.44
13424 18.04
13425 14.48
13425 1.16
13425 25.44
13425 18.04
13426 14.48
13426 1.16
13426 25.44
13426 18.04
13427 14.48
13427 1.16
13427 25.44
13427 18.04
13428 14.48
13428 1.16
13428 25.44
13428 18.04
13429 14.48
13429 1.16
13429 25.44
13429 18.04
13430 14.48
13430 1.16
13430 25.44
13430 18.04
13431 14.48
13431 1.16
13431 25.44
13431 18.04
13432 14.48
13432 1.16
13432 25.44
13432 18.04
13433 14.48
13433 1.16
13433 25.44
13433 18.04
13434 14.48
13434 1.16
13434 25.44
13434 18.04
13435 14.48
13435 1.16
13435 25.44
13435 18.04
13436 14.48
13436 1.16
13436 25.44
13436 18.04
13437 14.48
13437 1.16
13437 25.44
13437 18.04
13438 14.48
13438 1.16
13438 25.44
13438 18.04
13439 14.48
13439 1.16
13439 25.44
13439 18.04
13440 14.48
13440 1.16
13440 25.44
13440 18.04
13441 14.48
13441 1.16
13441 25.44
13441 18.04
13442 14.48
13442 1.16
13442 25.44
13442 18.04
13443 14.48
13443 1.16
13443 25.44
13443 18.04
13525 14.48
13525 1.16
13525 25.44
13525 18.04
13526 14.48
13526 1.16
13526 25.44
13526 18.04
13527 14.48
13527 1.16
13527 25.44
13527 18.04
13528 14.48
13528 1.16
13528 25.44
13528 18.04
13529 14.48
13529 1.16
13529 25.44
13529 18.04
13530 14.48
13530 1.16
13530 25.44
13530 18.04
13531 14.48
13531 1.16
13531 25.44
13531 18.04
13532 14.48
13532 1.16
13532 25.44
13532 18.04
13533 14.48
13533 1.16
13533 25.44
13533 18.04
13534 14.48
13534 1.16
13534 25.44
13534 18.04
13535 14.48
13535 1.16
13535 25.44
13535 18.04
13536 14.48
13536 1.16
13536 25.44
13536 18.04
13537 14.48
13537 1.16
13537 25.44
13537 18.04
13538 14.48
13538 1.16
13538 25.44
13538 18.04
13539 14.48
13539 1.16
13539 25.44
13539 18.04
13540 14.48
13540 1.16
13540 25.44
13540 18.04
13541 14.48
13541 1.16
13541 25.44
13541 18.04
13542 14.48
13542 1.16
13542 25.44
13542 18.04
13543 14.48
13543 1.16
13543 25.44
13543 18.04
13544 14.48
13544 1.16
13544 25.44
13544 18.04
13545 14.48
13545 1.16
13545 25.44
13545 18.04
13546 14.48
13546 1.16
13546 25.44
13546 18.04
13547 14.48
13547 1.16
13547 25.44
13547 18.04
13548 14.48
13548 1.16
13548 25.44
13548 18.04
13549 14.48
13549 1.16
13549 25.44
13549 18.04
13550 14.48
13550 1.16
13550 25.44
13550 18.04
13551 14.48
13551 1.16
13551 25.44
13551 18.04
13552 14.48
13552 1.16
13552 25.44
13552 18.04
13553 14.48
13553 1.16
13553 25.44
13553 18.04
13630 14.48
13630 1.16
13630 25.44
13630 18.04
13631 14.48
13631 1.16
13631 25.44
13631 18.04
13632 14.48
13632 1.16
13632 25.44
13632 18.04
13633 14.48
13633 1.16
13633 25.44
13633 18.04
13634 14.48
13634 1.16
13634 25.44
13634 18.04
13635 14.48
13635 1.16
13635 25.44
13635 18.04
13636 14.48
13636 1.16
13636 25.44
13636 18.04
13637 14.48
13637 1.16
13637 25.44
13637 18.04
13638 14.48
13638 1.16
13638 25.44
13638 18.04
13639 14.48
13639 1.16
13639 25.44
13639 18.04
13640 14.48
13640 1.16
13640 25.44
13640 18.04
13641 14.48
13641 1.16
13641 25.44
13641 18.04
13642 14.48
13642 1.16
13642 25.44
13642 18.04
13643 14.48
13643 1.16
13643 25.44
13643 18.04
13644 14.48
13644 1.16
13644 25.44
13644 18.04
13645 14.48
13645 1.16
13645 25.44
13645 18.04
13646 14.48
13646 1.16
13646 25.44
13646 18.04
13647 14.48
13647 1.16
13647 25.44
13647 18.04
13648 14.48
13648 1.16
13648 25.44
13648 18.04
13649 14.48
13649 1.16
13649 25.44
13649 18.04
13650 14.48
13650 1.16
13650 25.44
13650 18.04
13651 14.48
13651 1.16
13651 25.44
13651 18.04
13652 14.48
13652 1.16
13652 25.44
13652 18.04
13653 14.48
13653 1.16
13653 25.44
13653 18.04
13654 14.48
13654 1.16
13654 25.44
13654 18.04
13655 14.48
13655 1.16
13655 25.44
13655 18.04
13656 14.48
13656 1.16
13656 25.44
13656 18.04
13657 14.48
13657 1.16
13657 25.44
13657 18.04
13658 14.48
13658 1.16
13658 25.44
13658 18.04
13659 14.48
13659 1.16
13659 25.44
13659 18.04
13660 14.48
13660 1.16
13660 25.44
13660 18.04
13661 14.48
13661 1.16
13661 25.44
13661 18.04
13662 14.48
13662 1.16
13662 25.44
13662 18.04
13663 14.48
13663 1.16
13663 25.44
13663 18.04
13741 14.48
13741 1.16
13741 25.44
13741 18.04
13742 14.48
13742 1.16
13742 25.44
13742 18.04
13743 14.48
13743 1.16
13743 25.44
13743 18.04
13744 14.48
13744 1.16
13744 25.44
13744 18.04
13745 14.48
13745 1.16
13745 25.44
13745 18.04
13746 14.48
13746 1.16
13746 25.44
13746 18.04
13747 14.48
13747 1.16
13747 25.44
13747 18.04
13748 14.48
13748 1.16
13748 25.44
13748 18.04
13749 14.48
13749 1.16
13749 25.44
13749 18.04
13750 14.48
13750 1.16
13750 25.44
13750 18.04
13751 14.48
13751 1.16
13751 25.44
13751 18.04
13752 14.48
13752 1.16
13752 25.44
13752 18.04
13753 14.48
13753 1.16
13753 25.44
13753 18.04
13754 14.48
13754 1.16
13754 25.44
13754 18.04
13755 14.48
13755 1.16
13755 25.44
13755 18.04
13756 14.48
13756 1.16
13756 25.44
13756 18.04
13757 14.48
13757 1.16
13757 25.44
13757 18.04
13758 14.48
13758 1.16
13758 25.44
13758 18.04
13759 14.48
13759 1.16
13759 25.44
13759 18.04
13760 14.48
13760 1.16
13760 25.44
13760 18.04
13761 14.48
13761 1.16
13761 25.44
13761 18.04
13762 14.48
13762 1.16
13762 25.44
13762 18.04
13763 14.48
13763 1.16
13763 25.44
13763 18.04
13764 14.48
13764 1.16
13764 25.44
13764 18.04
13765 14.48
13765 1.16
13765 25.44
13765 18.04
13766 14.48
13766 1.16
13766 25.44
13766 18.04
13767 14.48
13767 1.16
13767 25.44
13767 18.04
13768 14.48
13768 1.16
13768 25.44
13768 18.04
13769 14.48
13769 1.16
13769 25.44
13769 18.04
13770 14.48
13770 1.16
13770 25.44
13770 18.04
13771 14.48
13771 1.16
13771 25.44
13771 18.04
13772 14.48
13772 1.16
13772 25.44
13772 18.04
13773 14.48
13773 1.16
13773 25.44
13773 18.04
13850 14.48
13850 1.16
13850 25.44
13850 18.04
13851 14.48
13851 1.16
13851 25.44
13851 18.04
13852 14.48
13852 1.16
13852 25.44
13852 18.04
13853 14.48
13853 1.16
13853 25.44
13853 18.04
13854 14.48
13854 1.16
13854 25.44
13854 18.04
13855 14.48
13855 1.16
13855 25.44
13855 18.04
13856 14.48
13856 1.16
13856 25.44
13856 18.04
13857 14.48
13857 1.16
13857 25.44
13857 18.04
13858 14.48
13858 1.16
13858 25.44
13858 18.04
13859 14.48
13859 1.16
13859 25.44
13859 18.04
13860 14.48
13860 1.16
13860 25.44
13860 18.04
13861 14.48
13861 1.16
13861 25.44
13861 18.04
13862 14.48
13862 1.16
13862 25.44
13862 18.04
13863 14.48
13863 1.16
13863 25.44
13863 18.04
13864 14.48
13864 1.16
13864 25.44
13864 18.04
13865 14.48
13865 1.16
13865 25.44
13865 18.04
13866 14.48
13866 1.16
13866 25.44
13866 18.04
13867 14.48
13867 1.16
13867 25.44
13867 18.04
13868 14.48
13868 1.16
13868 25.44
13868 18.04
13869 14.48
13869 1.16
13869 25.44
13869 18.04
13870 14.48
13870 1.16
13870 25.44
13870 18.04
13871 14.48
13871 1.16
13871 25.44
13871 18.04
13872 14.48
13872 1.16
13872 25.44
13872 18.04
13873 14.48
13873 1.16
13873 25.44
13873 18.04
13874 14.48
13874 1.16
13874 25.44
13874 18.04
13875 14.48
13875 1.16
13875 25.44
13875 18.04
13876 14.48
13876 1.16
13876 25.44
13876 18.04
13877 14.48
13877 1.16
13877 25.44
13877 18.04
13878 14.48
13878 1.16
13878 25.44
13878 18.04
13879 14.48
13879 1.16
13879 25.44
13879 18.04
13880 14.48
13880 1.16
13880 25.44
13880 18.04
13881 14.48
13881 1.16
13881 25.44
13881 18.04
13882 14.48
13882 1.16
13882 25.44
13882 18.04
13883 14.48
13883 1.16
13883 25.44
13883 18.04
13884 14.48
13884 1.16
13884 25.44
13884 18.04
13885 14.48
13885 1.16
13885 25.44
13885 18.04
13963 14.48
13963 1.16
13963 25.44
13963 18.04
13964 14.48
13964 1.16
13964 25.44
13964 18.04
13965 14.48
13965 1.16
13965 25.44
13965 18.04
13966 14.48
13966 1.16
13966 25.44
13966 18.04
13967 14.48
13967 1.16
13967 25.44
13967 18.04
13968 14.48
13968 1.16
13968 25.44
13968 18.04
13969 14.48
13969 1.16
13969 25.44
13969 18.04
13970 14.48
13970 1.16
13970 25.44
13970 18.04
13971 14.48
13971 1.16
13971 25.44
13971 18.04
13972 14.48
13972 1.16
13972 25.44
13972 18.04
13973 14.48
13973 1.16
13973 25.44
13973 18.04
13974 14.48
13974 1.16
13974 25.44
13974 18.04
13975 14.48
13975 1.16
13975 25.44
13975 18.04
13976 14.48
13976 1.16
13976 25.44
13976 18.04
13977 14.48
13977 1.16
13977 25.44
13977 18.04
13978 14.48
13978 1.16
13978 25.44
13978 18.04
13979 14.48
13979 1.16
13979 25.44
13979 18.04
13980 14.48
13980 1.16
13980 25.44
13980 18.04
13981 14.48
13981 1.16
13981 25.44
13981 18.04
13982 14.48
13982 1.16
13982 25.44
13982 18.04
13983 14.48
13983 1.16
13983 25.44
13983 18.04
13984 14.48
13984 1.16
13984 25.44
13984 18.04
13985 14.48
13985 1.16
13985 25.44
13985 18.04
13986 14.48
13986 1.16
13986 25.44
13986 18.04
13987 14.48
13987 1.16
13987 25.44
13987 18.04
13988 14.48
13988 1.16
13988 25.44
13988 18.04
13989 14.48
13989 1.16
13989 25.44
13989 18.04
13990 14.48
13990 1.16
13990 25.44
13990 18.04
13991 14.48
13991 1.16
13991 25.44
13991 18.04
13992 14.48
13992 1.16
13992 25.44
13992 18.04
13993 14.48
13993 1.16
13993 25.44
13993 18.04
13994 14.48
13994 1.16
13994 25.44
13994 18.04
13995 14.48
13995 1.16
13995 25.44
13995 18.04
13996 14.48
13996 1.16
13996 25.44
13996 18.04
13997 14.48
13997 1.16
13997 25.44
13997 18.04
14075 14.48
14075 1.16
14075 25.44
14075 18.04
14076 14.48
14076 1.16
14076 25.44
14076 18.04
14077 14.48
14077 1.16
14077 25.44
14077 18.04
14078 14.48
14078 1.16
14078 25.44
14078 18.04
14079 14.48
14079 1.16
14079 25.44
14079 18.04
14080 14.48
14080 1.16
14080 25.44
14080 18.04
14081 14.48
14081 1.16
14081 25.44
14081 18.04
14082 14.48
14082 1.16
14082 25.44
14082 18.04
14083 14.48
14083 1.16
14083 25.44
14083 18.04
14084 14.48
14084 1.16
14084 25.44
14084 18.04
14085 14.48
14085 1.16
14085 25.44
14085 18.04
14086 14.48
14086 1.16
14086 25.44
14086 18.04
14087 14.48
14087 1.16
14087 25.44
14087 18.04
14088 14.48
14088 1.16
14088 25.44
14088 18.04
14089 14.48
14089 1.16
14089 25.44
14089 18.04
14090 14.48
14090 1.16
14090 25.44
14090 18.04
14091 14.48
14091 1.16
14091 25.44
14091 18.04
14092 14.48
14092 1.16
14092 25.44
14092 18.04
14097 14.48
14097 1.16
14097 25.44
14097 18.04
14098 14.48
14098 1.16
14098 25.44
14098 18.04
14099 14.48
14099 1.16
14099 25.44
14099 18.04
14100 14.48
14100 1.16
14100 25.44
14100 18.04
14101 14.48
14101 1.16
14101 25.44
14101 18.04
14102 14.48
14102 1.16
14102 25.44
14102 18.04
14103 14.48
14103 1.16
14103 25.44
14103 18.04
14104 14.48
14104 1.16
14104 25.44
14104 18.04
14105 14.48
14105 1.16
14105 25.44
14105 18.04
14106 14.48
14106 1.16
14106 25.44
14106 18.04
14107 14.48
14107 1.16
14107 25.44
14107 18.04
14108 14.48
14108 1.16
14108 25.44
14108 18.04
14109 14.48
14109 1.16
14109 25.44
14109 18.04
14110 14.48
14110 1.16
14110 25.44
14110 18.04
14190 14.48
14190 1.16
14190 25.44
14190 18.04
14191 14.48
14191 1.16
14191 25.44
14191 18.04
14192 14.48
14192 1.16
14192 25.44
14192 18.04
14193 14.48
14193 1.16
14193 25.44
14193 18.04
14194 14.48
14194 1.16
14194 25.44
14194 18.04
14195 14.48
14195 1.16
14195 25.44
14195 18.04
14196 14.48
14196 1.16
14196 25.44
14196 18.04
14197 14.48
14197 1.16
14197 25.44
14197 18.04
14198 14.48
14198 1.16
14198 25.44
14198 18.04
14199 14.48
14199 1.16
14199 25.44
14199 18.04
14200 14.48
14200 1.16
14200 25.44
14200 18.04
14201 14.48
14201 1.16
14201 25.44
14201 18.04
14202 14.48
14202 1.16
14202 25.44
14202 18.04
14203 14.48
14203 1.16
14203 25.44
14203 18.04
14204 14.48
14204 1.16
14204 25.44
14204 18.04
14205 14.48
14205 1.16
14205 25.44
14205 18.04
14206 14.48
14206 1.16
14206 25.44
14206 18.04
14207 14.48
14207 1.16
14207 25.44
14207 18.04
14208 14.48
14208 1.16
14208 25.44
14208 18.04
14213 14.48
14213 1.16
14213 25.44
14213 18.04
14214 14.48
14214 1.16
14214 25.44
14214 18.04
14215 14.48
14215 1.16
14215 25.44
14215 18.04
14216 14.48
14216 1.16
14216 25.44
14216 18.04
14217 14.48
14217 1.16
14217 25.44
14217 18.04
14218 14.48
14218 1.16
14218 25.44
14218 18.04
14219 14.48
14219 1.16
14219 25.44
14219 18.04
14220 14.48
14220 1.16
14220 25.44
14220 18.04
14221 14.48
14221 1.16
14221 25.44
14221 18.04
14222 14.48
14222 1.16
14222 25.44
14222 18.04
14223 14.48
14223 1.16
14223 25.44
14223 18.04
14224 14.48
14224 1.16
14224 25.44
14224 18.04
14225 14.48
14225 1.16
14225 25.44
14225 18.04
14226 14.48
14226 1.16
14226 25.44
14226 18.04
14306 14.48
14306 1.16
14306 25.44
14306 18.04
14307 14.48
14307 1.16
14307 25.44
14307 18.04
14308 14.48
14308 1.16
14308 25.44
14308 18.04
14309 14.48
14309 1.16
14309 25.44
14309 18.04
14310 14.48
14310 1.16
14310 25.44
14310 18.04
14311 14.48
14311 1.16
14311 25.44
14311 18.04
14312 14.48
14312 1.16
14312 25.44
14312 18.04
14313 14.48
14313 1.16
14313 25.44
14313 18.04
14314 14.48
14314 1.16
14314 25.44
14314 18.04
14315 14.48
14315 1.16
14315 25.44
14315 18.04
14316 14.48
14316 1.16
14316 25.44
14316 18.04
14317 14.48
14317 1.16
14317 25.44
14317 18.04
14318 14.48
14318 1.16
14318 25.44
14318 18.04
14319 14.48
14319 1.16
14319 25.44
14319 18.04
14320 14.48
14320 1.16
14320 25.44
14320 18.04
14321 14.48
14321 1.16
14321 25.44
14321 18.04
14322 14.48
14322 1.16
14322 25.44
14322 18.04
14323 14.48
14323 1.16
14323 25.44
14323 18.04
14328 14.48
14328 1.16
14328 25.44
14328 18.04
14329 14.48
14329 1.16
14329 25.44
14329 18.04
14330 14.48
14330 1.16
14330 25.44
14330 18.04
14331 14.48
14331 1.16
14331 25.44
14331 18.04
14332 14.48
14332 1.16
14332 25.44
14332 18.04
14333 14.48
14333 1.16
14333 25.44
14333 18.04
14334 14.48
14334 1.16
14334 25.44
14334 18.04
14335 14.48
14335 1.16
14335 25.44
14335 18.04
14336 14.48
14336 1.16
14336 25.44
14336 18.04
14337 14.48
14337 1.16
14337 25.44
14337 18.04
14338 14.48
14338 1.16
14338 25.44
14338 18.04
14339 14.48
14339 1.16
14339 25.44
14339 18.04
14340 14.48
14340 1.16
14340 25.44
14340 18.04
14341 14.48
14341 1.16
14341 25.44
14341 18.04
14416 14.48
14416 1.16
14416 25.44
14416 18.04
14417 14.48
14417 1.16
14417 25.44
14417 18.04
14418 14.48
14418 1.16
14418 25.44
14418 18.04
14419 14.48
14419 1.16
14419 25.44
14419 18.04
14420 14.48
14420 1.16
14420 25.44
14420 18.04
14421 14.48
14421 1.16
14421 25.44
14421 18.04
14422 14.48
14422 1.16
14422 25.44
14422 18.04
14423 14.48
14423 1.16
14423 25.44
14423 18.04
14424 14.48
14424 1.16
14424 25.44
14424 18.04
14425 14.48
14425 1.16
14425 25.44
14425 18.04
14426 14.48
14426 1.16
14426 25.44
14426 18.04
14427 14.48
14427 1.16
14427 25.44
14427 18.04
14428 14.48
14428 1.16
14428 25.44
14428 18.04
14429 14.48
14429 1.16
14429 25.44
14429 18.04
14430 14.48
14430 1.16
14430 25.44
14430 18.04
14431 14.48
14431 1.16
14431 25.44
14431 18.04
14432 14.48
14432 1.16
14432 25.44
14432 18.04
14433 14.48
14433 1.16
14433 25.44
14433 18.04
14434 14.48
14434 1.16
14434 25.44
14434 18.04
14435 14.48
14435 1.16
14435 25.44
14435 18.04
14436 14.48
14436 1.16
14436 25.44
14436 18.04
14437 14.48
14437 1.16
14437 25.44
14437 18.04
14438 14.48
14438 1.16
14438 25.44
14438 18.04
14441 14.48
14441 1.16
14441 25.44
14441 18.04
14442 14.48
14442 1.16
14442 25.44
14442 18.04
14445 14.48
14445 1.16
14445 25.44
14445 18.04
14446 14.48
14446 1.16
14446 25.44
14446 18.04
14447 14.48
14447 1.16
14447 25.44
14447 18.04
14448 14.48
14448 1.16
14448 25.44
14448 18.04
14449 14.48
14449 1.16
14449 25.44
14449 18.04
14450 14.48
14450 1.16
14450 25.44
14450 18.04
14451 14.48
14451 1.16
14451 25.44
14451 18.04
14452 14.48
14452 1.16
14452 25.44
14452 18.04
14453 14.48
14453 1.16
14453 25.44
14453 18.04
14454 14.48
14454 1.16
14454 25.44
14454 18.04
14455 14.48
14455 1.16
14455 25.44
14455 18.04
14531 14.48
14531 1.16
14531 25.44
14531 18.04
14532 14.48
14532 1.16
14532 25.44
14532 18.04
14533 14.48
14533 1.16
14533 25.44
14533 18.04
14534 14.48
14534 1.16
14534 25.44
14534 18.04
14535 14.48
14535 1.16
14535 25.44
14535 18.04
14536 14.48
14536 1.16
14536 25.44
14536 18.04
14537 14.48
14537 1.16
14537 25.44
14537 18.04
14538 14.48
14538 1.16
14538 25.44
14538 18.04
14539 14.48
14539 1.16
14539 25.44
14539 18.04
14540 14.48
14540 1.16
14540 25.44
14540 18.04
14541 14.48
14541 1.16
14541 25.44
14541 18.04
14542 14.48
14542 1.16
14542 25.44
14542 18.04
14543 14.48
14543 1.16
14543 25.44
14543 18.04
14544 14.48
14544 1.16
14544 25.44
14544 18.04
14545 14.48
14545 1.16
14545 25.44
14545 18.04
14546 14.48
14546 1.16
14546 25.44
14546 18.04
14547 14.48
14547 1.16
14547 25.44
14547 18.04
14548 14.48
14548 1.16
14548 25.44
14548 18.04
14549 14.48
14549 1.16
14549 25.44
14549 18.04
14550 14.48
14550 1.16
14550 25.44
14550 18.04
14551 14.48
14551 1.16
14551 25.44
14551 18.04
14552 14.48
14552 1.16
14552 25.44
14552 18.04
14555 14.48
14555 1.16
14555 25.44
14555 18.04
14556 14.48
14556 1.16
14556 25.44
14556 18.04
14559 14.48
14559 1.16
14559 25.44
14559 18.04
14560 14.48
14560 1.16
14560 25.44
14560 18.04
14561 14.48
14561 1.16
14561 25.44
14561 18.04
14562 14.48
14562 1.16
14562 25.44
14562 18.04
14563 14.48
14563 1.16
14563 25.44
14563 18.04
14564 14.48
14564 1.16
14564 25.44
14564 18.04
14565 14.48
14565 1.16
14565 25.44
14565 18.04
14566 14.48
14566 1.16
14566 25.44
14566 18.04
14567 14.48
14567 1.16
14567 25.44
14567 18.04
14568 14.48
14568 1.16
14568 25.44
14568 18.04
14569 14.48
14569 1.16
14569 25.44
14569 18.04
14570 14.48
14570 1.16
14570 25.44
14570 18.04
14645 14.48
14645 1.16
14645 25.44
14645 18.04
14646 14.48
14646 1.16
14646 25.44
14646 18.04
14647 14.48
14647 1.16
14647 25.44
14647 18.04
14648 14.48
14648 1.16
14648 25.44
14648 18.04
14649 14.48
14649 1.16
14649 25.44
14649 18.04
14650 14.48
14650 1.16
14650 25.44
14650 18.04
14651 14.48
14651 1.16
14651 25.44
14651 18.04
14652 14.48
14652 1.16
14652 25.44
14652 18.04
14653 14.48
14653 1.16
14653 25.44
14653 18.04
14654 14.48
14654 1.16
14654 25.44
14654 18.04
14655 14.48
14655 1.16
14655 25.44
14655 18.04
14656 14.48
14656 1.16
14656 25.44
14656 18.04
14657 14.48
14657 1.16
14657 25.44
14657 18.04
14658 14.48
14658 1.16
14658 25.44
14658 18.04
14659 14.48
14659 1.16
14659 25.44
14659 18.04
14660 14.48
14660 1.16
14660 25.44
14660 18.04
14661 14.48
14661 1.16
14661 25.44
14661 18.04
14662 14.48
14662 1.16
14662 25.44
14662 18.04
14663 14.48
14663 1.16
14663 25.44
14663 18.04
14664 14.48
14664 1.16
14664 25.44
14664 18.04
14665 14.48
14665 1.16
14665 25.44
14665 18.04
14666 14.48
14666 1.16
14666 25.44
14666 18.04
14667 14.48
14667 1.16
14667 25.44
14667 18.04
14668 14.48
14668 1.16
14668 25.44
14668 18.04
14669 14.48
14669 1.16
14669 25.44
14669 18.04
14670 14.48
14670 1.16
14670 25.44
14670 18.04
14671 14.48
14671 1.16
14671 25.44
14671 18.04
14672 14.48
14672 1.16
14672 25.44
14672 18.04
14673 14.48
14673 1.16
14673 25.44
14673 18.04
14674 14.48
14674 1.16
14674 25.44
14674 18.04
14675 14.48
14675 1.16
14675 25.44
14675 18.04
14676 14.48
14676 1.16
14676 25.44
14676 18.04
14677 14.48
14677 1.16
14677 25.44
14677 18.04
14678 14.48
14678 1.16
14678 25.44
14678 18.04
14679 14.48
14679 1.16
14679 25.44
14679 18.04
14680 14.48
14680 1.16
14680 25.44
14680 18.04
14681 14.48
14681 1.16
14681 25.44
14681 18.04
14682 14.48
14682 1.16
14682 25.44
14682 18.04
14683 14.48
14683 1.16
14683 25.44
14683 18.04
14684 14.48
14684 1.16
14684 25.44
14684 18.04
14763 14.48
14763 1.16
14763 25.44
14763 18.04
14764 14.48
14764 1.16
14764 25.44
14764 18.04
14765 14.48
14765 1.16
14765 25.44
14765 18.04
14766 14.48
14766 1.16
14766 25.44
14766 18.04
14767 14.48
14767 1.16
14767 25.44
14767 18.04
14768 14.48
14768 1.16
14768 25.44
14768 18.04
14769 14.48
14769 1.16
14769 25.44
14769 18.04
14770 14.48
14770 1.16
14770 25.44
14770 18.04
14771 14.48
14771 1.16
14771 25.44
14771 18.04
14772 14.48
14772 1.16
14772 25.44
14772 18.04
14773 14.48
14773 1.16
14773 25.44
14773 18.04
14774 14.48
14774 1.16
14774 25.44
14774 18.04
14775 14.48
14775 1.16
14775 25.44
14775 18.04
14776 14.48
14776 1.16
14776 25.44
14776 18.04
14777 14.48
14777 1.16
14777 25.44
14777 18.04
14778 14.48
14778 1.16
14778 25.44
14778 18.04
14779 14.48
14779 1.16
14779 25.44
14779 18.04
14780 14.48
14780 1.16
14780 25.44
14780 18.04
14781 14.48
14781 1.16
14781 25.44
14781 18.04
14782 14.48
14782 1.16
14782 25.44
14782 18.04
14783 14.48
14783 1.16
14783 25.44
14783 18.04
14784 14.48
14784 1.16
14784 25.44
14784 18.04
14785 14.48
14785 1.16
14785 25.44
14785 18.04
14786 14.48
14786 1.16
14786 25.44
14786 18.04
14787 14.48
14787 1.16
14787 25.44
14787 18.04
14788 14.48
14788 1.16
14788 25.44
14788 18.04
14789 14.48
14789 1.16
14789 25.44
14789 18.04
14790 14.48
14790 1.16
14790 25.44
14790 18.04
14791 14.48
14791 1.16
14791 25.44
14791 18.04
14792 14.48
14792 1.16
14792 25.44
14792 18.04
14793 14.48
14793 1.16
14793 25.44
14793 18.04
14794 14.48
14794 1.16
14794 25.44
14794 18.04
14795 14.48
14795 1.16
14795 25.44
14795 18.04
14796 14.48
14796 1.16
14796 25.44
14796 18.04
14797 14.48
14797 1.16
14797 25.44
14797 18.04
14798 14.48
14798 1.16
14798 25.44
14798 18.04
14799 14.48
14799 1.16
14799 25.44
14799 18.04
14800 14.48
14800 1.16
14800 25.44
14800 18.04
14801 14.48
14801 1.16
14801 25.44
14801 18.04
14888 14.48
14888 1.16
14888 25.44
14888 18.04
14889 14.48
14889 1.16
14889 25.44
14889 18.04
14890 14.48
14890 1.16
14890 25.44
14890 18.04
14891 14.48
14891 1.16
14891 25.44
14891 18.04
14892 14.48
14892 1.16
14892 25.44
14892 18.04
14893 14.48
14893 1.16
14893 25.44
14893 18.04
14894 14.48
14894 1.16
14894 25.44
14894 18.04
14895 14.48
14895 1.16
14895 25.44
14895 18.04
14896 14.48
14896 1.16
14896 25.44
14896 18.04
14897 14.48
14897 1.16
14897 25.44
14897 18.04
14898 14.48
14898 1.16
14898 25.44
14898 18.04
14899 14.48
14899 1.16
14899 25.44
14899 18.04
14900 14.48
14900 1.16
14900 25.44
14900 18.04
14901 14.48
14901 1.16
14901 25.44
14901 18.04
14902 14.48
14902 1.16
14902 25.44
14902 18.04
14903 14.48
14903 1.16
14903 25.44
14903 18.04
14904 14.48
14904 1.16
14904 25.44
14904 18.04
14905 14.48
14905 1.16
14905 25.44
14905 18.04
14906 14.48
14906 1.16
14906 25.44
14906 18.04
14907 14.48
14907 1.16
14907 25.44
14907 18.04
14908 14.48
14908 1.16
14908 25.44
14908 18.04
14909 14.48
14909 1.16
14909 25.44
14909 18.04
14910 14.48
14910 1.16
14910 25.44
14910 18.04
14911 14.48
14911 1.16
14911 25.44
14911 18.04
14912 14.48
14912 1.16
14912 25.44
14912 18.04
14913 14.48
14913 1.16
14913 25.44
14913 18.04
14914 14.48
14914 1.16
14914 25.44
14914 18.04
14915 14.48
14915 1.16
14915 25.44
14915 18.04
14916 14.48
14916 1.16
14916 25.44
14916 18.04
14917 14.48
14917 1.16
14917 25.44
14917 18.04
14918 14.48
14918 1.16
14918 25.44
14918 18.04
14919 14.48
14919 1.16
14919 25.44
14919 18.04
14920 14.48
14920 1.16
14920 25.44
14920 18.04
14921 14.48
14921 1.16
14921 25.44
14921 18.04
14922 14.48
14922 1.16
14922 25.44
14922 18.04
14923 14.48
14923 1.16
14923 25.44
14923 18.04
14924 14.48
14924 1.16
14924 25.44
14924 18.04
14925 14.48
14925 1.16
14925 25.44
14925 18.04
14926 14.48
14926 1.16
14926 25.44
14926 18.04
14927 14.48
14927 1.16
14927 25.44
14927 18.04
14928 14.48
14928 1.16
14928 25.44
14928 18.04
15016 14.48
15016 1.16
15016 25.44
15016 18.04
15017 14.48
15017 1.16
15017 25.44
15017 18.04
15018 14.48
15018 1.16
15018 25.44
15018 18.04
15019 14.48
15019 1.16
15019 25.44
15019 18.04
15020 14.48
15020 1.16
15020 25.44
15020 18.04
15021 14.48
15021 1.16
15021 25.44
15021 18.04
15022 14.48
15022 1.16
15022 25.44
15022 18.04
15023 14.48
15023 1.16
15023 25.44
15023 18.04
15024 14.48
15024 1.16
15024 25.44
15024 18.04
15025 14.48
15025 1.16
15025 25.44
15025 18.04
15026 14.48
15026 1.16
15026 25.44
15026 18.04
15027 14.48
15027 1.16
15027 25.44
15027 18.04
15028 14.48
15028 1.16
15028 25.44
15028 18.04
15029 14.48
15029 1.16
15029 25.44
15029 18.04
15030 14.48
15030 1.16
15030 25.44
15030 18.04
15031 14.48
15031 1.16
15031 25.44
15031 18.04
15032 14.48
15032 1.16
15032 25.44
15032 18.04
15033 14.48
15033 1.16
15033 25.44
15033 18.04
15034 14.48
15034 1.16
15034 25.44
15034 18.04
15035 14.48
15035 1.16
15035 25.44
15035 18.04
15036 14.48
15036 1.16
15036 25.44
15036 18.04
15037 14.48
15037 1.16
15037 25.44
15037 18.04
15038 14.48
15038 1.16
15038 25.44
15038 18.04
15039 14.48
15039 1.16
15039 25.44
15039 18.04
15040 14.48
15040 1.16
15040 25.44
15040 18.04
15041 14.48
15041 1.16
15041 25.44
15041 18.04
15042 14.48
15042 1.16
15042 25.44
15042 18.04
15043 14.48
15043 1.16
15043 25.44
15043 18.04
15044 14.48
15044 1.16
15044 25.44
15044 18.04
15045 14.48
15045 1.16
15045 25.44
15045 18.04
15046 14.48
15046 1.16
15046 25.44
15046 18.04
15047 14.48
15047 1.16
15047 25.44
15047 18.04
15048 14.48
15048 1.16
15048 25.44
15048 18.04
15049 14.48
15049 1.16
15049 25.44
15049 18.04
15050 14.48
15050 1.16
15050 25.44
15050 18.04
15051 14.48
15051 1.16
15051 25.44
15051 18.04
15052 14.48
15052 1.16
15052 25.44
15052 18.04
15053 14.48
15053 1.16
15053 25.44
15053 18.04
15054 14.48
15054 1.16
15054 25.44
15054 18.04
15055 14.48
15055 1.16
15055 25.44
15055 18.04
15140 14.48
15140 1.16
15140 25.44
15140 18.04
15141 14.48
15141 1.16
15141 25.44
15141 18.04
15142 14.48
15142 1.16
15142 25.44
15142 18.04
15143 14.48
15143 1.16
15143 25.44
15143 18.04
15144 14.48
15144 1.16
15144 25.44
15144 18.04
15145 14.48
15145 1.16
15145 25.44
15145 18.04
15146 14.48
15146 1.16
15146 25.44
15146 18.04
15147 14.48
15147 1.16
15147 25.44
15147 18.04
15148 14.48
15148 1.16
15148 25.44
15148 18.04
15149 14.48
15149 1.16
15149 25.44
15149 18.04
15150 14.48
15150 1.16
15150 25.44
15150 18.04
15151 14.48
15151 1.16
15151 25.44
15151 18.04
15152 14.48
15152 1.16
15152 25.44
15152 18.04
15153 14.48
15153 1.16
15153 25.44
15153 18.04
15154 14.48
15154 1.16
15154 25.44
15154 18.04
15155 14.48
15155 1.16
15155 25.44
15155 18.04
15156 14.48
15156 1.16
15156 25.44
15156 18.04
15157 14.48
15157 1.16
15157 25.44
15157 18.04
15158 14.48
15158 1.16
15158 25.44
15158 18.04
15159 14.48
15159 1.16
15159 25.44
15159 18.04
15160 14.48
15160 1.16
15160 25.44
15160 18.04
15161 14.48
15161 1.16
15161 25.44
15161 18.04
15162 14.48
15162 1.16
15162 25.44
15162 18.04
15163 14.48
15163 1.16
15163 25.44
15163 18.04
15164 14.48
15164 1.16
15164 25.44
15164 18.04
15165 14.48
15165 1.16
15165 25.44
15165 18.04
15166 14.48
15166 1.16
15166 25.44
15166 18.04
15167 14.48
15167 1.16
15167 25.44
15167 18.04
15168 14.48
15168 1.16
15168 25.44
15168 18.04
15169 14.48
15169 1.16
15169 25.44
15169 18.04
15170 14.48
15170 1.16
15170 25.44
15170 18.04
15171 14.48
15171 1.16
15171 25.44
15171 18.04
15172 14.48
15172 1.16
15172 25.44
15172 18.04
15175 14.48
15175 1.16
15175 25.44
15175 18.04
15176 14.48
15176 1.16
15176 25.44
15176 18.04
15177 14.48
15177 1.16
15177 25.44
15177 18.04
15178 14.48
15178 1.16
15178 25.44
15178 18.04
15179 14.48
15179 1.16
15179 25.44
15179 18.04
15180 14.48
15180 1.16
15180 25.44
15180 18.04
15261 14.48
15261 1.16
15261 25.44
15261 18.04
15262 14.48
15262 1.16
15262 25.44
15262 18.04
15263 14.48
15263 1.16
15263 25.44
15263 18.04
15264 14.48
15264 1.16
15264 25.44
15264 18.04
15265 14.48
15265 1.16
15265 25.44
15265 18.04
15266 14.48
15266 1.16
15266 25.44
15266 18.04
15267 14.48
15267 1.16
15267 25.44
15267 18.04
15268 14.48
15268 1.16
15268 25.44
15268 18.04
15269 14.48
15269 1.16
15269 25.44
15269 18.04
15270 14.48
15270 1.16
15270 25.44
15270 18.04
15271 14.48
15271 1.16
15271 25.44
15271 18.04
15272 14.48
15272 1.16
15272 25.44
15272 18.04
15273 14.48
15273 1.16
15273 25.44
15273 18.04
15274 14.48
15274 1.16
15274 25.44
15274 18.04
15275 14.48
15275 1.16
15275 25.44
15275 18.04
15276 14.48
15276 1.16
15276 25.44
15276 18.04
15277 14.48
15277 1.16
15277 25.44
15277 18.04
15278 14.48
15278 1.16
15278 25.44
15278 18.04
15279 14.48
15279 1.16
15279 25.44
15279 18.04
15280 14.48
15280 1.16
15280 25.44
15280 18.04
15281 14.48
15281 1.16
15281 25.44
15281 18.04
15282 14.48
15282 1.16
15282 25.44
15282 18.04
15283 14.48
15283 1.16
15283 25.44
15283 18.04
15284 14.48
15284 1.16
15284 25.44
15284 18.04
15285 14.48
15285 1.16
15285 25.44
15285 18.04
15286 14.48
15286 1.16
15286 25.44
15286 18.04
15287 14.48
15287 1.16
15287 25.44
15287 18.04
15288 14.48
15288 1.16
15288 25.44
15288 18.04
15289 14.48
15289 1.16
15289 25.44
15289 18.04
15290 14.48
15290 1.16
15290 25.44
15290 18.04
15291 14.48
15291 1.16
15291 25.44
15291 18.04
15292 14.48
15292 1.16
15292 25.44
15292 18.04
15293 14.48
15293 1.16
15293 25.44
15293 18.04
15294 14.48
15294 1.16
15294 25.44
15294 18.04
15297 14.48
15297 1.16
15297 25.44
15297 18.04
15298 14.48
15298 1.16
15298 25.44
15298 18.04
15299 14.48
15299 1.16
15299 25.44
15299 18.04
15300 14.48
15300 1.16
15300 25.44
15300 18.04
15301 14.48
15301 1.16
15301 25.44
15301 18.04
15379 14.48
15379 1.16
15379 25.44
15379 18.04
15380 14.48
15380 1.16
15380 25.44
15380 18.04
15381 14.48
15381 1.16
15381 25.44
15381 18.04
15382 14.48
15382 1.16
15382 25.44
15382 18.04
15383 14.48
15383 1.16
15383 25.44
15383 18.04
15384 14.48
15384 1.16
15384 25.44
15384 18.04
15385 14.48
15385 1.16
15385 25.44
15385 18.04
15386 14.48
15386 1.16
15386 25.44
15386 18.04
15387 14.48
15387 1.16
15387 25.44
15387 18.04
15388 14.48
15388 1.16
15388 25.44
15388 18.04
15389 14.48
15389 1.16
15389 25.44
15389 18.04
15390 14.48
15390 1.16
15390 25.44
15390 18.04
15391 14.48
15391 1.16
15391 25.44
15391 18.04
15392 14.48
15392 1.16
15392 25.44
15392 18.04
15393 14.48
15393 1.16
15393 25.44
15393 18.04
15394 14.48
15394 1.16
15394 25.44
15394 18.04
15395 14.48
15395 1.16
15395 25.44
15395 18.04
15396 14.48
15396 1.16
15396 25.44
15396 18.04
15397 14.48
15397 1.16
15397 25.44
15397 18.04
15398 14.48
15398 1.16
15398 25.44
15398 18.04
15399 14.48
15399 1.16
15399 25.44
15399 18.04
15400 14.48
15400 1.16
15400 25.44
15400 18.04
15401 14.48
15401 1.16
15401 25.44
15401 18.04
15402 14.48
15402 1.16
15402 25.44
15402 18.04
15403 14.48
15403 1.16
15403 25.44
15403 18.04
15404 14.48
15404 1.16
15404 25.44
15404 18.04
15405 14.48
15405 1.16
15405 25.44
15405 18.04
15406 14.48
15406 1.16
15406 25.44
15406 18.04
15407 14.48
15407 1.16
15407 25.44
15407 18.04
15408 14.48
15408 1.16
15408 25.44
15408 18.04
15409 14.48
15409 1.16
15409 25.44
15409 18.04
15410 14.48
15410 1.16
15410 25.44
15410 18.04
15411 14.48
15411 1.16
15411 25.44
15411 18.04
15414 14.48
15414 1.16
15414 25.44
15414 18.04
15415 14.48
15415 1.16
15415 25.44
15415 18.04
15416 14.48
15416 1.16
15416 25.44
15416 18.04
15417 14.48
15417 1.16
15417 25.44
15417 18.04
15418 14.48
15418 1.16
15418 25.44
15418 18.04
15493 14.48
15493 1.16
15493 25.44
15493 18.04
15494 14.48
15494 1.16
15494 25.44
15494 18.04
15495 14.48
15495 1.16
15495 25.44
15495 18.04
15496 14.48
15496 1.16
15496 25.44
15496 18.04
15497 14.48
15497 1.16
15497 25.44
15497 18.04
15498 14.48
15498 1.16
15498 25.44
15498 18.04
15499 14.48
15499 1.16
15499 25.44
15499 18.04
15500 14.48
15500 1.16
15500 25.44
15500 18.04
15501 14.48
15501 1.16
15501 25.44
15501 18.04
15502 14.48
15502 1.16
15502 25.44
15502 18.04
15503 14.48
15503 1.16
15503 25.44
15503 18.04
15504 14.48
15504 1.16
15504 25.44
15504 18.04
15505 14.48
15505 1.16
15505 25.44
15505 18.04
15506 14.48
15506 1.16
15506 25.44
15506 18.04
15507 14.48
15507 1.16
15507 25.44
15507 18.04
15508 14.48
15508 1.16
15508 25.44
15508 18.04
15509 14.48
15509 1.16
15509 25.44
15509 18.04
15510 14.48
15510 1.16
15510 25.44
15510 18.04
15511 14.48
15511 1.16
15511 25.44
15511 18.04
15512 14.48
15512 1.16
15512 25.44
15512 18.04
15513 14.48
15513 1.16
15513 25.44
15513 18.04
15514 14.48
15514 1.16
15514 25.44
15514 18.04
15515 14.48
15515 1.16
15515 25.44
15515 18.04
15516 14.48
15516 1.16
15516 25.44
15516 18.04
15517 14.48
15517 1.16
15517 25.44
15517 18.04
15518 14.48
15518 1.16
15518 25.44
15518 18.04
15519 14.48
15519 1.16
15519 25.44
15519 18.04
15520 14.48
15520 1.16
15520 25.44
15520 18.04
15521 14.48
15521 1.16
15521 25.44
15521 18.04
15522 14.48
15522 1.16
15522 25.44
15522 18.04
15523 14.48
15523 1.16
15523 25.44
15523 18.04
15524 14.48
15524 1.16
15524 25.44
15524 18.04
15525 14.48
15525 1.16
15525 25.44
15525 18.04
15526 14.48
15526 1.16
15526 25.44
15526 18.04
15527 14.48
15527 1.16
15527 25.44
15527 18.04
15528 14.48
15528 1.16
15528 25.44
15528 18.04
15529 14.48
15529 1.16
15529 25.44
15529 18.04
15530 14.48
15530 1.16
15530 25.44
15530 18.04
15531 14.48
15531 1.16
15531 25.44
15531 18.04
15532 14.48
15532 1.16
15532 25.44
15532 18.04
15533 14.48
15533 1.16
15533 25.44
15533 18.04
15534 14.48
15534 1.16
15534 25.44
15534 18.04
15611 14.48
15611 1.16
15611 25.44
15611 18.04
15612 14.48
15612 1.16
15612 25.44
15612 18.04
15613 14.48
15613 1.16
15613 25.44
15613 18.04
15614 14.48
15614 1.16
15614 25.44
15614 18.04
15615 14.48
15615 1.16
15615 25.44
15615 18.04
15616 14.48
15616 1.16
15616 25.44
15616 18.04
15617 14.48
15617 1.16
15617 25.44
15617 18.04
15618 14.48
15618 1.16
15618 25.44
15618 18.04
15619 14.48
15619 1.16
15619 25.44
15619 18.04
15620 14.48
15620 1.16
15620 25.44
15620 18.04
15621 14.48
15621 1.16
15621 25.44
15621 18.04
15622 14.48
15622 1.16
15622 25.44
15622 18.04
15623 14.48
15623 1.16
15623 25.44
15623 18.04
15624 14.48
15624 1.16
15624 25.44
15624 18.04
15625 14.48
15625 1.16
15625 25.44
15625 18.04
15626 14.48
15626 1.16
15626 25.44
15626 18.04
15627 14.48
15627 1.16
15627 25.44
15627 18.04
15628 14.48
15628 1.16
15628 25.44
15628 18.04
15629 14.48
15629 1.16
15629 25.44
15629 18.04
15630 14.48
15630 1.16
15630 25.44
15630 18.04
15631 14.48
15631 1.16
15631 25.44
15631 18.04
15632 14.48
15632 1.16
15632 25.44
15632 18.04
15633 14.48
15633 1.16
15633 25.44
15633 18.04
15634 14.48
15634 1.16
15634 25.44
15634 18.04
15635 14.48
15635 1.16
15635 25.44
15635 18.04
15636 14.48
15636 1.16
15636 25.44
15636 18.04
15637 14.48
15637 1.16
15637 25.44
15637 18.04
15638 14.48
15638 1.16
15638 25.44
15638 18.04
15639 14.48
15639 1.16
15639 25.44
15639 18.04
15640 14.48
15640 1.16
15640 25.44
15640 18.04
15641 14.48
15641 1.16
15641 25.44
15641 18.04
15642 14.48
15642 1.16
15642 25.44
15642 18.04
15643 14.48
15643 1.16
15643 25.44
15643 18.04
15644 14.48
15644 1.16
15644 25.44
15644 18.04
15645 14.48
15645 1.16
15645 25.44
15645 18.04
15646 14.48
15646 1.16
15646 25.44
15646 18.04
15647 14.48
15647 1.16
15647 25.44
15647 18.04
15648 14.48
15648 1.16
15648 25.44
15648 18.04
15649 14.48
15649 1.16
15649 25.44
15649 18.04
15650 14.48
15650 1.16
15650 25.44
15650 18.04
15651 14.48
15651 1.16
15651 25.44
15651 18.04
15726 14.48
15726 1.16
15726 25.44
15726 18.04
15727 14.48
15727 1.16
15727 25.44
15727 18.04
15728 14.48
15728 1.16
15728 25.44
15728 18.04
15729 14.48
15729 1.16
15729 25.44
15729 18.04
15730 14.48
15730 1.16
15730 25.44
15730 18.04
15731 14.48
15731 1.16
15731 25.44
15731 18.04
15732 14.48
15732 1.16
15732 25.44
15732 18.04
15733 14.48
15733 1.16
15733 25.44
15733 18.04
15734 14.48
15734 1.16
15734 25.44
15734 18.04
15735 14.48
15735 1.16
15735 25.44
15735 18.04
15736 14.48
15736 1.16
15736 25.44
15736 18.04
15737 14.48
15737 1.16
15737 25.44
15737 18.04
15738 14.48
15738 1.16
15738 25.44
15738 18.04
15739 14.48
15739 1.16
15739 25.44
15739 18.04
15740 14.48
15740 1.16
15740 25.44
15740 18.04
15741 14.48
15741 1.16
15741 25.44
15741 18.04
15742 14.48
15742 1.16
15742 25.44
15742 18.04
15743 14.48
15743 1.16
15743 25.44
15743 18.04
15744 14.48
15744 1.16
15744 25.44
15744 18.04
15745 14.48
15745 1.16
15745 25.44
15745 18.04
15746 14.48
15746 1.16
15746 25.44
15746 18.04
15747 14.48
15747 1.16
15747 25.44
15747 18.04
15748 14.48
15748 1.16
15748 25.44
15748 18.04
15749 14.48
15749 1.16
15749 25.44
15749 18.04
15750 14.48
15750 1.16
15750 25.44
15750 18.04
15751 14.48
15751 1.16
15751 25.44
15751 18.04
15752 14.48
15752 1.16
15752 25.44
15752 18.04
15753 14.48
15753 1.16
15753 25.44
15753 18.04
15754 14.48
15754 1.16
15754 25.44
15754 18.04
15755 14.48
15755 1.16
15755 25.44
15755 18.04
15756 14.48
15756 1.16
15756 25.44
15756 18.04
15757 14.48
15757 1.16
15757 25.44
15757 18.04
15758 14.48
15758 1.16
15758 25.44
15758 18.04
15759 14.48
15759 1.16
15759 25.44
15759 18.04
15760 14.48
15760 1.16
15760 25.44
15760 18.04
15761 14.48
15761 1.16
15761 25.44
15761 18.04
15762 14.48
15762 1.16
15762 25.44
15762 18.04
15763 14.48
15763 1.16
15763 25.44
15763 18.04
15764 14.48
15764 1.16
15764 25.44
15764 18.04
15765 14.48
15765 1.16
15765 25.44
15765 18.04
15766 14.48
15766 1.16
15766 25.44
15766 18.04
15842 14.48
15842 1.16
15842 25.44
15842 18.04
15843 14.48
15843 1.16
15843 25.44
15843 18.04
15844 14.48
15844 1.16
15844 25.44
15844 18.04
15845 14.48
15845 1.16
15845 25.44
15845 18.04
15846 14.48
15846 1.16
15846 25.44
15846 18.04
15847 14.48
15847 1.16
15847 25.44
15847 18.04
15848 14.48
15848 1.16
15848 25.44
15848 18.04
15849 14.48
15849 1.16
15849 25.44
15849 18.04
15850 14.48
15850 1.16
15850 25.44
15850 18.04
15851 14.48
15851 1.16
15851 25.44
15851 18.04
15852 14.48
15852 1.16
15852 25.44
15852 18.04
15853 14.48
15853 1.16
15853 25.44
15853 18.04
15854 14.48
15854 1.16
15854 25.44
15854 18.04
15855 14.48
15855 1.16
15855 25.44
15855 18.04
15856 14.48
15856 1.16
15856 25.44
15856 18.04
15857 14.48
15857 1.16
15857 25.44
15857 18.04
15858 14.48
15858 1.16
15858 25.44
15858 18.04
15859 14.48
15859 1.16
15859 25.44
15859 18.04
15860 14.48
15860 1.16
15860 25.44
15860 18.04
15861 14.48
15861 1.16
15861 25.44
15861 18.04
15862 14.48
15862 1.16
15862 25.44
15862 18.04
15863 14.48
15863 1.16
15863 25.44
15863 18.04
15864 14.48
15864 1.16
15864 25.44
15864 18.04
15865 14.48
15865 1.16
15865 25.44
15865 18.04
15866 14.48
15866 1.16
15866 25.44
15866 18.04
15867 14.48
15867 1.16
15867 25.44
15867 18.04
15868 14.48
15868 1.16
15868 25.44
15868 18.04
15869 14.48
15869 1.16
15869 25.44
15869 18.04
15870 14.48
15870 1.16
15870 25.44
15870 18.04
15871 14.48
15871 1.16
15871 25.44
15871 18.04
15872 14.48
15872 1.16
15872 25.44
15872 18.04
15873 14.48
15873 1.16
15873 25.44
15873 18.04
15874 14.48
15874 1.16
15874 25.44
15874 18.04
15875 14.48
15875 1.16
15875 25.44
15875 18.04
15876 14.48
15876 1.16
15876 25.44
15876 18.04
15877 14.48
15877 1.16
15877 25.44
15877 18.04
15878 14.48
15878 1.16
15878 25.44
15878 18.04
15879 14.48
15879 1.16
15879 25.44
15879 18.04
15880 14.48
15880 1.16
15880 25.44
15880 18.04
15881 14.48
15881 1.16
15881 25.44
15881 18.04
15955 14.48
15955 1.16
15955 25.44
15955 18.04
15956 14.48
15956 1.16
15956 25.44
15956 18.04
15957 14.48
15957 1.16
15957 25.44
15957 18.04
15958 14.48
15958 1.16
15958 25.44
15958 18.04
15959 14.48
15959 1.16
15959 25.44
15959 18.04
15960 14.48
15960 1.16
15960 25.44
15960 18.04
15961 14.48
15961 1.16
15961 25.44
15961 18.04
15962 14.48
15962 1.16
15962 25.44
15962 18.04
15963 14.48
15963 1.16
15963 25.44
15963 18.04
15964 14.48
15964 1.16
15964 25.44
15964 18.04
15965 14.48
15965 1.16
15965 25.44
15965 18.04
15966 14.48
15966 1.16
15966 25.44
15966 18.04
15967 14.48
15967 1.16
15967 25.44
15967 18.04
15968 14.48
15968 1.16
15968 25.44
15968 18.04
15969 14.48
15969 1.16
15969 25.44
15969 18.04
15970 14.48
15970 1.16
15970 25.44
15970 18.04
15971 14.48
15971 1.16
15971 25.44
15971 18.04
15972 14.48
15972 1.16
15972 25.44
15972 18.04
15973 14.48
15973 1.16
15973 25.44
15973 18.04
15974 14.48
15974 1.16
15974 25.44
15974 18.04
15975 14.48
15975 1.16
15975 25.44
15975 18.04
15976 14.48
15976 1.16
15976 25.44
15976 18.04
15977 14.48
15977 1.16
15977 25.44
15977 18.04
15978 14.48
15978 1.16
15978 25.44
15978 18.04
15979 14.48
15979 1.16
15979 25.44
15979 18.04
15980 14.48
15980 1.16
15980 25.44
15980 18.04
15981 14.48
15981 1.16
15981 25.44
15981 18.04
15982 14.48
15982 1.16
15982 25.44
15982 18.04
15983 14.48
15983 1.16
15983 25.44
15983 18.04
15984 14.48
15984 1.16
15984 25.44
15984 18.04
15985 14.48
15985 1.16
15985 25.44
15985 18.04
15986 14.48
15986 1.16
15986 25.44
15986 18.04
15987 14.48
15987 1.16
15987 25.44
15987 18.04
15988 14.48
15988 1.16
15988 25.44
15988 18.04
15989 14.48
15989 1.16
15989 25.44
15989 18.04
15990 14.48
15990 1.16
15990 25.44
15990 18.04
15991 14.48
15991 1.16
15991 25.44
15991 18.04
15992 14.48
15992 1.16
15992 25.44
15992 18.04
15993 14.48
15993 1.16
15993 25.44
15993 18.04
16068 14.48
16068 1.16
16068 25.44
16068 18.04
16069 14.48
16069 1.16
16069 25.44
16069 18.04
16070 14.48
16070 1.16
16070 25.44
16070 18.04
16071 14.48
16071 1.16
16071 25.44
16071 18.04
16072 14.48
16072 1.16
16072 25.44
16072 18.04
16073 14.48
16073 1.16
16073 25.44
16073 18.04
16074 14.48
16074 1.16
16074 25.44
16074 18.04
16075 14.48
16075 1.16
16075 25.44
16075 18.04
16076 14.48
16076 1.16
16076 25.44
16076 18.04
16077 14.48
16077 1.16
16077 25.44
16077 18.04
16078 14.48
16078 1.16
16078 25.44
16078 18.04
16079 14.48
16079 1.16
16079 25.44
16079 18.04
16080 14.48
16080 1.16
16080 25.44
16080 18.04
16081 14.48
16081 1.16
16081 25.44
16081 18.04
16082 14.48
16082 1.16
16082 25.44
16082 18.04
16083 14.48
16083 1.16
16083 25.44
16083 18.04
16084 14.48
16084 1.16
16084 25.44
16084 18.04
16085 14.48
16085 1.16
16085 25.44
16085 18.04
16086 14.48
16086 1.16
16086 25.44
16086 18.04
16087 14.48
16087 1.16
16087 25.44
16087 18.04
16088 14.48
16088 1.16
16088 25.44
16088 18.04
16089 14.48
16089 1.16
16089 25.44
16089 18.04
16090 14.48
16090 1.16
16090 25.44
16090 18.04
16091 14.48
16091 1.16
16091 25.44
16091 18.04
16092 14.48
16092 1.16
16092 25.44
16092 18.04
16093 14.48
16093 1.16
16093 25.44
16093 18.04
16094 14.48
16094 1.16
16094 25.44
16094 18.04
16095 14.48
16095 1.16
16095 25.44
16095 18.04
16096 14.48
16096 1.16
16096 25.44
16096 18.04
16097 14.48
16097 1.16
16097 25.44
16097 18.04
16098 14.48
16098 1.16
16098 25.44
16098 18.04
16099 14.48
16099 1.16
16099 25.44
16099 18.04
16100 14.48
16100 1.16
16100 25.44
16100 18.04
16101 14.48
16101 1.16
16101 25.44
16101 18.04
16102 14.48
16102 1.16
16102 25.44
16102 18.04
16103 14.48
16103 1.16
16103 25.44
16103 18.04
16104 14.48
16104 1.16
16104 25.44
16104 18.04
16105 14.48
16105 1.16
16105 25.44
16105 18.04
16179 14.48
16179 1.16
16179 25.44
16179 18.04
16180 14.48
16180 1.16
16180 25.44
16180 18.04
16181 14.48
16181 1.16
16181 25.44
16181 18.04
16182 14.48
16182 1.16
16182 25.44
16182 18.04
16183 14.48
16183 1.16
16183 25.44
16183 18.04
16184 14.48
16184 1.16
16184 25.44
16184 18.04
16185 14.48
16185 1.16
16185 25.44
16185 18.04
16186 14.48
16186 1.16
16186 25.44
16186 18.04
16187 14.48
16187 1.16
16187 25.44
16187 18.04
16188 14.48
16188 1.16
16188 25.44
16188 18.04
16189 14.48
16189 1.16
16189 25.44
16189 18.04
16190 14.48
16190 1.16
16190 25.44
16190 18.04
16191 14.48
16191 1.16
16191 25.44
16191 18.04
16192 14.48
16192 1.16
16192 25.44
16192 18.04
16193 14.48
16193 1.16
16193 25.44
16193 18.04
16194 14.48
16194 1.16
16194 25.44
16194 18.04
16195 14.48
16195 1.16
16195 25.44
16195 18.04
16196 14.48
16196 1.16
16196 25.44
16196 18.04
16197 14.48
16197 1.16
16197 25.44
16197 18.04
16198 14.48
16198 1.16
16198 25.44
16198 18.04
16199 14.48
16199 1.16
16199 25.44
16199 18.04
16200 14.48
16200 1.16
16200 25.44
16200 18.04
16201 14.48
16201 1.16
16201 25.44
16201 18.04
16202 14.48
16202 1.16
16202 25.44
16202 18.04
16203 14.48
16203 1.16
16203 25.44
16203 18.04
16204 14.48
16204 1.16
16204 25.44
16204 18.04
16205 14.48
16205 1.16
16205 25.44
16205 18.04
16206 14.48
16206 1.16
16206 25.44
16206 18.04
16207 14.48
16207 1.16
16207 25.44
16207 18.04
16208 14.48
16208 1.16
16208 25.44
16208 18.04
16209 14.48
16209 1.16
16209 25.44
16209 18.04
16210 14.48
16210 1.16
16210 25.44
16210 18.04
16211 14.48
16211 1.16
16211 25.44
16211 18.04
16212 14.48
16212 1.16
16212 25.44
16212 18.04
16213 14.48
16213 1.16
16213 25.44
16213 18.04
16214 14.48
16214 1.16
16214 25.44
16214 18.04
16215 14.48
16215 1.16
16215 25.44
16215 18.04
16216 14.48
16216 1.16
16216 25.44
16216 18.04
16289 14.48
16289 1.16
16289 25.44
16289 18.04
16290 14.48
16290 1.16
16290 25.44
16290 18.04
16291 14.48
16291 1.16
16291 25.44
16291 18.04
16292 14.48
16292 1.16
16292 25.44
16292 18.04
16293 14.48
16293 1.16
16293 25.44
16293 18.04
16294 14.48
16294 1.16
16294 25.44
16294 18.04
16295 14.48
16295 1.16
16295 25.44
16295 18.04
16296 14.48
16296 1.16
16296 25.44
16296 18.04
16297 14.48
16297 1.16
16297 25.44
16297 18.04
16298 14.48
16298 1.16
16298 25.44
16298 18.04
16299 14.48
16299 1.16
16299 25.44
16299 18.04
16300 14.48
16300 1.16
16300 25.44
16300 18.04
16301 14.48
16301 1.16
16301 25.44
16301 18.04
16302 14.48
16302 1.16
16302 25.44
16302 18.04
16303 14.48
16303 1.16
16303 25.44
16303 18.04
16304 14.48
16304 1.16
16304 25.44
16304 18.04
16305 14.48
16305 1.16
16305 25.44
16305 18.04
16306 14.48
16306 1.16
16306 25.44
16306 18.04
16307 14.48
16307 1.16
16307 25.44
16307 18.04
16308 14.48
16308 1.16
16308 25.44
16308 18.04
16309 14.48
16309 1.16
16309 25.44
16309 18.04
16310 14.48
16310 1.16
16310 25.44
16310 18.04
16311 14.48
16311 1.16
16311 25.44
16311 18.04
16312 14.48
16312 1.16
16312 25.44
16312 18.04
16313 14.48
16313 1.16
16313 25.44
16313 18.04
16314 14.48
16314 1.16
16314 25.44
16314 18.04
16315 14.48
16315 1.16
16315 25.44
16315 18.04
16316 14.48
16316 1.16
16316 25.44
16316 18.04
16317 14.48
16317 1.16
16317 25.44
16317 18.04
16318 14.48
16318 1.16
16318 25.44
16318 18.04
16319 14.48
16319 1.16
16319 25.44
16319 18.04
16320 14.48
16320 1.16
16320 25.44
16320 18.04
16321 14.48
16321 1.16
16321 25.44
16321 18.04
16322 14.48
16322 1.16
16322 25.44
16322 18.04
16323 14.48
16323 1.16
16323 25.44
16323 18.04
16324 14.48
16324 1.16
16324 25.44
16324 18.04
16325 14.48
16325 1.16
16325 25.44
16325 18.04
16326 14.48
16326 1.16
16326 25.44
16326 18.04
16400 14.48
16400 1.16
16400 25.44
16400 18.04
16401 14.48
16401 1.16
16401 25.44
16401 18.04
16402 14.48
16402 1.16
16402 25.44
16402 18.04
16403 14.48
16403 1.16
16403 25.44
16403 18.04
16404 14.48
16404 1.16
16404 25.44
16404 18.04
16405 14.48
16405 1.16
16405 25.44
16405 18.04
16406 14.48
16406 1.16
16406 25.44
16406 18.04
16407 14.48
16407 1.16
16407 25.44
16407 18.04
16408 14.48
16408 1.16
16408 25.44
16408 18.04
16409 14.48
16409 1.16
16409 25.44
16409 18.04
16410 14.48
16410 1.16
16410 25.44
16410 18.04
16411 14.48
16411 1.16
16411 25.44
16411 18.04
16412 14.48
16412 1.16
16412 25.44
16412 18.04
16413 14.48
16413 1.16
16413 25.44
16413 18.04
16414 14.48
16414 1.16
16414 25.44
16414 18.04
16415 14.48
16415 1.16
16415 25.44
16415 18.04
16416 14.48
16416 1.16
16416 25.44
16416 18.04
16417 14.48
16417 1.16
16417 25.44
16417 18.04
16418 14.48
16418 1.16
16418 25.44
16418 18.04
16419 14.48
16419 1.16
16419 25.44
16419 18.04
16420 14.48
16420 1.16
16420 25.44
16420 18.04
16421 14.48
16421 1.16
16421 25.44
16421 18.04
16422 14.48
16422 1.16
16422 25.44
16422 18.04
16423 14.48
16423 1.16
16423 25.44
16423 18.04
16424 14.48
16424 1.16
16424 25.44
16424 18.04
16425 14.48
16425 1.16
16425 25.44
16425 18.04
16426 14.48
16426 1.16
16426 25.44
16426 18.04
16427 14.48
16427 1.16
16427 25.44
16427 18.04
16428 14.48
16428 1.16
16428 25.44
16428 18.04
16429 14.48
16429 1.16
16429 25.44
16429 18.04
16430 14.48
16430 1.16
16430 25.44
16430 18.04
16431 14.48
16431 1.16
16431 25.44
16431 18.04
16432 14.48
16432 1.16
16432 25.44
16432 18.04
16433 14.48
16433 1.16
16433 25.44
16433 18.04
16434 14.48
16434 1.16
16434 25.44
16434 18.04
16435 14.48
16435 1.16
16435 25.44
16435 18.04
16436 14.48
16436 1.16
16436 25.44
16436 18.04
16437 14.48
16437 1.16
16437 25.44
16437 18.04
16510 14.48
16510 1.16
16510 25.44
16510 18.04
16511 14.48
16511 1.16
16511 25.44
16511 18.04
16512 14.48
16512 1.16
16512 25.44
16512 18.04
16513 14.48
16513 1.16
16513 25.44
16513 18.04
16514 14.48
16514 1.16
16514 25.44
16514 18.04
16515 14.48
16515 1.16
16515 25.44
16515 18.04
16516 14.48
16516 1.16
16516 25.44
16516 18.04
16517 14.48
16517 1.16
16517 25.44
16517 18.04
16518 14.48
16518 1.16
16518 25.44
16518 18.04
16519 14.48
16519 1.16
16519 25.44
16519 18.04
16520 14.48
16520 1.16
16520 25.44
16520 18.04
16521 14.48
16521 1.16
16521 25.44
16521 18.04
16522 14.48
16522 1.16
16522 25.44
16522 18.04
16523 14.48
16523 1.16
16523 25.44
16523 18.04
16524 14.48
16524 1.16
16524 25.44
16524 18.04
16525 14.48
16525 1.16
16525 25.44
16525 18.04
16526 14.48
16526 1.16
16526 25.44
16526 18.04
16527 14.48
16527 1.16
16527 25.44
16527 18.04
16528 14.48
16528 1.16
16528 25.44
16528 18.04
16529 14.48
16529 1.16
16529 25.44
16529 18.04
16530 14.48
16530 1.16
16530 25.44
16530 18.04
16531 14.48
16531 1.16
16531 25.44
16531 18.04
16532 14.48
16532 1.16
16532 25.44
16532 18.04
16533 14.48
16533 1.16
16533 25.44
16533 18.04
16534 14.48
16534 1.16
16534 25.44
16534 18.04
16535 14.48
16535 1.16
16535 25.44
16535 18.04
16536 14.48
16536 1.16
16536 25.44
16536 18.04
16537 14.48
16537 1.16
16537 25.44
16537 18.04
16538 14.48
16538 1.16
16538 25.44
16538 18.04
16539 14.48
16539 1.16
16539 25.44
16539 18.04
16540 14.48
16540 1.16
16540 25.44
16540 18.04
16541 14.48
16541 1.16
16541 25.44
16541 18.04
16542 14.48
16542 1.16
16542 25.44
16542 18.04
16543 14.48
16543 1.16
16543 25.44
16543 18.04
16544 14.48
16544 1.16
16544 25.44
16544 18.04
16545 14.48
16545 1.16
16545 25.44
16545 18.04
16620 14.48
16620 1.16
16620 25.44
16620 18.04
16621 14.48
16621 1.16
16621 25.44
16621 18.04
16622 14.48
16622 1.16
16622 25.44
16622 18.04
16623 14.48
16623 1.16
16623 25.44
16623 18.04
16624 14.48
16624 1.16
16624 25.44
16624 18.04
16625 14.48
16625 1.16
16625 25.44
16625 18.04
16626 14.48
16626 1.16
16626 25.44
16626 18.04
16627 14.48
16627 1.16
16627 25.44
16627 18.04
16628 14.48
16628 1.16
16628 25.44
16628 18.04
16629 14.48
16629 1.16
16629 25.44
16629 18.04
16630 14.48
16630 1.16
16630 25.44
16630 18.04
16631 14.48
16631 1.16
16631 25.44
16631 18.04
16632 14.48
16632 1.16
16632 25.44
16632 18.04
16633 14.48
16633 1.16
16633 25.44
16633 18.04
16634 14.48
16634 1.16
16634 25.44
16634 18.04
16635 14.48
16635 1.16
16635 25.44
16635 18.04
16636 14.48
16636 1.16
16636 25.44
16636 18.04
16637 14.48
16637 1.16
16637 25.44
16637 18.04
16638 14.48
16638 1.16
16638 25.44
16638 18.04
16639 14.48
16639 1.16
16639 25.44
16639 18.04
16640 14.48
16640 1.16
16640 25.44
16640 18.04
16641 14.48
16641 1.16
16641 25.44
16641 18.04
16642 14.48
16642 1.16
16642 25.44
16642 18.04
16643 14.48
16643 1.16
16643 25.44
16643 18.04
16644 14.48
16644 1.16
16644 25.44
16644 18.04
16645 14.48
16645 1.16
16645 25.44
16645 18.04
16646 14.48
16646 1.16
16646 25.44
16646 18.04
16647 14.48
16647 1.16
16647 25.44
16647 18.04
16648 14.48
16648 1.16
16648 25.44
16648 18.04
16649 14.48
16649 1.16
16649 25.44
16649 18.04
16650 14.48
16650 1.16
16650 25.44
16650 18.04
16651 14.48
16651 1.16
16651 25.44
16651 18.04
16652 14.48
16652 1.16
16652 25.44
16652 18.04
16653 14.48
16653 1.16
16653 25.44
16653 18.04
16654 14.48
16654 1.16
16654 25.44
16654 18.04
16655 14.48
16655 1.16
16655 25.44
16655 18.04
16730 14.48
16730 1.16
16730 25.44
16730 18.04
16731 14.48
16731 1.16
16731 25.44
16731 18.04
16732 14.48
16732 1.16
16732 25.44
16732 18.04
16733 14.48
16733 1.16
16733 25.44
16733 18.04
16734 14.48
16734 1.16
16734 25.44
16734 18.04
16735 14.48
16735 1.16
16735 25.44
16735 18.04
16736 14.48
16736 1.16
16736 25.44
16736 18.04
16737 14.48
16737 1.16
16737 25.44
16737 18.04
16738 14.48
16738 1.16
16738 25.44
16738 18.04
16739 14.48
16739 1.16
16739 25.44
16739 18.04
16740 14.48
16740 1.16
16740 25.44
16740 18.04
16741 14.48
16741 1.16
16741 25.44
16741 18.04
16742 14.48
16742 1.16
16742 25.44
16742 18.04
16743 14.48
16743 1.16
16743 25.44
16743 18.04
16744 14.48
16744 1.16
16744 25.44
16744 18.04
16745 14.48
16745 1.16
16745 25.44
16745 18.04
16746 14.48
16746 1.16
16746 25.44
16746 18.04
16747 14.48
16747 1.16
16747 25.44
16747 18.04
16748 14.48
16748 1.16
16748 25.44
16748 18.04
16749 14.48
16749 1.16
16749 25.44
16749 18.04
16750 14.48
16750 1.16
16750 25.44
16750 18.04
16751 14.48
16751 1.16
16751 25.44
16751 18.04
16752 14.48
16752 1.16
16752 25.44
16752 18.04
16753 14.48
16753 1.16
16753 25.44
16753 18.04
16754 14.48
16754 1.16
16754 25.44
16754 18.04
16755 14.48
16755 1.16
16755 25.44
16755 18.04
16756 14.48
16756 1.16
16756 25.44
16756 18.04
16757 14.48
16757 1.16
16757 25.44
16757 18.04
16758 14.48
16758 1.16
16758 25.44
16758 18.04
16759 14.48
16759 1.16
16759 25.44
16759 18.04
16760 14.48
16760 1.16
16760 25.44
16760 18.04
16761 14.48
16761 1.16
16761 25.44
16761 18.04
16762 14.48
16762 1.16
16762 25.44
16762 18.04
16763 14.48
16763 1.16
16763 25.44
16763 18.04
16840 14.48
16840 1.16
16840 25.44
16840 18.04
16841 14.48
16841 1.16
16841 25.44
16841 18.04
16842 14.48
16842 1.16
16842 25.44
16842 18.04
16843 14.48
16843 1.16
16843 25.44
16843 18.04
16844 14.48
16844 1.16
16844 25.44
16844 18.04
16845 14.48
16845 1.16
16845 25.44
16845 18.04
16846 14.48
16846 1.16
16846 25.44
16846 18.04
16847 14.48
16847 1.16
16847 25.44
16847 18.04
16848 14.48
16848 1.16
16848 25.44
16848 18.04
16849 14.48
16849 1.16
16849 25.44
16849 18.04
16850 14.48
16850 1.16
16850 25.44
16850 18.04
16851 14.48
16851 1.16
16851 25.44
16851 18.04
16852 14.48
16852 1.16
16852 25.44
16852 18.04
16853 14.48
16853 1.16
16853 25.44
16853 18.04
16854 14.48
16854 1.16
16854 25.44
16854 18.04
16855 14.48
16855 1.16
16855 25.44
16855 18.04
16856 14.48
16856 1.16
16856 25.44
16856 18.04
16857 14.48
16857 1.16
16857 25.44
16857 18.04
16858 14.48
16858 1.16
16858 25.44
16858 18.04
16859 14.48
16859 1.16
16859 25.44
16859 18.04
16860 14.48
16860 1.16
16860 25.44
16860 18.04
16861 14.48
16861 1.16
16861 25.44
16861 18.04
16862 14.48
16862 1.16
16862 25.44
16862 18.04
16863 14.48
16863 1.16
16863 25.44
16863 18.04
16864 14.48
16864 1.16
16864 25.44
16864 18.04
16865 14.48
16865 1.16
16865 25.44
16865 18.04
16866 14.48
16866 1.16
16866 25.44
16866 18.04
16867 14.48
16867 1.16
16867 25.44
16867 18.04
16868 14.48
16868 1.16
16868 25.44
16868 18.04
16869 14.48
16869 1.16
16869 25.44
16869 18.04
16870 14.48
16870 1.16
16870 25.44
16870 18.04
16871 14.48
16871 1.16
16871 25.44
16871 18.04
16872 14.48
16872 1.16
16872 25.44
16872 18.04
16951 14.48
16951 1.16
16951 25.44
16951 18.04
16952 14.48
16952 1.16
16952 25.44
16952 18.04
16953 14.48
16953 1.16
16953 25.44
16953 18.04
16954 14.48
16954 1.16
16954 25.44
16954 18.04
16955 14.48
16955 1.16
16955 25.44
16955 18.04
16956 14.48
16956 1.16
16956 25.44
16956 18.04
16957 14.48
16957 1.16
16957 25.44
16957 18.04
16958 14.48
16958 1.16
16958 25.44
16958 18.04
16959 14.48
16959 1.16
16959 25.44
16959 18.04
16960 14.48
16960 1.16
16960 25.44
16960 18.04
16961 14.48
16961 1.16
16961 25.44
16961 18.04
16962 14.48
16962 1.16
16962 25.44
16962 18.04
16963 14.48
16963 1.16
16963 25.44
16963 18.04
16964 14.48
16964 1.16
16964 25.44
16964 18.04
16965 14.48
16965 1.16
16965 25.44
16965 18.04
16966 14.48
16966 1.16
16966 25.44
16966 18.04
16967 14.48
16967 1.16
16967 25.44
16967 18.04
16968 14.48
16968 1.16
16968 25.44
16968 18.04
16969 14.48
16969 1.16
16969 25.44
16969 18.04
16970 14.48
16970 1.16
16970 25.44
16970 18.04
16971 14.48
16971 1.16
16971 25.44
16971 18.04
16972 14.48
16972 1.16
16972 25.44
16972 18.04
16973 14.48
16973 1.16
16973 25.44
16973 18.04
16974 14.48
16974 1.16
16974 25.44
16974 18.04
16975 14.48
16975 1.16
16975 25.44
16975 18.04
16976 14.48
16976 1.16
16976 25.44
16976 18.04
16977 14.48
16977 1.16
16977 25.44
16977 18.04
16978 14.48
16978 1.16
16978 25.44
16978 18.04
16979 14.48
16979 1.16
16979 25.44
16979 18.04
16980 14.48
16980 1.16
16980 25.44
16980 18.04
16981 14.48
16981 1.16
16981 25.44
16981 18.04
17059 14.48
17059 1.16
17059 25.44
17059 18.04
17060 14.48
17060 1.16
17060 25.44
17060 18.04
17061 14.48
17061 1.16
17061 25.44
17061 18.04
17062 14.48
17062 1.16
17062 25.44
17062 18.04
17063 14.48
17063 1.16
17063 25.44
17063 18.04
17064 14.48
17064 1.16
17064 25.44
17064 18.04
17065 14.48
17065 1.16
17065 25.44
17065 18.04
17066 14.48
17066 1.16
17066 25.44
17066 18.04
17067 14.48
17067 1.16
17067 25.44
17067 18.04
17068 14.48
17068 1.16
17068 25.44
17068 18.04
17069 14.48
17069 1.16
17069 25.44
17069 18.04
17070 14.48
17070 1.16
17070 25.44
17070 18.04
17071 14.48
17071 1.16
17071 25.44
17071 18.04
17072 14.48
17072 1.16
17072 25.44
17072 18.04
17073 14.48
17073 1.16
17073 25.44
17073 18.04
17074 14.48
17074 1.16
17074 25.44
17074 18.04
17075 14.48
17075 1.16
17075 25.44
17075 18.04
17076 14.48
17076 1.16
17076 25.44
17076 18.04
17077 14.48
17077 1.16
17077 25.44
17077 18.04
17078 14.48
17078 1.16
17078 25.44
17078 18.04
17079 14.48
17079 1.16
17079 25.44
17079 18.04
17080 14.48
17080 1.16
17080 25.44
17080 18.04
17081 14.48
17081 1.16
17081 25.44
17081 18.04
17082 14.48
17082 1.16
17082 25.44
17082 18.04
17083 14.48
17083 1.16
17083 25.44
17083 18.04
17084 14.48
17084 1.16
17084 25.44
17084 18.04
17085 14.48
17085 1.16
17085 25.44
17085 18.04
17086 14.48
17086 1.16
17086 25.44
17086 18.04
17087 14.48
17087 1.16
17087 25.44
17087 18.04
17088 14.48
17088 1.16
17088 25.44
17088 18.04
17168 14.48
17168 1.16
17168 25.44
17168 18.04
17169 14.48
17169 1.16
17169 25.44
17169 18.04
17170 14.48
17170 1.16
17170 25.44
17170 18.04
17171 14.48
17171 1.16
17171 25.44
17171 18.04
17172 14.48
17172 1.16
17172 25.44
17172 18.04
17173 14.48
17173 1.16
17173 25.44
17173 18.04
17174 14.48
17174 1.16
17174 25.44
17174 18.04
17175 14.48
17175 1.16
17175 25.44
17175 18.04
17176 14.48
17176 1.16
17176 25.44
17176 18.04
17177 14.48
17177 1.16
17177 25.44
17177 18.04
17178 14.48
17178 1.16
17178 25.44
17178 18.04
17179 14.48
17179 1.16
17179 25.44
17179 18.04
17180 14.48
17180 1.16
17180 25.44
17180 18.04
17181 14.48
17181 1.16
17181 25.44
17181 18.04
17182 14.48
17182 1.16
17182 25.44
17182 18.04
17183 14.48
17183 1.16
17183 25.44
17183 18.04
17184 14.48
17184 1.16
17184 25.44
17184 18.04
17185 14.48
17185 1.16
17185 25.44
17185 18.04
17186 14.48
17186 1.16
17186 25.44
17186 18.04
17187 14.48
17187 1.16
17187 25.44
17187 18.04
17188 14.48
17188 1.16
17188 25.44
17188 18.04
17189 14.48
17189 1.16
17189 25.44
17189 18.04
17190 14.48
17190 1.16
17190 25.44
17190 18.04
17191 14.48
17191 1.16
17191 25.44
17191 18.04
17192 14.48
17192 1.16
17192 25.44
17192 18.04
17193 14.48
17193 1.16
17193 25.44
17193 18.04
17194 14.48
17194 1.16
17194 25.44
17194 18.04
17274 14.48
17274 1.16
17274 25.44
17274 18.04
17275 14.48
17275 1.16
17275 25.44
17275 18.04
17276 14.48
17276 1.16
17276 25.44
17276 18.04
17277 14.48
17277 1.16
17277 25.44
17277 18.04
17278 14.48
17278 1.16
17278 25.44
17278 18.04
17279 14.48
17279 1.16
17279 25.44
17279 18.04
17280 14.48
17280 1.16
17280 25.44
17280 18.04
17281 14.48
17281 1.16
17281 25.44
17281 18.04
17282 14.48
17282 1.16
17282 25.44
17282 18.04
17283 14.48
17283 1.16
17283 25.44
17283 18.04
17284 14.48
17284 1.16
17284 25.44
17284 18.04
17285 14.48
17285 1.16
17285 25.44
17285 18.04
17286 14.48
17286 1.16
17286 25.44
17286 18.04
17287 14.48
17287 1.16
17287 25.44
17287 18.04
17288 14.48
17288 1.16
17288 25.44
17288 18.04
17289 14.48
17289 1.16
17289 25.44
17289 18.04
17290 14.48
17290 1.16
17290 25.44
17290 18.04
17291 14.48
17291 1.16
17291 25.44
17291 18.04
17292 14.48
17292 1.16
17292 25.44
17292 18.04
17293 14.48
17293 1.16
17293 25.44
17293 18.04
17294 14.48
17294 1.16
17294 25.44
17294 18.04
17295 14.48
17295 1.16
17295 25.44
17295 18.04
17296 14.48
17296 1.16
17296 25.44
17296 18.04
17297 14.48
17297 1.16
17297 25.44
17297 18.04
17298 14.48
17298 1.16
17298 25.44
17298 18.04
17299 14.48
17299 1.16
17299 25.44
17299 18.04
17382 14.48
17382 1.16
17382 25.44
17382 18.04
17383 14.48
17383 1.16
17383 25.44
17383 18.04
17384 14.48
17384 1.16
17384 25.44
17384 18.04
17385 14.48
17385 1.16
17385 25.44
17385 18.04
17386 14.48
17386 1.16
17386 25.44
17386 18.04
17387 14.48
17387 1.16
17387 25.44
17387 18.04
17388 14.48
17388 1.16
17388 25.44
17388 18.04
17389 14.48
17389 1.16
17389 25.44
17389 18.04
17390 14.48
17390 1.16
17390 25.44
17390 18.04
17391 14.48
17391 1.16
17391 25.44
17391 18.04
17392 14.48
17392 1.16
17392 25.44
17392 18.04
17393 14.48
17393 1.16
17393 25.44
17393 18.04
17394 14.48
17394 1.16
17394 25.44
17394 18.04
17395 14.48
17395 1.16
17395 25.44
17395 18.04
17396 14.48
17396 1.16
17396 25.44
17396 18.04
17397 14.48
17397 1.16
17397 25.44
17397 18.04
17398 14.48
17398 1.16
17398 25.44
17398 18.04
17399 14.48
17399 1.16
17399 25.44
17399 18.04
17400 14.48
17400 1.16
17400 25.44
17400 18.04
17401 14.48
17401 1.16
17401 25.44
17401 18.04
17402 14.48
17402 1.16
17402 25.44
17402 18.04
17403 14.48
17403 1.16
17403 25.44
17403 18.04
17404 14.48
17404 1.16
17404 25.44
17404 18.04
17488 14.48
17488 1.16
17488 25.44
17488 18.04
17489 14.48
17489 1.16
17489 25.44
17489 18.04
17490 14.48
17490 1.16
17490 25.44
17490 18.04
17491 14.48
17491 1.16
17491 25.44
17491 18.04
17492 14.48
17492 1.16
17492 25.44
17492 18.04
17493 14.48
17493 1.16
17493 25.44
17493 18.04
17494 14.48
17494 1.16
17494 25.44
17494 18.04
17495 14.48
17495 1.16
17495 25.44
17495 18.04
17496 14.48
17496 1.16
17496 25.44
17496 18.04
17497 14.48
17497 1.16
17497 25.44
17497 18.04
17498 14.48
17498 1.16
17498 25.44
17498 18.04
17499 14.48
17499 1.16
17499 25.44
17499 18.04
17500 14.48
17500 1.16
17500 25.44
17500 18.04
17501 14.48
17501 1.16
17501 25.44
17501 18.04
17502 14.48
17502 1.16
17502 25.44
17502 18.04
17503 14.48
17503 1.16
17503 25.44
17503 18.04
17504 14.48
17504 1.16
17504 25.44
17504 18.04
17505 14.48
17505 1.16
17505 25.44
17505 18.04
17590 14.48
17590 1.16
17590 25.44
17590 18.04
17591 14.48
17591 1.16
17591 25.44
17591 18.04
17592 14.48
17592 1.16
17592 25.44
17592 18.04
17593 14.48
17593 1.16
17593 25.44
17593 18.04
17594 14.48
17594 1.16
17594 25.44
17594 18.04
17595 14.48
17595 1.16
17595 25.44
17595 18.04
17596 14.48
17596 1.16
17596 25.44
17596 18.04
17597 14.48
17597 1.16
17597 25.44
17597 18.04
17598 14.48
17598 1.16
17598 25.44
17598 18.04
17599 14.48
17599 1.16
17599 25.44
17599 18.04
17600 14.48
17600 1.16
17600 25.44
17600 18.04
17601 14.48
17601 1.16
17601 25.44
17601 18.04
17602 14.48
17602 1.16
17602 25.44
17602 18.04
17603 14.48
17603 1.16
17603 25.44
17603 18.04
