pt_graph cpue_kghour
8547 14.48
8547 1.16
8547 25.44
8547 18.04
8677 14.48
8677 1.16
8677 25.44
8677 18.04
8678 14.48
8678 1.16
8678 25.44
8678 18.04
8816 14.48
8816 1.16
8816 25.44
8816 18.04
8817 14.48
8817 1.16
8817 25.44
8817 18.04
8818 14.48
8818 1.16
8818 25.44
8818 18.04
8952 14.48
8952 1.16
8952 25.44
8952 18.04
8953 14.48
8953 1.16
8953 25.44
8953 18.04
8954 14.48
8954 1.16
8954 25.44
8954 18.04
8955 14.48
8955 1.16
8955 25.44
8955 18.04
8956 14.48
8956 1.16
8956 25.44
8956 18.04
8957 14.48
8957 1.16
8957 25.44
8957 18.04
9080 14.48
9080 1.16
9080 25.44
9080 18.04
9081 14.48
9081 1.16
9081 25.44
9081 18.04
9082 14.48
9082 1.16
9082 25.44
9082 18.04
9083 14.48
9083 1.16
9083 25.44
9083 18.04
9084 14.48
9084 1.16
9084 25.44
9084 18.04
9085 14.48
9085 1.16
9085 25.44
9085 18.04
9086 14.48
9086 1.16
9086 25.44
9086 18.04
9201 14.48
9201 1.16
9201 25.44
9201 18.04
9202 14.48
9202 1.16
9202 25.44
9202 18.04
9203 14.48
9203 1.16
9203 25.44
9203 18.04
9204 14.48
9204 1.16
9204 25.44
9204 18.04
9205 14.48
9205 1.16
9205 25.44
9205 18.04
9206 14.48
9206 1.16
9206 25.44
9206 18.04
9207 14.48
9207 1.16
9207 25.44
9207 18.04
9208 14.48
9208 1.16
9208 25.44
9208 18.04
9318 14.48
9318 1.16
9318 25.44
9318 18.04
9319 14.48
9319 1.16
9319 25.44
9319 18.04
9320 14.48
9320 1.16
9320 25.44
9320 18.04
9321 14.48
9321 1.16
9321 25.44
9321 18.04
9322 14.48
9322 1.16
9322 25.44
9322 18.04
9323 14.48
9323 1.16
9323 25.44
9323 18.04
9324 14.48
9324 1.16
9324 25.44
9324 18.04
9325 14.48
9325 1.16
9325 25.44
9325 18.04
9436 14.48
9436 1.16
9436 25.44
9436 18.04
9437 14.48
9437 1.16
9437 25.44
9437 18.04
9438 14.48
9438 1.16
9438 25.44
9438 18.04
9439 14.48
9439 1.16
9439 25.44
9439 18.04
9440 14.48
9440 1.16
9440 25.44
9440 18.04
9441 14.48
9441 1.16
9441 25.44
9441 18.04
9442 14.48
9442 1.16
9442 25.44
9442 18.04
9443 14.48
9443 1.16
9443 25.44
9443 18.04
9444 14.48
9444 1.16
9444 25.44
9444 18.04
9557 14.48
9557 1.16
9557 25.44
9557 18.04
9558 14.48
9558 1.16
9558 25.44
9558 18.04
9559 14.48
9559 1.16
9559 25.44
9559 18.04
9560 14.48
9560 1.16
9560 25.44
9560 18.04
9561 14.48
9561 1.16
9561 25.44
9561 18.04
9562 14.48
9562 1.16
9562 25.44
9562 18.04
9563 14.48
9563 1.16
9563 25.44
9563 18.04
9564 14.48
9564 1.16
9564 25.44
9564 18.04
9565 14.48
9565 1.16
9565 25.44
9565 18.04
9682 14.48
9682 1.16
9682 25.44
9682 18.04
9683 14.48
9683 1.16
9683 25.44
9683 18.04
9684 14.48
9684 1.16
9684 25.44
9684 18.04
9685 14.48
9685 1.16
9685 25.44
9685 18.04
9686 14.48
9686 1.16
9686 25.44
9686 18.04
9687 14.48
9687 1.16
9687 25.44
9687 18.04
9688 14.48
9688 1.16
9688 25.44
9688 18.04
9689 14.48
9689 1.16
9689 25.44
9689 18.04
9690 14.48
9690 1.16
9690 25.44
9690 18.04
9691 14.48
9691 1.16
9691 25.44
9691 18.04
9692 14.48
9692 1.16
9692 25.44
9692 18.04
9815 14.48
9815 1.16
9815 25.44
9815 18.04
9816 14.48
9816 1.16
9816 25.44
9816 18.04
9817 14.48
9817 1.16
9817 25.44
9817 18.04
9818 14.48
9818 1.16
9818 25.44
9818 18.04
9819 14.48
9819 1.16
9819 25.44
9819 18.04
9820 14.48
9820 1.16
9820 25.44
9820 18.04
9821 14.48
9821 1.16
9821 25.44
9821 18.04
9822 14.48
9822 1.16
9822 25.44
9822 18.04
9823 14.48
9823 1.16
9823 25.44
9823 18.04
9824 14.48
9824 1.16
9824 25.44
9824 18.04
9825 14.48
9825 1.16
9825 25.44
9825 18.04
9826 14.48
9826 1.16
9826 25.44
9826 18.04
9827 14.48
9827 1.16
9827 25.44
9827 18.04
9947 14.48
9947 1.16
9947 25.44
9947 18.04
9948 14.48
9948 1.16
9948 25.44
9948 18.04
9949 14.48
9949 1.16
9949 25.44
9949 18.04
9950 14.48
9950 1.16
9950 25.44
9950 18.04
9951 14.48
9951 1.16
9951 25.44
9951 18.04
9952 14.48
9952 1.16
9952 25.44
9952 18.04
9953 14.48
9953 1.16
9953 25.44
9953 18.04
9954 14.48
9954 1.16
9954 25.44
9954 18.04
9955 14.48
9955 1.16
9955 25.44
9955 18.04
9956 14.48
9956 1.16
9956 25.44
9956 18.04
9957 14.48
9957 1.16
9957 25.44
9957 18.04
9958 14.48
9958 1.16
9958 25.44
9958 18.04
9959 14.48
9959 1.16
9959 25.44
9959 18.04
10073 14.48
10073 1.16
10073 25.44
10073 18.04
10074 14.48
10074 1.16
10074 25.44
10074 18.04
10075 14.48
10075 1.16
10075 25.44
10075 18.04
10076 14.48
10076 1.16
10076 25.44
10076 18.04
10077 14.48
10077 1.16
10077 25.44
10077 18.04
10078 14.48
10078 1.16
10078 25.44
10078 18.04
10079 14.48
10079 1.16
10079 25.44
10079 18.04
10080 14.48
10080 1.16
10080 25.44
10080 18.04
10081 14.48
10081 1.16
10081 25.44
10081 18.04
10082 14.48
10082 1.16
10082 25.44
10082 18.04
10083 14.48
10083 1.16
10083 25.44
10083 18.04
10084 14.48
10084 1.16
10084 25.44
10084 18.04
10085 14.48
10085 1.16
10085 25.44
10085 18.04
10086 14.48
10086 1.16
10086 25.44
10086 18.04
10087 14.48
10087 1.16
10087 25.44
10087 18.04
10088 14.48
10088 1.16
10088 25.44
10088 18.04
10199 14.48
10199 1.16
10199 25.44
10199 18.04
10200 14.48
10200 1.16
10200 25.44
10200 18.04
10201 14.48
10201 1.16
10201 25.44
10201 18.04
10202 14.48
10202 1.16
10202 25.44
10202 18.04
10203 14.48
10203 1.16
10203 25.44
10203 18.04
10204 14.48
10204 1.16
10204 25.44
10204 18.04
10205 14.48
10205 1.16
10205 25.44
10205 18.04
10206 14.48
10206 1.16
10206 25.44
10206 18.04
10207 14.48
10207 1.16
10207 25.44
10207 18.04
10208 14.48
10208 1.16
10208 25.44
10208 18.04
10209 14.48
10209 1.16
10209 25.44
10209 18.04
10210 14.48
10210 1.16
10210 25.44
10210 18.04
10211 14.48
10211 1.16
10211 25.44
10211 18.04
10212 14.48
10212 1.16
10212 25.44
10212 18.04
10213 14.48
10213 1.16
10213 25.44
10213 18.04
10322 14.48
10322 1.16
10322 25.44
10322 18.04
10323 14.48
10323 1.16
10323 25.44
10323 18.04
10324 14.48
10324 1.16
10324 25.44
10324 18.04
10325 14.48
10325 1.16
10325 25.44
10325 18.04
10326 14.48
10326 1.16
10326 25.44
10326 18.04
10327 14.48
10327 1.16
10327 25.44
10327 18.04
10328 14.48
10328 1.16
10328 25.44
10328 18.04
10329 14.48
10329 1.16
10329 25.44
10329 18.04
10330 14.48
10330 1.16
10330 25.44
10330 18.04
10331 14.48
10331 1.16
10331 25.44
10331 18.04
10332 14.48
10332 1.16
10332 25.44
10332 18.04
10333 14.48
10333 1.16
10333 25.44
10333 18.04
10334 14.48
10334 1.16
10334 25.44
10334 18.04
10335 14.48
10335 1.16
10335 25.44
10335 18.04
10336 14.48
10336 1.16
10336 25.44
10336 18.04
10337 14.48
10337 1.16
10337 25.44
10337 18.04
10444 14.48
10444 1.16
10444 25.44
10444 18.04
10445 14.48
10445 1.16
10445 25.44
10445 18.04
10446 14.48
10446 1.16
10446 25.44
10446 18.04
10447 14.48
10447 1.16
10447 25.44
10447 18.04
10448 14.48
10448 1.16
10448 25.44
10448 18.04
10449 14.48
10449 1.16
10449 25.44
10449 18.04
10450 14.48
10450 1.16
10450 25.44
10450 18.04
10451 14.48
10451 1.16
10451 25.44
10451 18.04
10452 14.48
10452 1.16
10452 25.44
10452 18.04
10453 14.48
10453 1.16
10453 25.44
10453 18.04
10454 14.48
10454 1.16
10454 25.44
10454 18.04
10455 14.48
10455 1.16
10455 25.44
10455 18.04
10456 14.48
10456 1.16
10456 25.44
10456 18.04
10457 14.48
10457 1.16
10457 25.44
10457 18.04
10458 14.48
10458 1.16
10458 25.44
10458 18.04
10459 14.48
10459 1.16
10459 25.44
10459 18.04
10558 14.48
10558 1.16
10558 25.44
10558 18.04
10559 14.48
10559 1.16
10559 25.44
10559 18.04
10560 14.48
10560 1.16
10560 25.44
10560 18.04
10561 14.48
10561 1.16
10561 25.44
10561 18.04
10562 14.48
10562 1.16
10562 25.44
10562 18.04
10563 14.48
10563 1.16
10563 25.44
10563 18.04
10564 14.48
10564 1.16
10564 25.44
10564 18.04
10565 14.48
10565 1.16
10565 25.44
10565 18.04
10566 14.48
10566 1.16
10566 25.44
10566 18.04
10567 14.48
10567 1.16
10567 25.44
10567 18.04
10568 14.48
10568 1.16
10568 25.44
10568 18.04
10569 14.48
10569 1.16
10569 25.44
10569 18.04
10570 14.48
10570 1.16
10570 25.44
10570 18.04
10571 14.48
10571 1.16
10571 25.44
10571 18.04
10572 14.48
10572 1.16
10572 25.44
10572 18.04
10573 14.48
10573 1.16
10573 25.44
10573 18.04
10574 14.48
10574 1.16
10574 25.44
10574 18.04
10661 14.48
10661 1.16
10661 25.44
10661 18.04
10662 14.48
10662 1.16
10662 25.44
10662 18.04
10663 14.48
10663 1.16
10663 25.44
10663 18.04
10664 14.48
10664 1.16
10664 25.44
10664 18.04
10665 14.48
10665 1.16
10665 25.44
10665 18.04
10666 14.48
10666 1.16
10666 25.44
10666 18.04
10667 14.48
10667 1.16
10667 25.44
10667 18.04
10668 14.48
10668 1.16
10668 25.44
10668 18.04
10669 14.48
10669 1.16
10669 25.44
10669 18.04
10670 14.48
10670 1.16
10670 25.44
10670 18.04
10671 14.48
10671 1.16
10671 25.44
10671 18.04
10672 14.48
10672 1.16
10672 25.44
10672 18.04
10673 14.48
10673 1.16
10673 25.44
10673 18.04
10674 14.48
10674 1.16
10674 25.44
10674 18.04
10675 14.48
10675 1.16
10675 25.44
10675 18.04
10676 14.48
10676 1.16
10676 25.44
10676 18.04
10677 14.48
10677 1.16
10677 25.44
10677 18.04
10678 14.48
10678 1.16
10678 25.44
10678 18.04
10679 14.48
10679 1.16
10679 25.44
10679 18.04
10680 14.48
10680 1.16
10680 25.44
10680 18.04
10681 14.48
10681 1.16
10681 25.44
10681 18.04
10757 14.48
10757 1.16
10757 25.44
10757 18.04
10758 14.48
10758 1.16
10758 25.44
10758 18.04
10760 14.48
10760 1.16
10760 25.44
10760 18.04
10761 14.48
10761 1.16
10761 25.44
10761 18.04
10762 14.48
10762 1.16
10762 25.44
10762 18.04
10763 14.48
10763 1.16
10763 25.44
10763 18.04
10764 14.48
10764 1.16
10764 25.44
10764 18.04
10765 14.48
10765 1.16
10765 25.44
10765 18.04
10766 14.48
10766 1.16
10766 25.44
10766 18.04
10767 14.48
10767 1.16
10767 25.44
10767 18.04
10768 14.48
10768 1.16
10768 25.44
10768 18.04
10769 14.48
10769 1.16
10769 25.44
10769 18.04
10770 14.48
10770 1.16
10770 25.44
10770 18.04
10771 14.48
10771 1.16
10771 25.44
10771 18.04
10772 14.48
10772 1.16
10772 25.44
10772 18.04
10773 14.48
10773 1.16
10773 25.44
10773 18.04
10774 14.48
10774 1.16
10774 25.44
10774 18.04
10775 14.48
10775 1.16
10775 25.44
10775 18.04
10776 14.48
10776 1.16
10776 25.44
10776 18.04
10777 14.48
10777 1.16
10777 25.44
10777 18.04
10778 14.48
10778 1.16
10778 25.44
10778 18.04
10779 14.48
10779 1.16
10779 25.44
10779 18.04
10780 14.48
10780 1.16
10780 25.44
10780 18.04
10781 14.48
10781 1.16
10781 25.44
10781 18.04
10859 14.48
10859 1.16
10859 25.44
10859 18.04
10860 14.48
10860 1.16
10860 25.44
10860 18.04
10861 14.48
10861 1.16
10861 25.44
10861 18.04
10862 14.48
10862 1.16
10862 25.44
10862 18.04
10863 14.48
10863 1.16
10863 25.44
10863 18.04
10864 14.48
10864 1.16
10864 25.44
10864 18.04
10865 14.48
10865 1.16
10865 25.44
10865 18.04
10866 14.48
10866 1.16
10866 25.44
10866 18.04
10867 14.48
10867 1.16
10867 25.44
10867 18.04
10868 14.48
10868 1.16
10868 25.44
10868 18.04
10869 14.48
10869 1.16
10869 25.44
10869 18.04
10870 14.48
10870 1.16
10870 25.44
10870 18.04
10871 14.48
10871 1.16
10871 25.44
10871 18.04
10872 14.48
10872 1.16
10872 25.44
10872 18.04
10873 14.48
10873 1.16
10873 25.44
10873 18.04
10874 14.48
10874 1.16
10874 25.44
10874 18.04
10875 14.48
10875 1.16
10875 25.44
10875 18.04
10876 14.48
10876 1.16
10876 25.44
10876 18.04
10877 14.48
10877 1.16
10877 25.44
10877 18.04
10878 14.48
10878 1.16
10878 25.44
10878 18.04
10879 14.48
10879 1.16
10879 25.44
10879 18.04
10880 14.48
10880 1.16
10880 25.44
10880 18.04
10881 14.48
10881 1.16
10881 25.44
10881 18.04
10960 14.48
10960 1.16
10960 25.44
10960 18.04
10961 14.48
10961 1.16
10961 25.44
10961 18.04
10962 14.48
10962 1.16
10962 25.44
10962 18.04
10963 14.48
10963 1.16
10963 25.44
10963 18.04
10964 14.48
10964 1.16
10964 25.44
10964 18.04
10965 14.48
10965 1.16
10965 25.44
10965 18.04
10966 14.48
10966 1.16
10966 25.44
10966 18.04
10967 14.48
10967 1.16
10967 25.44
10967 18.04
10968 14.48
10968 1.16
10968 25.44
10968 18.04
10969 14.48
10969 1.16
10969 25.44
10969 18.04
10970 14.48
10970 1.16
10970 25.44
10970 18.04
10971 14.48
10971 1.16
10971 25.44
10971 18.04
10972 14.48
10972 1.16
10972 25.44
10972 18.04
10973 14.48
10973 1.16
10973 25.44
10973 18.04
10974 14.48
10974 1.16
10974 25.44
10974 18.04
10975 14.48
10975 1.16
10975 25.44
10975 18.04
10976 14.48
10976 1.16
10976 25.44
10976 18.04
10977 14.48
10977 1.16
10977 25.44
10977 18.04
10978 14.48
10978 1.16
10978 25.44
10978 18.04
10979 14.48
10979 1.16
10979 25.44
10979 18.04
10980 14.48
10980 1.16
10980 25.44
10980 18.04
10981 14.48
10981 1.16
10981 25.44
10981 18.04
10982 14.48
10982 1.16
10982 25.44
10982 18.04
11059 14.48
11059 1.16
11059 25.44
11059 18.04
11060 14.48
11060 1.16
11060 25.44
11060 18.04
11061 14.48
11061 1.16
11061 25.44
11061 18.04
11062 14.48
11062 1.16
11062 25.44
11062 18.04
11063 14.48
11063 1.16
11063 25.44
11063 18.04
11064 14.48
11064 1.16
11064 25.44
11064 18.04
11065 14.48
11065 1.16
11065 25.44
11065 18.04
11066 14.48
11066 1.16
11066 25.44
11066 18.04
11067 14.48
11067 1.16
11067 25.44
11067 18.04
11068 14.48
11068 1.16
11068 25.44
11068 18.04
11069 14.48
11069 1.16
11069 25.44
11069 18.04
11070 14.48
11070 1.16
11070 25.44
11070 18.04
11071 14.48
11071 1.16
11071 25.44
11071 18.04
11072 14.48
11072 1.16
11072 25.44
11072 18.04
11073 14.48
11073 1.16
11073 25.44
11073 18.04
11074 14.48
11074 1.16
11074 25.44
11074 18.04
11075 14.48
11075 1.16
11075 25.44
11075 18.04
11076 14.48
11076 1.16
11076 25.44
11076 18.04
11077 14.48
11077 1.16
11077 25.44
11077 18.04
11078 14.48
11078 1.16
11078 25.44
11078 18.04
11079 14.48
11079 1.16
11079 25.44
11079 18.04
11080 14.48
11080 1.16
11080 25.44
11080 18.04
11081 14.48
11081 1.16
11081 25.44
11081 18.04
11082 14.48
11082 1.16
11082 25.44
11082 18.04
11083 14.48
11083 1.16
11083 25.44
11083 18.04
11084 14.48
11084 1.16
11084 25.44
11084 18.04
11085 14.48
11085 1.16
11085 25.44
11085 18.04
11086 14.48
11086 1.16
11086 25.44
11086 18.04
11165 14.48
11165 1.16
11165 25.44
11165 18.04
11166 14.48
11166 1.16
11166 25.44
11166 18.04
11167 14.48
11167 1.16
11167 25.44
11167 18.04
11168 14.48
11168 1.16
11168 25.44
11168 18.04
11169 14.48
11169 1.16
11169 25.44
11169 18.04
11170 14.48
11170 1.16
11170 25.44
11170 18.04
11171 14.48
11171 1.16
11171 25.44
11171 18.04
11172 14.48
11172 1.16
11172 25.44
11172 18.04
11173 14.48
11173 1.16
11173 25.44
11173 18.04
11174 14.48
11174 1.16
11174 25.44
11174 18.04
11175 14.48
11175 1.16
11175 25.44
11175 18.04
11176 14.48
11176 1.16
11176 25.44
11176 18.04
11177 14.48
11177 1.16
11177 25.44
11177 18.04
11178 14.48
11178 1.16
11178 25.44
11178 18.04
11179 14.48
11179 1.16
11179 25.44
11179 18.04
11180 14.48
11180 1.16
11180 25.44
11180 18.04
11181 14.48
11181 1.16
11181 25.44
11181 18.04
11182 14.48
11182 1.16
11182 25.44
11182 18.04
11183 14.48
11183 1.16
11183 25.44
11183 18.04
11184 14.48
11184 1.16
11184 25.44
11184 18.04
11185 14.48
11185 1.16
11185 25.44
11185 18.04
11186 14.48
11186 1.16
11186 25.44
11186 18.04
11187 14.48
11187 1.16
11187 25.44
11187 18.04
11188 14.48
11188 1.16
11188 25.44
11188 18.04
11189 14.48
11189 1.16
11189 25.44
11189 18.04
11190 14.48
11190 1.16
11190 25.44
11190 18.04
11191 14.48
11191 1.16
11191 25.44
11191 18.04
11273 14.48
11273 1.16
11273 25.44
11273 18.04
11274 14.48
11274 1.16
11274 25.44
11274 18.04
11275 14.48
11275 1.16
11275 25.44
11275 18.04
11276 14.48
11276 1.16
11276 25.44
11276 18.04
11277 14.48
11277 1.16
11277 25.44
11277 18.04
11278 14.48
11278 1.16
11278 25.44
11278 18.04
11279 14.48
11279 1.16
11279 25.44
11279 18.04
11280 14.48
11280 1.16
11280 25.44
11280 18.04
11281 14.48
11281 1.16
11281 25.44
11281 18.04
11282 14.48
11282 1.16
11282 25.44
11282 18.04
11283 14.48
11283 1.16
11283 25.44
11283 18.04
11284 14.48
11284 1.16
11284 25.44
11284 18.04
11285 14.48
11285 1.16
11285 25.44
11285 18.04
11286 14.48
11286 1.16
11286 25.44
11286 18.04
11287 14.48
11287 1.16
11287 25.44
11287 18.04
11288 14.48
11288 1.16
11288 25.44
11288 18.04
11289 14.48
11289 1.16
11289 25.44
11289 18.04
11290 14.48
11290 1.16
11290 25.44
11290 18.04
11291 14.48
11291 1.16
11291 25.44
11291 18.04
11292 14.48
11292 1.16
11292 25.44
11292 18.04
11293 14.48
11293 1.16
11293 25.44
11293 18.04
11294 14.48
11294 1.16
11294 25.44
11294 18.04
11295 14.48
11295 1.16
11295 25.44
11295 18.04
11296 14.48
11296 1.16
11296 25.44
11296 18.04
11297 14.48
11297 1.16
11297 25.44
11297 18.04
11298 14.48
11298 1.16
11298 25.44
11298 18.04
11299 14.48
11299 1.16
11299 25.44
11299 18.04
11300 14.48
11300 1.16
11300 25.44
11300 18.04
11378 14.48
11378 1.16
11378 25.44
11378 18.04
11379 14.48
11379 1.16
11379 25.44
11379 18.04
11380 14.48
11380 1.16
11380 25.44
11380 18.04
11381 14.48
11381 1.16
11381 25.44
11381 18.04
11382 14.48
11382 1.16
11382 25.44
11382 18.04
11383 14.48
11383 1.16
11383 25.44
11383 18.04
11384 14.48
11384 1.16
11384 25.44
11384 18.04
11385 14.48
11385 1.16
11385 25.44
11385 18.04
11386 14.48
11386 1.16
11386 25.44
11386 18.04
11387 14.48
11387 1.16
11387 25.44
11387 18.04
11388 14.48
11388 1.16
11388 25.44
11388 18.04
11389 14.48
11389 1.16
11389 25.44
11389 18.04
11390 14.48
11390 1.16
11390 25.44
11390 18.04
11391 14.48
11391 1.16
11391 25.44
11391 18.04
11392 14.48
11392 1.16
11392 25.44
11392 18.04
11393 14.48
11393 1.16
11393 25.44
11393 18.04
11394 14.48
11394 1.16
11394 25.44
11394 18.04
11395 14.48
11395 1.16
11395 25.44
11395 18.04
11396 14.48
11396 1.16
11396 25.44
11396 18.04
11397 14.48
11397 1.16
11397 25.44
11397 18.04
11398 14.48
11398 1.16
11398 25.44
11398 18.04
11399 14.48
11399 1.16
11399 25.44
11399 18.04
11400 14.48
11400 1.16
11400 25.44
11400 18.04
11401 14.48
11401 1.16
11401 25.44
11401 18.04
11402 14.48
11402 1.16
11402 25.44
11402 18.04
11403 14.48
11403 1.16
11403 25.44
11403 18.04
11404 14.48
11404 1.16
11404 25.44
11404 18.04
11405 14.48
11405 1.16
11405 25.44
11405 18.04
11406 14.48
11406 1.16
11406 25.44
11406 18.04
11407 14.48
11407 1.16
11407 25.44
11407 18.04
11408 14.48
11408 1.16
11408 25.44
11408 18.04
11409 14.48
11409 1.16
11409 25.44
11409 18.04
11488 14.48
11488 1.16
11488 25.44
11488 18.04
11489 14.48
11489 1.16
11489 25.44
11489 18.04
11490 14.48
11490 1.16
11490 25.44
11490 18.04
11491 14.48
11491 1.16
11491 25.44
11491 18.04
11492 14.48
11492 1.16
11492 25.44
11492 18.04
11493 14.48
11493 1.16
11493 25.44
11493 18.04
11494 14.48
11494 1.16
11494 25.44
11494 18.04
11495 14.48
11495 1.16
11495 25.44
11495 18.04
11496 14.48
11496 1.16
11496 25.44
11496 18.04
11497 14.48
11497 1.16
11497 25.44
11497 18.04
11498 14.48
11498 1.16
11498 25.44
11498 18.04
11499 14.48
11499 1.16
11499 25.44
11499 18.04
11500 14.48
11500 1.16
11500 25.44
11500 18.04
11501 14.48
11501 1.16
11501 25.44
11501 18.04
11502 14.48
11502 1.16
11502 25.44
11502 18.04
11503 14.48
11503 1.16
11503 25.44
11503 18.04
11504 14.48
11504 1.16
11504 25.44
11504 18.04
11505 14.48
11505 1.16
11505 25.44
11505 18.04
11506 14.48
11506 1.16
11506 25.44
11506 18.04
11507 14.48
11507 1.16
11507 25.44
11507 18.04
11508 14.48
11508 1.16
11508 25.44
11508 18.04
11509 14.48
11509 1.16
11509 25.44
11509 18.04
11510 14.48
11510 1.16
11510 25.44
11510 18.04
11511 14.48
11511 1.16
11511 25.44
11511 18.04
11512 14.48
11512 1.16
11512 25.44
11512 18.04
11513 14.48
11513 1.16
11513 25.44
11513 18.04
11514 14.48
11514 1.16
11514 25.44
11514 18.04
11515 14.48
11515 1.16
11515 25.44
11515 18.04
11516 14.48
11516 1.16
11516 25.44
11516 18.04
11517 14.48
11517 1.16
11517 25.44
11517 18.04
11518 14.48
11518 1.16
11518 25.44
11518 18.04
11593 14.48
11593 1.16
11593 25.44
11593 18.04
11594 14.48
11594 1.16
11594 25.44
11594 18.04
11595 14.48
11595 1.16
11595 25.44
11595 18.04
11596 14.48
11596 1.16
11596 25.44
11596 18.04
11597 14.48
11597 1.16
11597 25.44
11597 18.04
11598 14.48
11598 1.16
11598 25.44
11598 18.04
11599 14.48
11599 1.16
11599 25.44
11599 18.04
11600 14.48
11600 1.16
11600 25.44
11600 18.04
11601 14.48
11601 1.16
11601 25.44
11601 18.04
11602 14.48
11602 1.16
11602 25.44
11602 18.04
11603 14.48
11603 1.16
11603 25.44
11603 18.04
11604 14.48
11604 1.16
11604 25.44
11604 18.04
11605 14.48
11605 1.16
11605 25.44
11605 18.04
11606 14.48
11606 1.16
11606 25.44
11606 18.04
11607 14.48
11607 1.16
11607 25.44
11607 18.04
11608 14.48
11608 1.16
11608 25.44
11608 18.04
11609 14.48
11609 1.16
11609 25.44
11609 18.04
11610 14.48
11610 1.16
11610 25.44
11610 18.04
11611 14.48
11611 1.16
11611 25.44
11611 18.04
11612 14.48
11612 1.16
11612 25.44
11612 18.04
11613 14.48
11613 1.16
11613 25.44
11613 18.04
11614 14.48
11614 1.16
11614 25.44
11614 18.04
11615 14.48
11615 1.16
11615 25.44
11615 18.04
11616 14.48
11616 1.16
11616 25.44
11616 18.04
11617 14.48
11617 1.16
11617 25.44
11617 18.04
11618 14.48
11618 1.16
11618 25.44
11618 18.04
11619 14.48
11619 1.16
11619 25.44
11619 18.04
11620 14.48
11620 1.16
11620 25.44
11620 18.04
11621 14.48
11621 1.16
11621 25.44
11621 18.04
11622 14.48
11622 1.16
11622 25.44
11622 18.04
11623 14.48
11623 1.16
11623 25.44
11623 18.04
11624 14.48
11624 1.16
11624 25.44
11624 18.04
11625 14.48
11625 1.16
11625 25.44
11625 18.04
11626 14.48
11626 1.16
11626 25.44
11626 18.04
11627 14.48
11627 1.16
11627 25.44
11627 18.04
11628 14.48
11628 1.16
11628 25.44
11628 18.04
11703 14.48
11703 1.16
11703 25.44
11703 18.04
11704 14.48
11704 1.16
11704 25.44
11704 18.04
11705 14.48
11705 1.16
11705 25.44
11705 18.04
11706 14.48
11706 1.16
11706 25.44
11706 18.04
11707 14.48
11707 1.16
11707 25.44
11707 18.04
11708 14.48
11708 1.16
11708 25.44
11708 18.04
11709 14.48
11709 1.16
11709 25.44
11709 18.04
11710 14.48
11710 1.16
11710 25.44
11710 18.04
11711 14.48
11711 1.16
11711 25.44
11711 18.04
11712 14.48
11712 1.16
11712 25.44
11712 18.04
11713 14.48
11713 1.16
11713 25.44
11713 18.04
11714 14.48
11714 1.16
11714 25.44
11714 18.04
11715 14.48
11715 1.16
11715 25.44
11715 18.04
11716 14.48
11716 1.16
11716 25.44
11716 18.04
11717 14.48
11717 1.16
11717 25.44
11717 18.04
11718 14.48
11718 1.16
11718 25.44
11718 18.04
11719 14.48
11719 1.16
11719 25.44
11719 18.04
11720 14.48
11720 1.16
11720 25.44
11720 18.04
11721 14.48
11721 1.16
11721 25.44
11721 18.04
11722 14.48
11722 1.16
11722 25.44
11722 18.04
11723 14.48
11723 1.16
11723 25.44
11723 18.04
11724 14.48
11724 1.16
11724 25.44
11724 18.04
11725 14.48
11725 1.16
11725 25.44
11725 18.04
11726 14.48
11726 1.16
11726 25.44
11726 18.04
11727 14.48
11727 1.16
11727 25.44
11727 18.04
11728 14.48
11728 1.16
11728 25.44
11728 18.04
11729 14.48
11729 1.16
11729 25.44
11729 18.04
11730 14.48
11730 1.16
11730 25.44
11730 18.04
11731 14.48
11731 1.16
11731 25.44
11731 18.04
11732 14.48
11732 1.16
11732 25.44
11732 18.04
11733 14.48
11733 1.16
11733 25.44
11733 18.04
11734 14.48
11734 1.16
11734 25.44
11734 18.04
11735 14.48
11735 1.16
11735 25.44
11735 18.04
11736 14.48
11736 1.16
11736 25.44
11736 18.04
11737 14.48
11737 1.16
11737 25.44
11737 18.04
11809 14.48
11809 1.16
11809 25.44
11809 18.04
11810 14.48
11810 1.16
11810 25.44
11810 18.04
11811 14.48
11811 1.16
11811 25.44
11811 18.04
11812 14.48
11812 1.16
11812 25.44
11812 18.04
11813 14.48
11813 1.16
11813 25.44
11813 18.04
11814 14.48
11814 1.16
11814 25.44
11814 18.04
11815 14.48
11815 1.16
11815 25.44
11815 18.04
11816 14.48
11816 1.16
11816 25.44
11816 18.04
11817 14.48
11817 1.16
11817 25.44
11817 18.04
11818 14.48
11818 1.16
11818 25.44
11818 18.04
11819 14.48
11819 1.16
11819 25.44
11819 18.04
11820 14.48
11820 1.16
11820 25.44
11820 18.04
11821 14.48
11821 1.16
11821 25.44
11821 18.04
11822 14.48
11822 1.16
11822 25.44
11822 18.04
11823 14.48
11823 1.16
11823 25.44
11823 18.04
11824 14.48
11824 1.16
11824 25.44
11824 18.04
11825 14.48
11825 1.16
11825 25.44
11825 18.04
11826 14.48
11826 1.16
11826 25.44
11826 18.04
11827 14.48
11827 1.16
11827 25.44
11827 18.04
11828 14.48
11828 1.16
11828 25.44
11828 18.04
11829 14.48
11829 1.16
11829 25.44
11829 18.04
11830 14.48
11830 1.16
11830 25.44
11830 18.04
11831 14.48
11831 1.16
11831 25.44
11831 18.04
11832 14.48
11832 1.16
11832 25.44
11832 18.04
11833 14.48
11833 1.16
11833 25.44
11833 18.04
11834 14.48
11834 1.16
11834 25.44
11834 18.04
11835 14.48
11835 1.16
11835 25.44
11835 18.04
11836 14.48
11836 1.16
11836 25.44
11836 18.04
11837 14.48
11837 1.16
11837 25.44
11837 18.04
11838 14.48
11838 1.16
11838 25.44
11838 18.04
11839 14.48
11839 1.16
11839 25.44
11839 18.04
11840 14.48
11840 1.16
11840 25.44
11840 18.04
11841 14.48
11841 1.16
11841 25.44
11841 18.04
11842 14.48
11842 1.16
11842 25.44
11842 18.04
11843 14.48
11843 1.16
11843 25.44
11843 18.04
11844 14.48
11844 1.16
11844 25.44
11844 18.04
11845 14.48
11845 1.16
11845 25.44
11845 18.04
11846 14.48
11846 1.16
11846 25.44
11846 18.04
11847 14.48
11847 1.16
11847 25.44
11847 18.04
11918 14.48
11918 1.16
11918 25.44
11918 18.04
11919 14.48
11919 1.16
11919 25.44
11919 18.04
11920 14.48
11920 1.16
11920 25.44
11920 18.04
11921 14.48
11921 1.16
11921 25.44
11921 18.04
11922 14.48
11922 1.16
11922 25.44
11922 18.04
11923 14.48
11923 1.16
11923 25.44
11923 18.04
11924 14.48
11924 1.16
11924 25.44
11924 18.04
11925 14.48
11925 1.16
11925 25.44
11925 18.04
11926 14.48
11926 1.16
11926 25.44
11926 18.04
11927 14.48
11927 1.16
11927 25.44
11927 18.04
11928 14.48
11928 1.16
11928 25.44
11928 18.04
11929 14.48
11929 1.16
11929 25.44
11929 18.04
11930 14.48
11930 1.16
11930 25.44
11930 18.04
11931 14.48
11931 1.16
11931 25.44
11931 18.04
11932 14.48
11932 1.16
11932 25.44
11932 18.04
11933 14.48
11933 1.16
11933 25.44
11933 18.04
11934 14.48
11934 1.16
11934 25.44
11934 18.04
11935 14.48
11935 1.16
11935 25.44
11935 18.04
11936 14.48
11936 1.16
11936 25.44
11936 18.04
11937 14.48
11937 1.16
11937 25.44
11937 18.04
11938 14.48
11938 1.16
11938 25.44
11938 18.04
11939 14.48
11939 1.16
11939 25.44
11939 18.04
11940 14.48
11940 1.16
11940 25.44
11940 18.04
11941 14.48
11941 1.16
11941 25.44
11941 18.04
11942 14.48
11942 1.16
11942 25.44
11942 18.04
11943 14.48
11943 1.16
11943 25.44
11943 18.04
11944 14.48
11944 1.16
11944 25.44
11944 18.04
11945 14.48
11945 1.16
11945 25.44
11945 18.04
11946 14.48
11946 1.16
11946 25.44
11946 18.04
11947 14.48
11947 1.16
11947 25.44
11947 18.04
11948 14.48
11948 1.16
11948 25.44
11948 18.04
11949 14.48
11949 1.16
11949 25.44
11949 18.04
11950 14.48
11950 1.16
11950 25.44
11950 18.04
11951 14.48
11951 1.16
11951 25.44
11951 18.04
11952 14.48
11952 1.16
11952 25.44
11952 18.04
11953 14.48
11953 1.16
11953 25.44
11953 18.04
11954 14.48
11954 1.16
11954 25.44
11954 18.04
11955 14.48
11955 1.16
11955 25.44
11955 18.04
11956 14.48
11956 1.16
11956 25.44
11956 18.04
12027 14.48
12027 1.16
12027 25.44
12027 18.04
12028 14.48
12028 1.16
12028 25.44
12028 18.04
12029 14.48
12029 1.16
12029 25.44
12029 18.04
12030 14.48
12030 1.16
12030 25.44
12030 18.04
12031 14.48
12031 1.16
12031 25.44
12031 18.04
12032 14.48
12032 1.16
12032 25.44
12032 18.04
12033 14.48
12033 1.16
12033 25.44
12033 18.04
12034 14.48
12034 1.16
12034 25.44
12034 18.04
12035 14.48
12035 1.16
12035 25.44
12035 18.04
12036 14.48
12036 1.16
12036 25.44
12036 18.04
12037 14.48
12037 1.16
12037 25.44
12037 18.04
12038 14.48
12038 1.16
12038 25.44
12038 18.04
12039 14.48
12039 1.16
12039 25.44
12039 18.04
12040 14.48
12040 1.16
12040 25.44
12040 18.04
12041 14.48
12041 1.16
12041 25.44
12041 18.04
12042 14.48
12042 1.16
12042 25.44
12042 18.04
12043 14.48
12043 1.16
12043 25.44
12043 18.04
12044 14.48
12044 1.16
12044 25.44
12044 18.04
12045 14.48
12045 1.16
12045 25.44
12045 18.04
12046 14.48
12046 1.16
12046 25.44
12046 18.04
12047 14.48
12047 1.16
12047 25.44
12047 18.04
12048 14.48
12048 1.16
12048 25.44
12048 18.04
12049 14.48
12049 1.16
12049 25.44
12049 18.04
12050 14.48
12050 1.16
12050 25.44
12050 18.04
12051 14.48
12051 1.16
12051 25.44
12051 18.04
12052 14.48
12052 1.16
12052 25.44
12052 18.04
12053 14.48
12053 1.16
12053 25.44
12053 18.04
12054 14.48
12054 1.16
12054 25.44
12054 18.04
12055 14.48
12055 1.16
12055 25.44
12055 18.04
12056 14.48
12056 1.16
12056 25.44
12056 18.04
12057 14.48
12057 1.16
12057 25.44
12057 18.04
12058 14.48
12058 1.16
12058 25.44
12058 18.04
12059 14.48
12059 1.16
12059 25.44
12059 18.04
12060 14.48
12060 1.16
12060 25.44
12060 18.04
12061 14.48
12061 1.16
12061 25.44
12061 18.04
12062 14.48
12062 1.16
12062 25.44
12062 18.04
12063 14.48
12063 1.16
12063 25.44
12063 18.04
12064 14.48
12064 1.16
12064 25.44
12064 18.04
12130 14.48
12130 1.16
12130 25.44
12130 18.04
12131 14.48
12131 1.16
12131 25.44
12131 18.04
12132 14.48
12132 1.16
12132 25.44
12132 18.04
12133 14.48
12133 1.16
12133 25.44
12133 18.04
12134 14.48
12134 1.16
12134 25.44
12134 18.04
12135 14.48
12135 1.16
12135 25.44
12135 18.04
12136 14.48
12136 1.16
12136 25.44
12136 18.04
12137 14.48
12137 1.16
12137 25.44
12137 18.04
12138 14.48
12138 1.16
12138 25.44
12138 18.04
12139 14.48
12139 1.16
12139 25.44
12139 18.04
12140 14.48
12140 1.16
12140 25.44
12140 18.04
12141 14.48
12141 1.16
12141 25.44
12141 18.04
12142 14.48
12142 1.16
12142 25.44
12142 18.04
12143 14.48
12143 1.16
12143 25.44
12143 18.04
12144 14.48
12144 1.16
12144 25.44
12144 18.04
12145 14.48
12145 1.16
12145 25.44
12145 18.04
12146 14.48
12146 1.16
12146 25.44
12146 18.04
12147 14.48
12147 1.16
12147 25.44
12147 18.04
12148 14.48
12148 1.16
12148 25.44
12148 18.04
12149 14.48
12149 1.16
12149 25.44
12149 18.04
12150 14.48
12150 1.16
12150 25.44
12150 18.04
12151 14.48
12151 1.16
12151 25.44
12151 18.04
12152 14.48
12152 1.16
12152 25.44
12152 18.04
12153 14.48
12153 1.16
12153 25.44
12153 18.04
12154 14.48
12154 1.16
12154 25.44
12154 18.04
12155 14.48
12155 1.16
12155 25.44
12155 18.04
12156 14.48
12156 1.16
12156 25.44
12156 18.04
12157 14.48
12157 1.16
12157 25.44
12157 18.04
12158 14.48
12158 1.16
12158 25.44
12158 18.04
12159 14.48
12159 1.16
12159 25.44
12159 18.04
12160 14.48
12160 1.16
12160 25.44
12160 18.04
12161 14.48
12161 1.16
12161 25.44
12161 18.04
12162 14.48
12162 1.16
12162 25.44
12162 18.04
12163 14.48
12163 1.16
12163 25.44
12163 18.04
12164 14.48
12164 1.16
12164 25.44
12164 18.04
12165 14.48
12165 1.16
12165 25.44
12165 18.04
12166 14.48
12166 1.16
12166 25.44
12166 18.04
12167 14.48
12167 1.16
12167 25.44
12167 18.04
12168 14.48
12168 1.16
12168 25.44
12168 18.04
12169 14.48
12169 1.16
12169 25.44
12169 18.04
12170 14.48
12170 1.16
12170 25.44
12170 18.04
12171 14.48
12171 1.16
12171 25.44
12171 18.04
12172 14.48
12172 1.16
12172 25.44
12172 18.04
12238 14.48
12238 1.16
12238 25.44
12238 18.04
12239 14.48
12239 1.16
12239 25.44
12239 18.04
12240 14.48
12240 1.16
12240 25.44
12240 18.04
12241 14.48
12241 1.16
12241 25.44
12241 18.04
12242 14.48
12242 1.16
12242 25.44
12242 18.04
12243 14.48
12243 1.16
12243 25.44
12243 18.04
12244 14.48
12244 1.16
12244 25.44
12244 18.04
12245 14.48
12245 1.16
12245 25.44
12245 18.04
12246 14.48
12246 1.16
12246 25.44
12246 18.04
12247 14.48
12247 1.16
12247 25.44
12247 18.04
12248 14.48
12248 1.16
12248 25.44
12248 18.04
12249 14.48
12249 1.16
12249 25.44
12249 18.04
12250 14.48
12250 1.16
12250 25.44
12250 18.04
12251 14.48
12251 1.16
12251 25.44
12251 18.04
12252 14.48
12252 1.16
12252 25.44
12252 18.04
12253 14.48
12253 1.16
12253 25.44
12253 18.04
12254 14.48
12254 1.16
12254 25.44
12254 18.04
12255 14.48
12255 1.16
12255 25.44
12255 18.04
12256 14.48
12256 1.16
12256 25.44
12256 18.04
12257 14.48
12257 1.16
12257 25.44
12257 18.04
12258 14.48
12258 1.16
12258 25.44
12258 18.04
12259 14.48
12259 1.16
12259 25.44
12259 18.04
12260 14.48
12260 1.16
12260 25.44
12260 18.04
12261 14.48
12261 1.16
12261 25.44
12261 18.04
12262 14.48
12262 1.16
12262 25.44
12262 18.04
12263 14.48
12263 1.16
12263 25.44
12263 18.04
12264 14.48
12264 1.16
12264 25.44
12264 18.04
12265 14.48
12265 1.16
12265 25.44
12265 18.04
12266 14.48
12266 1.16
12266 25.44
12266 18.04
12267 14.48
12267 1.16
12267 25.44
12267 18.04
12268 14.48
12268 1.16
12268 25.44
12268 18.04
12269 14.48
12269 1.16
12269 25.44
12269 18.04
12270 14.48
12270 1.16
12270 25.44
12270 18.04
12271 14.48
12271 1.16
12271 25.44
12271 18.04
12272 14.48
12272 1.16
12272 25.44
12272 18.04
12273 14.48
12273 1.16
12273 25.44
12273 18.04
12274 14.48
12274 1.16
12274 25.44
12274 18.04
12275 14.48
12275 1.16
12275 25.44
12275 18.04
12276 14.48
12276 1.16
12276 25.44
12276 18.04
12277 14.48
12277 1.16
12277 25.44
12277 18.04
12278 14.48
12278 1.16
12278 25.44
12278 18.04
12279 14.48
12279 1.16
12279 25.44
12279 18.04
12344 14.48
12344 1.16
12344 25.44
12344 18.04
12345 14.48
12345 1.16
12345 25.44
12345 18.04
12346 14.48
12346 1.16
12346 25.44
12346 18.04
12347 14.48
12347 1.16
12347 25.44
12347 18.04
12348 14.48
12348 1.16
12348 25.44
12348 18.04
12349 14.48
12349 1.16
12349 25.44
12349 18.04
12350 14.48
12350 1.16
12350 25.44
12350 18.04
12351 14.48
12351 1.16
12351 25.44
12351 18.04
12352 14.48
12352 1.16
12352 25.44
12352 18.04
12353 14.48
12353 1.16
12353 25.44
12353 18.04
12354 14.48
12354 1.16
12354 25.44
12354 18.04
12355 14.48
12355 1.16
12355 25.44
12355 18.04
12356 14.48
12356 1.16
12356 25.44
12356 18.04
12357 14.48
12357 1.16
12357 25.44
12357 18.04
12358 14.48
12358 1.16
12358 25.44
12358 18.04
12359 14.48
12359 1.16
12359 25.44
12359 18.04
12360 14.48
12360 1.16
12360 25.44
12360 18.04
12361 14.48
12361 1.16
12361 25.44
12361 18.04
12362 14.48
12362 1.16
12362 25.44
12362 18.04
12363 14.48
12363 1.16
12363 25.44
12363 18.04
12364 14.48
12364 1.16
12364 25.44
12364 18.04
12365 14.48
12365 1.16
12365 25.44
12365 18.04
12366 14.48
12366 1.16
12366 25.44
12366 18.04
12367 14.48
12367 1.16
12367 25.44
12367 18.04
12368 14.48
12368 1.16
12368 25.44
12368 18.04
12369 14.48
12369 1.16
12369 25.44
12369 18.04
12370 14.48
12370 1.16
12370 25.44
12370 18.04
12371 14.48
12371 1.16
12371 25.44
12371 18.04
12372 14.48
12372 1.16
12372 25.44
12372 18.04
12373 14.48
12373 1.16
12373 25.44
12373 18.04
12374 14.48
12374 1.16
12374 25.44
12374 18.04
12375 14.48
12375 1.16
12375 25.44
12375 18.04
12376 14.48
12376 1.16
12376 25.44
12376 18.04
12377 14.48
12377 1.16
12377 25.44
12377 18.04
12378 14.48
12378 1.16
12378 25.44
12378 18.04
12379 14.48
12379 1.16
12379 25.44
12379 18.04
12380 14.48
12380 1.16
12380 25.44
12380 18.04
12381 14.48
12381 1.16
12381 25.44
12381 18.04
12382 14.48
12382 1.16
12382 25.44
12382 18.04
12383 14.48
12383 1.16
12383 25.44
12383 18.04
12384 14.48
12384 1.16
12384 25.44
12384 18.04
12385 14.48
12385 1.16
12385 25.44
12385 18.04
12386 14.48
12386 1.16
12386 25.44
12386 18.04
12387 14.48
12387 1.16
12387 25.44
12387 18.04
12453 14.48
12453 1.16
12453 25.44
12453 18.04
12454 14.48
12454 1.16
12454 25.44
12454 18.04
12455 14.48
12455 1.16
12455 25.44
12455 18.04
12456 14.48
12456 1.16
12456 25.44
12456 18.04
12457 14.48
12457 1.16
12457 25.44
12457 18.04
12458 14.48
12458 1.16
12458 25.44
12458 18.04
12459 14.48
12459 1.16
12459 25.44
12459 18.04
12460 14.48
12460 1.16
12460 25.44
12460 18.04
12461 14.48
12461 1.16
12461 25.44
12461 18.04
12462 14.48
12462 1.16
12462 25.44
12462 18.04
12463 14.48
12463 1.16
12463 25.44
12463 18.04
12464 14.48
12464 1.16
12464 25.44
12464 18.04
12465 14.48
12465 1.16
12465 25.44
12465 18.04
12466 14.48
12466 1.16
12466 25.44
12466 18.04
12467 14.48
12467 1.16
12467 25.44
12467 18.04
12468 14.48
12468 1.16
12468 25.44
12468 18.04
12469 14.48
12469 1.16
12469 25.44
12469 18.04
12470 14.48
12470 1.16
12470 25.44
12470 18.04
12471 14.48
12471 1.16
12471 25.44
12471 18.04
12472 14.48
12472 1.16
12472 25.44
12472 18.04
12473 14.48
12473 1.16
12473 25.44
12473 18.04
12474 14.48
12474 1.16
12474 25.44
12474 18.04
12475 14.48
12475 1.16
12475 25.44
12475 18.04
12476 14.48
12476 1.16
12476 25.44
12476 18.04
12477 14.48
12477 1.16
12477 25.44
12477 18.04
12478 14.48
12478 1.16
12478 25.44
12478 18.04
12479 14.48
12479 1.16
12479 25.44
12479 18.04
12480 14.48
12480 1.16
12480 25.44
12480 18.04
12481 14.48
12481 1.16
12481 25.44
12481 18.04
12482 14.48
12482 1.16
12482 25.44
12482 18.04
12483 14.48
12483 1.16
12483 25.44
12483 18.04
12484 14.48
12484 1.16
12484 25.44
12484 18.04
12485 14.48
12485 1.16
12485 25.44
12485 18.04
12486 14.48
12486 1.16
12486 25.44
12486 18.04
12487 14.48
12487 1.16
12487 25.44
12487 18.04
12488 14.48
12488 1.16
12488 25.44
12488 18.04
12489 14.48
12489 1.16
12489 25.44
12489 18.04
12490 14.48
12490 1.16
12490 25.44
12490 18.04
12491 14.48
12491 1.16
12491 25.44
12491 18.04
12492 14.48
12492 1.16
12492 25.44
12492 18.04
12493 14.48
12493 1.16
12493 25.44
12493 18.04
12494 14.48
12494 1.16
12494 25.44
12494 18.04
12495 14.48
12495 1.16
12495 25.44
12495 18.04
12496 14.48
12496 1.16
12496 25.44
12496 18.04
12558 14.48
12558 1.16
12558 25.44
12558 18.04
12559 14.48
12559 1.16
12559 25.44
12559 18.04
12560 14.48
12560 1.16
12560 25.44
12560 18.04
12561 14.48
12561 1.16
12561 25.44
12561 18.04
12562 14.48
12562 1.16
12562 25.44
12562 18.04
12563 14.48
12563 1.16
12563 25.44
12563 18.04
12564 14.48
12564 1.16
12564 25.44
12564 18.04
12565 14.48
12565 1.16
12565 25.44
12565 18.04
12566 14.48
12566 1.16
12566 25.44
12566 18.04
12567 14.48
12567 1.16
12567 25.44
12567 18.04
12568 14.48
12568 1.16
12568 25.44
12568 18.04
12569 14.48
12569 1.16
12569 25.44
12569 18.04
12570 14.48
12570 1.16
12570 25.44
12570 18.04
12571 14.48
12571 1.16
12571 25.44
12571 18.04
12572 14.48
12572 1.16
12572 25.44
12572 18.04
12573 14.48
12573 1.16
12573 25.44
12573 18.04
12574 14.48
12574 1.16
12574 25.44
12574 18.04
12575 14.48
12575 1.16
12575 25.44
12575 18.04
12576 14.48
12576 1.16
12576 25.44
12576 18.04
12577 14.48
12577 1.16
12577 25.44
12577 18.04
12578 14.48
12578 1.16
12578 25.44
12578 18.04
12579 14.48
12579 1.16
12579 25.44
12579 18.04
12580 14.48
12580 1.16
12580 25.44
12580 18.04
12581 14.48
12581 1.16
12581 25.44
12581 18.04
12582 14.48
12582 1.16
12582 25.44
12582 18.04
12583 14.48
12583 1.16
12583 25.44
12583 18.04
12584 14.48
12584 1.16
12584 25.44
12584 18.04
12585 14.48
12585 1.16
12585 25.44
12585 18.04
12586 14.48
12586 1.16
12586 25.44
12586 18.04
12587 14.48
12587 1.16
12587 25.44
12587 18.04
12588 14.48
12588 1.16
12588 25.44
12588 18.04
12589 14.48
12589 1.16
12589 25.44
12589 18.04
12590 14.48
12590 1.16
12590 25.44
12590 18.04
12591 14.48
12591 1.16
12591 25.44
12591 18.04
12592 14.48
12592 1.16
12592 25.44
12592 18.04
12593 14.48
12593 1.16
12593 25.44
12593 18.04
12594 14.48
12594 1.16
12594 25.44
12594 18.04
12595 14.48
12595 1.16
12595 25.44
12595 18.04
12596 14.48
12596 1.16
12596 25.44
12596 18.04
12597 14.48
12597 1.16
12597 25.44
12597 18.04
12598 14.48
12598 1.16
12598 25.44
12598 18.04
12599 14.48
12599 1.16
12599 25.44
12599 18.04
12600 14.48
12600 1.16
12600 25.44
12600 18.04
12601 14.48
12601 1.16
12601 25.44
12601 18.04
12602 14.48
12602 1.16
12602 25.44
12602 18.04
12603 14.48
12603 1.16
12603 25.44
12603 18.04
12604 14.48
12604 1.16
12604 25.44
12604 18.04
12666 14.48
12666 1.16
12666 25.44
12666 18.04
12667 14.48
12667 1.16
12667 25.44
12667 18.04
12668 14.48
12668 1.16
12668 25.44
12668 18.04
12669 14.48
12669 1.16
12669 25.44
12669 18.04
12670 14.48
12670 1.16
12670 25.44
12670 18.04
12671 14.48
12671 1.16
12671 25.44
12671 18.04
12672 14.48
12672 1.16
12672 25.44
12672 18.04
12673 14.48
12673 1.16
12673 25.44
12673 18.04
12674 14.48
12674 1.16
12674 25.44
12674 18.04
12675 14.48
12675 1.16
12675 25.44
12675 18.04
12676 14.48
12676 1.16
12676 25.44
12676 18.04
12677 14.48
12677 1.16
12677 25.44
12677 18.04
12678 14.48
12678 1.16
12678 25.44
12678 18.04
12679 14.48
12679 1.16
12679 25.44
12679 18.04
12680 14.48
12680 1.16
12680 25.44
12680 18.04
12681 14.48
12681 1.16
12681 25.44
12681 18.04
12682 14.48
12682 1.16
12682 25.44
12682 18.04
12683 14.48
12683 1.16
12683 25.44
12683 18.04
12684 14.48
12684 1.16
12684 25.44
12684 18.04
12685 14.48
12685 1.16
12685 25.44
12685 18.04
12686 14.48
12686 1.16
12686 25.44
12686 18.04
12687 14.48
12687 1.16
12687 25.44
12687 18.04
12688 14.48
12688 1.16
12688 25.44
12688 18.04
12689 14.48
12689 1.16
12689 25.44
12689 18.04
12690 14.48
12690 1.16
12690 25.44
12690 18.04
12691 14.48
12691 1.16
12691 25.44
12691 18.04
12692 14.48
12692 1.16
12692 25.44
12692 18.04
12693 14.48
12693 1.16
12693 25.44
12693 18.04
12694 14.48
12694 1.16
12694 25.44
12694 18.04
12695 14.48
12695 1.16
12695 25.44
12695 18.04
12696 14.48
12696 1.16
12696 25.44
12696 18.04
12697 14.48
12697 1.16
12697 25.44
12697 18.04
12698 14.48
12698 1.16
12698 25.44
12698 18.04
12699 14.48
12699 1.16
12699 25.44
12699 18.04
12700 14.48
12700 1.16
12700 25.44
12700 18.04
12701 14.48
12701 1.16
12701 25.44
12701 18.04
12702 14.48
12702 1.16
12702 25.44
12702 18.04
12703 14.48
12703 1.16
12703 25.44
12703 18.04
12704 14.48
12704 1.16
12704 25.44
12704 18.04
12705 14.48
12705 1.16
12705 25.44
12705 18.04
12706 14.48
12706 1.16
12706 25.44
12706 18.04
12707 14.48
12707 1.16
12707 25.44
12707 18.04
12708 14.48
12708 1.16
12708 25.44
12708 18.04
12709 14.48
12709 1.16
12709 25.44
12709 18.04
12710 14.48
12710 1.16
12710 25.44
12710 18.04
12711 14.48
12711 1.16
12711 25.44
12711 18.04
12712 14.48
12712 1.16
12712 25.44
12712 18.04
12771 14.48
12771 1.16
12771 25.44
12771 18.04
12772 14.48
12772 1.16
12772 25.44
12772 18.04
12773 14.48
12773 1.16
12773 25.44
12773 18.04
12774 14.48
12774 1.16
12774 25.44
12774 18.04
12775 14.48
12775 1.16
12775 25.44
12775 18.04
12776 14.48
12776 1.16
12776 25.44
12776 18.04
12777 14.48
12777 1.16
12777 25.44
12777 18.04
12778 14.48
12778 1.16
12778 25.44
12778 18.04
12779 14.48
12779 1.16
12779 25.44
12779 18.04
12780 14.48
12780 1.16
12780 25.44
12780 18.04
12781 14.48
12781 1.16
12781 25.44
12781 18.04
12782 14.48
12782 1.16
12782 25.44
12782 18.04
12783 14.48
12783 1.16
12783 25.44
12783 18.04
12784 14.48
12784 1.16
12784 25.44
12784 18.04
12785 14.48
12785 1.16
12785 25.44
12785 18.04
12786 14.48
12786 1.16
12786 25.44
12786 18.04
12787 14.48
12787 1.16
12787 25.44
12787 18.04
12788 14.48
12788 1.16
12788 25.44
12788 18.04
12789 14.48
12789 1.16
12789 25.44
12789 18.04
12790 14.48
12790 1.16
12790 25.44
12790 18.04
12791 14.48
12791 1.16
12791 25.44
12791 18.04
12792 14.48
12792 1.16
12792 25.44
12792 18.04
12793 14.48
12793 1.16
12793 25.44
12793 18.04
12794 14.48
12794 1.16
12794 25.44
12794 18.04
12795 14.48
12795 1.16
12795 25.44
12795 18.04
12796 14.48
12796 1.16
12796 25.44
12796 18.04
12797 14.48
12797 1.16
12797 25.44
12797 18.04
12798 14.48
12798 1.16
12798 25.44
12798 18.04
12799 14.48
12799 1.16
12799 25.44
12799 18.04
12800 14.48
12800 1.16
12800 25.44
12800 18.04
12801 14.48
12801 1.16
12801 25.44
12801 18.04
12802 14.48
12802 1.16
12802 25.44
12802 18.04
12803 14.48
12803 1.16
12803 25.44
12803 18.04
12804 14.48
12804 1.16
12804 25.44
12804 18.04
12805 14.48
12805 1.16
12805 25.44
12805 18.04
12806 14.48
12806 1.16
12806 25.44
12806 18.04
12807 14.48
12807 1.16
12807 25.44
12807 18.04
12808 14.48
12808 1.16
12808 25.44
12808 18.04
12809 14.48
12809 1.16
12809 25.44
12809 18.04
12810 14.48
12810 1.16
12810 25.44
12810 18.04
12811 14.48
12811 1.16
12811 25.44
12811 18.04
12812 14.48
12812 1.16
12812 25.44
12812 18.04
12813 14.48
12813 1.16
12813 25.44
12813 18.04
12814 14.48
12814 1.16
12814 25.44
12814 18.04
12815 14.48
12815 1.16
12815 25.44
12815 18.04
12816 14.48
12816 1.16
12816 25.44
12816 18.04
12873 14.48
12873 1.16
12873 25.44
12873 18.04
12874 14.48
12874 1.16
12874 25.44
12874 18.04
12875 14.48
12875 1.16
12875 25.44
12875 18.04
12876 14.48
12876 1.16
12876 25.44
12876 18.04
12877 14.48
12877 1.16
12877 25.44
12877 18.04
12878 14.48
12878 1.16
12878 25.44
12878 18.04
12879 14.48
12879 1.16
12879 25.44
12879 18.04
12880 14.48
12880 1.16
12880 25.44
12880 18.04
12881 14.48
12881 1.16
12881 25.44
12881 18.04
12882 14.48
12882 1.16
12882 25.44
12882 18.04
12883 14.48
12883 1.16
12883 25.44
12883 18.04
12884 14.48
12884 1.16
12884 25.44
12884 18.04
12885 14.48
12885 1.16
12885 25.44
12885 18.04
12886 14.48
12886 1.16
12886 25.44
12886 18.04
12887 14.48
12887 1.16
12887 25.44
12887 18.04
12888 14.48
12888 1.16
12888 25.44
12888 18.04
12889 14.48
12889 1.16
12889 25.44
12889 18.04
12890 14.48
12890 1.16
12890 25.44
12890 18.04
12891 14.48
12891 1.16
12891 25.44
12891 18.04
12892 14.48
12892 1.16
12892 25.44
12892 18.04
12893 14.48
12893 1.16
12893 25.44
12893 18.04
12894 14.48
12894 1.16
12894 25.44
12894 18.04
12895 14.48
12895 1.16
12895 25.44
12895 18.04
12896 14.48
12896 1.16
12896 25.44
12896 18.04
12897 14.48
12897 1.16
12897 25.44
12897 18.04
12898 14.48
12898 1.16
12898 25.44
12898 18.04
12899 14.48
12899 1.16
12899 25.44
12899 18.04
12900 14.48
12900 1.16
12900 25.44
12900 18.04
12901 14.48
12901 1.16
12901 25.44
12901 18.04
12902 14.48
12902 1.16
12902 25.44
12902 18.04
12903 14.48
12903 1.16
12903 25.44
12903 18.04
12904 14.48
12904 1.16
12904 25.44
12904 18.04
12905 14.48
12905 1.16
12905 25.44
12905 18.04
12906 14.48
12906 1.16
12906 25.44
12906 18.04
12907 14.48
12907 1.16
12907 25.44
12907 18.04
12908 14.48
12908 1.16
12908 25.44
12908 18.04
12909 14.48
12909 1.16
12909 25.44
12909 18.04
12910 14.48
12910 1.16
12910 25.44
12910 18.04
12911 14.48
12911 1.16
12911 25.44
12911 18.04
12912 14.48
12912 1.16
12912 25.44
12912 18.04
12913 14.48
12913 1.16
12913 25.44
12913 18.04
12914 14.48
12914 1.16
12914 25.44
12914 18.04
12915 14.48
12915 1.16
12915 25.44
12915 18.04
12916 14.48
12916 1.16
12916 25.44
12916 18.04
12917 14.48
12917 1.16
12917 25.44
12917 18.04
12918 14.48
12918 1.16
12918 25.44
12918 18.04
12919 14.48
12919 1.16
12919 25.44
12919 18.04
12920 14.48
12920 1.16
12920 25.44
12920 18.04
12981 14.48
12981 1.16
12981 25.44
12981 18.04
12982 14.48
12982 1.16
12982 25.44
12982 18.04
12983 14.48
12983 1.16
12983 25.44
12983 18.04
12984 14.48
12984 1.16
12984 25.44
12984 18.04
12985 14.48
12985 1.16
12985 25.44
12985 18.04
12986 14.48
12986 1.16
12986 25.44
12986 18.04
12987 14.48
12987 1.16
12987 25.44
12987 18.04
12988 14.48
12988 1.16
12988 25.44
12988 18.04
12989 14.48
12989 1.16
12989 25.44
12989 18.04
12990 14.48
12990 1.16
12990 25.44
12990 18.04
12991 14.48
12991 1.16
12991 25.44
12991 18.04
12992 14.48
12992 1.16
12992 25.44
12992 18.04
12993 14.48
12993 1.16
12993 25.44
12993 18.04
12994 14.48
12994 1.16
12994 25.44
12994 18.04
12995 14.48
12995 1.16
12995 25.44
12995 18.04
12996 14.48
12996 1.16
12996 25.44
12996 18.04
12997 14.48
12997 1.16
12997 25.44
12997 18.04
12998 14.48
12998 1.16
12998 25.44
12998 18.04
12999 14.48
12999 1.16
12999 25.44
12999 18.04
13000 14.48
13000 1.16
13000 25.44
13000 18.04
13001 14.48
13001 1.16
13001 25.44
13001 18.04
13002 14.48
13002 1.16
13002 25.44
13002 18.04
13003 14.48
13003 1.16
13003 25.44
13003 18.04
13004 14.48
13004 1.16
13004 25.44
13004 18.04
13005 14.48
13005 1.16
13005 25.44
13005 18.04
13006 14.48
13006 1.16
13006 25.44
13006 18.04
13007 14.48
13007 1.16
13007 25.44
13007 18.04
13008 14.48
13008 1.16
13008 25.44
13008 18.04
13009 14.48
13009 1.16
13009 25.44
13009 18.04
13010 14.48
13010 1.16
13010 25.44
13010 18.04
13011 14.48
13011 1.16
13011 25.44
13011 18.04
13012 14.48
13012 1.16
13012 25.44
13012 18.04
13013 14.48
13013 1.16
13013 25.44
13013 18.04
13014 14.48
13014 1.16
13014 25.44
13014 18.04
13015 14.48
13015 1.16
13015 25.44
13015 18.04
13016 14.48
13016 1.16
13016 25.44
13016 18.04
13017 14.48
13017 1.16
13017 25.44
13017 18.04
13018 14.48
13018 1.16
13018 25.44
13018 18.04
13019 14.48
13019 1.16
13019 25.44
13019 18.04
13020 14.48
13020 1.16
13020 25.44
13020 18.04
13021 14.48
13021 1.16
13021 25.44
13021 18.04
13022 14.48
13022 1.16
13022 25.44
13022 18.04
13023 14.48
13023 1.16
13023 25.44
13023 18.04
13024 14.48
13024 1.16
13024 25.44
13024 18.04
13025 14.48
13025 1.16
13025 25.44
13025 18.04
13026 14.48
13026 1.16
13026 25.44
13026 18.04
13027 14.48
13027 1.16
13027 25.44
13027 18.04
13028 14.48
13028 1.16
13028 25.44
13028 18.04
13086 14.48
13086 1.16
13086 25.44
13086 18.04
13087 14.48
13087 1.16
13087 25.44
13087 18.04
13088 14.48
13088 1.16
13088 25.44
13088 18.04
13089 14.48
13089 1.16
13089 25.44
13089 18.04
13090 14.48
13090 1.16
13090 25.44
13090 18.04
13091 14.48
13091 1.16
13091 25.44
13091 18.04
13092 14.48
13092 1.16
13092 25.44
13092 18.04
13093 14.48
13093 1.16
13093 25.44
13093 18.04
13094 14.48
13094 1.16
13094 25.44
13094 18.04
13095 14.48
13095 1.16
13095 25.44
13095 18.04
13096 14.48
13096 1.16
13096 25.44
13096 18.04
13097 14.48
13097 1.16
13097 25.44
13097 18.04
13098 14.48
13098 1.16
13098 25.44
13098 18.04
13099 14.48
13099 1.16
13099 25.44
13099 18.04
13100 14.48
13100 1.16
13100 25.44
13100 18.04
13101 14.48
13101 1.16
13101 25.44
13101 18.04
13102 14.48
13102 1.16
13102 25.44
13102 18.04
13103 14.48
13103 1.16
13103 25.44
13103 18.04
13104 14.48
13104 1.16
13104 25.44
13104 18.04
13105 14.48
13105 1.16
13105 25.44
13105 18.04
13106 14.48
13106 1.16
13106 25.44
13106 18.04
13107 14.48
13107 1.16
13107 25.44
13107 18.04
13108 14.48
13108 1.16
13108 25.44
13108 18.04
13109 14.48
13109 1.16
13109 25.44
13109 18.04
13110 14.48
13110 1.16
13110 25.44
13110 18.04
13111 14.48
13111 1.16
13111 25.44
13111 18.04
13112 14.48
13112 1.16
13112 25.44
13112 18.04
13113 14.48
13113 1.16
13113 25.44
13113 18.04
13114 14.48
13114 1.16
13114 25.44
13114 18.04
13115 14.48
13115 1.16
13115 25.44
13115 18.04
13116 14.48
13116 1.16
13116 25.44
13116 18.04
13117 14.48
13117 1.16
13117 25.44
13117 18.04
13118 14.48
13118 1.16
13118 25.44
13118 18.04
13119 14.48
13119 1.16
13119 25.44
13119 18.04
13120 14.48
13120 1.16
13120 25.44
13120 18.04
13121 14.48
13121 1.16
13121 25.44
13121 18.04
13122 14.48
13122 1.16
13122 25.44
13122 18.04
13123 14.48
13123 1.16
13123 25.44
13123 18.04
13124 14.48
13124 1.16
13124 25.44
13124 18.04
13125 14.48
13125 1.16
13125 25.44
13125 18.04
13126 14.48
13126 1.16
13126 25.44
13126 18.04
13127 14.48
13127 1.16
13127 25.44
13127 18.04
13128 14.48
13128 1.16
13128 25.44
13128 18.04
13129 14.48
13129 1.16
13129 25.44
13129 18.04
13130 14.48
13130 1.16
13130 25.44
13130 18.04
13131 14.48
13131 1.16
13131 25.44
13131 18.04
13132 14.48
13132 1.16
13132 25.44
13132 18.04
13133 14.48
13133 1.16
13133 25.44
13133 18.04
13134 14.48
13134 1.16
13134 25.44
13134 18.04
13135 14.48
13135 1.16
13135 25.44
13135 18.04
13197 14.48
13197 1.16
13197 25.44
13197 18.04
13198 14.48
13198 1.16
13198 25.44
13198 18.04
13199 14.48
13199 1.16
13199 25.44
13199 18.04
13200 14.48
13200 1.16
13200 25.44
13200 18.04
13201 14.48
13201 1.16
13201 25.44
13201 18.04
13202 14.48
13202 1.16
13202 25.44
13202 18.04
13203 14.48
13203 1.16
13203 25.44
13203 18.04
13204 14.48
13204 1.16
13204 25.44
13204 18.04
13205 14.48
13205 1.16
13205 25.44
13205 18.04
13206 14.48
13206 1.16
13206 25.44
13206 18.04
13207 14.48
13207 1.16
13207 25.44
13207 18.04
13208 14.48
13208 1.16
13208 25.44
13208 18.04
13209 14.48
13209 1.16
13209 25.44
13209 18.04
13210 14.48
13210 1.16
13210 25.44
13210 18.04
13211 14.48
13211 1.16
13211 25.44
13211 18.04
13212 14.48
13212 1.16
13212 25.44
13212 18.04
13213 14.48
13213 1.16
13213 25.44
13213 18.04
13214 14.48
13214 1.16
13214 25.44
13214 18.04
13215 14.48
13215 1.16
13215 25.44
13215 18.04
13216 14.48
13216 1.16
13216 25.44
13216 18.04
13217 14.48
13217 1.16
13217 25.44
13217 18.04
13218 14.48
13218 1.16
13218 25.44
13218 18.04
13219 14.48
13219 1.16
13219 25.44
13219 18.04
13220 14.48
13220 1.16
13220 25.44
13220 18.04
13221 14.48
13221 1.16
13221 25.44
13221 18.04
13222 14.48
13222 1.16
13222 25.44
13222 18.04
13223 14.48
13223 1.16
13223 25.44
13223 18.04
13224 14.48
13224 1.16
13224 25.44
13224 18.04
13225 14.48
13225 1.16
13225 25.44
13225 18.04
13226 14.48
13226 1.16
13226 25.44
13226 18.04
13227 14.48
13227 1.16
13227 25.44
13227 18.04
13228 14.48
13228 1.16
13228 25.44
13228 18.04
13229 14.48
13229 1.16
13229 25.44
13229 18.04
13230 14.48
13230 1.16
13230 25.44
13230 18.04
13231 14.48
13231 1.16
13231 25.44
13231 18.04
13232 14.48
13232 1.16
13232 25.44
13232 18.04
13233 14.48
13233 1.16
13233 25.44
13233 18.04
13234 14.48
13234 1.16
13234 25.44
13234 18.04
13235 14.48
13235 1.16
13235 25.44
13235 18.04
13236 14.48
13236 1.16
13236 25.44
13236 18.04
13237 14.48
13237 1.16
13237 25.44
13237 18.04
13238 14.48
13238 1.16
13238 25.44
13238 18.04
13239 14.48
13239 1.16
13239 25.44
13239 18.04
13240 14.48
13240 1.16
13240 25.44
13240 18.04
13241 14.48
13241 1.16
13241 25.44
13241 18.04
13242 14.48
13242 1.16
13242 25.44
13242 18.04
13243 14.48
13243 1.16
13243 25.44
13243 18.04
13244 14.48
13244 1.16
13244 25.44
13244 18.04
13245 14.48
13245 1.16
13245 25.44
13245 18.04
13304 14.48
13304 1.16
13304 25.44
13304 18.04
13305 14.48
13305 1.16
13305 25.44
13305 18.04
13306 14.48
13306 1.16
13306 25.44
13306 18.04
13307 14.48
13307 1.16
13307 25.44
13307 18.04
13308 14.48
13308 1.16
13308 25.44
13308 18.04
13309 14.48
13309 1.16
13309 25.44
13309 18.04
13310 14.48
13310 1.16
13310 25.44
13310 18.04
13311 14.48
13311 1.16
13311 25.44
13311 18.04
13312 14.48
13312 1.16
13312 25.44
13312 18.04
13313 14.48
13313 1.16
13313 25.44
13313 18.04
13314 14.48
13314 1.16
13314 25.44
13314 18.04
13315 14.48
13315 1.16
13315 25.44
13315 18.04
13316 14.48
13316 1.16
13316 25.44
13316 18.04
13317 14.48
13317 1.16
13317 25.44
13317 18.04
13318 14.48
13318 1.16
13318 25.44
13318 18.04
13319 14.48
13319 1.16
13319 25.44
13319 18.04
13320 14.48
13320 1.16
13320 25.44
13320 18.04
13321 14.48
13321 1.16
13321 25.44
13321 18.04
13322 14.48
13322 1.16
13322 25.44
13322 18.04
13323 14.48
13323 1.16
13323 25.44
13323 18.04
13324 14.48
13324 1.16
13324 25.44
13324 18.04
13325 14.48
13325 1.16
13325 25.44
13325 18.04
13326 14.48
13326 1.16
13326 25.44
13326 18.04
13327 14.48
13327 1.16
13327 25.44
13327 18.04
13328 14.48
13328 1.16
13328 25.44
13328 18.04
13329 14.48
13329 1.16
13329 25.44
13329 18.04
13330 14.48
13330 1.16
13330 25.44
13330 18.04
13331 14.48
13331 1.16
13331 25.44
13331 18.04
13332 14.48
13332 1.16
13332 25.44
13332 18.04
13333 14.48
13333 1.16
13333 25.44
13333 18.04
13334 14.48
13334 1.16
13334 25.44
13334 18.04
13335 14.48
13335 1.16
13335 25.44
13335 18.04
13336 14.48
13336 1.16
13336 25.44
13336 18.04
13337 14.48
13337 1.16
13337 25.44
13337 18.04
13338 14.48
13338 1.16
13338 25.44
13338 18.04
13339 14.48
13339 1.16
13339 25.44
13339 18.04
13340 14.48
13340 1.16
13340 25.44
13340 18.04
13341 14.48
13341 1.16
13341 25.44
13341 18.04
13342 14.48
13342 1.16
13342 25.44
13342 18.04
13343 14.48
13343 1.16
13343 25.44
13343 18.04
13344 14.48
13344 1.16
13344 25.44
13344 18.04
13345 14.48
13345 1.16
13345 25.44
13345 18.04
13346 14.48
13346 1.16
13346 25.44
13346 18.04
13347 14.48
13347 1.16
13347 25.44
13347 18.04
13348 14.48
13348 1.16
13348 25.44
13348 18.04
13349 14.48
13349 1.16
13349 25.44
13349 18.04
13350 14.48
13350 1.16
13350 25.44
13350 18.04
13351 14.48
13351 1.16
13351 25.44
13351 18.04
13352 14.48
13352 1.16
13352 25.44
13352 18.04
13353 14.48
13353 1.16
13353 25.44
13353 18.04
13354 14.48
13354 1.16
13354 25.44
13354 18.04
13355 14.48
13355 1.16
13355 25.44
13355 18.04
13414 14.48
13414 1.16
13414 25.44
13414 18.04
13415 14.48
13415 1.16
13415 25.44
13415 18.04
13416 14.48
13416 1.16
13416 25.44
13416 18.04
13417 14.48
13417 1.16
13417 25.44
13417 18.04
13418 14.48
13418 1.16
13418 25.44
13418 18.04
13419 14.48
13419 1.16
13419 25.44
13419 18.04
13420 14.48
13420 1.16
13420 25.44
13420 18.04
13421 14.48
13421 1.16
13421 25.44
13421 18.04
13422 14.48
13422 1.16
13422 25.44
13422 18.04
13423 14.48
13423 1.16
13423 25.44
13423 18.04
13424 14.48
13424 1.16
13424 25.44
13424 18.04
13425 14.48
13425 1.16
13425 25.44
13425 18.04
13426 14.48
13426 1.16
13426 25.44
13426 18.04
13427 14.48
13427 1.16
13427 25.44
13427 18.04
13428 14.48
13428 1.16
13428 25.44
13428 18.04
13429 14.48
13429 1.16
13429 25.44
13429 18.04
13430 14.48
13430 1.16
13430 25.44
13430 18.04
13431 14.48
13431 1.16
13431 25.44
13431 18.04
13432 14.48
13432 1.16
13432 25.44
13432 18.04
13433 14.48
13433 1.16
13433 25.44
13433 18.04
13434 14.48
13434 1.16
13434 25.44
13434 18.04
13435 14.48
13435 1.16
13435 25.44
13435 18.04
13436 14.48
13436 1.16
13436 25.44
13436 18.04
13437 14.48
13437 1.16
13437 25.44
13437 18.04
13438 14.48
13438 1.16
13438 25.44
13438 18.04
13439 14.48
13439 1.16
13439 25.44
13439 18.04
13440 14.48
13440 1.16
13440 25.44
13440 18.04
13441 14.48
13441 1.16
13441 25.44
13441 18.04
13442 14.48
13442 1.16
13442 25.44
13442 18.04
13443 14.48
13443 1.16
13443 25.44
13443 18.04
13444 14.48
13444 1.16
13444 25.44
13444 18.04
13445 14.48
13445 1.16
13445 25.44
13445 18.04
13446 14.48
13446 1.16
13446 25.44
13446 18.04
13447 14.48
13447 1.16
13447 25.44
13447 18.04
13448 14.48
13448 1.16
13448 25.44
13448 18.04
13449 14.48
13449 1.16
13449 25.44
13449 18.04
13450 14.48
13450 1.16
13450 25.44
13450 18.04
13451 14.48
13451 1.16
13451 25.44
13451 18.04
13452 14.48
13452 1.16
13452 25.44
13452 18.04
13453 14.48
13453 1.16
13453 25.44
13453 18.04
13454 14.48
13454 1.16
13454 25.44
13454 18.04
13455 14.48
13455 1.16
13455 25.44
13455 18.04
13456 14.48
13456 1.16
13456 25.44
13456 18.04
13457 14.48
13457 1.16
13457 25.44
13457 18.04
13458 14.48
13458 1.16
13458 25.44
13458 18.04
13459 14.48
13459 1.16
13459 25.44
13459 18.04
13460 14.48
13460 1.16
13460 25.44
13460 18.04
13461 14.48
13461 1.16
13461 25.44
13461 18.04
13462 14.48
13462 1.16
13462 25.44
13462 18.04
13463 14.48
13463 1.16
13463 25.44
13463 18.04
13464 14.48
13464 1.16
13464 25.44
13464 18.04
13465 14.48
13465 1.16
13465 25.44
13465 18.04
13525 14.48
13525 1.16
13525 25.44
13525 18.04
13526 14.48
13526 1.16
13526 25.44
13526 18.04
13527 14.48
13527 1.16
13527 25.44
13527 18.04
13528 14.48
13528 1.16
13528 25.44
13528 18.04
13529 14.48
13529 1.16
13529 25.44
13529 18.04
13530 14.48
13530 1.16
13530 25.44
13530 18.04
13531 14.48
13531 1.16
13531 25.44
13531 18.04
13532 14.48
13532 1.16
13532 25.44
13532 18.04
13533 14.48
13533 1.16
13533 25.44
13533 18.04
13534 14.48
13534 1.16
13534 25.44
13534 18.04
13535 14.48
13535 1.16
13535 25.44
13535 18.04
13536 14.48
13536 1.16
13536 25.44
13536 18.04
13537 14.48
13537 1.16
13537 25.44
13537 18.04
13538 14.48
13538 1.16
13538 25.44
13538 18.04
13539 14.48
13539 1.16
13539 25.44
13539 18.04
13540 14.48
13540 1.16
13540 25.44
13540 18.04
13541 14.48
13541 1.16
13541 25.44
13541 18.04
13542 14.48
13542 1.16
13542 25.44
13542 18.04
13543 14.48
13543 1.16
13543 25.44
13543 18.04
13544 14.48
13544 1.16
13544 25.44
13544 18.04
13545 14.48
13545 1.16
13545 25.44
13545 18.04
13546 14.48
13546 1.16
13546 25.44
13546 18.04
13547 14.48
13547 1.16
13547 25.44
13547 18.04
13548 14.48
13548 1.16
13548 25.44
13548 18.04
13549 14.48
13549 1.16
13549 25.44
13549 18.04
13550 14.48
13550 1.16
13550 25.44
13550 18.04
13551 14.48
13551 1.16
13551 25.44
13551 18.04
13552 14.48
13552 1.16
13552 25.44
13552 18.04
13553 14.48
13553 1.16
13553 25.44
13553 18.04
13554 14.48
13554 1.16
13554 25.44
13554 18.04
13555 14.48
13555 1.16
13555 25.44
13555 18.04
13556 14.48
13556 1.16
13556 25.44
13556 18.04
13557 14.48
13557 1.16
13557 25.44
13557 18.04
13558 14.48
13558 1.16
13558 25.44
13558 18.04
13559 14.48
13559 1.16
13559 25.44
13559 18.04
13560 14.48
13560 1.16
13560 25.44
13560 18.04
13561 14.48
13561 1.16
13561 25.44
13561 18.04
13562 14.48
13562 1.16
13562 25.44
13562 18.04
13563 14.48
13563 1.16
13563 25.44
13563 18.04
13564 14.48
13564 1.16
13564 25.44
13564 18.04
13565 14.48
13565 1.16
13565 25.44
13565 18.04
13566 14.48
13566 1.16
13566 25.44
13566 18.04
13567 14.48
13567 1.16
13567 25.44
13567 18.04
13568 14.48
13568 1.16
13568 25.44
13568 18.04
13569 14.48
13569 1.16
13569 25.44
13569 18.04
13570 14.48
13570 1.16
13570 25.44
13570 18.04
13571 14.48
13571 1.16
13571 25.44
13571 18.04
13572 14.48
13572 1.16
13572 25.44
13572 18.04
13573 14.48
13573 1.16
13573 25.44
13573 18.04
13574 14.48
13574 1.16
13574 25.44
13574 18.04
13630 14.48
13630 1.16
13630 25.44
13630 18.04
13631 14.48
13631 1.16
13631 25.44
13631 18.04
13632 14.48
13632 1.16
13632 25.44
13632 18.04
13633 14.48
13633 1.16
13633 25.44
13633 18.04
13634 14.48
13634 1.16
13634 25.44
13634 18.04
13635 14.48
13635 1.16
13635 25.44
13635 18.04
13636 14.48
13636 1.16
13636 25.44
13636 18.04
13637 14.48
13637 1.16
13637 25.44
13637 18.04
13638 14.48
13638 1.16
13638 25.44
13638 18.04
13639 14.48
13639 1.16
13639 25.44
13639 18.04
13640 14.48
13640 1.16
13640 25.44
13640 18.04
13641 14.48
13641 1.16
13641 25.44
13641 18.04
13642 14.48
13642 1.16
13642 25.44
13642 18.04
13643 14.48
13643 1.16
13643 25.44
13643 18.04
13644 14.48
13644 1.16
13644 25.44
13644 18.04
13645 14.48
13645 1.16
13645 25.44
13645 18.04
13646 14.48
13646 1.16
13646 25.44
13646 18.04
13647 14.48
13647 1.16
13647 25.44
13647 18.04
13648 14.48
13648 1.16
13648 25.44
13648 18.04
13649 14.48
13649 1.16
13649 25.44
13649 18.04
13650 14.48
13650 1.16
13650 25.44
13650 18.04
13651 14.48
13651 1.16
13651 25.44
13651 18.04
13652 14.48
13652 1.16
13652 25.44
13652 18.04
13653 14.48
13653 1.16
13653 25.44
13653 18.04
13654 14.48
13654 1.16
13654 25.44
13654 18.04
13655 14.48
13655 1.16
13655 25.44
13655 18.04
13656 14.48
13656 1.16
13656 25.44
13656 18.04
13657 14.48
13657 1.16
13657 25.44
13657 18.04
13658 14.48
13658 1.16
13658 25.44
13658 18.04
13659 14.48
13659 1.16
13659 25.44
13659 18.04
13660 14.48
13660 1.16
13660 25.44
13660 18.04
13661 14.48
13661 1.16
13661 25.44
13661 18.04
13662 14.48
13662 1.16
13662 25.44
13662 18.04
13663 14.48
13663 1.16
13663 25.44
13663 18.04
13664 14.48
13664 1.16
13664 25.44
13664 18.04
13665 14.48
13665 1.16
13665 25.44
13665 18.04
13666 14.48
13666 1.16
13666 25.44
13666 18.04
13667 14.48
13667 1.16
13667 25.44
13667 18.04
13668 14.48
13668 1.16
13668 25.44
13668 18.04
13669 14.48
13669 1.16
13669 25.44
13669 18.04
13670 14.48
13670 1.16
13670 25.44
13670 18.04
13671 14.48
13671 1.16
13671 25.44
13671 18.04
13672 14.48
13672 1.16
13672 25.44
13672 18.04
13673 14.48
13673 1.16
13673 25.44
13673 18.04
13674 14.48
13674 1.16
13674 25.44
13674 18.04
13675 14.48
13675 1.16
13675 25.44
13675 18.04
13676 14.48
13676 1.16
13676 25.44
13676 18.04
13677 14.48
13677 1.16
13677 25.44
13677 18.04
13678 14.48
13678 1.16
13678 25.44
13678 18.04
13679 14.48
13679 1.16
13679 25.44
13679 18.04
13680 14.48
13680 1.16
13680 25.44
13680 18.04
13681 14.48
13681 1.16
13681 25.44
13681 18.04
13682 14.48
13682 1.16
13682 25.44
13682 18.04
13683 14.48
13683 1.16
13683 25.44
13683 18.04
13741 14.48
13741 1.16
13741 25.44
13741 18.04
13742 14.48
13742 1.16
13742 25.44
13742 18.04
13743 14.48
13743 1.16
13743 25.44
13743 18.04
13744 14.48
13744 1.16
13744 25.44
13744 18.04
13745 14.48
13745 1.16
13745 25.44
13745 18.04
13746 14.48
13746 1.16
13746 25.44
13746 18.04
13747 14.48
13747 1.16
13747 25.44
13747 18.04
13748 14.48
13748 1.16
13748 25.44
13748 18.04
13749 14.48
13749 1.16
13749 25.44
13749 18.04
13750 14.48
13750 1.16
13750 25.44
13750 18.04
13751 14.48
13751 1.16
13751 25.44
13751 18.04
13752 14.48
13752 1.16
13752 25.44
13752 18.04
13753 14.48
13753 1.16
13753 25.44
13753 18.04
13754 14.48
13754 1.16
13754 25.44
13754 18.04
13755 14.48
13755 1.16
13755 25.44
13755 18.04
13756 14.48
13756 1.16
13756 25.44
13756 18.04
13757 14.48
13757 1.16
13757 25.44
13757 18.04
13758 14.48
13758 1.16
13758 25.44
13758 18.04
13759 14.48
13759 1.16
13759 25.44
13759 18.04
13760 14.48
13760 1.16
13760 25.44
13760 18.04
13761 14.48
13761 1.16
13761 25.44
13761 18.04
13762 14.48
13762 1.16
13762 25.44
13762 18.04
13763 14.48
13763 1.16
13763 25.44
13763 18.04
13764 14.48
13764 1.16
13764 25.44
13764 18.04
13765 14.48
13765 1.16
13765 25.44
13765 18.04
13766 14.48
13766 1.16
13766 25.44
13766 18.04
13767 14.48
13767 1.16
13767 25.44
13767 18.04
13768 14.48
13768 1.16
13768 25.44
13768 18.04
13769 14.48
13769 1.16
13769 25.44
13769 18.04
13770 14.48
13770 1.16
13770 25.44
13770 18.04
13771 14.48
13771 1.16
13771 25.44
13771 18.04
13772 14.48
13772 1.16
13772 25.44
13772 18.04
13773 14.48
13773 1.16
13773 25.44
13773 18.04
13774 14.48
13774 1.16
13774 25.44
13774 18.04
13775 14.48
13775 1.16
13775 25.44
13775 18.04
13776 14.48
13776 1.16
13776 25.44
13776 18.04
13777 14.48
13777 1.16
13777 25.44
13777 18.04
13778 14.48
13778 1.16
13778 25.44
13778 18.04
13779 14.48
13779 1.16
13779 25.44
13779 18.04
13780 14.48
13780 1.16
13780 25.44
13780 18.04
13781 14.48
13781 1.16
13781 25.44
13781 18.04
13782 14.48
13782 1.16
13782 25.44
13782 18.04
13783 14.48
13783 1.16
13783 25.44
13783 18.04
13784 14.48
13784 1.16
13784 25.44
13784 18.04
13785 14.48
13785 1.16
13785 25.44
13785 18.04
13786 14.48
13786 1.16
13786 25.44
13786 18.04
13787 14.48
13787 1.16
13787 25.44
13787 18.04
13788 14.48
13788 1.16
13788 25.44
13788 18.04
13789 14.48
13789 1.16
13789 25.44
13789 18.04
13790 14.48
13790 1.16
13790 25.44
13790 18.04
13791 14.48
13791 1.16
13791 25.44
13791 18.04
13792 14.48
13792 1.16
13792 25.44
13792 18.04
13793 14.48
13793 1.16
13793 25.44
13793 18.04
13850 14.48
13850 1.16
13850 25.44
13850 18.04
13851 14.48
13851 1.16
13851 25.44
13851 18.04
13852 14.48
13852 1.16
13852 25.44
13852 18.04
13853 14.48
13853 1.16
13853 25.44
13853 18.04
13854 14.48
13854 1.16
13854 25.44
13854 18.04
13855 14.48
13855 1.16
13855 25.44
13855 18.04
13856 14.48
13856 1.16
13856 25.44
13856 18.04
13857 14.48
13857 1.16
13857 25.44
13857 18.04
13858 14.48
13858 1.16
13858 25.44
13858 18.04
13859 14.48
13859 1.16
13859 25.44
13859 18.04
13860 14.48
13860 1.16
13860 25.44
13860 18.04
13861 14.48
13861 1.16
13861 25.44
13861 18.04
13862 14.48
13862 1.16
13862 25.44
13862 18.04
13863 14.48
13863 1.16
13863 25.44
13863 18.04
13864 14.48
13864 1.16
13864 25.44
13864 18.04
13865 14.48
13865 1.16
13865 25.44
13865 18.04
13866 14.48
13866 1.16
13866 25.44
13866 18.04
13867 14.48
13867 1.16
13867 25.44
13867 18.04
13868 14.48
13868 1.16
13868 25.44
13868 18.04
13869 14.48
13869 1.16
13869 25.44
13869 18.04
13870 14.48
13870 1.16
13870 25.44
13870 18.04
13871 14.48
13871 1.16
13871 25.44
13871 18.04
13872 14.48
13872 1.16
13872 25.44
13872 18.04
13873 14.48
13873 1.16
13873 25.44
13873 18.04
13874 14.48
13874 1.16
13874 25.44
13874 18.04
13875 14.48
13875 1.16
13875 25.44
13875 18.04
13876 14.48
13876 1.16
13876 25.44
13876 18.04
13877 14.48
13877 1.16
13877 25.44
13877 18.04
13878 14.48
13878 1.16
13878 25.44
13878 18.04
13879 14.48
13879 1.16
13879 25.44
13879 18.04
13880 14.48
13880 1.16
13880 25.44
13880 18.04
13881 14.48
13881 1.16
13881 25.44
13881 18.04
13882 14.48
13882 1.16
13882 25.44
13882 18.04
13883 14.48
13883 1.16
13883 25.44
13883 18.04
13884 14.48
13884 1.16
13884 25.44
13884 18.04
13885 14.48
13885 1.16
13885 25.44
13885 18.04
13886 14.48
13886 1.16
13886 25.44
13886 18.04
13887 14.48
13887 1.16
13887 25.44
13887 18.04
13888 14.48
13888 1.16
13888 25.44
13888 18.04
13889 14.48
13889 1.16
13889 25.44
13889 18.04
13890 14.48
13890 1.16
13890 25.44
13890 18.04
13891 14.48
13891 1.16
13891 25.44
13891 18.04
13892 14.48
13892 1.16
13892 25.44
13892 18.04
13893 14.48
13893 1.16
13893 25.44
13893 18.04
13894 14.48
13894 1.16
13894 25.44
13894 18.04
13895 14.48
13895 1.16
13895 25.44
13895 18.04
13896 14.48
13896 1.16
13896 25.44
13896 18.04
13897 14.48
13897 1.16
13897 25.44
13897 18.04
13898 14.48
13898 1.16
13898 25.44
13898 18.04
13899 14.48
13899 1.16
13899 25.44
13899 18.04
13900 14.48
13900 1.16
13900 25.44
13900 18.04
13901 14.48
13901 1.16
13901 25.44
13901 18.04
13902 14.48
13902 1.16
13902 25.44
13902 18.04
13903 14.48
13903 1.16
13903 25.44
13903 18.04
13904 14.48
13904 1.16
13904 25.44
13904 18.04
13963 14.48
13963 1.16
13963 25.44
13963 18.04
13964 14.48
13964 1.16
13964 25.44
13964 18.04
13965 14.48
13965 1.16
13965 25.44
13965 18.04
13966 14.48
13966 1.16
13966 25.44
13966 18.04
13967 14.48
13967 1.16
13967 25.44
13967 18.04
13968 14.48
13968 1.16
13968 25.44
13968 18.04
13969 14.48
13969 1.16
13969 25.44
13969 18.04
13970 14.48
13970 1.16
13970 25.44
13970 18.04
13971 14.48
13971 1.16
13971 25.44
13971 18.04
13972 14.48
13972 1.16
13972 25.44
13972 18.04
13973 14.48
13973 1.16
13973 25.44
13973 18.04
13974 14.48
13974 1.16
13974 25.44
13974 18.04
13975 14.48
13975 1.16
13975 25.44
13975 18.04
13976 14.48
13976 1.16
13976 25.44
13976 18.04
13977 14.48
13977 1.16
13977 25.44
13977 18.04
13978 14.48
13978 1.16
13978 25.44
13978 18.04
13979 14.48
13979 1.16
13979 25.44
13979 18.04
13980 14.48
13980 1.16
13980 25.44
13980 18.04
13981 14.48
13981 1.16
13981 25.44
13981 18.04
13982 14.48
13982 1.16
13982 25.44
13982 18.04
13983 14.48
13983 1.16
13983 25.44
13983 18.04
13984 14.48
13984 1.16
13984 25.44
13984 18.04
13985 14.48
13985 1.16
13985 25.44
13985 18.04
13986 14.48
13986 1.16
13986 25.44
13986 18.04
13987 14.48
13987 1.16
13987 25.44
13987 18.04
13988 14.48
13988 1.16
13988 25.44
13988 18.04
13989 14.48
13989 1.16
13989 25.44
13989 18.04
13990 14.48
13990 1.16
13990 25.44
13990 18.04
13991 14.48
13991 1.16
13991 25.44
13991 18.04
13992 14.48
13992 1.16
13992 25.44
13992 18.04
13993 14.48
13993 1.16
13993 25.44
13993 18.04
13994 14.48
13994 1.16
13994 25.44
13994 18.04
13995 14.48
13995 1.16
13995 25.44
13995 18.04
13996 14.48
13996 1.16
13996 25.44
13996 18.04
13997 14.48
13997 1.16
13997 25.44
13997 18.04
13998 14.48
13998 1.16
13998 25.44
13998 18.04
13999 14.48
13999 1.16
13999 25.44
13999 18.04
14000 14.48
14000 1.16
14000 25.44
14000 18.04
14001 14.48
14001 1.16
14001 25.44
14001 18.04
14002 14.48
14002 1.16
14002 25.44
14002 18.04
14003 14.48
14003 1.16
14003 25.44
14003 18.04
14004 14.48
14004 1.16
14004 25.44
14004 18.04
14005 14.48
14005 1.16
14005 25.44
14005 18.04
14006 14.48
14006 1.16
14006 25.44
14006 18.04
14007 14.48
14007 1.16
14007 25.44
14007 18.04
14008 14.48
14008 1.16
14008 25.44
14008 18.04
14009 14.48
14009 1.16
14009 25.44
14009 18.04
14010 14.48
14010 1.16
14010 25.44
14010 18.04
14011 14.48
14011 1.16
14011 25.44
14011 18.04
14012 14.48
14012 1.16
14012 25.44
14012 18.04
14013 14.48
14013 1.16
14013 25.44
14013 18.04
14014 14.48
14014 1.16
14014 25.44
14014 18.04
14015 14.48
14015 1.16
14015 25.44
14015 18.04
14016 14.48
14016 1.16
14016 25.44
14016 18.04
14075 14.48
14075 1.16
14075 25.44
14075 18.04
14076 14.48
14076 1.16
14076 25.44
14076 18.04
14077 14.48
14077 1.16
14077 25.44
14077 18.04
14078 14.48
14078 1.16
14078 25.44
14078 18.04
14079 14.48
14079 1.16
14079 25.44
14079 18.04
14080 14.48
14080 1.16
14080 25.44
14080 18.04
14081 14.48
14081 1.16
14081 25.44
14081 18.04
14082 14.48
14082 1.16
14082 25.44
14082 18.04
14083 14.48
14083 1.16
14083 25.44
14083 18.04
14084 14.48
14084 1.16
14084 25.44
14084 18.04
14085 14.48
14085 1.16
14085 25.44
14085 18.04
14086 14.48
14086 1.16
14086 25.44
14086 18.04
14087 14.48
14087 1.16
14087 25.44
14087 18.04
14088 14.48
14088 1.16
14088 25.44
14088 18.04
14089 14.48
14089 1.16
14089 25.44
14089 18.04
14090 14.48
14090 1.16
14090 25.44
14090 18.04
14091 14.48
14091 1.16
14091 25.44
14091 18.04
14092 14.48
14092 1.16
14092 25.44
14092 18.04
14097 14.48
14097 1.16
14097 25.44
14097 18.04
14098 14.48
14098 1.16
14098 25.44
14098 18.04
14099 14.48
14099 1.16
14099 25.44
14099 18.04
14100 14.48
14100 1.16
14100 25.44
14100 18.04
14101 14.48
14101 1.16
14101 25.44
14101 18.04
14102 14.48
14102 1.16
14102 25.44
14102 18.04
14103 14.48
14103 1.16
14103 25.44
14103 18.04
14104 14.48
14104 1.16
14104 25.44
14104 18.04
14105 14.48
14105 1.16
14105 25.44
14105 18.04
14106 14.48
14106 1.16
14106 25.44
14106 18.04
14107 14.48
14107 1.16
14107 25.44
14107 18.04
14108 14.48
14108 1.16
14108 25.44
14108 18.04
14109 14.48
14109 1.16
14109 25.44
14109 18.04
14110 14.48
14110 1.16
14110 25.44
14110 18.04
14111 14.48
14111 1.16
14111 25.44
14111 18.04
14112 14.48
14112 1.16
14112 25.44
14112 18.04
14113 14.48
14113 1.16
14113 25.44
14113 18.04
14114 14.48
14114 1.16
14114 25.44
14114 18.04
14115 14.48
14115 1.16
14115 25.44
14115 18.04
14116 14.48
14116 1.16
14116 25.44
14116 18.04
14117 14.48
14117 1.16
14117 25.44
14117 18.04
14118 14.48
14118 1.16
14118 25.44
14118 18.04
14119 14.48
14119 1.16
14119 25.44
14119 18.04
14120 14.48
14120 1.16
14120 25.44
14120 18.04
14121 14.48
14121 1.16
14121 25.44
14121 18.04
14122 14.48
14122 1.16
14122 25.44
14122 18.04
14123 14.48
14123 1.16
14123 25.44
14123 18.04
14124 14.48
14124 1.16
14124 25.44
14124 18.04
14125 14.48
14125 1.16
14125 25.44
14125 18.04
14126 14.48
14126 1.16
14126 25.44
14126 18.04
14127 14.48
14127 1.16
14127 25.44
14127 18.04
14128 14.48
14128 1.16
14128 25.44
14128 18.04
14190 14.48
14190 1.16
14190 25.44
14190 18.04
14191 14.48
14191 1.16
14191 25.44
14191 18.04
14192 14.48
14192 1.16
14192 25.44
14192 18.04
14193 14.48
14193 1.16
14193 25.44
14193 18.04
14194 14.48
14194 1.16
14194 25.44
14194 18.04
14195 14.48
14195 1.16
14195 25.44
14195 18.04
14196 14.48
14196 1.16
14196 25.44
14196 18.04
14197 14.48
14197 1.16
14197 25.44
14197 18.04
14198 14.48
14198 1.16
14198 25.44
14198 18.04
14199 14.48
14199 1.16
14199 25.44
14199 18.04
14200 14.48
14200 1.16
14200 25.44
14200 18.04
14201 14.48
14201 1.16
14201 25.44
14201 18.04
14202 14.48
14202 1.16
14202 25.44
14202 18.04
14203 14.48
14203 1.16
14203 25.44
14203 18.04
14204 14.48
14204 1.16
14204 25.44
14204 18.04
14205 14.48
14205 1.16
14205 25.44
14205 18.04
14206 14.48
14206 1.16
14206 25.44
14206 18.04
14207 14.48
14207 1.16
14207 25.44
14207 18.04
14208 14.48
14208 1.16
14208 25.44
14208 18.04
14213 14.48
14213 1.16
14213 25.44
14213 18.04
14214 14.48
14214 1.16
14214 25.44
14214 18.04
14215 14.48
14215 1.16
14215 25.44
14215 18.04
14216 14.48
14216 1.16
14216 25.44
14216 18.04
14217 14.48
14217 1.16
14217 25.44
14217 18.04
14218 14.48
14218 1.16
14218 25.44
14218 18.04
14219 14.48
14219 1.16
14219 25.44
14219 18.04
14220 14.48
14220 1.16
14220 25.44
14220 18.04
14221 14.48
14221 1.16
14221 25.44
14221 18.04
14222 14.48
14222 1.16
14222 25.44
14222 18.04
14223 14.48
14223 1.16
14223 25.44
14223 18.04
14224 14.48
14224 1.16
14224 25.44
14224 18.04
14225 14.48
14225 1.16
14225 25.44
14225 18.04
14226 14.48
14226 1.16
14226 25.44
14226 18.04
14227 14.48
14227 1.16
14227 25.44
14227 18.04
14228 14.48
14228 1.16
14228 25.44
14228 18.04
14229 14.48
14229 1.16
14229 25.44
14229 18.04
14230 14.48
14230 1.16
14230 25.44
14230 18.04
14231 14.48
14231 1.16
14231 25.44
14231 18.04
14232 14.48
14232 1.16
14232 25.44
14232 18.04
14233 14.48
14233 1.16
14233 25.44
14233 18.04
14234 14.48
14234 1.16
14234 25.44
14234 18.04
14235 14.48
14235 1.16
14235 25.44
14235 18.04
14236 14.48
14236 1.16
14236 25.44
14236 18.04
14237 14.48
14237 1.16
14237 25.44
14237 18.04
14238 14.48
14238 1.16
14238 25.44
14238 18.04
14239 14.48
14239 1.16
14239 25.44
14239 18.04
14240 14.48
14240 1.16
14240 25.44
14240 18.04
14241 14.48
14241 1.16
14241 25.44
14241 18.04
14242 14.48
14242 1.16
14242 25.44
14242 18.04
14243 14.48
14243 1.16
14243 25.44
14243 18.04
14306 14.48
14306 1.16
14306 25.44
14306 18.04
14307 14.48
14307 1.16
14307 25.44
14307 18.04
14308 14.48
14308 1.16
14308 25.44
14308 18.04
14309 14.48
14309 1.16
14309 25.44
14309 18.04
14310 14.48
14310 1.16
14310 25.44
14310 18.04
14311 14.48
14311 1.16
14311 25.44
14311 18.04
14312 14.48
14312 1.16
14312 25.44
14312 18.04
14313 14.48
14313 1.16
14313 25.44
14313 18.04
14314 14.48
14314 1.16
14314 25.44
14314 18.04
14315 14.48
14315 1.16
14315 25.44
14315 18.04
14316 14.48
14316 1.16
14316 25.44
14316 18.04
14317 14.48
14317 1.16
14317 25.44
14317 18.04
14318 14.48
14318 1.16
14318 25.44
14318 18.04
14319 14.48
14319 1.16
14319 25.44
14319 18.04
14320 14.48
14320 1.16
14320 25.44
14320 18.04
14321 14.48
14321 1.16
14321 25.44
14321 18.04
14322 14.48
14322 1.16
14322 25.44
14322 18.04
14323 14.48
14323 1.16
14323 25.44
14323 18.04
14328 14.48
14328 1.16
14328 25.44
14328 18.04
14329 14.48
14329 1.16
14329 25.44
14329 18.04
14330 14.48
14330 1.16
14330 25.44
14330 18.04
14331 14.48
14331 1.16
14331 25.44
14331 18.04
14332 14.48
14332 1.16
14332 25.44
14332 18.04
14333 14.48
14333 1.16
14333 25.44
14333 18.04
14334 14.48
14334 1.16
14334 25.44
14334 18.04
14335 14.48
14335 1.16
14335 25.44
14335 18.04
14336 14.48
14336 1.16
14336 25.44
14336 18.04
14337 14.48
14337 1.16
14337 25.44
14337 18.04
14338 14.48
14338 1.16
14338 25.44
14338 18.04
14339 14.48
14339 1.16
14339 25.44
14339 18.04
14340 14.48
14340 1.16
14340 25.44
14340 18.04
14341 14.48
14341 1.16
14341 25.44
14341 18.04
14342 14.48
14342 1.16
14342 25.44
14342 18.04
14343 14.48
14343 1.16
14343 25.44
14343 18.04
14344 14.48
14344 1.16
14344 25.44
14344 18.04
14345 14.48
14345 1.16
14345 25.44
14345 18.04
14346 14.48
14346 1.16
14346 25.44
14346 18.04
14347 14.48
14347 1.16
14347 25.44
14347 18.04
14348 14.48
14348 1.16
14348 25.44
14348 18.04
14349 14.48
14349 1.16
14349 25.44
14349 18.04
14350 14.48
14350 1.16
14350 25.44
14350 18.04
14351 14.48
14351 1.16
14351 25.44
14351 18.04
14352 14.48
14352 1.16
14352 25.44
14352 18.04
14353 14.48
14353 1.16
14353 25.44
14353 18.04
14354 14.48
14354 1.16
14354 25.44
14354 18.04
14355 14.48
14355 1.16
14355 25.44
14355 18.04
14356 14.48
14356 1.16
14356 25.44
14356 18.04
14357 14.48
14357 1.16
14357 25.44
14357 18.04
14416 14.48
14416 1.16
14416 25.44
14416 18.04
14417 14.48
14417 1.16
14417 25.44
14417 18.04
14418 14.48
14418 1.16
14418 25.44
14418 18.04
14419 14.48
14419 1.16
14419 25.44
14419 18.04
14420 14.48
14420 1.16
14420 25.44
14420 18.04
14421 14.48
14421 1.16
14421 25.44
14421 18.04
14422 14.48
14422 1.16
14422 25.44
14422 18.04
14423 14.48
14423 1.16
14423 25.44
14423 18.04
14424 14.48
14424 1.16
14424 25.44
14424 18.04
14425 14.48
14425 1.16
14425 25.44
14425 18.04
14426 14.48
14426 1.16
14426 25.44
14426 18.04
14427 14.48
14427 1.16
14427 25.44
14427 18.04
14428 14.48
14428 1.16
14428 25.44
14428 18.04
14429 14.48
14429 1.16
14429 25.44
14429 18.04
14430 14.48
14430 1.16
14430 25.44
14430 18.04
14431 14.48
14431 1.16
14431 25.44
14431 18.04
14432 14.48
14432 1.16
14432 25.44
14432 18.04
14433 14.48
14433 1.16
14433 25.44
14433 18.04
14434 14.48
14434 1.16
14434 25.44
14434 18.04
14435 14.48
14435 1.16
14435 25.44
14435 18.04
14436 14.48
14436 1.16
14436 25.44
14436 18.04
14437 14.48
14437 1.16
14437 25.44
14437 18.04
14438 14.48
14438 1.16
14438 25.44
14438 18.04
14441 14.48
14441 1.16
14441 25.44
14441 18.04
14442 14.48
14442 1.16
14442 25.44
14442 18.04
14445 14.48
14445 1.16
14445 25.44
14445 18.04
14446 14.48
14446 1.16
14446 25.44
14446 18.04
14447 14.48
14447 1.16
14447 25.44
14447 18.04
14448 14.48
14448 1.16
14448 25.44
14448 18.04
14449 14.48
14449 1.16
14449 25.44
14449 18.04
14450 14.48
14450 1.16
14450 25.44
14450 18.04
14451 14.48
14451 1.16
14451 25.44
14451 18.04
14452 14.48
14452 1.16
14452 25.44
14452 18.04
14453 14.48
14453 1.16
14453 25.44
14453 18.04
14454 14.48
14454 1.16
14454 25.44
14454 18.04
14455 14.48
14455 1.16
14455 25.44
14455 18.04
14456 14.48
14456 1.16
14456 25.44
14456 18.04
14457 14.48
14457 1.16
14457 25.44
14457 18.04
14458 14.48
14458 1.16
14458 25.44
14458 18.04
14459 14.48
14459 1.16
14459 25.44
14459 18.04
14460 14.48
14460 1.16
14460 25.44
14460 18.04
14461 14.48
14461 1.16
14461 25.44
14461 18.04
14462 14.48
14462 1.16
14462 25.44
14462 18.04
14463 14.48
14463 1.16
14463 25.44
14463 18.04
14464 14.48
14464 1.16
14464 25.44
14464 18.04
14465 14.48
14465 1.16
14465 25.44
14465 18.04
14466 14.48
14466 1.16
14466 25.44
14466 18.04
14467 14.48
14467 1.16
14467 25.44
14467 18.04
14468 14.48
14468 1.16
14468 25.44
14468 18.04
14469 14.48
14469 1.16
14469 25.44
14469 18.04
14470 14.48
14470 1.16
14470 25.44
14470 18.04
14471 14.48
14471 1.16
14471 25.44
14471 18.04
14531 14.48
14531 1.16
14531 25.44
14531 18.04
14532 14.48
14532 1.16
14532 25.44
14532 18.04
14533 14.48
14533 1.16
14533 25.44
14533 18.04
14534 14.48
14534 1.16
14534 25.44
14534 18.04
14535 14.48
14535 1.16
14535 25.44
14535 18.04
14536 14.48
14536 1.16
14536 25.44
14536 18.04
14537 14.48
14537 1.16
14537 25.44
14537 18.04
14538 14.48
14538 1.16
14538 25.44
14538 18.04
14539 14.48
14539 1.16
14539 25.44
14539 18.04
14540 14.48
14540 1.16
14540 25.44
14540 18.04
14541 14.48
14541 1.16
14541 25.44
14541 18.04
14542 14.48
14542 1.16
14542 25.44
14542 18.04
14543 14.48
14543 1.16
14543 25.44
14543 18.04
14544 14.48
14544 1.16
14544 25.44
14544 18.04
14545 14.48
14545 1.16
14545 25.44
14545 18.04
14546 14.48
14546 1.16
14546 25.44
14546 18.04
14547 14.48
14547 1.16
14547 25.44
14547 18.04
14548 14.48
14548 1.16
14548 25.44
14548 18.04
14549 14.48
14549 1.16
14549 25.44
14549 18.04
14550 14.48
14550 1.16
14550 25.44
14550 18.04
14551 14.48
14551 1.16
14551 25.44
14551 18.04
14552 14.48
14552 1.16
14552 25.44
14552 18.04
14555 14.48
14555 1.16
14555 25.44
14555 18.04
14556 14.48
14556 1.16
14556 25.44
14556 18.04
14559 14.48
14559 1.16
14559 25.44
14559 18.04
14560 14.48
14560 1.16
14560 25.44
14560 18.04
14561 14.48
14561 1.16
14561 25.44
14561 18.04
14562 14.48
14562 1.16
14562 25.44
14562 18.04
14563 14.48
14563 1.16
14563 25.44
14563 18.04
14564 14.48
14564 1.16
14564 25.44
14564 18.04
14565 14.48
14565 1.16
14565 25.44
14565 18.04
14566 14.48
14566 1.16
14566 25.44
14566 18.04
14567 14.48
14567 1.16
14567 25.44
14567 18.04
14568 14.48
14568 1.16
14568 25.44
14568 18.04
14569 14.48
14569 1.16
14569 25.44
14569 18.04
14570 14.48
14570 1.16
14570 25.44
14570 18.04
14571 14.48
14571 1.16
14571 25.44
14571 18.04
14572 14.48
14572 1.16
14572 25.44
14572 18.04
14573 14.48
14573 1.16
14573 25.44
14573 18.04
14574 14.48
14574 1.16
14574 25.44
14574 18.04
14575 14.48
14575 1.16
14575 25.44
14575 18.04
14576 14.48
14576 1.16
14576 25.44
14576 18.04
14577 14.48
14577 1.16
14577 25.44
14577 18.04
14578 14.48
14578 1.16
14578 25.44
14578 18.04
14579 14.48
14579 1.16
14579 25.44
14579 18.04
14580 14.48
14580 1.16
14580 25.44
14580 18.04
14581 14.48
14581 1.16
14581 25.44
14581 18.04
14582 14.48
14582 1.16
14582 25.44
14582 18.04
14583 14.48
14583 1.16
14583 25.44
14583 18.04
14584 14.48
14584 1.16
14584 25.44
14584 18.04
14645 14.48
14645 1.16
14645 25.44
14645 18.04
14646 14.48
14646 1.16
14646 25.44
14646 18.04
14647 14.48
14647 1.16
14647 25.44
14647 18.04
14648 14.48
14648 1.16
14648 25.44
14648 18.04
14649 14.48
14649 1.16
14649 25.44
14649 18.04
14650 14.48
14650 1.16
14650 25.44
14650 18.04
14651 14.48
14651 1.16
14651 25.44
14651 18.04
14652 14.48
14652 1.16
14652 25.44
14652 18.04
14653 14.48
14653 1.16
14653 25.44
14653 18.04
14654 14.48
14654 1.16
14654 25.44
14654 18.04
14655 14.48
14655 1.16
14655 25.44
14655 18.04
14656 14.48
14656 1.16
14656 25.44
14656 18.04
14657 14.48
14657 1.16
14657 25.44
14657 18.04
14658 14.48
14658 1.16
14658 25.44
14658 18.04
14659 14.48
14659 1.16
14659 25.44
14659 18.04
14660 14.48
14660 1.16
14660 25.44
14660 18.04
14661 14.48
14661 1.16
14661 25.44
14661 18.04
14662 14.48
14662 1.16
14662 25.44
14662 18.04
14663 14.48
14663 1.16
14663 25.44
14663 18.04
14664 14.48
14664 1.16
14664 25.44
14664 18.04
14665 14.48
14665 1.16
14665 25.44
14665 18.04
14666 14.48
14666 1.16
14666 25.44
14666 18.04
14667 14.48
14667 1.16
14667 25.44
14667 18.04
14668 14.48
14668 1.16
14668 25.44
14668 18.04
14669 14.48
14669 1.16
14669 25.44
14669 18.04
14670 14.48
14670 1.16
14670 25.44
14670 18.04
14671 14.48
14671 1.16
14671 25.44
14671 18.04
14672 14.48
14672 1.16
14672 25.44
14672 18.04
14673 14.48
14673 1.16
14673 25.44
14673 18.04
14674 14.48
14674 1.16
14674 25.44
14674 18.04
14675 14.48
14675 1.16
14675 25.44
14675 18.04
14676 14.48
14676 1.16
14676 25.44
14676 18.04
14677 14.48
14677 1.16
14677 25.44
14677 18.04
14678 14.48
14678 1.16
14678 25.44
14678 18.04
14679 14.48
14679 1.16
14679 25.44
14679 18.04
14680 14.48
14680 1.16
14680 25.44
14680 18.04
14681 14.48
14681 1.16
14681 25.44
14681 18.04
14682 14.48
14682 1.16
14682 25.44
14682 18.04
14683 14.48
14683 1.16
14683 25.44
14683 18.04
14684 14.48
14684 1.16
14684 25.44
14684 18.04
14685 14.48
14685 1.16
14685 25.44
14685 18.04
14686 14.48
14686 1.16
14686 25.44
14686 18.04
14687 14.48
14687 1.16
14687 25.44
14687 18.04
14688 14.48
14688 1.16
14688 25.44
14688 18.04
14689 14.48
14689 1.16
14689 25.44
14689 18.04
14690 14.48
14690 1.16
14690 25.44
14690 18.04
14691 14.48
14691 1.16
14691 25.44
14691 18.04
14692 14.48
14692 1.16
14692 25.44
14692 18.04
14693 14.48
14693 1.16
14693 25.44
14693 18.04
14694 14.48
14694 1.16
14694 25.44
14694 18.04
14695 14.48
14695 1.16
14695 25.44
14695 18.04
14696 14.48
14696 1.16
14696 25.44
14696 18.04
14697 14.48
14697 1.16
14697 25.44
14697 18.04
14763 14.48
14763 1.16
14763 25.44
14763 18.04
14764 14.48
14764 1.16
14764 25.44
14764 18.04
14765 14.48
14765 1.16
14765 25.44
14765 18.04
14766 14.48
14766 1.16
14766 25.44
14766 18.04
14767 14.48
14767 1.16
14767 25.44
14767 18.04
14768 14.48
14768 1.16
14768 25.44
14768 18.04
14769 14.48
14769 1.16
14769 25.44
14769 18.04
14770 14.48
14770 1.16
14770 25.44
14770 18.04
14771 14.48
14771 1.16
14771 25.44
14771 18.04
14772 14.48
14772 1.16
14772 25.44
14772 18.04
14773 14.48
14773 1.16
14773 25.44
14773 18.04
14774 14.48
14774 1.16
14774 25.44
14774 18.04
14775 14.48
14775 1.16
14775 25.44
14775 18.04
14776 14.48
14776 1.16
14776 25.44
14776 18.04
14777 14.48
14777 1.16
14777 25.44
14777 18.04
14778 14.48
14778 1.16
14778 25.44
14778 18.04
14779 14.48
14779 1.16
14779 25.44
14779 18.04
14780 14.48
14780 1.16
14780 25.44
14780 18.04
14781 14.48
14781 1.16
14781 25.44
14781 18.04
14782 14.48
14782 1.16
14782 25.44
14782 18.04
14783 14.48
14783 1.16
14783 25.44
14783 18.04
14784 14.48
14784 1.16
14784 25.44
14784 18.04
14785 14.48
14785 1.16
14785 25.44
14785 18.04
14786 14.48
14786 1.16
14786 25.44
14786 18.04
14787 14.48
14787 1.16
14787 25.44
14787 18.04
14788 14.48
14788 1.16
14788 25.44
14788 18.04
14789 14.48
14789 1.16
14789 25.44
14789 18.04
14790 14.48
14790 1.16
14790 25.44
14790 18.04
14791 14.48
14791 1.16
14791 25.44
14791 18.04
14792 14.48
14792 1.16
14792 25.44
14792 18.04
14793 14.48
14793 1.16
14793 25.44
14793 18.04
14794 14.48
14794 1.16
14794 25.44
14794 18.04
14795 14.48
14795 1.16
14795 25.44
14795 18.04
14796 14.48
14796 1.16
14796 25.44
14796 18.04
14797 14.48
14797 1.16
14797 25.44
14797 18.04
14798 14.48
14798 1.16
14798 25.44
14798 18.04
14799 14.48
14799 1.16
14799 25.44
14799 18.04
14800 14.48
14800 1.16
14800 25.44
14800 18.04
14801 14.48
14801 1.16
14801 25.44
14801 18.04
14802 14.48
14802 1.16
14802 25.44
14802 18.04
14803 14.48
14803 1.16
14803 25.44
14803 18.04
14804 14.48
14804 1.16
14804 25.44
14804 18.04
14805 14.48
14805 1.16
14805 25.44
14805 18.04
14806 14.48
14806 1.16
14806 25.44
14806 18.04
14807 14.48
14807 1.16
14807 25.44
14807 18.04
14808 14.48
14808 1.16
14808 25.44
14808 18.04
14809 14.48
14809 1.16
14809 25.44
14809 18.04
14810 14.48
14810 1.16
14810 25.44
14810 18.04
14811 14.48
14811 1.16
14811 25.44
14811 18.04
14812 14.48
14812 1.16
14812 25.44
14812 18.04
14813 14.48
14813 1.16
14813 25.44
14813 18.04
14893 14.48
14893 1.16
14893 25.44
14893 18.04
14894 14.48
14894 1.16
14894 25.44
14894 18.04
14895 14.48
14895 1.16
14895 25.44
14895 18.04
14896 14.48
14896 1.16
14896 25.44
14896 18.04
14897 14.48
14897 1.16
14897 25.44
14897 18.04
14898 14.48
14898 1.16
14898 25.44
14898 18.04
14899 14.48
14899 1.16
14899 25.44
14899 18.04
14900 14.48
14900 1.16
14900 25.44
14900 18.04
14901 14.48
14901 1.16
14901 25.44
14901 18.04
14902 14.48
14902 1.16
14902 25.44
14902 18.04
14903 14.48
14903 1.16
14903 25.44
14903 18.04
14904 14.48
14904 1.16
14904 25.44
14904 18.04
14905 14.48
14905 1.16
14905 25.44
14905 18.04
14906 14.48
14906 1.16
14906 25.44
14906 18.04
14907 14.48
14907 1.16
14907 25.44
14907 18.04
14908 14.48
14908 1.16
14908 25.44
14908 18.04
14909 14.48
14909 1.16
14909 25.44
14909 18.04
14910 14.48
14910 1.16
14910 25.44
14910 18.04
14911 14.48
14911 1.16
14911 25.44
14911 18.04
14912 14.48
14912 1.16
14912 25.44
14912 18.04
14913 14.48
14913 1.16
14913 25.44
14913 18.04
14914 14.48
14914 1.16
14914 25.44
14914 18.04
14915 14.48
14915 1.16
14915 25.44
14915 18.04
14916 14.48
14916 1.16
14916 25.44
14916 18.04
14917 14.48
14917 1.16
14917 25.44
14917 18.04
14918 14.48
14918 1.16
14918 25.44
14918 18.04
14919 14.48
14919 1.16
14919 25.44
14919 18.04
14920 14.48
14920 1.16
14920 25.44
14920 18.04
14921 14.48
14921 1.16
14921 25.44
14921 18.04
14922 14.48
14922 1.16
14922 25.44
14922 18.04
14923 14.48
14923 1.16
14923 25.44
14923 18.04
14924 14.48
14924 1.16
14924 25.44
14924 18.04
14925 14.48
14925 1.16
14925 25.44
14925 18.04
14926 14.48
14926 1.16
14926 25.44
14926 18.04
14927 14.48
14927 1.16
14927 25.44
14927 18.04
14928 14.48
14928 1.16
14928 25.44
14928 18.04
14929 14.48
14929 1.16
14929 25.44
14929 18.04
14930 14.48
14930 1.16
14930 25.44
14930 18.04
14931 14.48
14931 1.16
14931 25.44
14931 18.04
14932 14.48
14932 1.16
14932 25.44
14932 18.04
14933 14.48
14933 1.16
14933 25.44
14933 18.04
14934 14.48
14934 1.16
14934 25.44
14934 18.04
14935 14.48
14935 1.16
14935 25.44
14935 18.04
14936 14.48
14936 1.16
14936 25.44
14936 18.04
14937 14.48
14937 1.16
14937 25.44
14937 18.04
14938 14.48
14938 1.16
14938 25.44
14938 18.04
14939 14.48
14939 1.16
14939 25.44
14939 18.04
15022 14.48
15022 1.16
15022 25.44
15022 18.04
15023 14.48
15023 1.16
15023 25.44
15023 18.04
15024 14.48
15024 1.16
15024 25.44
15024 18.04
15025 14.48
15025 1.16
15025 25.44
15025 18.04
15026 14.48
15026 1.16
15026 25.44
15026 18.04
15027 14.48
15027 1.16
15027 25.44
15027 18.04
15028 14.48
15028 1.16
15028 25.44
15028 18.04
15029 14.48
15029 1.16
15029 25.44
15029 18.04
15030 14.48
15030 1.16
15030 25.44
15030 18.04
15031 14.48
15031 1.16
15031 25.44
15031 18.04
15032 14.48
15032 1.16
15032 25.44
15032 18.04
15033 14.48
15033 1.16
15033 25.44
15033 18.04
15034 14.48
15034 1.16
15034 25.44
15034 18.04
15035 14.48
15035 1.16
15035 25.44
15035 18.04
15036 14.48
15036 1.16
15036 25.44
15036 18.04
15037 14.48
15037 1.16
15037 25.44
15037 18.04
15038 14.48
15038 1.16
15038 25.44
15038 18.04
15039 14.48
15039 1.16
15039 25.44
15039 18.04
15040 14.48
15040 1.16
15040 25.44
15040 18.04
15041 14.48
15041 1.16
15041 25.44
15041 18.04
15042 14.48
15042 1.16
15042 25.44
15042 18.04
15043 14.48
15043 1.16
15043 25.44
15043 18.04
15044 14.48
15044 1.16
15044 25.44
15044 18.04
15045 14.48
15045 1.16
15045 25.44
15045 18.04
15046 14.48
15046 1.16
15046 25.44
15046 18.04
15047 14.48
15047 1.16
15047 25.44
15047 18.04
15048 14.48
15048 1.16
15048 25.44
15048 18.04
15049 14.48
15049 1.16
15049 25.44
15049 18.04
15050 14.48
15050 1.16
15050 25.44
15050 18.04
15051 14.48
15051 1.16
15051 25.44
15051 18.04
15052 14.48
15052 1.16
15052 25.44
15052 18.04
15053 14.48
15053 1.16
15053 25.44
15053 18.04
15054 14.48
15054 1.16
15054 25.44
15054 18.04
15055 14.48
15055 1.16
15055 25.44
15055 18.04
15056 14.48
15056 1.16
15056 25.44
15056 18.04
15057 14.48
15057 1.16
15057 25.44
15057 18.04
15058 14.48
15058 1.16
15058 25.44
15058 18.04
15059 14.48
15059 1.16
15059 25.44
15059 18.04
15060 14.48
15060 1.16
15060 25.44
15060 18.04
15061 14.48
15061 1.16
15061 25.44
15061 18.04
15062 14.48
15062 1.16
15062 25.44
15062 18.04
15063 14.48
15063 1.16
15063 25.44
15063 18.04
15064 14.48
15064 1.16
15064 25.44
15064 18.04
15065 14.48
15065 1.16
15065 25.44
15065 18.04
15149 14.48
15149 1.16
15149 25.44
15149 18.04
15150 14.48
15150 1.16
15150 25.44
15150 18.04
15151 14.48
15151 1.16
15151 25.44
15151 18.04
15152 14.48
15152 1.16
15152 25.44
15152 18.04
15153 14.48
15153 1.16
15153 25.44
15153 18.04
15154 14.48
15154 1.16
15154 25.44
15154 18.04
15155 14.48
15155 1.16
15155 25.44
15155 18.04
15156 14.48
15156 1.16
15156 25.44
15156 18.04
15157 14.48
15157 1.16
15157 25.44
15157 18.04
15158 14.48
15158 1.16
15158 25.44
15158 18.04
15159 14.48
15159 1.16
15159 25.44
15159 18.04
15160 14.48
15160 1.16
15160 25.44
15160 18.04
15161 14.48
15161 1.16
15161 25.44
15161 18.04
15162 14.48
15162 1.16
15162 25.44
15162 18.04
15163 14.48
15163 1.16
15163 25.44
15163 18.04
15164 14.48
15164 1.16
15164 25.44
15164 18.04
15165 14.48
15165 1.16
15165 25.44
15165 18.04
15166 14.48
15166 1.16
15166 25.44
15166 18.04
15167 14.48
15167 1.16
15167 25.44
15167 18.04
15168 14.48
15168 1.16
15168 25.44
15168 18.04
15169 14.48
15169 1.16
15169 25.44
15169 18.04
15170 14.48
15170 1.16
15170 25.44
15170 18.04
15171 14.48
15171 1.16
15171 25.44
15171 18.04
15172 14.48
15172 1.16
15172 25.44
15172 18.04
15175 14.48
15175 1.16
15175 25.44
15175 18.04
15176 14.48
15176 1.16
15176 25.44
15176 18.04
15177 14.48
15177 1.16
15177 25.44
15177 18.04
15178 14.48
15178 1.16
15178 25.44
15178 18.04
15179 14.48
15179 1.16
15179 25.44
15179 18.04
15180 14.48
15180 1.16
15180 25.44
15180 18.04
15181 14.48
15181 1.16
15181 25.44
15181 18.04
15182 14.48
15182 1.16
15182 25.44
15182 18.04
15183 14.48
15183 1.16
15183 25.44
15183 18.04
15184 14.48
15184 1.16
15184 25.44
15184 18.04
15185 14.48
15185 1.16
15185 25.44
15185 18.04
15186 14.48
15186 1.16
15186 25.44
15186 18.04
15187 14.48
15187 1.16
15187 25.44
15187 18.04
15188 14.48
15188 1.16
15188 25.44
15188 18.04
15189 14.48
15189 1.16
15189 25.44
15189 18.04
15273 14.48
15273 1.16
15273 25.44
15273 18.04
15274 14.48
15274 1.16
15274 25.44
15274 18.04
15275 14.48
15275 1.16
15275 25.44
15275 18.04
15276 14.48
15276 1.16
15276 25.44
15276 18.04
15277 14.48
15277 1.16
15277 25.44
15277 18.04
15278 14.48
15278 1.16
15278 25.44
15278 18.04
15279 14.48
15279 1.16
15279 25.44
15279 18.04
15280 14.48
15280 1.16
15280 25.44
15280 18.04
15281 14.48
15281 1.16
15281 25.44
15281 18.04
15282 14.48
15282 1.16
15282 25.44
15282 18.04
15283 14.48
15283 1.16
15283 25.44
15283 18.04
15284 14.48
15284 1.16
15284 25.44
15284 18.04
15285 14.48
15285 1.16
15285 25.44
15285 18.04
15286 14.48
15286 1.16
15286 25.44
15286 18.04
15287 14.48
15287 1.16
15287 25.44
15287 18.04
15288 14.48
15288 1.16
15288 25.44
15288 18.04
15289 14.48
15289 1.16
15289 25.44
15289 18.04
15290 14.48
15290 1.16
15290 25.44
15290 18.04
15291 14.48
15291 1.16
15291 25.44
15291 18.04
15292 14.48
15292 1.16
15292 25.44
15292 18.04
15293 14.48
15293 1.16
15293 25.44
15293 18.04
15294 14.48
15294 1.16
15294 25.44
15294 18.04
15297 14.48
15297 1.16
15297 25.44
15297 18.04
15298 14.48
15298 1.16
15298 25.44
15298 18.04
15299 14.48
15299 1.16
15299 25.44
15299 18.04
15300 14.48
15300 1.16
15300 25.44
15300 18.04
15301 14.48
15301 1.16
15301 25.44
15301 18.04
15302 14.48
15302 1.16
15302 25.44
15302 18.04
15303 14.48
15303 1.16
15303 25.44
15303 18.04
15304 14.48
15304 1.16
15304 25.44
15304 18.04
15305 14.48
15305 1.16
15305 25.44
15305 18.04
15306 14.48
15306 1.16
15306 25.44
15306 18.04
15307 14.48
15307 1.16
15307 25.44
15307 18.04
15308 14.48
15308 1.16
15308 25.44
15308 18.04
15393 14.48
15393 1.16
15393 25.44
15393 18.04
15394 14.48
15394 1.16
15394 25.44
15394 18.04
15395 14.48
15395 1.16
15395 25.44
15395 18.04
15396 14.48
15396 1.16
15396 25.44
15396 18.04
15397 14.48
15397 1.16
15397 25.44
15397 18.04
15398 14.48
15398 1.16
15398 25.44
15398 18.04
15399 14.48
15399 1.16
15399 25.44
15399 18.04
15400 14.48
15400 1.16
15400 25.44
15400 18.04
15401 14.48
15401 1.16
15401 25.44
15401 18.04
15402 14.48
15402 1.16
15402 25.44
15402 18.04
15403 14.48
15403 1.16
15403 25.44
15403 18.04
15404 14.48
15404 1.16
15404 25.44
15404 18.04
15405 14.48
15405 1.16
15405 25.44
15405 18.04
15406 14.48
15406 1.16
15406 25.44
15406 18.04
15407 14.48
15407 1.16
15407 25.44
15407 18.04
15408 14.48
15408 1.16
15408 25.44
15408 18.04
15409 14.48
15409 1.16
15409 25.44
15409 18.04
15410 14.48
15410 1.16
15410 25.44
15410 18.04
15411 14.48
15411 1.16
15411 25.44
15411 18.04
15414 14.48
15414 1.16
15414 25.44
15414 18.04
15415 14.48
15415 1.16
15415 25.44
15415 18.04
15416 14.48
15416 1.16
15416 25.44
15416 18.04
15417 14.48
15417 1.16
15417 25.44
15417 18.04
15418 14.48
15418 1.16
15418 25.44
15418 18.04
15419 14.48
15419 1.16
15419 25.44
15419 18.04
15420 14.48
15420 1.16
15420 25.44
15420 18.04
15421 14.48
15421 1.16
15421 25.44
15421 18.04
15422 14.48
15422 1.16
15422 25.44
15422 18.04
15423 14.48
15423 1.16
15423 25.44
15423 18.04
15512 14.48
15512 1.16
15512 25.44
15512 18.04
15513 14.48
15513 1.16
15513 25.44
15513 18.04
15514 14.48
15514 1.16
15514 25.44
15514 18.04
15515 14.48
15515 1.16
15515 25.44
15515 18.04
15516 14.48
15516 1.16
15516 25.44
15516 18.04
15517 14.48
15517 1.16
15517 25.44
15517 18.04
15518 14.48
15518 1.16
15518 25.44
15518 18.04
15519 14.48
15519 1.16
15519 25.44
15519 18.04
15520 14.48
15520 1.16
15520 25.44
15520 18.04
15521 14.48
15521 1.16
15521 25.44
15521 18.04
15522 14.48
15522 1.16
15522 25.44
15522 18.04
15523 14.48
15523 1.16
15523 25.44
15523 18.04
15524 14.48
15524 1.16
15524 25.44
15524 18.04
15525 14.48
15525 1.16
15525 25.44
15525 18.04
15526 14.48
15526 1.16
15526 25.44
15526 18.04
15527 14.48
15527 1.16
15527 25.44
15527 18.04
15528 14.48
15528 1.16
15528 25.44
15528 18.04
15529 14.48
15529 1.16
15529 25.44
15529 18.04
15530 14.48
15530 1.16
15530 25.44
15530 18.04
15531 14.48
15531 1.16
15531 25.44
15531 18.04
15532 14.48
15532 1.16
15532 25.44
15532 18.04
15533 14.48
15533 1.16
15533 25.44
15533 18.04
15534 14.48
15534 1.16
15534 25.44
15534 18.04
15535 14.48
15535 1.16
15535 25.44
15535 18.04
15536 14.48
15536 1.16
15536 25.44
15536 18.04
15537 14.48
15537 1.16
15537 25.44
15537 18.04
15634 14.48
15634 1.16
15634 25.44
15634 18.04
15635 14.48
15635 1.16
15635 25.44
15635 18.04
15636 14.48
15636 1.16
15636 25.44
15636 18.04
15637 14.48
15637 1.16
15637 25.44
15637 18.04
15638 14.48
15638 1.16
15638 25.44
15638 18.04
15639 14.48
15639 1.16
15639 25.44
15639 18.04
15640 14.48
15640 1.16
15640 25.44
15640 18.04
15641 14.48
15641 1.16
15641 25.44
15641 18.04
15642 14.48
15642 1.16
15642 25.44
15642 18.04
15643 14.48
15643 1.16
15643 25.44
15643 18.04
15644 14.48
15644 1.16
15644 25.44
15644 18.04
15645 14.48
15645 1.16
15645 25.44
15645 18.04
15646 14.48
15646 1.16
15646 25.44
15646 18.04
15647 14.48
15647 1.16
15647 25.44
15647 18.04
15648 14.48
15648 1.16
15648 25.44
15648 18.04
15649 14.48
15649 1.16
15649 25.44
15649 18.04
15650 14.48
15650 1.16
15650 25.44
15650 18.04
