pt_graph scale
14306 0.76
14306 1.36
14306 13.8
14306 8.92
14307 0.76
14307 1.36
14307 13.8
14307 8.92
14416 0.76
14416 1.36
14416 13.8
14416 8.92
14417 0.76
14417 1.36
14417 13.8
14417 8.92
14418 0.76
14418 1.36
14418 13.8
14418 8.92
14419 0.76
14419 1.36
14419 13.8
14419 8.92
14420 0.76
14420 1.36
14420 13.8
14420 8.92
14421 0.76
14421 1.36
14421 13.8
14421 8.92
14422 0.76
14422 1.36
14422 13.8
14422 8.92
14423 0.76
14423 1.36
14423 13.8
14423 8.92
14424 0.76
14424 1.36
14424 13.8
14424 8.92
14425 0.76
14425 1.36
14425 13.8
14425 8.92
14531 0.76
14531 1.36
14531 13.8
14531 8.92
14532 0.76
14532 1.36
14532 13.8
14532 8.92
14533 0.76
14533 1.36
14533 13.8
14533 8.92
14534 0.76
14534 1.36
14534 13.8
14534 8.92
14535 0.76
14535 1.36
14535 13.8
14535 8.92
14536 0.76
14536 1.36
14536 13.8
14536 8.92
14537 0.76
14537 1.36
14537 13.8
14537 8.92
14538 0.76
14538 1.36
14538 13.8
14538 8.92
14539 0.76
14539 1.36
14539 13.8
14539 8.92
14540 0.76
14540 1.36
14540 13.8
14540 8.92
14541 0.76
14541 1.36
14541 13.8
14541 8.92
14542 0.76
14542 1.36
14542 13.8
14542 8.92
14543 0.76
14543 1.36
14543 13.8
14543 8.92
14645 0.76
14645 1.36
14645 13.8
14645 8.92
14646 0.76
14646 1.36
14646 13.8
14646 8.92
14647 0.76
14647 1.36
14647 13.8
14647 8.92
14648 0.76
14648 1.36
14648 13.8
14648 8.92
14649 0.76
14649 1.36
14649 13.8
14649 8.92
14650 0.76
14650 1.36
14650 13.8
14650 8.92
14651 0.76
14651 1.36
14651 13.8
14651 8.92
14652 0.76
14652 1.36
14652 13.8
14652 8.92
14653 0.76
14653 1.36
14653 13.8
14653 8.92
14654 0.76
14654 1.36
14654 13.8
14654 8.92
14655 0.76
14655 1.36
14655 13.8
14655 8.92
14656 0.76
14656 1.36
14656 13.8
14656 8.92
14657 0.76
14657 1.36
14657 13.8
14657 8.92
14658 0.76
14658 1.36
14658 13.8
14658 8.92
14659 0.76
14659 1.36
14659 13.8
14659 8.92
14763 0.76
14763 1.36
14763 13.8
14763 8.92
14764 0.76
14764 1.36
14764 13.8
14764 8.92
14765 0.76
14765 1.36
14765 13.8
14765 8.92
14766 0.76
14766 1.36
14766 13.8
14766 8.92
14767 0.76
14767 1.36
14767 13.8
14767 8.92
14768 0.76
14768 1.36
14768 13.8
14768 8.92
14769 0.76
14769 1.36
14769 13.8
14769 8.92
14770 0.76
14770 1.36
14770 13.8
14770 8.92
14771 0.76
14771 1.36
14771 13.8
14771 8.92
14772 0.76
14772 1.36
14772 13.8
14772 8.92
14773 0.76
14773 1.36
14773 13.8
14773 8.92
14774 0.76
14774 1.36
14774 13.8
14774 8.92
14775 0.76
14775 1.36
14775 13.8
14775 8.92
14776 0.76
14776 1.36
14776 13.8
14776 8.92
14777 0.76
14777 1.36
14777 13.8
14777 8.92
14778 0.76
14778 1.36
14778 13.8
14778 8.92
14779 0.76
14779 1.36
14779 13.8
14779 8.92
14888 0.76
14888 1.36
14888 13.8
14888 8.92
14889 0.76
14889 1.36
14889 13.8
14889 8.92
14890 0.76
14890 1.36
14890 13.8
14890 8.92
14891 0.76
14891 1.36
14891 13.8
14891 8.92
14892 0.76
14892 1.36
14892 13.8
14892 8.92
14893 0.76
14893 1.36
14893 13.8
14893 8.92
14894 0.76
14894 1.36
14894 13.8
14894 8.92
14895 0.76
14895 1.36
14895 13.8
14895 8.92
14896 0.76
14896 1.36
14896 13.8
14896 8.92
14897 0.76
14897 1.36
14897 13.8
14897 8.92
14898 0.76
14898 1.36
14898 13.8
14898 8.92
14899 0.76
14899 1.36
14899 13.8
14899 8.92
14900 0.76
14900 1.36
14900 13.8
14900 8.92
14901 0.76
14901 1.36
14901 13.8
14901 8.92
14902 0.76
14902 1.36
14902 13.8
14902 8.92
14903 0.76
14903 1.36
14903 13.8
14903 8.92
14904 0.76
14904 1.36
14904 13.8
14904 8.92
14905 0.76
14905 1.36
14905 13.8
14905 8.92
14906 0.76
14906 1.36
14906 13.8
14906 8.92
14907 0.76
14907 1.36
14907 13.8
14907 8.92
14908 0.76
14908 1.36
14908 13.8
14908 8.92
15016 0.76
15016 1.36
15016 13.8
15016 8.92
15017 0.76
15017 1.36
15017 13.8
15017 8.92
15018 0.76
15018 1.36
15018 13.8
15018 8.92
15019 0.76
15019 1.36
15019 13.8
15019 8.92
15020 0.76
15020 1.36
15020 13.8
15020 8.92
15021 0.76
15021 1.36
15021 13.8
15021 8.92
15022 0.76
15022 1.36
15022 13.8
15022 8.92
15023 0.76
15023 1.36
15023 13.8
15023 8.92
15024 0.76
15024 1.36
15024 13.8
15024 8.92
15025 0.76
15025 1.36
15025 13.8
15025 8.92
15026 0.76
15026 1.36
15026 13.8
15026 8.92
15027 0.76
15027 1.36
15027 13.8
15027 8.92
15028 0.76
15028 1.36
15028 13.8
15028 8.92
15029 0.76
15029 1.36
15029 13.8
15029 8.92
15030 0.76
15030 1.36
15030 13.8
15030 8.92
15031 0.76
15031 1.36
15031 13.8
15031 8.92
15032 0.76
15032 1.36
15032 13.8
15032 8.92
15033 0.76
15033 1.36
15033 13.8
15033 8.92
15034 0.76
15034 1.36
15034 13.8
15034 8.92
15035 0.76
15035 1.36
15035 13.8
15035 8.92
15036 0.76
15036 1.36
15036 13.8
15036 8.92
15037 0.76
15037 1.36
15037 13.8
15037 8.92
15140 0.76
15140 1.36
15140 13.8
15140 8.92
15141 0.76
15141 1.36
15141 13.8
15141 8.92
15142 0.76
15142 1.36
15142 13.8
15142 8.92
15143 0.76
15143 1.36
15143 13.8
15143 8.92
15144 0.76
15144 1.36
15144 13.8
15144 8.92
15145 0.76
15145 1.36
15145 13.8
15145 8.92
15146 0.76
15146 1.36
15146 13.8
15146 8.92
15147 0.76
15147 1.36
15147 13.8
15147 8.92
15148 0.76
15148 1.36
15148 13.8
15148 8.92
15149 0.76
15149 1.36
15149 13.8
15149 8.92
15150 0.76
15150 1.36
15150 13.8
15150 8.92
15151 0.76
15151 1.36
15151 13.8
15151 8.92
15152 0.76
15152 1.36
15152 13.8
15152 8.92
15153 0.76
15153 1.36
15153 13.8
15153 8.92
15154 0.76
15154 1.36
15154 13.8
15154 8.92
15155 0.76
15155 1.36
15155 13.8
15155 8.92
15156 0.76
15156 1.36
15156 13.8
15156 8.92
15157 0.76
15157 1.36
15157 13.8
15157 8.92
15158 0.76
15158 1.36
15158 13.8
15158 8.92
15159 0.76
15159 1.36
15159 13.8
15159 8.92
15160 0.76
15160 1.36
15160 13.8
15160 8.92
15161 0.76
15161 1.36
15161 13.8
15161 8.92
15162 0.76
15162 1.36
15162 13.8
15162 8.92
15163 0.76
15163 1.36
15163 13.8
15163 8.92
15164 0.76
15164 1.36
15164 13.8
15164 8.92
15261 0.76
15261 1.36
15261 13.8
15261 8.92
15262 0.76
15262 1.36
15262 13.8
15262 8.92
15263 0.76
15263 1.36
15263 13.8
15263 8.92
15264 0.76
15264 1.36
15264 13.8
15264 8.92
15265 0.76
15265 1.36
15265 13.8
15265 8.92
15266 0.76
15266 1.36
15266 13.8
15266 8.92
15267 0.76
15267 1.36
15267 13.8
15267 8.92
15268 0.76
15268 1.36
15268 13.8
15268 8.92
15269 0.76
15269 1.36
15269 13.8
15269 8.92
15270 0.76
15270 1.36
15270 13.8
15270 8.92
15271 0.76
15271 1.36
15271 13.8
15271 8.92
15272 0.76
15272 1.36
15272 13.8
15272 8.92
15273 0.76
15273 1.36
15273 13.8
15273 8.92
15274 0.76
15274 1.36
15274 13.8
15274 8.92
15275 0.76
15275 1.36
15275 13.8
15275 8.92
15276 0.76
15276 1.36
15276 13.8
15276 8.92
15277 0.76
15277 1.36
15277 13.8
15277 8.92
15278 0.76
15278 1.36
15278 13.8
15278 8.92
15279 0.76
15279 1.36
15279 13.8
15279 8.92
15280 0.76
15280 1.36
15280 13.8
15280 8.92
15281 0.76
15281 1.36
15281 13.8
15281 8.92
15282 0.76
15282 1.36
15282 13.8
15282 8.92
15283 0.76
15283 1.36
15283 13.8
15283 8.92
15284 0.76
15284 1.36
15284 13.8
15284 8.92
15285 0.76
15285 1.36
15285 13.8
15285 8.92
15286 0.76
15286 1.36
15286 13.8
15286 8.92
15287 0.76
15287 1.36
15287 13.8
15287 8.92
15379 0.76
15379 1.36
15379 13.8
15379 8.92
15380 0.76
15380 1.36
15380 13.8
15380 8.92
15381 0.76
15381 1.36
15381 13.8
15381 8.92
15382 0.76
15382 1.36
15382 13.8
15382 8.92
15383 0.76
15383 1.36
15383 13.8
15383 8.92
15384 0.76
15384 1.36
15384 13.8
15384 8.92
15385 0.76
15385 1.36
15385 13.8
15385 8.92
15386 0.76
15386 1.36
15386 13.8
15386 8.92
15387 0.76
15387 1.36
15387 13.8
15387 8.92
15388 0.76
15388 1.36
15388 13.8
15388 8.92
15389 0.76
15389 1.36
15389 13.8
15389 8.92
15390 0.76
15390 1.36
15390 13.8
15390 8.92
15391 0.76
15391 1.36
15391 13.8
15391 8.92
15392 0.76
15392 1.36
15392 13.8
15392 8.92
15393 0.76
15393 1.36
15393 13.8
15393 8.92
15394 0.76
15394 1.36
15394 13.8
15394 8.92
15395 0.76
15395 1.36
15395 13.8
15395 8.92
15396 0.76
15396 1.36
15396 13.8
15396 8.92
15397 0.76
15397 1.36
15397 13.8
15397 8.92
15398 0.76
15398 1.36
15398 13.8
15398 8.92
15399 0.76
15399 1.36
15399 13.8
15399 8.92
15400 0.76
15400 1.36
15400 13.8
15400 8.92
15401 0.76
15401 1.36
15401 13.8
15401 8.92
15402 0.76
15402 1.36
15402 13.8
15402 8.92
15403 0.76
15403 1.36
15403 13.8
15403 8.92
15404 0.76
15404 1.36
15404 13.8
15404 8.92
15405 0.76
15405 1.36
15405 13.8
15405 8.92
15406 0.76
15406 1.36
15406 13.8
15406 8.92
15493 0.76
15493 1.36
15493 13.8
15493 8.92
15494 0.76
15494 1.36
15494 13.8
15494 8.92
15495 0.76
15495 1.36
15495 13.8
15495 8.92
15496 0.76
15496 1.36
15496 13.8
15496 8.92
15497 0.76
15497 1.36
15497 13.8
15497 8.92
15498 0.76
15498 1.36
15498 13.8
15498 8.92
15499 0.76
15499 1.36
15499 13.8
15499 8.92
15500 0.76
15500 1.36
15500 13.8
15500 8.92
15501 0.76
15501 1.36
15501 13.8
15501 8.92
15502 0.76
15502 1.36
15502 13.8
15502 8.92
15503 0.76
15503 1.36
15503 13.8
15503 8.92
15504 0.76
15504 1.36
15504 13.8
15504 8.92
15505 0.76
15505 1.36
15505 13.8
15505 8.92
15506 0.76
15506 1.36
15506 13.8
15506 8.92
15507 0.76
15507 1.36
15507 13.8
15507 8.92
15508 0.76
15508 1.36
15508 13.8
15508 8.92
15509 0.76
15509 1.36
15509 13.8
15509 8.92
15510 0.76
15510 1.36
15510 13.8
15510 8.92
15511 0.76
15511 1.36
15511 13.8
15511 8.92
15512 0.76
15512 1.36
15512 13.8
15512 8.92
15513 0.76
15513 1.36
15513 13.8
15513 8.92
15514 0.76
15514 1.36
15514 13.8
15514 8.92
15515 0.76
15515 1.36
15515 13.8
15515 8.92
15516 0.76
15516 1.36
15516 13.8
15516 8.92
15517 0.76
15517 1.36
15517 13.8
15517 8.92
15518 0.76
15518 1.36
15518 13.8
15518 8.92
15519 0.76
15519 1.36
15519 13.8
15519 8.92
15520 0.76
15520 1.36
15520 13.8
15520 8.92
15521 0.76
15521 1.36
15521 13.8
15521 8.92
15522 0.76
15522 1.36
15522 13.8
15522 8.92
15523 0.76
15523 1.36
15523 13.8
15523 8.92
15611 0.76
15611 1.36
15611 13.8
15611 8.92
15612 0.76
15612 1.36
15612 13.8
15612 8.92
15613 0.76
15613 1.36
15613 13.8
15613 8.92
15614 0.76
15614 1.36
15614 13.8
15614 8.92
15615 0.76
15615 1.36
15615 13.8
15615 8.92
15616 0.76
15616 1.36
15616 13.8
15616 8.92
15617 0.76
15617 1.36
15617 13.8
15617 8.92
15618 0.76
15618 1.36
15618 13.8
15618 8.92
15619 0.76
15619 1.36
15619 13.8
15619 8.92
15620 0.76
15620 1.36
15620 13.8
15620 8.92
15621 0.76
15621 1.36
15621 13.8
15621 8.92
15622 0.76
15622 1.36
15622 13.8
15622 8.92
15623 0.76
15623 1.36
15623 13.8
15623 8.92
15624 0.76
15624 1.36
15624 13.8
15624 8.92
15625 0.76
15625 1.36
15625 13.8
15625 8.92
15626 0.76
15626 1.36
15626 13.8
15626 8.92
15627 0.76
15627 1.36
15627 13.8
15627 8.92
15628 0.76
15628 1.36
15628 13.8
15628 8.92
15629 0.76
15629 1.36
15629 13.8
15629 8.92
15630 0.76
15630 1.36
15630 13.8
15630 8.92
15631 0.76
15631 1.36
15631 13.8
15631 8.92
15632 0.76
15632 1.36
15632 13.8
15632 8.92
15633 0.76
15633 1.36
15633 13.8
15633 8.92
15634 0.76
15634 1.36
15634 13.8
15634 8.92
15635 0.76
15635 1.36
15635 13.8
15635 8.92
15636 0.76
15636 1.36
15636 13.8
15636 8.92
15637 0.76
15637 1.36
15637 13.8
15637 8.92
15638 0.76
15638 1.36
15638 13.8
15638 8.92
15639 0.76
15639 1.36
15639 13.8
15639 8.92
15640 0.76
15640 1.36
15640 13.8
15640 8.92
15641 0.76
15641 1.36
15641 13.8
15641 8.92
15642 0.76
15642 1.36
15642 13.8
15642 8.92
15726 0.76
15726 1.36
15726 13.8
15726 8.92
15727 0.76
15727 1.36
15727 13.8
15727 8.92
15728 0.76
15728 1.36
15728 13.8
15728 8.92
15729 0.76
15729 1.36
15729 13.8
15729 8.92
15730 0.76
15730 1.36
15730 13.8
15730 8.92
15731 0.76
15731 1.36
15731 13.8
15731 8.92
15732 0.76
15732 1.36
15732 13.8
15732 8.92
15733 0.76
15733 1.36
15733 13.8
15733 8.92
15734 0.76
15734 1.36
15734 13.8
15734 8.92
15735 0.76
15735 1.36
15735 13.8
15735 8.92
15736 0.76
15736 1.36
15736 13.8
15736 8.92
15737 0.76
15737 1.36
15737 13.8
15737 8.92
15738 0.76
15738 1.36
15738 13.8
15738 8.92
15739 0.76
15739 1.36
15739 13.8
15739 8.92
15740 0.76
15740 1.36
15740 13.8
15740 8.92
15741 0.76
15741 1.36
15741 13.8
15741 8.92
15742 0.76
15742 1.36
15742 13.8
15742 8.92
15743 0.76
15743 1.36
15743 13.8
15743 8.92
15744 0.76
15744 1.36
15744 13.8
15744 8.92
15745 0.76
15745 1.36
15745 13.8
15745 8.92
15746 0.76
15746 1.36
15746 13.8
15746 8.92
15747 0.76
15747 1.36
15747 13.8
15747 8.92
15748 0.76
15748 1.36
15748 13.8
15748 8.92
15749 0.76
15749 1.36
15749 13.8
15749 8.92
15750 0.76
15750 1.36
15750 13.8
15750 8.92
15751 0.76
15751 1.36
15751 13.8
15751 8.92
15752 0.76
15752 1.36
15752 13.8
15752 8.92
15753 0.76
15753 1.36
15753 13.8
15753 8.92
15754 0.76
15754 1.36
15754 13.8
15754 8.92
15755 0.76
15755 1.36
15755 13.8
15755 8.92
15756 0.76
15756 1.36
15756 13.8
15756 8.92
15757 0.76
15757 1.36
15757 13.8
15757 8.92
15758 0.76
15758 1.36
15758 13.8
15758 8.92
15842 0.76
15842 1.36
15842 13.8
15842 8.92
15843 0.76
15843 1.36
15843 13.8
15843 8.92
15844 0.76
15844 1.36
15844 13.8
15844 8.92
15845 0.76
15845 1.36
15845 13.8
15845 8.92
15846 0.76
15846 1.36
15846 13.8
15846 8.92
15847 0.76
15847 1.36
15847 13.8
15847 8.92
15848 0.76
15848 1.36
15848 13.8
15848 8.92
15849 0.76
15849 1.36
15849 13.8
15849 8.92
15850 0.76
15850 1.36
15850 13.8
15850 8.92
15851 0.76
15851 1.36
15851 13.8
15851 8.92
15852 0.76
15852 1.36
15852 13.8
15852 8.92
15853 0.76
15853 1.36
15853 13.8
15853 8.92
15854 0.76
15854 1.36
15854 13.8
15854 8.92
15855 0.76
15855 1.36
15855 13.8
15855 8.92
15856 0.76
15856 1.36
15856 13.8
15856 8.92
15857 0.76
15857 1.36
15857 13.8
15857 8.92
15858 0.76
15858 1.36
15858 13.8
15858 8.92
15859 0.76
15859 1.36
15859 13.8
15859 8.92
15860 0.76
15860 1.36
15860 13.8
15860 8.92
15861 0.76
15861 1.36
15861 13.8
15861 8.92
15862 0.76
15862 1.36
15862 13.8
15862 8.92
15863 0.76
15863 1.36
15863 13.8
15863 8.92
15864 0.76
15864 1.36
15864 13.8
15864 8.92
15865 0.76
15865 1.36
15865 13.8
15865 8.92
15866 0.76
15866 1.36
15866 13.8
15866 8.92
15867 0.76
15867 1.36
15867 13.8
15867 8.92
15868 0.76
15868 1.36
15868 13.8
15868 8.92
15869 0.76
15869 1.36
15869 13.8
15869 8.92
15870 0.76
15870 1.36
15870 13.8
15870 8.92
15871 0.76
15871 1.36
15871 13.8
15871 8.92
15872 0.76
15872 1.36
15872 13.8
15872 8.92
15873 0.76
15873 1.36
15873 13.8
15873 8.92
15874 0.76
15874 1.36
15874 13.8
15874 8.92
15875 0.76
15875 1.36
15875 13.8
15875 8.92
15955 0.76
15955 1.36
15955 13.8
15955 8.92
15956 0.76
15956 1.36
15956 13.8
15956 8.92
15957 0.76
15957 1.36
15957 13.8
15957 8.92
15958 0.76
15958 1.36
15958 13.8
15958 8.92
15959 0.76
15959 1.36
15959 13.8
15959 8.92
15960 0.76
15960 1.36
15960 13.8
15960 8.92
15961 0.76
15961 1.36
15961 13.8
15961 8.92
15962 0.76
15962 1.36
15962 13.8
15962 8.92
15963 0.76
15963 1.36
15963 13.8
15963 8.92
15964 0.76
15964 1.36
15964 13.8
15964 8.92
15965 0.76
15965 1.36
15965 13.8
15965 8.92
15966 0.76
15966 1.36
15966 13.8
15966 8.92
15967 0.76
15967 1.36
15967 13.8
15967 8.92
15968 0.76
15968 1.36
15968 13.8
15968 8.92
15969 0.76
15969 1.36
15969 13.8
15969 8.92
15970 0.76
15970 1.36
15970 13.8
15970 8.92
15971 0.76
15971 1.36
15971 13.8
15971 8.92
15972 0.76
15972 1.36
15972 13.8
15972 8.92
15973 0.76
15973 1.36
15973 13.8
15973 8.92
15974 0.76
15974 1.36
15974 13.8
15974 8.92
15975 0.76
15975 1.36
15975 13.8
15975 8.92
15976 0.76
15976 1.36
15976 13.8
15976 8.92
15977 0.76
15977 1.36
15977 13.8
15977 8.92
15978 0.76
15978 1.36
15978 13.8
15978 8.92
15979 0.76
15979 1.36
15979 13.8
15979 8.92
15980 0.76
15980 1.36
15980 13.8
15980 8.92
15981 0.76
15981 1.36
15981 13.8
15981 8.92
15982 0.76
15982 1.36
15982 13.8
15982 8.92
15983 0.76
15983 1.36
15983 13.8
15983 8.92
15984 0.76
15984 1.36
15984 13.8
15984 8.92
15985 0.76
15985 1.36
15985 13.8
15985 8.92
15986 0.76
15986 1.36
15986 13.8
15986 8.92
15987 0.76
15987 1.36
15987 13.8
15987 8.92
15988 0.76
15988 1.36
15988 13.8
15988 8.92
15989 0.76
15989 1.36
15989 13.8
15989 8.92
16068 0.76
16068 1.36
16068 13.8
16068 8.92
16069 0.76
16069 1.36
16069 13.8
16069 8.92
16070 0.76
16070 1.36
16070 13.8
16070 8.92
16071 0.76
16071 1.36
16071 13.8
16071 8.92
16072 0.76
16072 1.36
16072 13.8
16072 8.92
16073 0.76
16073 1.36
16073 13.8
16073 8.92
16074 0.76
16074 1.36
16074 13.8
16074 8.92
16075 0.76
16075 1.36
16075 13.8
16075 8.92
16076 0.76
16076 1.36
16076 13.8
16076 8.92
16077 0.76
16077 1.36
16077 13.8
16077 8.92
16078 0.76
16078 1.36
16078 13.8
16078 8.92
16079 0.76
16079 1.36
16079 13.8
16079 8.92
16080 0.76
16080 1.36
16080 13.8
16080 8.92
16081 0.76
16081 1.36
16081 13.8
16081 8.92
16082 0.76
16082 1.36
16082 13.8
16082 8.92
16083 0.76
16083 1.36
16083 13.8
16083 8.92
16084 0.76
16084 1.36
16084 13.8
16084 8.92
16085 0.76
16085 1.36
16085 13.8
16085 8.92
16086 0.76
16086 1.36
16086 13.8
16086 8.92
16087 0.76
16087 1.36
16087 13.8
16087 8.92
16088 0.76
16088 1.36
16088 13.8
16088 8.92
16089 0.76
16089 1.36
16089 13.8
16089 8.92
16090 0.76
16090 1.36
16090 13.8
16090 8.92
16091 0.76
16091 1.36
16091 13.8
16091 8.92
16092 0.76
16092 1.36
16092 13.8
16092 8.92
16093 0.76
16093 1.36
16093 13.8
16093 8.92
16094 0.76
16094 1.36
16094 13.8
16094 8.92
16095 0.76
16095 1.36
16095 13.8
16095 8.92
16096 0.76
16096 1.36
16096 13.8
16096 8.92
16097 0.76
16097 1.36
16097 13.8
16097 8.92
16098 0.76
16098 1.36
16098 13.8
16098 8.92
16099 0.76
16099 1.36
16099 13.8
16099 8.92
16100 0.76
16100 1.36
16100 13.8
16100 8.92
16101 0.76
16101 1.36
16101 13.8
16101 8.92
16102 0.76
16102 1.36
16102 13.8
16102 8.92
16103 0.76
16103 1.36
16103 13.8
16103 8.92
16179 0.76
16179 1.36
16179 13.8
16179 8.92
16180 0.76
16180 1.36
16180 13.8
16180 8.92
16181 0.76
16181 1.36
16181 13.8
16181 8.92
16182 0.76
16182 1.36
16182 13.8
16182 8.92
16183 0.76
16183 1.36
16183 13.8
16183 8.92
16184 0.76
16184 1.36
16184 13.8
16184 8.92
16185 0.76
16185 1.36
16185 13.8
16185 8.92
16186 0.76
16186 1.36
16186 13.8
16186 8.92
16187 0.76
16187 1.36
16187 13.8
16187 8.92
16188 0.76
16188 1.36
16188 13.8
16188 8.92
16189 0.76
16189 1.36
16189 13.8
16189 8.92
16190 0.76
16190 1.36
16190 13.8
16190 8.92
16191 0.76
16191 1.36
16191 13.8
16191 8.92
16192 0.76
16192 1.36
16192 13.8
16192 8.92
16193 0.76
16193 1.36
16193 13.8
16193 8.92
16194 0.76
16194 1.36
16194 13.8
16194 8.92
16195 0.76
16195 1.36
16195 13.8
16195 8.92
16196 0.76
16196 1.36
16196 13.8
16196 8.92
16197 0.76
16197 1.36
16197 13.8
16197 8.92
16198 0.76
16198 1.36
16198 13.8
16198 8.92
16199 0.76
16199 1.36
16199 13.8
16199 8.92
16200 0.76
16200 1.36
16200 13.8
16200 8.92
16201 0.76
16201 1.36
16201 13.8
16201 8.92
16202 0.76
16202 1.36
16202 13.8
16202 8.92
16203 0.76
16203 1.36
16203 13.8
16203 8.92
16204 0.76
16204 1.36
16204 13.8
16204 8.92
16205 0.76
16205 1.36
16205 13.8
16205 8.92
16206 0.76
16206 1.36
16206 13.8
16206 8.92
16207 0.76
16207 1.36
16207 13.8
16207 8.92
16208 0.76
16208 1.36
16208 13.8
16208 8.92
16209 0.76
16209 1.36
16209 13.8
16209 8.92
16210 0.76
16210 1.36
16210 13.8
16210 8.92
16211 0.76
16211 1.36
16211 13.8
16211 8.92
16212 0.76
16212 1.36
16212 13.8
16212 8.92
16213 0.76
16213 1.36
16213 13.8
16213 8.92
16214 0.76
16214 1.36
16214 13.8
16214 8.92
16215 0.76
16215 1.36
16215 13.8
16215 8.92
16289 0.76
16289 1.36
16289 13.8
16289 8.92
16290 0.76
16290 1.36
16290 13.8
16290 8.92
16291 0.76
16291 1.36
16291 13.8
16291 8.92
16292 0.76
16292 1.36
16292 13.8
16292 8.92
16293 0.76
16293 1.36
16293 13.8
16293 8.92
16294 0.76
16294 1.36
16294 13.8
16294 8.92
16295 0.76
16295 1.36
16295 13.8
16295 8.92
16296 0.76
16296 1.36
16296 13.8
16296 8.92
16297 0.76
16297 1.36
16297 13.8
16297 8.92
16298 0.76
16298 1.36
16298 13.8
16298 8.92
16299 0.76
16299 1.36
16299 13.8
16299 8.92
16300 0.76
16300 1.36
16300 13.8
16300 8.92
16301 0.76
16301 1.36
16301 13.8
16301 8.92
16302 0.76
16302 1.36
16302 13.8
16302 8.92
16303 0.76
16303 1.36
16303 13.8
16303 8.92
16304 0.76
16304 1.36
16304 13.8
16304 8.92
16305 0.76
16305 1.36
16305 13.8
16305 8.92
16306 0.76
16306 1.36
16306 13.8
16306 8.92
16307 0.76
16307 1.36
16307 13.8
16307 8.92
16308 0.76
16308 1.36
16308 13.8
16308 8.92
16309 0.76
16309 1.36
16309 13.8
16309 8.92
16310 0.76
16310 1.36
16310 13.8
16310 8.92
16311 0.76
16311 1.36
16311 13.8
16311 8.92
16312 0.76
16312 1.36
16312 13.8
16312 8.92
16313 0.76
16313 1.36
16313 13.8
16313 8.92
16314 0.76
16314 1.36
16314 13.8
16314 8.92
16315 0.76
16315 1.36
16315 13.8
16315 8.92
16316 0.76
16316 1.36
16316 13.8
16316 8.92
16317 0.76
16317 1.36
16317 13.8
16317 8.92
16318 0.76
16318 1.36
16318 13.8
16318 8.92
16319 0.76
16319 1.36
16319 13.8
16319 8.92
16320 0.76
16320 1.36
16320 13.8
16320 8.92
16321 0.76
16321 1.36
16321 13.8
16321 8.92
16322 0.76
16322 1.36
16322 13.8
16322 8.92
16323 0.76
16323 1.36
16323 13.8
16323 8.92
16324 0.76
16324 1.36
16324 13.8
16324 8.92
16325 0.76
16325 1.36
16325 13.8
16325 8.92
16326 0.76
16326 1.36
16326 13.8
16326 8.92
16327 0.76
16327 1.36
16327 13.8
16327 8.92
16400 0.76
16400 1.36
16400 13.8
16400 8.92
16401 0.76
16401 1.36
16401 13.8
16401 8.92
16402 0.76
16402 1.36
16402 13.8
16402 8.92
16403 0.76
16403 1.36
16403 13.8
16403 8.92
16404 0.76
16404 1.36
16404 13.8
16404 8.92
16405 0.76
16405 1.36
16405 13.8
16405 8.92
16406 0.76
16406 1.36
16406 13.8
16406 8.92
16407 0.76
16407 1.36
16407 13.8
16407 8.92
16408 0.76
16408 1.36
16408 13.8
16408 8.92
16409 0.76
16409 1.36
16409 13.8
16409 8.92
16410 0.76
16410 1.36
16410 13.8
16410 8.92
16411 0.76
16411 1.36
16411 13.8
16411 8.92
16412 0.76
16412 1.36
16412 13.8
16412 8.92
16413 0.76
16413 1.36
16413 13.8
16413 8.92
16414 0.76
16414 1.36
16414 13.8
16414 8.92
16415 0.76
16415 1.36
16415 13.8
16415 8.92
16416 0.76
16416 1.36
16416 13.8
16416 8.92
16417 0.76
16417 1.36
16417 13.8
16417 8.92
16418 0.76
16418 1.36
16418 13.8
16418 8.92
16419 0.76
16419 1.36
16419 13.8
16419 8.92
16420 0.76
16420 1.36
16420 13.8
16420 8.92
16421 0.76
16421 1.36
16421 13.8
16421 8.92
16422 0.76
16422 1.36
16422 13.8
16422 8.92
16423 0.76
16423 1.36
16423 13.8
16423 8.92
16424 0.76
16424 1.36
16424 13.8
16424 8.92
16425 0.76
16425 1.36
16425 13.8
16425 8.92
16426 0.76
16426 1.36
16426 13.8
16426 8.92
16427 0.76
16427 1.36
16427 13.8
16427 8.92
16428 0.76
16428 1.36
16428 13.8
16428 8.92
16429 0.76
16429 1.36
16429 13.8
16429 8.92
16430 0.76
16430 1.36
16430 13.8
16430 8.92
16431 0.76
16431 1.36
16431 13.8
16431 8.92
16432 0.76
16432 1.36
16432 13.8
16432 8.92
16433 0.76
16433 1.36
16433 13.8
16433 8.92
16434 0.76
16434 1.36
16434 13.8
16434 8.92
16435 0.76
16435 1.36
16435 13.8
16435 8.92
16436 0.76
16436 1.36
16436 13.8
16436 8.92
16437 0.76
16437 1.36
16437 13.8
16437 8.92
16438 0.76
16438 1.36
16438 13.8
16438 8.92
16439 0.76
16439 1.36
16439 13.8
16439 8.92
16510 0.76
16510 1.36
16510 13.8
16510 8.92
16511 0.76
16511 1.36
16511 13.8
16511 8.92
16512 0.76
16512 1.36
16512 13.8
16512 8.92
16513 0.76
16513 1.36
16513 13.8
16513 8.92
16514 0.76
16514 1.36
16514 13.8
16514 8.92
16515 0.76
16515 1.36
16515 13.8
16515 8.92
16516 0.76
16516 1.36
16516 13.8
16516 8.92
16517 0.76
16517 1.36
16517 13.8
16517 8.92
16518 0.76
16518 1.36
16518 13.8
16518 8.92
16519 0.76
16519 1.36
16519 13.8
16519 8.92
16520 0.76
16520 1.36
16520 13.8
16520 8.92
16521 0.76
16521 1.36
16521 13.8
16521 8.92
16522 0.76
16522 1.36
16522 13.8
16522 8.92
16523 0.76
16523 1.36
16523 13.8
16523 8.92
16524 0.76
16524 1.36
16524 13.8
16524 8.92
16525 0.76
16525 1.36
16525 13.8
16525 8.92
16526 0.76
16526 1.36
16526 13.8
16526 8.92
16527 0.76
16527 1.36
16527 13.8
16527 8.92
16528 0.76
16528 1.36
16528 13.8
16528 8.92
16529 0.76
16529 1.36
16529 13.8
16529 8.92
16530 0.76
16530 1.36
16530 13.8
16530 8.92
16531 0.76
16531 1.36
16531 13.8
16531 8.92
16532 0.76
16532 1.36
16532 13.8
16532 8.92
16533 0.76
16533 1.36
16533 13.8
16533 8.92
16534 0.76
16534 1.36
16534 13.8
16534 8.92
16535 0.76
16535 1.36
16535 13.8
16535 8.92
16536 0.76
16536 1.36
16536 13.8
16536 8.92
16537 0.76
16537 1.36
16537 13.8
16537 8.92
16538 0.76
16538 1.36
16538 13.8
16538 8.92
16539 0.76
16539 1.36
16539 13.8
16539 8.92
16540 0.76
16540 1.36
16540 13.8
16540 8.92
16541 0.76
16541 1.36
16541 13.8
16541 8.92
16542 0.76
16542 1.36
16542 13.8
16542 8.92
16543 0.76
16543 1.36
16543 13.8
16543 8.92
16544 0.76
16544 1.36
16544 13.8
16544 8.92
16545 0.76
16545 1.36
16545 13.8
16545 8.92
16546 0.76
16546 1.36
16546 13.8
16546 8.92
16547 0.76
16547 1.36
16547 13.8
16547 8.92
16548 0.76
16548 1.36
16548 13.8
16548 8.92
16549 0.76
16549 1.36
16549 13.8
16549 8.92
16620 0.76
16620 1.36
16620 13.8
16620 8.92
16621 0.76
16621 1.36
16621 13.8
16621 8.92
16622 0.76
16622 1.36
16622 13.8
16622 8.92
16623 0.76
16623 1.36
16623 13.8
16623 8.92
16624 0.76
16624 1.36
16624 13.8
16624 8.92
16625 0.76
16625 1.36
16625 13.8
16625 8.92
16626 0.76
16626 1.36
16626 13.8
16626 8.92
16627 0.76
16627 1.36
16627 13.8
16627 8.92
16628 0.76
16628 1.36
16628 13.8
16628 8.92
16629 0.76
16629 1.36
16629 13.8
16629 8.92
16630 0.76
16630 1.36
16630 13.8
16630 8.92
16631 0.76
16631 1.36
16631 13.8
16631 8.92
16632 0.76
16632 1.36
16632 13.8
16632 8.92
16633 0.76
16633 1.36
16633 13.8
16633 8.92
16634 0.76
16634 1.36
16634 13.8
16634 8.92
16635 0.76
16635 1.36
16635 13.8
16635 8.92
16636 0.76
16636 1.36
16636 13.8
16636 8.92
16637 0.76
16637 1.36
16637 13.8
16637 8.92
16638 0.76
16638 1.36
16638 13.8
16638 8.92
16639 0.76
16639 1.36
16639 13.8
16639 8.92
16640 0.76
16640 1.36
16640 13.8
16640 8.92
16641 0.76
16641 1.36
16641 13.8
16641 8.92
16642 0.76
16642 1.36
16642 13.8
16642 8.92
16643 0.76
16643 1.36
16643 13.8
16643 8.92
16644 0.76
16644 1.36
16644 13.8
16644 8.92
16645 0.76
16645 1.36
16645 13.8
16645 8.92
16646 0.76
16646 1.36
16646 13.8
16646 8.92
16647 0.76
16647 1.36
16647 13.8
16647 8.92
16648 0.76
16648 1.36
16648 13.8
16648 8.92
16649 0.76
16649 1.36
16649 13.8
16649 8.92
16650 0.76
16650 1.36
16650 13.8
16650 8.92
16651 0.76
16651 1.36
16651 13.8
16651 8.92
16652 0.76
16652 1.36
16652 13.8
16652 8.92
16653 0.76
16653 1.36
16653 13.8
16653 8.92
16654 0.76
16654 1.36
16654 13.8
16654 8.92
16655 0.76
16655 1.36
16655 13.8
16655 8.92
16656 0.76
16656 1.36
16656 13.8
16656 8.92
16657 0.76
16657 1.36
16657 13.8
16657 8.92
16658 0.76
16658 1.36
16658 13.8
16658 8.92
16659 0.76
16659 1.36
16659 13.8
16659 8.92
16660 0.76
16660 1.36
16660 13.8
16660 8.92
16730 0.76
16730 1.36
16730 13.8
16730 8.92
16731 0.76
16731 1.36
16731 13.8
16731 8.92
16732 0.76
16732 1.36
16732 13.8
16732 8.92
16733 0.76
16733 1.36
16733 13.8
16733 8.92
16734 0.76
16734 1.36
16734 13.8
16734 8.92
16735 0.76
16735 1.36
16735 13.8
16735 8.92
16736 0.76
16736 1.36
16736 13.8
16736 8.92
16737 0.76
16737 1.36
16737 13.8
16737 8.92
16738 0.76
16738 1.36
16738 13.8
16738 8.92
16739 0.76
16739 1.36
16739 13.8
16739 8.92
16740 0.76
16740 1.36
16740 13.8
16740 8.92
16741 0.76
16741 1.36
16741 13.8
16741 8.92
16742 0.76
16742 1.36
16742 13.8
16742 8.92
16743 0.76
16743 1.36
16743 13.8
16743 8.92
16744 0.76
16744 1.36
16744 13.8
16744 8.92
16745 0.76
16745 1.36
16745 13.8
16745 8.92
16746 0.76
16746 1.36
16746 13.8
16746 8.92
16747 0.76
16747 1.36
16747 13.8
16747 8.92
16748 0.76
16748 1.36
16748 13.8
16748 8.92
16749 0.76
16749 1.36
16749 13.8
16749 8.92
16750 0.76
16750 1.36
16750 13.8
16750 8.92
16751 0.76
16751 1.36
16751 13.8
16751 8.92
16752 0.76
16752 1.36
16752 13.8
16752 8.92
16753 0.76
16753 1.36
16753 13.8
16753 8.92
16754 0.76
16754 1.36
16754 13.8
16754 8.92
16755 0.76
16755 1.36
16755 13.8
16755 8.92
16756 0.76
16756 1.36
16756 13.8
16756 8.92
16757 0.76
16757 1.36
16757 13.8
16757 8.92
16758 0.76
16758 1.36
16758 13.8
16758 8.92
16759 0.76
16759 1.36
16759 13.8
16759 8.92
16760 0.76
16760 1.36
16760 13.8
16760 8.92
16761 0.76
16761 1.36
16761 13.8
16761 8.92
16762 0.76
16762 1.36
16762 13.8
16762 8.92
16763 0.76
16763 1.36
16763 13.8
16763 8.92
16764 0.76
16764 1.36
16764 13.8
16764 8.92
16765 0.76
16765 1.36
16765 13.8
16765 8.92
16766 0.76
16766 1.36
16766 13.8
16766 8.92
16767 0.76
16767 1.36
16767 13.8
16767 8.92
16768 0.76
16768 1.36
16768 13.8
16768 8.92
16769 0.76
16769 1.36
16769 13.8
16769 8.92
16770 0.76
16770 1.36
16770 13.8
16770 8.92
16840 0.76
16840 1.36
16840 13.8
16840 8.92
16841 0.76
16841 1.36
16841 13.8
16841 8.92
16842 0.76
16842 1.36
16842 13.8
16842 8.92
16843 0.76
16843 1.36
16843 13.8
16843 8.92
16844 0.76
16844 1.36
16844 13.8
16844 8.92
16845 0.76
16845 1.36
16845 13.8
16845 8.92
16846 0.76
16846 1.36
16846 13.8
16846 8.92
16847 0.76
16847 1.36
16847 13.8
16847 8.92
16848 0.76
16848 1.36
16848 13.8
16848 8.92
16849 0.76
16849 1.36
16849 13.8
16849 8.92
16850 0.76
16850 1.36
16850 13.8
16850 8.92
16851 0.76
16851 1.36
16851 13.8
16851 8.92
16852 0.76
16852 1.36
16852 13.8
16852 8.92
16853 0.76
16853 1.36
16853 13.8
16853 8.92
16854 0.76
16854 1.36
16854 13.8
16854 8.92
16855 0.76
16855 1.36
16855 13.8
16855 8.92
16856 0.76
16856 1.36
16856 13.8
16856 8.92
16857 0.76
16857 1.36
16857 13.8
16857 8.92
16858 0.76
16858 1.36
16858 13.8
16858 8.92
16859 0.76
16859 1.36
16859 13.8
16859 8.92
16860 0.76
16860 1.36
16860 13.8
16860 8.92
16861 0.76
16861 1.36
16861 13.8
16861 8.92
16862 0.76
16862 1.36
16862 13.8
16862 8.92
16863 0.76
16863 1.36
16863 13.8
16863 8.92
16864 0.76
16864 1.36
16864 13.8
16864 8.92
16865 0.76
16865 1.36
16865 13.8
16865 8.92
16866 0.76
16866 1.36
16866 13.8
16866 8.92
16867 0.76
16867 1.36
16867 13.8
16867 8.92
16868 0.76
16868 1.36
16868 13.8
16868 8.92
16869 0.76
16869 1.36
16869 13.8
16869 8.92
16870 0.76
16870 1.36
16870 13.8
16870 8.92
16871 0.76
16871 1.36
16871 13.8
16871 8.92
16872 0.76
16872 1.36
16872 13.8
16872 8.92
16873 0.76
16873 1.36
16873 13.8
16873 8.92
16874 0.76
16874 1.36
16874 13.8
16874 8.92
16875 0.76
16875 1.36
16875 13.8
16875 8.92
16876 0.76
16876 1.36
16876 13.8
16876 8.92
16877 0.76
16877 1.36
16877 13.8
16877 8.92
16878 0.76
16878 1.36
16878 13.8
16878 8.92
16879 0.76
16879 1.36
16879 13.8
16879 8.92
16880 0.76
16880 1.36
16880 13.8
16880 8.92
16881 0.76
16881 1.36
16881 13.8
16881 8.92
16951 0.76
16951 1.36
16951 13.8
16951 8.92
16952 0.76
16952 1.36
16952 13.8
16952 8.92
16953 0.76
16953 1.36
16953 13.8
16953 8.92
16954 0.76
16954 1.36
16954 13.8
16954 8.92
16955 0.76
16955 1.36
16955 13.8
16955 8.92
16956 0.76
16956 1.36
16956 13.8
16956 8.92
16957 0.76
16957 1.36
16957 13.8
16957 8.92
16958 0.76
16958 1.36
16958 13.8
16958 8.92
16959 0.76
16959 1.36
16959 13.8
16959 8.92
16960 0.76
16960 1.36
16960 13.8
16960 8.92
16961 0.76
16961 1.36
16961 13.8
16961 8.92
16962 0.76
16962 1.36
16962 13.8
16962 8.92
16963 0.76
16963 1.36
16963 13.8
16963 8.92
16964 0.76
16964 1.36
16964 13.8
16964 8.92
16965 0.76
16965 1.36
16965 13.8
16965 8.92
16966 0.76
16966 1.36
16966 13.8
16966 8.92
16967 0.76
16967 1.36
16967 13.8
16967 8.92
16968 0.76
16968 1.36
16968 13.8
16968 8.92
16969 0.76
16969 1.36
16969 13.8
16969 8.92
16970 0.76
16970 1.36
16970 13.8
16970 8.92
16971 0.76
16971 1.36
16971 13.8
16971 8.92
16972 0.76
16972 1.36
16972 13.8
16972 8.92
16973 0.76
16973 1.36
16973 13.8
16973 8.92
16974 0.76
16974 1.36
16974 13.8
16974 8.92
16975 0.76
16975 1.36
16975 13.8
16975 8.92
16976 0.76
16976 1.36
16976 13.8
16976 8.92
16977 0.76
16977 1.36
16977 13.8
16977 8.92
16978 0.76
16978 1.36
16978 13.8
16978 8.92
16979 0.76
16979 1.36
16979 13.8
16979 8.92
16980 0.76
16980 1.36
16980 13.8
16980 8.92
16981 0.76
16981 1.36
16981 13.8
16981 8.92
16982 0.76
16982 1.36
16982 13.8
16982 8.92
16983 0.76
16983 1.36
16983 13.8
16983 8.92
16984 0.76
16984 1.36
16984 13.8
16984 8.92
16985 0.76
16985 1.36
16985 13.8
16985 8.92
16986 0.76
16986 1.36
16986 13.8
16986 8.92
16987 0.76
16987 1.36
16987 13.8
16987 8.92
16988 0.76
16988 1.36
16988 13.8
16988 8.92
16989 0.76
16989 1.36
16989 13.8
16989 8.92
16990 0.76
16990 1.36
16990 13.8
16990 8.92
16991 0.76
16991 1.36
16991 13.8
16991 8.92
16992 0.76
16992 1.36
16992 13.8
16992 8.92
17059 0.76
17059 1.36
17059 13.8
17059 8.92
17060 0.76
17060 1.36
17060 13.8
17060 8.92
17061 0.76
17061 1.36
17061 13.8
17061 8.92
17062 0.76
17062 1.36
17062 13.8
17062 8.92
17063 0.76
17063 1.36
17063 13.8
17063 8.92
17064 0.76
17064 1.36
17064 13.8
17064 8.92
17065 0.76
17065 1.36
17065 13.8
17065 8.92
17066 0.76
17066 1.36
17066 13.8
17066 8.92
17067 0.76
17067 1.36
17067 13.8
17067 8.92
17068 0.76
17068 1.36
17068 13.8
17068 8.92
17069 0.76
17069 1.36
17069 13.8
17069 8.92
17070 0.76
17070 1.36
17070 13.8
17070 8.92
17071 0.76
17071 1.36
17071 13.8
17071 8.92
17072 0.76
17072 1.36
17072 13.8
17072 8.92
17073 0.76
17073 1.36
17073 13.8
17073 8.92
17074 0.76
17074 1.36
17074 13.8
17074 8.92
17075 0.76
17075 1.36
17075 13.8
17075 8.92
17076 0.76
17076 1.36
17076 13.8
17076 8.92
17077 0.76
17077 1.36
17077 13.8
17077 8.92
17078 0.76
17078 1.36
17078 13.8
17078 8.92
17079 0.76
17079 1.36
17079 13.8
17079 8.92
17080 0.76
17080 1.36
17080 13.8
17080 8.92
17081 0.76
17081 1.36
17081 13.8
17081 8.92
17082 0.76
17082 1.36
17082 13.8
17082 8.92
17083 0.76
17083 1.36
17083 13.8
17083 8.92
17084 0.76
17084 1.36
17084 13.8
17084 8.92
17085 0.76
17085 1.36
17085 13.8
17085 8.92
17086 0.76
17086 1.36
17086 13.8
17086 8.92
17087 0.76
17087 1.36
17087 13.8
17087 8.92
17088 0.76
17088 1.36
17088 13.8
17088 8.92
17089 0.76
17089 1.36
17089 13.8
17089 8.92
17090 0.76
17090 1.36
17090 13.8
17090 8.92
17091 0.76
17091 1.36
17091 13.8
17091 8.92
17092 0.76
17092 1.36
17092 13.8
17092 8.92
17093 0.76
17093 1.36
17093 13.8
17093 8.92
17094 0.76
17094 1.36
17094 13.8
17094 8.92
17095 0.76
17095 1.36
17095 13.8
17095 8.92
17096 0.76
17096 1.36
17096 13.8
17096 8.92
17097 0.76
17097 1.36
17097 13.8
17097 8.92
17098 0.76
17098 1.36
17098 13.8
17098 8.92
17099 0.76
17099 1.36
17099 13.8
17099 8.92
17100 0.76
17100 1.36
17100 13.8
17100 8.92
17101 0.76
17101 1.36
17101 13.8
17101 8.92
17168 0.76
17168 1.36
17168 13.8
17168 8.92
17169 0.76
17169 1.36
17169 13.8
17169 8.92
17170 0.76
17170 1.36
17170 13.8
17170 8.92
17171 0.76
17171 1.36
17171 13.8
17171 8.92
17172 0.76
17172 1.36
17172 13.8
17172 8.92
17173 0.76
17173 1.36
17173 13.8
17173 8.92
17174 0.76
17174 1.36
17174 13.8
17174 8.92
17175 0.76
17175 1.36
17175 13.8
17175 8.92
17176 0.76
17176 1.36
17176 13.8
17176 8.92
17177 0.76
17177 1.36
17177 13.8
17177 8.92
17178 0.76
17178 1.36
17178 13.8
17178 8.92
17179 0.76
17179 1.36
17179 13.8
17179 8.92
17180 0.76
17180 1.36
17180 13.8
17180 8.92
17181 0.76
17181 1.36
17181 13.8
17181 8.92
17182 0.76
17182 1.36
17182 13.8
17182 8.92
17183 0.76
17183 1.36
17183 13.8
17183 8.92
17184 0.76
17184 1.36
17184 13.8
17184 8.92
17185 0.76
17185 1.36
17185 13.8
17185 8.92
17186 0.76
17186 1.36
17186 13.8
17186 8.92
17187 0.76
17187 1.36
17187 13.8
17187 8.92
17188 0.76
17188 1.36
17188 13.8
17188 8.92
17189 0.76
17189 1.36
17189 13.8
17189 8.92
17190 0.76
17190 1.36
17190 13.8
17190 8.92
17191 0.76
17191 1.36
17191 13.8
17191 8.92
17192 0.76
17192 1.36
17192 13.8
17192 8.92
17193 0.76
17193 1.36
17193 13.8
17193 8.92
17194 0.76
17194 1.36
17194 13.8
17194 8.92
17195 0.76
17195 1.36
17195 13.8
17195 8.92
17196 0.76
17196 1.36
17196 13.8
17196 8.92
17197 0.76
17197 1.36
17197 13.8
17197 8.92
17198 0.76
17198 1.36
17198 13.8
17198 8.92
17199 0.76
17199 1.36
17199 13.8
17199 8.92
17200 0.76
17200 1.36
17200 13.8
17200 8.92
17201 0.76
17201 1.36
17201 13.8
17201 8.92
17202 0.76
17202 1.36
17202 13.8
17202 8.92
17203 0.76
17203 1.36
17203 13.8
17203 8.92
17204 0.76
17204 1.36
17204 13.8
17204 8.92
17205 0.76
17205 1.36
17205 13.8
17205 8.92
17206 0.76
17206 1.36
17206 13.8
17206 8.92
17207 0.76
17207 1.36
17207 13.8
17207 8.92
17208 0.76
17208 1.36
17208 13.8
17208 8.92
17209 0.76
17209 1.36
17209 13.8
17209 8.92
17210 0.76
17210 1.36
17210 13.8
17210 8.92
17274 0.76
17274 1.36
17274 13.8
17274 8.92
17275 0.76
17275 1.36
17275 13.8
17275 8.92
17276 0.76
17276 1.36
17276 13.8
17276 8.92
17277 0.76
17277 1.36
17277 13.8
17277 8.92
17278 0.76
17278 1.36
17278 13.8
17278 8.92
17279 0.76
17279 1.36
17279 13.8
17279 8.92
17280 0.76
17280 1.36
17280 13.8
17280 8.92
17281 0.76
17281 1.36
17281 13.8
17281 8.92
17282 0.76
17282 1.36
17282 13.8
17282 8.92
17283 0.76
17283 1.36
17283 13.8
17283 8.92
17284 0.76
17284 1.36
17284 13.8
17284 8.92
17285 0.76
17285 1.36
17285 13.8
17285 8.92
17286 0.76
17286 1.36
17286 13.8
17286 8.92
17287 0.76
17287 1.36
17287 13.8
17287 8.92
17288 0.76
17288 1.36
17288 13.8
17288 8.92
17289 0.76
17289 1.36
17289 13.8
17289 8.92
17290 0.76
17290 1.36
17290 13.8
17290 8.92
17291 0.76
17291 1.36
17291 13.8
17291 8.92
17292 0.76
17292 1.36
17292 13.8
17292 8.92
17293 0.76
17293 1.36
17293 13.8
17293 8.92
17294 0.76
17294 1.36
17294 13.8
17294 8.92
17295 0.76
17295 1.36
17295 13.8
17295 8.92
17296 0.76
17296 1.36
17296 13.8
17296 8.92
17297 0.76
17297 1.36
17297 13.8
17297 8.92
17298 0.76
17298 1.36
17298 13.8
17298 8.92
17299 0.76
17299 1.36
17299 13.8
17299 8.92
17300 0.76
17300 1.36
17300 13.8
17300 8.92
17301 0.76
17301 1.36
17301 13.8
17301 8.92
17302 0.76
17302 1.36
17302 13.8
17302 8.92
17303 0.76
17303 1.36
17303 13.8
17303 8.92
17304 0.76
17304 1.36
17304 13.8
17304 8.92
17305 0.76
17305 1.36
17305 13.8
17305 8.92
17306 0.76
17306 1.36
17306 13.8
17306 8.92
17307 0.76
17307 1.36
17307 13.8
17307 8.92
17308 0.76
17308 1.36
17308 13.8
17308 8.92
17309 0.76
17309 1.36
17309 13.8
17309 8.92
17310 0.76
17310 1.36
17310 13.8
17310 8.92
17311 0.76
17311 1.36
17311 13.8
17311 8.92
17312 0.76
17312 1.36
17312 13.8
17312 8.92
17313 0.76
17313 1.36
17313 13.8
17313 8.92
17314 0.76
17314 1.36
17314 13.8
17314 8.92
17315 0.76
17315 1.36
17315 13.8
17315 8.92
17316 0.76
17316 1.36
17316 13.8
17316 8.92
17317 0.76
17317 1.36
17317 13.8
17317 8.92
17382 0.76
17382 1.36
17382 13.8
17382 8.92
17383 0.76
17383 1.36
17383 13.8
17383 8.92
17384 0.76
17384 1.36
17384 13.8
17384 8.92
17385 0.76
17385 1.36
17385 13.8
17385 8.92
17386 0.76
17386 1.36
17386 13.8
17386 8.92
17387 0.76
17387 1.36
17387 13.8
17387 8.92
17388 0.76
17388 1.36
17388 13.8
17388 8.92
17389 0.76
17389 1.36
17389 13.8
17389 8.92
17390 0.76
17390 1.36
17390 13.8
17390 8.92
17391 0.76
17391 1.36
17391 13.8
17391 8.92
17392 0.76
17392 1.36
17392 13.8
17392 8.92
17393 0.76
17393 1.36
17393 13.8
17393 8.92
17394 0.76
17394 1.36
17394 13.8
17394 8.92
17395 0.76
17395 1.36
17395 13.8
17395 8.92
17396 0.76
17396 1.36
17396 13.8
17396 8.92
17397 0.76
17397 1.36
17397 13.8
17397 8.92
17398 0.76
17398 1.36
17398 13.8
17398 8.92
17399 0.76
17399 1.36
17399 13.8
17399 8.92
17400 0.76
17400 1.36
17400 13.8
17400 8.92
17401 0.76
17401 1.36
17401 13.8
17401 8.92
17402 0.76
17402 1.36
17402 13.8
17402 8.92
17403 0.76
17403 1.36
17403 13.8
17403 8.92
17404 0.76
17404 1.36
17404 13.8
17404 8.92
17405 0.76
17405 1.36
17405 13.8
17405 8.92
17406 0.76
17406 1.36
17406 13.8
17406 8.92
17407 0.76
17407 1.36
17407 13.8
17407 8.92
17408 0.76
17408 1.36
17408 13.8
17408 8.92
17409 0.76
17409 1.36
17409 13.8
17409 8.92
17410 0.76
17410 1.36
17410 13.8
17410 8.92
17411 0.76
17411 1.36
17411 13.8
17411 8.92
17412 0.76
17412 1.36
17412 13.8
17412 8.92
17413 0.76
17413 1.36
17413 13.8
17413 8.92
17414 0.76
17414 1.36
17414 13.8
17414 8.92
17415 0.76
17415 1.36
17415 13.8
17415 8.92
17416 0.76
17416 1.36
17416 13.8
17416 8.92
17417 0.76
17417 1.36
17417 13.8
17417 8.92
17418 0.76
17418 1.36
17418 13.8
17418 8.92
17419 0.76
17419 1.36
17419 13.8
17419 8.92
17420 0.76
17420 1.36
17420 13.8
17420 8.92
17421 0.76
17421 1.36
17421 13.8
17421 8.92
17422 0.76
17422 1.36
17422 13.8
17422 8.92
17423 0.76
17423 1.36
17423 13.8
17423 8.92
17424 0.76
17424 1.36
17424 13.8
17424 8.92
17425 0.76
17425 1.36
17425 13.8
17425 8.92
17488 0.76
17488 1.36
17488 13.8
17488 8.92
17489 0.76
17489 1.36
17489 13.8
17489 8.92
17490 0.76
17490 1.36
17490 13.8
17490 8.92
17491 0.76
17491 1.36
17491 13.8
17491 8.92
17492 0.76
17492 1.36
17492 13.8
17492 8.92
17493 0.76
17493 1.36
17493 13.8
17493 8.92
17494 0.76
17494 1.36
17494 13.8
17494 8.92
17495 0.76
17495 1.36
17495 13.8
17495 8.92
17496 0.76
17496 1.36
17496 13.8
17496 8.92
17497 0.76
17497 1.36
17497 13.8
17497 8.92
17498 0.76
17498 1.36
17498 13.8
17498 8.92
17499 0.76
17499 1.36
17499 13.8
17499 8.92
17500 0.76
17500 1.36
17500 13.8
17500 8.92
17501 0.76
17501 1.36
17501 13.8
17501 8.92
17502 0.76
17502 1.36
17502 13.8
17502 8.92
17503 0.76
17503 1.36
17503 13.8
17503 8.92
17504 0.76
17504 1.36
17504 13.8
17504 8.92
17505 0.76
17505 1.36
17505 13.8
17505 8.92
17506 0.76
17506 1.36
17506 13.8
17506 8.92
17507 0.76
17507 1.36
17507 13.8
17507 8.92
17508 0.76
17508 1.36
17508 13.8
17508 8.92
17509 0.76
17509 1.36
17509 13.8
17509 8.92
17510 0.76
17510 1.36
17510 13.8
17510 8.92
17511 0.76
17511 1.36
17511 13.8
17511 8.92
17512 0.76
17512 1.36
17512 13.8
17512 8.92
17513 0.76
17513 1.36
17513 13.8
17513 8.92
17514 0.76
17514 1.36
17514 13.8
17514 8.92
17515 0.76
17515 1.36
17515 13.8
17515 8.92
17516 0.76
17516 1.36
17516 13.8
17516 8.92
17517 0.76
17517 1.36
17517 13.8
17517 8.92
17518 0.76
17518 1.36
17518 13.8
17518 8.92
17519 0.76
17519 1.36
17519 13.8
17519 8.92
17520 0.76
17520 1.36
17520 13.8
17520 8.92
17521 0.76
17521 1.36
17521 13.8
17521 8.92
17522 0.76
17522 1.36
17522 13.8
17522 8.92
17523 0.76
17523 1.36
17523 13.8
17523 8.92
17524 0.76
17524 1.36
17524 13.8
17524 8.92
17525 0.76
17525 1.36
17525 13.8
17525 8.92
17526 0.76
17526 1.36
17526 13.8
17526 8.92
17527 0.76
17527 1.36
17527 13.8
17527 8.92
17528 0.76
17528 1.36
17528 13.8
17528 8.92
17529 0.76
17529 1.36
17529 13.8
17529 8.92
17590 0.76
17590 1.36
17590 13.8
17590 8.92
17591 0.76
17591 1.36
17591 13.8
17591 8.92
17592 0.76
17592 1.36
17592 13.8
17592 8.92
17593 0.76
17593 1.36
17593 13.8
17593 8.92
17594 0.76
17594 1.36
17594 13.8
17594 8.92
17595 0.76
17595 1.36
17595 13.8
17595 8.92
17596 0.76
17596 1.36
17596 13.8
17596 8.92
17597 0.76
17597 1.36
17597 13.8
17597 8.92
17598 0.76
17598 1.36
17598 13.8
17598 8.92
17599 0.76
17599 1.36
17599 13.8
17599 8.92
17600 0.76
17600 1.36
17600 13.8
17600 8.92
17601 0.76
17601 1.36
17601 13.8
17601 8.92
17602 0.76
17602 1.36
17602 13.8
17602 8.92
17603 0.76
17603 1.36
17603 13.8
17603 8.92
17604 0.76
17604 1.36
17604 13.8
17604 8.92
17605 0.76
17605 1.36
17605 13.8
17605 8.92
17606 0.76
17606 1.36
17606 13.8
17606 8.92
17607 0.76
17607 1.36
17607 13.8
17607 8.92
17608 0.76
17608 1.36
17608 13.8
17608 8.92
17609 0.76
17609 1.36
17609 13.8
17609 8.92
17610 0.76
17610 1.36
17610 13.8
17610 8.92
17611 0.76
17611 1.36
17611 13.8
17611 8.92
17612 0.76
17612 1.36
17612 13.8
17612 8.92
17613 0.76
17613 1.36
17613 13.8
17613 8.92
17614 0.76
17614 1.36
17614 13.8
17614 8.92
17615 0.76
17615 1.36
17615 13.8
17615 8.92
17616 0.76
17616 1.36
17616 13.8
17616 8.92
17617 0.76
17617 1.36
17617 13.8
17617 8.92
17618 0.76
17618 1.36
17618 13.8
17618 8.92
17619 0.76
17619 1.36
17619 13.8
17619 8.92
17620 0.76
17620 1.36
17620 13.8
17620 8.92
17621 0.76
17621 1.36
17621 13.8
17621 8.92
17622 0.76
17622 1.36
17622 13.8
17622 8.92
17623 0.76
17623 1.36
17623 13.8
17623 8.92
17624 0.76
17624 1.36
17624 13.8
17624 8.92
17625 0.76
17625 1.36
17625 13.8
17625 8.92
17626 0.76
17626 1.36
17626 13.8
17626 8.92
17627 0.76
17627 1.36
17627 13.8
17627 8.92
17628 0.76
17628 1.36
17628 13.8
17628 8.92
17629 0.76
17629 1.36
17629 13.8
17629 8.92
17630 0.76
17630 1.36
17630 13.8
17630 8.92
17631 0.76
17631 1.36
17631 13.8
17631 8.92
17690 0.76
17690 1.36
17690 13.8
17690 8.92
17691 0.76
17691 1.36
17691 13.8
17691 8.92
17692 0.76
17692 1.36
17692 13.8
17692 8.92
17693 0.76
17693 1.36
17693 13.8
17693 8.92
17694 0.76
17694 1.36
17694 13.8
17694 8.92
17695 0.76
17695 1.36
17695 13.8
17695 8.92
17696 0.76
17696 1.36
17696 13.8
17696 8.92
17697 0.76
17697 1.36
17697 13.8
17697 8.92
17698 0.76
17698 1.36
17698 13.8
17698 8.92
17699 0.76
17699 1.36
17699 13.8
17699 8.92
17700 0.76
17700 1.36
17700 13.8
17700 8.92
17701 0.76
17701 1.36
17701 13.8
17701 8.92
17702 0.76
17702 1.36
17702 13.8
17702 8.92
17703 0.76
17703 1.36
17703 13.8
17703 8.92
17704 0.76
17704 1.36
17704 13.8
17704 8.92
17705 0.76
17705 1.36
17705 13.8
17705 8.92
17706 0.76
17706 1.36
17706 13.8
17706 8.92
17707 0.76
17707 1.36
17707 13.8
17707 8.92
17708 0.76
17708 1.36
17708 13.8
17708 8.92
17709 0.76
17709 1.36
17709 13.8
17709 8.92
17710 0.76
17710 1.36
17710 13.8
17710 8.92
17711 0.76
17711 1.36
17711 13.8
17711 8.92
17712 0.76
17712 1.36
17712 13.8
17712 8.92
17713 0.76
17713 1.36
17713 13.8
17713 8.92
17714 0.76
17714 1.36
17714 13.8
17714 8.92
17715 0.76
17715 1.36
17715 13.8
17715 8.92
17716 0.76
17716 1.36
17716 13.8
17716 8.92
17717 0.76
17717 1.36
17717 13.8
17717 8.92
17718 0.76
17718 1.36
17718 13.8
17718 8.92
17719 0.76
17719 1.36
17719 13.8
17719 8.92
17720 0.76
17720 1.36
17720 13.8
17720 8.92
17721 0.76
17721 1.36
17721 13.8
17721 8.92
17722 0.76
17722 1.36
17722 13.8
17722 8.92
17723 0.76
17723 1.36
17723 13.8
17723 8.92
17724 0.76
17724 1.36
17724 13.8
17724 8.92
17725 0.76
17725 1.36
17725 13.8
17725 8.92
17726 0.76
17726 1.36
17726 13.8
17726 8.92
17727 0.76
17727 1.36
17727 13.8
17727 8.92
17728 0.76
17728 1.36
17728 13.8
17728 8.92
17729 0.76
17729 1.36
17729 13.8
17729 8.92
17730 0.76
17730 1.36
17730 13.8
17730 8.92
17731 0.76
17731 1.36
17731 13.8
17731 8.92
17732 0.76
17732 1.36
17732 13.8
17732 8.92
17790 0.76
17790 1.36
17790 13.8
17790 8.92
17791 0.76
17791 1.36
17791 13.8
17791 8.92
17792 0.76
17792 1.36
17792 13.8
17792 8.92
17793 0.76
17793 1.36
17793 13.8
17793 8.92
17794 0.76
17794 1.36
17794 13.8
17794 8.92
17795 0.76
17795 1.36
17795 13.8
17795 8.92
17796 0.76
17796 1.36
17796 13.8
17796 8.92
17797 0.76
17797 1.36
17797 13.8
17797 8.92
17798 0.76
17798 1.36
17798 13.8
17798 8.92
17799 0.76
17799 1.36
17799 13.8
17799 8.92
17800 0.76
17800 1.36
17800 13.8
17800 8.92
17801 0.76
17801 1.36
17801 13.8
17801 8.92
17802 0.76
17802 1.36
17802 13.8
17802 8.92
17803 0.76
17803 1.36
17803 13.8
17803 8.92
17804 0.76
17804 1.36
17804 13.8
17804 8.92
17805 0.76
17805 1.36
17805 13.8
17805 8.92
17806 0.76
17806 1.36
17806 13.8
17806 8.92
17807 0.76
17807 1.36
17807 13.8
17807 8.92
17808 0.76
17808 1.36
17808 13.8
17808 8.92
17809 0.76
17809 1.36
17809 13.8
17809 8.92
17810 0.76
17810 1.36
17810 13.8
17810 8.92
17811 0.76
17811 1.36
17811 13.8
17811 8.92
17812 0.76
17812 1.36
17812 13.8
17812 8.92
17813 0.76
17813 1.36
17813 13.8
17813 8.92
17814 0.76
17814 1.36
17814 13.8
17814 8.92
17815 0.76
17815 1.36
17815 13.8
17815 8.92
17816 0.76
17816 1.36
17816 13.8
17816 8.92
17817 0.76
17817 1.36
17817 13.8
17817 8.92
17818 0.76
17818 1.36
17818 13.8
17818 8.92
17819 0.76
17819 1.36
17819 13.8
17819 8.92
17820 0.76
17820 1.36
17820 13.8
17820 8.92
17821 0.76
17821 1.36
17821 13.8
17821 8.92
17822 0.76
17822 1.36
17822 13.8
17822 8.92
17823 0.76
17823 1.36
17823 13.8
17823 8.92
17824 0.76
17824 1.36
17824 13.8
17824 8.92
17825 0.76
17825 1.36
17825 13.8
17825 8.92
17826 0.76
17826 1.36
17826 13.8
17826 8.92
17827 0.76
17827 1.36
17827 13.8
17827 8.92
17828 0.76
17828 1.36
17828 13.8
17828 8.92
17829 0.76
17829 1.36
17829 13.8
17829 8.92
17883 0.76
17883 1.36
17883 13.8
17883 8.92
17884 0.76
17884 1.36
17884 13.8
17884 8.92
17885 0.76
17885 1.36
17885 13.8
17885 8.92
17886 0.76
17886 1.36
17886 13.8
17886 8.92
17887 0.76
17887 1.36
17887 13.8
17887 8.92
17888 0.76
17888 1.36
17888 13.8
17888 8.92
17889 0.76
17889 1.36
17889 13.8
17889 8.92
17890 0.76
17890 1.36
17890 13.8
17890 8.92
17891 0.76
17891 1.36
17891 13.8
17891 8.92
17892 0.76
17892 1.36
17892 13.8
17892 8.92
17893 0.76
17893 1.36
17893 13.8
17893 8.92
17894 0.76
17894 1.36
17894 13.8
17894 8.92
17895 0.76
17895 1.36
17895 13.8
17895 8.92
17896 0.76
17896 1.36
17896 13.8
17896 8.92
17897 0.76
17897 1.36
17897 13.8
17897 8.92
17898 0.76
17898 1.36
17898 13.8
17898 8.92
17899 0.76
17899 1.36
17899 13.8
17899 8.92
17900 0.76
17900 1.36
17900 13.8
17900 8.92
17901 0.76
17901 1.36
17901 13.8
17901 8.92
17902 0.76
17902 1.36
17902 13.8
17902 8.92
17903 0.76
17903 1.36
17903 13.8
17903 8.92
17904 0.76
17904 1.36
17904 13.8
17904 8.92
17905 0.76
17905 1.36
17905 13.8
17905 8.92
17906 0.76
17906 1.36
17906 13.8
17906 8.92
17907 0.76
17907 1.36
17907 13.8
17907 8.92
17908 0.76
17908 1.36
17908 13.8
17908 8.92
17909 0.76
17909 1.36
17909 13.8
17909 8.92
17910 0.76
17910 1.36
17910 13.8
17910 8.92
17911 0.76
17911 1.36
17911 13.8
17911 8.92
17912 0.76
17912 1.36
17912 13.8
17912 8.92
17913 0.76
17913 1.36
17913 13.8
17913 8.92
17914 0.76
17914 1.36
17914 13.8
17914 8.92
17915 0.76
17915 1.36
17915 13.8
17915 8.92
17916 0.76
17916 1.36
17916 13.8
17916 8.92
17917 0.76
17917 1.36
17917 13.8
17917 8.92
17918 0.76
17918 1.36
17918 13.8
17918 8.92
17919 0.76
17919 1.36
17919 13.8
17919 8.92
17920 0.76
17920 1.36
17920 13.8
17920 8.92
17921 0.76
17921 1.36
17921 13.8
17921 8.92
17922 0.76
17922 1.36
17922 13.8
17922 8.92
17923 0.76
17923 1.36
17923 13.8
17923 8.92
17974 0.76
17974 1.36
17974 13.8
17974 8.92
17975 0.76
17975 1.36
17975 13.8
17975 8.92
17976 0.76
17976 1.36
17976 13.8
17976 8.92
17977 0.76
17977 1.36
17977 13.8
17977 8.92
17978 0.76
17978 1.36
17978 13.8
17978 8.92
17979 0.76
17979 1.36
17979 13.8
17979 8.92
17980 0.76
17980 1.36
17980 13.8
17980 8.92
17981 0.76
17981 1.36
17981 13.8
17981 8.92
17982 0.76
17982 1.36
17982 13.8
17982 8.92
17983 0.76
17983 1.36
17983 13.8
17983 8.92
17984 0.76
17984 1.36
17984 13.8
17984 8.92
17985 0.76
17985 1.36
17985 13.8
17985 8.92
17986 0.76
17986 1.36
17986 13.8
17986 8.92
17987 0.76
17987 1.36
17987 13.8
17987 8.92
17988 0.76
17988 1.36
17988 13.8
17988 8.92
17989 0.76
17989 1.36
17989 13.8
17989 8.92
17990 0.76
17990 1.36
17990 13.8
17990 8.92
17991 0.76
17991 1.36
17991 13.8
17991 8.92
17992 0.76
17992 1.36
17992 13.8
17992 8.92
17993 0.76
17993 1.36
17993 13.8
17993 8.92
17994 0.76
17994 1.36
17994 13.8
17994 8.92
17995 0.76
17995 1.36
17995 13.8
17995 8.92
17996 0.76
17996 1.36
17996 13.8
17996 8.92
17997 0.76
17997 1.36
17997 13.8
17997 8.92
17998 0.76
17998 1.36
17998 13.8
17998 8.92
17999 0.76
17999 1.36
17999 13.8
17999 8.92
18000 0.76
18000 1.36
18000 13.8
18000 8.92
18001 0.76
18001 1.36
18001 13.8
18001 8.92
18002 0.76
18002 1.36
18002 13.8
18002 8.92
18003 0.76
18003 1.36
18003 13.8
18003 8.92
18004 0.76
18004 1.36
18004 13.8
18004 8.92
18005 0.76
18005 1.36
18005 13.8
18005 8.92
18006 0.76
18006 1.36
18006 13.8
18006 8.92
18007 0.76
18007 1.36
18007 13.8
18007 8.92
18008 0.76
18008 1.36
18008 13.8
18008 8.92
18009 0.76
18009 1.36
18009 13.8
18009 8.92
18010 0.76
18010 1.36
18010 13.8
18010 8.92
18011 0.76
18011 1.36
18011 13.8
18011 8.92
18012 0.76
18012 1.36
18012 13.8
18012 8.92
18013 0.76
18013 1.36
18013 13.8
18013 8.92
18064 0.76
18064 1.36
18064 13.8
18064 8.92
18065 0.76
18065 1.36
18065 13.8
18065 8.92
18066 0.76
18066 1.36
18066 13.8
18066 8.92
18067 0.76
18067 1.36
18067 13.8
18067 8.92
18068 0.76
18068 1.36
18068 13.8
18068 8.92
18069 0.76
18069 1.36
18069 13.8
18069 8.92
18070 0.76
18070 1.36
18070 13.8
18070 8.92
18071 0.76
18071 1.36
18071 13.8
18071 8.92
18072 0.76
18072 1.36
18072 13.8
18072 8.92
18073 0.76
18073 1.36
18073 13.8
18073 8.92
18074 0.76
18074 1.36
18074 13.8
18074 8.92
18075 0.76
18075 1.36
18075 13.8
18075 8.92
18076 0.76
18076 1.36
18076 13.8
18076 8.92
18077 0.76
18077 1.36
18077 13.8
18077 8.92
18078 0.76
18078 1.36
18078 13.8
18078 8.92
18079 0.76
18079 1.36
18079 13.8
18079 8.92
18080 0.76
18080 1.36
18080 13.8
18080 8.92
18081 0.76
18081 1.36
18081 13.8
18081 8.92
18082 0.76
18082 1.36
18082 13.8
18082 8.92
18083 0.76
18083 1.36
18083 13.8
18083 8.92
18084 0.76
18084 1.36
18084 13.8
18084 8.92
18085 0.76
18085 1.36
18085 13.8
18085 8.92
18086 0.76
18086 1.36
18086 13.8
18086 8.92
18087 0.76
18087 1.36
18087 13.8
18087 8.92
18088 0.76
18088 1.36
18088 13.8
18088 8.92
18089 0.76
18089 1.36
18089 13.8
18089 8.92
18090 0.76
18090 1.36
18090 13.8
18090 8.92
18091 0.76
18091 1.36
18091 13.8
18091 8.92
18092 0.76
18092 1.36
18092 13.8
18092 8.92
18093 0.76
18093 1.36
18093 13.8
18093 8.92
18094 0.76
18094 1.36
18094 13.8
18094 8.92
18095 0.76
18095 1.36
18095 13.8
18095 8.92
18096 0.76
18096 1.36
18096 13.8
18096 8.92
18097 0.76
18097 1.36
18097 13.8
18097 8.92
18098 0.76
18098 1.36
18098 13.8
18098 8.92
18099 0.76
18099 1.36
18099 13.8
18099 8.92
18100 0.76
18100 1.36
18100 13.8
18100 8.92
18101 0.76
18101 1.36
18101 13.8
18101 8.92
18102 0.76
18102 1.36
18102 13.8
18102 8.92
18151 0.76
18151 1.36
18151 13.8
18151 8.92
18152 0.76
18152 1.36
18152 13.8
18152 8.92
18153 0.76
18153 1.36
18153 13.8
18153 8.92
18154 0.76
18154 1.36
18154 13.8
18154 8.92
18155 0.76
18155 1.36
18155 13.8
18155 8.92
18156 0.76
18156 1.36
18156 13.8
18156 8.92
18157 0.76
18157 1.36
18157 13.8
18157 8.92
18158 0.76
18158 1.36
18158 13.8
18158 8.92
18159 0.76
18159 1.36
18159 13.8
18159 8.92
18160 0.76
18160 1.36
18160 13.8
18160 8.92
18161 0.76
18161 1.36
18161 13.8
18161 8.92
18162 0.76
18162 1.36
18162 13.8
18162 8.92
18163 0.76
18163 1.36
18163 13.8
18163 8.92
18164 0.76
18164 1.36
18164 13.8
18164 8.92
18165 0.76
18165 1.36
18165 13.8
18165 8.92
18166 0.76
18166 1.36
18166 13.8
18166 8.92
18167 0.76
18167 1.36
18167 13.8
18167 8.92
18168 0.76
18168 1.36
18168 13.8
18168 8.92
18169 0.76
18169 1.36
18169 13.8
18169 8.92
18170 0.76
18170 1.36
18170 13.8
18170 8.92
18171 0.76
18171 1.36
18171 13.8
18171 8.92
18172 0.76
18172 1.36
18172 13.8
18172 8.92
18173 0.76
18173 1.36
18173 13.8
18173 8.92
18174 0.76
18174 1.36
18174 13.8
18174 8.92
18175 0.76
18175 1.36
18175 13.8
18175 8.92
18176 0.76
18176 1.36
18176 13.8
18176 8.92
18177 0.76
18177 1.36
18177 13.8
18177 8.92
18178 0.76
18178 1.36
18178 13.8
18178 8.92
18179 0.76
18179 1.36
18179 13.8
18179 8.92
18180 0.76
18180 1.36
18180 13.8
18180 8.92
18181 0.76
18181 1.36
18181 13.8
18181 8.92
18182 0.76
18182 1.36
18182 13.8
18182 8.92
18183 0.76
18183 1.36
18183 13.8
18183 8.92
18184 0.76
18184 1.36
18184 13.8
18184 8.92
18185 0.76
18185 1.36
18185 13.8
18185 8.92
18186 0.76
18186 1.36
18186 13.8
18186 8.92
18187 0.76
18187 1.36
18187 13.8
18187 8.92
18188 0.76
18188 1.36
18188 13.8
18188 8.92
18237 0.76
18237 1.36
18237 13.8
18237 8.92
18238 0.76
18238 1.36
18238 13.8
18238 8.92
18239 0.76
18239 1.36
18239 13.8
18239 8.92
18240 0.76
18240 1.36
18240 13.8
18240 8.92
18241 0.76
18241 1.36
18241 13.8
18241 8.92
18242 0.76
18242 1.36
18242 13.8
18242 8.92
18243 0.76
18243 1.36
18243 13.8
18243 8.92
18244 0.76
18244 1.36
18244 13.8
18244 8.92
18245 0.76
18245 1.36
18245 13.8
18245 8.92
18246 0.76
18246 1.36
18246 13.8
18246 8.92
18247 0.76
18247 1.36
18247 13.8
18247 8.92
18248 0.76
18248 1.36
18248 13.8
18248 8.92
18249 0.76
18249 1.36
18249 13.8
18249 8.92
18250 0.76
18250 1.36
18250 13.8
18250 8.92
18251 0.76
18251 1.36
18251 13.8
18251 8.92
18252 0.76
18252 1.36
18252 13.8
18252 8.92
18253 0.76
18253 1.36
18253 13.8
18253 8.92
18254 0.76
18254 1.36
18254 13.8
18254 8.92
18255 0.76
18255 1.36
18255 13.8
18255 8.92
18256 0.76
18256 1.36
18256 13.8
18256 8.92
18257 0.76
18257 1.36
18257 13.8
18257 8.92
18258 0.76
18258 1.36
18258 13.8
18258 8.92
18259 0.76
18259 1.36
18259 13.8
18259 8.92
18260 0.76
18260 1.36
18260 13.8
18260 8.92
18261 0.76
18261 1.36
18261 13.8
18261 8.92
18262 0.76
18262 1.36
18262 13.8
18262 8.92
18263 0.76
18263 1.36
18263 13.8
18263 8.92
18264 0.76
18264 1.36
18264 13.8
18264 8.92
18265 0.76
18265 1.36
18265 13.8
18265 8.92
18266 0.76
18266 1.36
18266 13.8
18266 8.92
18267 0.76
18267 1.36
18267 13.8
18267 8.92
18268 0.76
18268 1.36
18268 13.8
18268 8.92
18269 0.76
18269 1.36
18269 13.8
18269 8.92
18270 0.76
18270 1.36
18270 13.8
18270 8.92
18271 0.76
18271 1.36
18271 13.8
18271 8.92
18272 0.76
18272 1.36
18272 13.8
18272 8.92
18273 0.76
18273 1.36
18273 13.8
18273 8.92
18274 0.76
18274 1.36
18274 13.8
18274 8.92
18320 0.76
18320 1.36
18320 13.8
18320 8.92
18321 0.76
18321 1.36
18321 13.8
18321 8.92
18322 0.76
18322 1.36
18322 13.8
18322 8.92
18323 0.76
18323 1.36
18323 13.8
18323 8.92
18324 0.76
18324 1.36
18324 13.8
18324 8.92
18325 0.76
18325 1.36
18325 13.8
18325 8.92
18326 0.76
18326 1.36
18326 13.8
18326 8.92
18327 0.76
18327 1.36
18327 13.8
18327 8.92
18328 0.76
18328 1.36
18328 13.8
18328 8.92
18329 0.76
18329 1.36
18329 13.8
18329 8.92
18330 0.76
18330 1.36
18330 13.8
18330 8.92
18331 0.76
18331 1.36
18331 13.8
18331 8.92
18332 0.76
18332 1.36
18332 13.8
18332 8.92
18333 0.76
18333 1.36
18333 13.8
18333 8.92
18334 0.76
18334 1.36
18334 13.8
18334 8.92
18335 0.76
18335 1.36
18335 13.8
18335 8.92
18336 0.76
18336 1.36
18336 13.8
18336 8.92
18337 0.76
18337 1.36
18337 13.8
18337 8.92
18338 0.76
18338 1.36
18338 13.8
18338 8.92
18339 0.76
18339 1.36
18339 13.8
18339 8.92
18340 0.76
18340 1.36
18340 13.8
18340 8.92
18341 0.76
18341 1.36
18341 13.8
18341 8.92
18342 0.76
18342 1.36
18342 13.8
18342 8.92
18343 0.76
18343 1.36
18343 13.8
18343 8.92
18344 0.76
18344 1.36
18344 13.8
18344 8.92
18345 0.76
18345 1.36
18345 13.8
18345 8.92
18346 0.76
18346 1.36
18346 13.8
18346 8.92
18347 0.76
18347 1.36
18347 13.8
18347 8.92
18348 0.76
18348 1.36
18348 13.8
18348 8.92
18349 0.76
18349 1.36
18349 13.8
18349 8.92
18350 0.76
18350 1.36
18350 13.8
18350 8.92
18351 0.76
18351 1.36
18351 13.8
18351 8.92
18352 0.76
18352 1.36
18352 13.8
18352 8.92
18353 0.76
18353 1.36
18353 13.8
18353 8.92
18354 0.76
18354 1.36
18354 13.8
18354 8.92
18355 0.76
18355 1.36
18355 13.8
18355 8.92
18356 0.76
18356 1.36
18356 13.8
18356 8.92
18357 0.76
18357 1.36
18357 13.8
18357 8.92
18401 0.76
18401 1.36
18401 13.8
18401 8.92
18402 0.76
18402 1.36
18402 13.8
18402 8.92
18403 0.76
18403 1.36
18403 13.8
18403 8.92
18404 0.76
18404 1.36
18404 13.8
18404 8.92
18405 0.76
18405 1.36
18405 13.8
18405 8.92
18406 0.76
18406 1.36
18406 13.8
18406 8.92
18407 0.76
18407 1.36
18407 13.8
18407 8.92
18408 0.76
18408 1.36
18408 13.8
18408 8.92
18409 0.76
18409 1.36
18409 13.8
18409 8.92
18410 0.76
18410 1.36
18410 13.8
18410 8.92
18411 0.76
18411 1.36
18411 13.8
18411 8.92
18412 0.76
18412 1.36
18412 13.8
18412 8.92
18413 0.76
18413 1.36
18413 13.8
18413 8.92
18414 0.76
18414 1.36
18414 13.8
18414 8.92
18415 0.76
18415 1.36
18415 13.8
18415 8.92
18416 0.76
18416 1.36
18416 13.8
18416 8.92
18417 0.76
18417 1.36
18417 13.8
18417 8.92
18418 0.76
18418 1.36
18418 13.8
18418 8.92
18419 0.76
18419 1.36
18419 13.8
18419 8.92
18420 0.76
18420 1.36
18420 13.8
18420 8.92
18421 0.76
18421 1.36
18421 13.8
18421 8.92
18422 0.76
18422 1.36
18422 13.8
18422 8.92
18423 0.76
18423 1.36
18423 13.8
18423 8.92
18424 0.76
18424 1.36
18424 13.8
18424 8.92
18425 0.76
18425 1.36
18425 13.8
18425 8.92
18426 0.76
18426 1.36
18426 13.8
18426 8.92
18427 0.76
18427 1.36
18427 13.8
18427 8.92
18428 0.76
18428 1.36
18428 13.8
18428 8.92
18429 0.76
18429 1.36
18429 13.8
18429 8.92
18430 0.76
18430 1.36
18430 13.8
18430 8.92
18431 0.76
18431 1.36
18431 13.8
18431 8.92
18432 0.76
18432 1.36
18432 13.8
18432 8.92
18433 0.76
18433 1.36
18433 13.8
18433 8.92
18434 0.76
18434 1.36
18434 13.8
18434 8.92
18435 0.76
18435 1.36
18435 13.8
18435 8.92
18436 0.76
18436 1.36
18436 13.8
18436 8.92
18481 0.76
18481 1.36
18481 13.8
18481 8.92
18482 0.76
18482 1.36
18482 13.8
18482 8.92
18483 0.76
18483 1.36
18483 13.8
18483 8.92
18484 0.76
18484 1.36
18484 13.8
18484 8.92
18485 0.76
18485 1.36
18485 13.8
18485 8.92
18486 0.76
18486 1.36
18486 13.8
18486 8.92
18487 0.76
18487 1.36
18487 13.8
18487 8.92
18488 0.76
18488 1.36
18488 13.8
18488 8.92
18489 0.76
18489 1.36
18489 13.8
18489 8.92
18490 0.76
18490 1.36
18490 13.8
18490 8.92
18491 0.76
18491 1.36
18491 13.8
18491 8.92
18492 0.76
18492 1.36
18492 13.8
18492 8.92
18493 0.76
18493 1.36
18493 13.8
18493 8.92
18494 0.76
18494 1.36
18494 13.8
18494 8.92
18495 0.76
18495 1.36
18495 13.8
18495 8.92
18496 0.76
18496 1.36
18496 13.8
18496 8.92
18497 0.76
18497 1.36
18497 13.8
18497 8.92
18498 0.76
18498 1.36
18498 13.8
18498 8.92
18499 0.76
18499 1.36
18499 13.8
18499 8.92
18500 0.76
18500 1.36
18500 13.8
18500 8.92
18501 0.76
18501 1.36
18501 13.8
18501 8.92
18502 0.76
18502 1.36
18502 13.8
18502 8.92
18503 0.76
18503 1.36
18503 13.8
18503 8.92
18504 0.76
18504 1.36
18504 13.8
18504 8.92
18505 0.76
18505 1.36
18505 13.8
18505 8.92
18506 0.76
18506 1.36
18506 13.8
18506 8.92
18507 0.76
18507 1.36
18507 13.8
18507 8.92
18508 0.76
18508 1.36
18508 13.8
18508 8.92
18509 0.76
18509 1.36
18509 13.8
18509 8.92
18510 0.76
18510 1.36
18510 13.8
18510 8.92
18511 0.76
18511 1.36
18511 13.8
18511 8.92
18512 0.76
18512 1.36
18512 13.8
18512 8.92
18513 0.76
18513 1.36
18513 13.8
18513 8.92
18514 0.76
18514 1.36
18514 13.8
18514 8.92
18515 0.76
18515 1.36
18515 13.8
18515 8.92
18516 0.76
18516 1.36
18516 13.8
18516 8.92
18558 0.76
18558 1.36
18558 13.8
18558 8.92
18559 0.76
18559 1.36
18559 13.8
18559 8.92
18560 0.76
18560 1.36
18560 13.8
18560 8.92
18561 0.76
18561 1.36
18561 13.8
18561 8.92
18562 0.76
18562 1.36
18562 13.8
18562 8.92
18563 0.76
18563 1.36
18563 13.8
18563 8.92
18564 0.76
18564 1.36
18564 13.8
18564 8.92
18565 0.76
18565 1.36
18565 13.8
18565 8.92
18566 0.76
18566 1.36
18566 13.8
18566 8.92
18567 0.76
18567 1.36
18567 13.8
18567 8.92
18568 0.76
18568 1.36
18568 13.8
18568 8.92
18569 0.76
18569 1.36
18569 13.8
18569 8.92
18570 0.76
18570 1.36
18570 13.8
18570 8.92
18571 0.76
18571 1.36
18571 13.8
18571 8.92
18572 0.76
18572 1.36
18572 13.8
18572 8.92
18573 0.76
18573 1.36
18573 13.8
18573 8.92
18574 0.76
18574 1.36
18574 13.8
18574 8.92
18575 0.76
18575 1.36
18575 13.8
18575 8.92
18576 0.76
18576 1.36
18576 13.8
18576 8.92
18577 0.76
18577 1.36
18577 13.8
18577 8.92
18578 0.76
18578 1.36
18578 13.8
18578 8.92
18579 0.76
18579 1.36
18579 13.8
18579 8.92
18580 0.76
18580 1.36
18580 13.8
18580 8.92
18581 0.76
18581 1.36
18581 13.8
18581 8.92
18582 0.76
18582 1.36
18582 13.8
18582 8.92
18583 0.76
18583 1.36
18583 13.8
18583 8.92
18584 0.76
18584 1.36
18584 13.8
18584 8.92
18585 0.76
18585 1.36
18585 13.8
18585 8.92
18586 0.76
18586 1.36
18586 13.8
18586 8.92
18587 0.76
18587 1.36
18587 13.8
18587 8.92
18588 0.76
18588 1.36
18588 13.8
18588 8.92
18589 0.76
18589 1.36
18589 13.8
18589 8.92
18590 0.76
18590 1.36
18590 13.8
18590 8.92
18591 0.76
18591 1.36
18591 13.8
18591 8.92
18592 0.76
18592 1.36
18592 13.8
18592 8.92
18593 0.76
18593 1.36
18593 13.8
18593 8.92
18636 0.76
18636 1.36
18636 13.8
18636 8.92
18637 0.76
18637 1.36
18637 13.8
18637 8.92
18638 0.76
18638 1.36
18638 13.8
18638 8.92
18639 0.76
18639 1.36
18639 13.8
18639 8.92
18640 0.76
18640 1.36
18640 13.8
18640 8.92
18641 0.76
18641 1.36
18641 13.8
18641 8.92
18642 0.76
18642 1.36
18642 13.8
18642 8.92
18643 0.76
18643 1.36
18643 13.8
18643 8.92
18644 0.76
18644 1.36
18644 13.8
18644 8.92
18645 0.76
18645 1.36
18645 13.8
18645 8.92
18646 0.76
18646 1.36
18646 13.8
18646 8.92
18647 0.76
18647 1.36
18647 13.8
18647 8.92
18648 0.76
18648 1.36
18648 13.8
18648 8.92
18649 0.76
18649 1.36
18649 13.8
18649 8.92
18650 0.76
18650 1.36
18650 13.8
18650 8.92
18651 0.76
18651 1.36
18651 13.8
18651 8.92
18652 0.76
18652 1.36
18652 13.8
18652 8.92
18653 0.76
18653 1.36
18653 13.8
18653 8.92
18654 0.76
18654 1.36
18654 13.8
18654 8.92
18655 0.76
18655 1.36
18655 13.8
18655 8.92
18656 0.76
18656 1.36
18656 13.8
18656 8.92
18657 0.76
18657 1.36
18657 13.8
18657 8.92
18658 0.76
18658 1.36
18658 13.8
18658 8.92
18659 0.76
18659 1.36
18659 13.8
18659 8.92
18660 0.76
18660 1.36
18660 13.8
18660 8.92
18661 0.76
18661 1.36
18661 13.8
18661 8.92
18662 0.76
18662 1.36
18662 13.8
18662 8.92
18663 0.76
18663 1.36
18663 13.8
18663 8.92
18664 0.76
18664 1.36
18664 13.8
18664 8.92
18665 0.76
18665 1.36
18665 13.8
18665 8.92
18666 0.76
18666 1.36
18666 13.8
18666 8.92
18667 0.76
18667 1.36
18667 13.8
18667 8.92
18668 0.76
18668 1.36
18668 13.8
18668 8.92
18669 0.76
18669 1.36
18669 13.8
18669 8.92
18670 0.76
18670 1.36
18670 13.8
18670 8.92
18710 0.76
18710 1.36
18710 13.8
18710 8.92
18711 0.76
18711 1.36
18711 13.8
18711 8.92
18712 0.76
18712 1.36
18712 13.8
18712 8.92
18713 0.76
18713 1.36
18713 13.8
18713 8.92
18714 0.76
18714 1.36
18714 13.8
18714 8.92
18715 0.76
18715 1.36
18715 13.8
18715 8.92
18716 0.76
18716 1.36
18716 13.8
18716 8.92
18717 0.76
18717 1.36
18717 13.8
18717 8.92
18718 0.76
18718 1.36
18718 13.8
18718 8.92
18719 0.76
18719 1.36
18719 13.8
18719 8.92
18720 0.76
18720 1.36
18720 13.8
18720 8.92
18721 0.76
18721 1.36
18721 13.8
18721 8.92
18722 0.76
18722 1.36
18722 13.8
18722 8.92
18723 0.76
18723 1.36
18723 13.8
18723 8.92
18724 0.76
18724 1.36
18724 13.8
18724 8.92
18725 0.76
18725 1.36
18725 13.8
18725 8.92
18726 0.76
18726 1.36
18726 13.8
18726 8.92
18727 0.76
18727 1.36
18727 13.8
18727 8.92
18728 0.76
18728 1.36
18728 13.8
18728 8.92
18729 0.76
18729 1.36
18729 13.8
18729 8.92
18730 0.76
18730 1.36
18730 13.8
18730 8.92
18731 0.76
18731 1.36
18731 13.8
18731 8.92
18732 0.76
18732 1.36
18732 13.8
18732 8.92
18733 0.76
18733 1.36
18733 13.8
18733 8.92
18734 0.76
18734 1.36
18734 13.8
18734 8.92
18735 0.76
18735 1.36
18735 13.8
18735 8.92
18736 0.76
18736 1.36
18736 13.8
18736 8.92
18737 0.76
18737 1.36
18737 13.8
18737 8.92
18738 0.76
18738 1.36
18738 13.8
18738 8.92
18739 0.76
18739 1.36
18739 13.8
18739 8.92
18740 0.76
18740 1.36
18740 13.8
18740 8.92
18741 0.76
18741 1.36
18741 13.8
18741 8.92
18742 0.76
18742 1.36
18742 13.8
18742 8.92
18743 0.76
18743 1.36
18743 13.8
18743 8.92
18744 0.76
18744 1.36
18744 13.8
18744 8.92
18745 0.76
18745 1.36
18745 13.8
18745 8.92
18746 0.76
18746 1.36
18746 13.8
18746 8.92
18747 0.76
18747 1.36
18747 13.8
18747 8.92
18748 0.76
18748 1.36
18748 13.8
18748 8.92
18749 0.76
18749 1.36
18749 13.8
18749 8.92
18786 0.76
18786 1.36
18786 13.8
18786 8.92
18787 0.76
18787 1.36
18787 13.8
18787 8.92
18788 0.76
18788 1.36
18788 13.8
18788 8.92
18789 0.76
18789 1.36
18789 13.8
18789 8.92
18790 0.76
18790 1.36
18790 13.8
18790 8.92
18791 0.76
18791 1.36
18791 13.8
18791 8.92
18792 0.76
18792 1.36
18792 13.8
18792 8.92
18793 0.76
18793 1.36
18793 13.8
18793 8.92
18794 0.76
18794 1.36
18794 13.8
18794 8.92
18795 0.76
18795 1.36
18795 13.8
18795 8.92
18796 0.76
18796 1.36
18796 13.8
18796 8.92
18797 0.76
18797 1.36
18797 13.8
18797 8.92
18798 0.76
18798 1.36
18798 13.8
18798 8.92
18799 0.76
18799 1.36
18799 13.8
18799 8.92
18800 0.76
18800 1.36
18800 13.8
18800 8.92
18801 0.76
18801 1.36
18801 13.8
18801 8.92
18802 0.76
18802 1.36
18802 13.8
18802 8.92
18803 0.76
18803 1.36
18803 13.8
18803 8.92
18804 0.76
18804 1.36
18804 13.8
18804 8.92
18805 0.76
18805 1.36
18805 13.8
18805 8.92
18806 0.76
18806 1.36
18806 13.8
18806 8.92
18807 0.76
18807 1.36
18807 13.8
18807 8.92
18808 0.76
18808 1.36
18808 13.8
18808 8.92
18809 0.76
18809 1.36
18809 13.8
18809 8.92
18810 0.76
18810 1.36
18810 13.8
18810 8.92
18811 0.76
18811 1.36
18811 13.8
18811 8.92
18812 0.76
18812 1.36
18812 13.8
18812 8.92
18813 0.76
18813 1.36
18813 13.8
18813 8.92
18814 0.76
18814 1.36
18814 13.8
18814 8.92
18815 0.76
18815 1.36
18815 13.8
18815 8.92
18816 0.76
18816 1.36
18816 13.8
18816 8.92
18817 0.76
18817 1.36
18817 13.8
18817 8.92
18818 0.76
18818 1.36
18818 13.8
18818 8.92
18819 0.76
18819 1.36
18819 13.8
18819 8.92
18820 0.76
18820 1.36
18820 13.8
18820 8.92
18821 0.76
18821 1.36
18821 13.8
18821 8.92
18822 0.76
18822 1.36
18822 13.8
18822 8.92
18823 0.76
18823 1.36
18823 13.8
18823 8.92
18824 0.76
18824 1.36
18824 13.8
18824 8.92
18856 0.76
18856 1.36
18856 13.8
18856 8.92
18857 0.76
18857 1.36
18857 13.8
18857 8.92
18858 0.76
18858 1.36
18858 13.8
18858 8.92
18859 0.76
18859 1.36
18859 13.8
18859 8.92
18860 0.76
18860 1.36
18860 13.8
18860 8.92
18861 0.76
18861 1.36
18861 13.8
18861 8.92
18862 0.76
18862 1.36
18862 13.8
18862 8.92
18863 0.76
18863 1.36
18863 13.8
18863 8.92
18864 0.76
18864 1.36
18864 13.8
18864 8.92
18865 0.76
18865 1.36
18865 13.8
18865 8.92
18866 0.76
18866 1.36
18866 13.8
18866 8.92
18867 0.76
18867 1.36
18867 13.8
18867 8.92
18868 0.76
18868 1.36
18868 13.8
18868 8.92
18869 0.76
18869 1.36
18869 13.8
18869 8.92
18870 0.76
18870 1.36
18870 13.8
18870 8.92
18871 0.76
18871 1.36
18871 13.8
18871 8.92
18872 0.76
18872 1.36
18872 13.8
18872 8.92
18873 0.76
18873 1.36
18873 13.8
18873 8.92
18874 0.76
18874 1.36
18874 13.8
18874 8.92
18875 0.76
18875 1.36
18875 13.8
18875 8.92
18876 0.76
18876 1.36
18876 13.8
18876 8.92
18877 0.76
18877 1.36
18877 13.8
18877 8.92
18878 0.76
18878 1.36
18878 13.8
18878 8.92
18879 0.76
18879 1.36
18879 13.8
18879 8.92
18880 0.76
18880 1.36
18880 13.8
18880 8.92
18881 0.76
18881 1.36
18881 13.8
18881 8.92
18882 0.76
18882 1.36
18882 13.8
18882 8.92
18883 0.76
18883 1.36
18883 13.8
18883 8.92
18884 0.76
18884 1.36
18884 13.8
18884 8.92
18885 0.76
18885 1.36
18885 13.8
18885 8.92
18886 0.76
18886 1.36
18886 13.8
18886 8.92
18887 0.76
18887 1.36
18887 13.8
18887 8.92
18888 0.76
18888 1.36
18888 13.8
18888 8.92
18889 0.76
18889 1.36
18889 13.8
18889 8.92
18890 0.76
18890 1.36
18890 13.8
18890 8.92
18891 0.76
18891 1.36
18891 13.8
18891 8.92
18892 0.76
18892 1.36
18892 13.8
18892 8.92
18893 0.76
18893 1.36
18893 13.8
18893 8.92
18894 0.76
18894 1.36
18894 13.8
18894 8.92
18895 0.76
18895 1.36
18895 13.8
18895 8.92
18926 0.76
18926 1.36
18926 13.8
18926 8.92
18927 0.76
18927 1.36
18927 13.8
18927 8.92
18928 0.76
18928 1.36
18928 13.8
18928 8.92
18929 0.76
18929 1.36
18929 13.8
18929 8.92
18930 0.76
18930 1.36
18930 13.8
18930 8.92
18931 0.76
18931 1.36
18931 13.8
18931 8.92
18932 0.76
18932 1.36
18932 13.8
18932 8.92
18933 0.76
18933 1.36
18933 13.8
18933 8.92
18934 0.76
18934 1.36
18934 13.8
18934 8.92
18935 0.76
18935 1.36
18935 13.8
18935 8.92
18936 0.76
18936 1.36
18936 13.8
18936 8.92
18937 0.76
18937 1.36
18937 13.8
18937 8.92
18938 0.76
18938 1.36
18938 13.8
18938 8.92
18939 0.76
18939 1.36
18939 13.8
18939 8.92
18940 0.76
18940 1.36
18940 13.8
18940 8.92
18941 0.76
18941 1.36
18941 13.8
18941 8.92
18942 0.76
18942 1.36
18942 13.8
18942 8.92
18943 0.76
18943 1.36
18943 13.8
18943 8.92
18944 0.76
18944 1.36
18944 13.8
18944 8.92
18945 0.76
18945 1.36
18945 13.8
18945 8.92
18946 0.76
18946 1.36
18946 13.8
18946 8.92
18947 0.76
18947 1.36
18947 13.8
18947 8.92
18948 0.76
18948 1.36
18948 13.8
18948 8.92
18949 0.76
18949 1.36
18949 13.8
18949 8.92
18950 0.76
18950 1.36
18950 13.8
18950 8.92
18951 0.76
18951 1.36
18951 13.8
18951 8.92
18952 0.76
18952 1.36
18952 13.8
18952 8.92
18953 0.76
18953 1.36
18953 13.8
18953 8.92
18954 0.76
18954 1.36
18954 13.8
18954 8.92
18955 0.76
18955 1.36
18955 13.8
18955 8.92
18956 0.76
18956 1.36
18956 13.8
18956 8.92
18957 0.76
18957 1.36
18957 13.8
18957 8.92
18958 0.76
18958 1.36
18958 13.8
18958 8.92
18959 0.76
18959 1.36
18959 13.8
18959 8.92
18960 0.76
18960 1.36
18960 13.8
18960 8.92
18961 0.76
18961 1.36
18961 13.8
18961 8.92
18962 0.76
18962 1.36
18962 13.8
18962 8.92
18963 0.76
18963 1.36
18963 13.8
18963 8.92
18964 0.76
18964 1.36
18964 13.8
18964 8.92
18994 0.76
18994 1.36
18994 13.8
18994 8.92
18995 0.76
18995 1.36
18995 13.8
18995 8.92
18996 0.76
18996 1.36
18996 13.8
18996 8.92
18997 0.76
18997 1.36
18997 13.8
18997 8.92
18998 0.76
18998 1.36
18998 13.8
18998 8.92
18999 0.76
18999 1.36
18999 13.8
18999 8.92
19000 0.76
19000 1.36
19000 13.8
19000 8.92
19001 0.76
19001 1.36
19001 13.8
19001 8.92
19002 0.76
19002 1.36
19002 13.8
19002 8.92
19003 0.76
19003 1.36
19003 13.8
19003 8.92
19004 0.76
19004 1.36
19004 13.8
19004 8.92
19005 0.76
19005 1.36
19005 13.8
19005 8.92
19006 0.76
19006 1.36
19006 13.8
19006 8.92
19007 0.76
19007 1.36
19007 13.8
19007 8.92
19008 0.76
19008 1.36
19008 13.8
19008 8.92
19009 0.76
19009 1.36
19009 13.8
19009 8.92
19010 0.76
19010 1.36
19010 13.8
19010 8.92
19011 0.76
19011 1.36
19011 13.8
19011 8.92
19012 0.76
19012 1.36
19012 13.8
19012 8.92
19013 0.76
19013 1.36
19013 13.8
19013 8.92
19014 0.76
19014 1.36
19014 13.8
19014 8.92
19015 0.76
19015 1.36
19015 13.8
19015 8.92
19016 0.76
19016 1.36
19016 13.8
19016 8.92
19017 0.76
19017 1.36
19017 13.8
19017 8.92
19018 0.76
19018 1.36
19018 13.8
19018 8.92
19019 0.76
19019 1.36
19019 13.8
19019 8.92
19020 0.76
19020 1.36
19020 13.8
19020 8.92
19021 0.76
19021 1.36
19021 13.8
19021 8.92
19022 0.76
19022 1.36
19022 13.8
19022 8.92
19023 0.76
19023 1.36
19023 13.8
19023 8.92
19024 0.76
19024 1.36
19024 13.8
19024 8.92
19025 0.76
19025 1.36
19025 13.8
19025 8.92
19026 0.76
19026 1.36
19026 13.8
19026 8.92
19027 0.76
19027 1.36
19027 13.8
19027 8.92
19028 0.76
19028 1.36
19028 13.8
19028 8.92
19029 0.76
19029 1.36
19029 13.8
19029 8.92
19030 0.76
19030 1.36
19030 13.8
19030 8.92
19031 0.76
19031 1.36
19031 13.8
19031 8.92
19032 0.76
19032 1.36
19032 13.8
19032 8.92
19033 0.76
19033 1.36
19033 13.8
19033 8.92
19059 0.76
19059 1.36
19059 13.8
19059 8.92
19060 0.76
19060 1.36
19060 13.8
19060 8.92
19061 0.76
19061 1.36
19061 13.8
19061 8.92
19062 0.76
19062 1.36
19062 13.8
19062 8.92
19063 0.76
19063 1.36
19063 13.8
19063 8.92
19064 0.76
19064 1.36
19064 13.8
19064 8.92
19065 0.76
19065 1.36
19065 13.8
19065 8.92
19066 0.76
19066 1.36
19066 13.8
19066 8.92
19067 0.76
19067 1.36
19067 13.8
19067 8.92
19068 0.76
19068 1.36
19068 13.8
19068 8.92
19069 0.76
19069 1.36
19069 13.8
19069 8.92
19070 0.76
19070 1.36
19070 13.8
19070 8.92
19071 0.76
19071 1.36
19071 13.8
19071 8.92
19072 0.76
19072 1.36
19072 13.8
19072 8.92
19073 0.76
19073 1.36
19073 13.8
19073 8.92
19074 0.76
19074 1.36
19074 13.8
19074 8.92
19075 0.76
19075 1.36
19075 13.8
19075 8.92
19076 0.76
19076 1.36
19076 13.8
19076 8.92
19077 0.76
19077 1.36
19077 13.8
19077 8.92
19078 0.76
19078 1.36
19078 13.8
19078 8.92
19079 0.76
19079 1.36
19079 13.8
19079 8.92
19080 0.76
19080 1.36
19080 13.8
19080 8.92
19081 0.76
19081 1.36
19081 13.8
19081 8.92
19082 0.76
19082 1.36
19082 13.8
19082 8.92
19083 0.76
19083 1.36
19083 13.8
19083 8.92
19084 0.76
19084 1.36
19084 13.8
19084 8.92
19085 0.76
19085 1.36
19085 13.8
19085 8.92
19086 0.76
19086 1.36
19086 13.8
19086 8.92
19087 0.76
19087 1.36
19087 13.8
19087 8.92
19088 0.76
19088 1.36
19088 13.8
19088 8.92
19089 0.76
19089 1.36
19089 13.8
19089 8.92
19090 0.76
19090 1.36
19090 13.8
19090 8.92
19091 0.76
19091 1.36
19091 13.8
19091 8.92
19092 0.76
19092 1.36
19092 13.8
19092 8.92
19093 0.76
19093 1.36
19093 13.8
19093 8.92
19094 0.76
19094 1.36
19094 13.8
19094 8.92
19095 0.76
19095 1.36
19095 13.8
19095 8.92
19096 0.76
19096 1.36
19096 13.8
19096 8.92
19097 0.76
19097 1.36
19097 13.8
19097 8.92
19098 0.76
19098 1.36
19098 13.8
19098 8.92
19099 0.76
19099 1.36
19099 13.8
19099 8.92
19125 0.76
19125 1.36
19125 13.8
19125 8.92
19126 0.76
19126 1.36
19126 13.8
19126 8.92
19127 0.76
19127 1.36
19127 13.8
19127 8.92
19128 0.76
19128 1.36
19128 13.8
19128 8.92
19129 0.76
19129 1.36
19129 13.8
19129 8.92
19130 0.76
19130 1.36
19130 13.8
19130 8.92
19131 0.76
19131 1.36
19131 13.8
19131 8.92
19132 0.76
19132 1.36
19132 13.8
19132 8.92
19133 0.76
19133 1.36
19133 13.8
19133 8.92
19134 0.76
19134 1.36
19134 13.8
19134 8.92
19135 0.76
19135 1.36
19135 13.8
19135 8.92
19136 0.76
19136 1.36
19136 13.8
19136 8.92
19137 0.76
19137 1.36
19137 13.8
19137 8.92
19138 0.76
19138 1.36
19138 13.8
19138 8.92
19139 0.76
19139 1.36
19139 13.8
19139 8.92
19140 0.76
19140 1.36
19140 13.8
19140 8.92
19141 0.76
19141 1.36
19141 13.8
19141 8.92
19142 0.76
19142 1.36
19142 13.8
19142 8.92
19143 0.76
19143 1.36
19143 13.8
19143 8.92
19144 0.76
19144 1.36
19144 13.8
19144 8.92
19145 0.76
19145 1.36
19145 13.8
19145 8.92
19146 0.76
19146 1.36
19146 13.8
19146 8.92
19147 0.76
19147 1.36
19147 13.8
19147 8.92
19148 0.76
19148 1.36
19148 13.8
19148 8.92
19149 0.76
19149 1.36
19149 13.8
19149 8.92
19150 0.76
19150 1.36
19150 13.8
19150 8.92
19151 0.76
19151 1.36
19151 13.8
19151 8.92
19152 0.76
19152 1.36
19152 13.8
19152 8.92
19153 0.76
19153 1.36
19153 13.8
19153 8.92
19154 0.76
19154 1.36
19154 13.8
19154 8.92
19155 0.76
19155 1.36
19155 13.8
19155 8.92
19156 0.76
19156 1.36
19156 13.8
19156 8.92
19157 0.76
19157 1.36
19157 13.8
19157 8.92
19158 0.76
19158 1.36
19158 13.8
19158 8.92
19159 0.76
19159 1.36
19159 13.8
19159 8.92
19160 0.76
19160 1.36
19160 13.8
19160 8.92
19161 0.76
19161 1.36
19161 13.8
19161 8.92
19162 0.76
19162 1.36
19162 13.8
19162 8.92
19163 0.76
19163 1.36
19163 13.8
19163 8.92
19164 0.76
19164 1.36
19164 13.8
19164 8.92
19165 0.76
19165 1.36
19165 13.8
19165 8.92
19166 0.76
19166 1.36
19166 13.8
19166 8.92
19192 0.76
19192 1.36
19192 13.8
19192 8.92
19193 0.76
19193 1.36
19193 13.8
19193 8.92
19194 0.76
19194 1.36
19194 13.8
19194 8.92
19195 0.76
19195 1.36
19195 13.8
19195 8.92
19196 0.76
19196 1.36
19196 13.8
19196 8.92
19197 0.76
19197 1.36
19197 13.8
19197 8.92
19198 0.76
19198 1.36
19198 13.8
19198 8.92
19199 0.76
19199 1.36
19199 13.8
19199 8.92
19200 0.76
19200 1.36
19200 13.8
19200 8.92
19201 0.76
19201 1.36
19201 13.8
19201 8.92
19202 0.76
19202 1.36
19202 13.8
19202 8.92
19203 0.76
19203 1.36
19203 13.8
19203 8.92
19204 0.76
19204 1.36
19204 13.8
19204 8.92
19205 0.76
19205 1.36
19205 13.8
19205 8.92
19206 0.76
19206 1.36
19206 13.8
19206 8.92
19207 0.76
19207 1.36
19207 13.8
19207 8.92
19208 0.76
19208 1.36
19208 13.8
19208 8.92
19209 0.76
19209 1.36
19209 13.8
19209 8.92
19210 0.76
19210 1.36
19210 13.8
19210 8.92
19211 0.76
19211 1.36
19211 13.8
19211 8.92
19212 0.76
19212 1.36
19212 13.8
19212 8.92
19213 0.76
19213 1.36
19213 13.8
19213 8.92
19214 0.76
19214 1.36
19214 13.8
19214 8.92
19215 0.76
19215 1.36
19215 13.8
19215 8.92
19216 0.76
19216 1.36
19216 13.8
19216 8.92
19217 0.76
19217 1.36
19217 13.8
19217 8.92
19218 0.76
19218 1.36
19218 13.8
19218 8.92
19219 0.76
19219 1.36
19219 13.8
19219 8.92
19220 0.76
19220 1.36
19220 13.8
19220 8.92
19221 0.76
19221 1.36
19221 13.8
19221 8.92
19222 0.76
19222 1.36
19222 13.8
19222 8.92
19223 0.76
19223 1.36
19223 13.8
19223 8.92
19224 0.76
19224 1.36
19224 13.8
19224 8.92
19225 0.76
19225 1.36
19225 13.8
19225 8.92
19226 0.76
19226 1.36
19226 13.8
19226 8.92
19227 0.76
19227 1.36
19227 13.8
19227 8.92
19228 0.76
19228 1.36
19228 13.8
19228 8.92
19229 0.76
19229 1.36
19229 13.8
19229 8.92
19230 0.76
19230 1.36
19230 13.8
19230 8.92
19261 0.76
19261 1.36
19261 13.8
19261 8.92
19262 0.76
19262 1.36
19262 13.8
19262 8.92
19263 0.76
19263 1.36
19263 13.8
19263 8.92
19264 0.76
19264 1.36
19264 13.8
19264 8.92
19265 0.76
19265 1.36
19265 13.8
19265 8.92
19266 0.76
19266 1.36
19266 13.8
19266 8.92
19267 0.76
19267 1.36
19267 13.8
19267 8.92
19268 0.76
19268 1.36
19268 13.8
19268 8.92
19269 0.76
19269 1.36
19269 13.8
19269 8.92
19270 0.76
19270 1.36
19270 13.8
19270 8.92
19271 0.76
19271 1.36
19271 13.8
19271 8.92
19272 0.76
19272 1.36
19272 13.8
19272 8.92
19273 0.76
19273 1.36
19273 13.8
19273 8.92
19274 0.76
19274 1.36
19274 13.8
19274 8.92
19275 0.76
19275 1.36
19275 13.8
19275 8.92
19276 0.76
19276 1.36
19276 13.8
19276 8.92
19277 0.76
19277 1.36
19277 13.8
19277 8.92
19278 0.76
19278 1.36
19278 13.8
19278 8.92
19279 0.76
19279 1.36
19279 13.8
19279 8.92
19280 0.76
19280 1.36
19280 13.8
19280 8.92
19281 0.76
19281 1.36
19281 13.8
19281 8.92
19282 0.76
19282 1.36
19282 13.8
19282 8.92
19283 0.76
19283 1.36
19283 13.8
19283 8.92
19284 0.76
19284 1.36
19284 13.8
19284 8.92
19285 0.76
19285 1.36
19285 13.8
19285 8.92
19286 0.76
19286 1.36
19286 13.8
19286 8.92
19287 0.76
19287 1.36
19287 13.8
19287 8.92
19288 0.76
19288 1.36
19288 13.8
19288 8.92
19289 0.76
19289 1.36
19289 13.8
19289 8.92
19290 0.76
19290 1.36
19290 13.8
19290 8.92
19291 0.76
19291 1.36
19291 13.8
19291 8.92
19292 0.76
19292 1.36
19292 13.8
19292 8.92
19293 0.76
19293 1.36
19293 13.8
19293 8.92
19294 0.76
19294 1.36
19294 13.8
19294 8.92
19295 0.76
19295 1.36
19295 13.8
19295 8.92
19296 0.76
19296 1.36
19296 13.8
19296 8.92
19297 0.76
19297 1.36
19297 13.8
19297 8.92
19298 0.76
19298 1.36
19298 13.8
19298 8.92
19299 0.76
19299 1.36
19299 13.8
19299 8.92
19300 0.76
19300 1.36
19300 13.8
19300 8.92
19332 0.76
19332 1.36
19332 13.8
19332 8.92
19333 0.76
19333 1.36
19333 13.8
19333 8.92
19334 0.76
19334 1.36
19334 13.8
19334 8.92
19335 0.76
19335 1.36
19335 13.8
19335 8.92
19336 0.76
19336 1.36
19336 13.8
19336 8.92
19337 0.76
19337 1.36
19337 13.8
19337 8.92
19338 0.76
19338 1.36
19338 13.8
19338 8.92
19339 0.76
19339 1.36
19339 13.8
19339 8.92
19340 0.76
19340 1.36
19340 13.8
19340 8.92
19341 0.76
19341 1.36
19341 13.8
19341 8.92
19342 0.76
19342 1.36
19342 13.8
19342 8.92
19343 0.76
19343 1.36
19343 13.8
19343 8.92
19344 0.76
19344 1.36
19344 13.8
19344 8.92
19345 0.76
19345 1.36
19345 13.8
19345 8.92
19346 0.76
19346 1.36
19346 13.8
19346 8.92
19347 0.76
19347 1.36
19347 13.8
19347 8.92
19348 0.76
19348 1.36
19348 13.8
19348 8.92
19349 0.76
19349 1.36
19349 13.8
19349 8.92
19350 0.76
19350 1.36
19350 13.8
19350 8.92
19351 0.76
19351 1.36
19351 13.8
19351 8.92
19352 0.76
19352 1.36
19352 13.8
19352 8.92
19353 0.76
19353 1.36
19353 13.8
19353 8.92
19354 0.76
19354 1.36
19354 13.8
19354 8.92
19355 0.76
19355 1.36
19355 13.8
19355 8.92
19356 0.76
19356 1.36
19356 13.8
19356 8.92
19357 0.76
19357 1.36
19357 13.8
19357 8.92
19358 0.76
19358 1.36
19358 13.8
19358 8.92
19359 0.76
19359 1.36
19359 13.8
19359 8.92
19360 0.76
19360 1.36
19360 13.8
19360 8.92
19361 0.76
19361 1.36
19361 13.8
19361 8.92
19362 0.76
19362 1.36
19362 13.8
19362 8.92
19363 0.76
19363 1.36
19363 13.8
19363 8.92
19364 0.76
19364 1.36
19364 13.8
19364 8.92
19365 0.76
19365 1.36
19365 13.8
19365 8.92
19366 0.76
19366 1.36
19366 13.8
19366 8.92
19367 0.76
19367 1.36
19367 13.8
19367 8.92
19368 0.76
19368 1.36
19368 13.8
19368 8.92
19369 0.76
19369 1.36
19369 13.8
19369 8.92
19370 0.76
19370 1.36
19370 13.8
19370 8.92
19402 0.76
19402 1.36
19402 13.8
19402 8.92
19403 0.76
19403 1.36
19403 13.8
19403 8.92
19404 0.76
19404 1.36
19404 13.8
19404 8.92
19405 0.76
19405 1.36
19405 13.8
19405 8.92
19406 0.76
19406 1.36
19406 13.8
19406 8.92
19407 0.76
19407 1.36
19407 13.8
19407 8.92
19408 0.76
19408 1.36
19408 13.8
19408 8.92
19409 0.76
19409 1.36
19409 13.8
19409 8.92
19410 0.76
19410 1.36
19410 13.8
19410 8.92
19411 0.76
19411 1.36
19411 13.8
19411 8.92
19412 0.76
19412 1.36
19412 13.8
19412 8.92
19413 0.76
19413 1.36
19413 13.8
19413 8.92
19414 0.76
19414 1.36
19414 13.8
19414 8.92
19415 0.76
19415 1.36
19415 13.8
19415 8.92
19416 0.76
19416 1.36
19416 13.8
19416 8.92
19417 0.76
19417 1.36
19417 13.8
19417 8.92
19418 0.76
19418 1.36
19418 13.8
19418 8.92
19419 0.76
19419 1.36
19419 13.8
19419 8.92
19420 0.76
19420 1.36
19420 13.8
19420 8.92
19421 0.76
19421 1.36
19421 13.8
19421 8.92
19422 0.76
19422 1.36
19422 13.8
19422 8.92
19423 0.76
19423 1.36
19423 13.8
19423 8.92
19424 0.76
19424 1.36
19424 13.8
19424 8.92
19425 0.76
19425 1.36
19425 13.8
19425 8.92
19426 0.76
19426 1.36
19426 13.8
19426 8.92
19427 0.76
19427 1.36
19427 13.8
19427 8.92
19428 0.76
19428 1.36
19428 13.8
19428 8.92
19429 0.76
19429 1.36
19429 13.8
19429 8.92
19430 0.76
19430 1.36
19430 13.8
19430 8.92
19431 0.76
19431 1.36
19431 13.8
19431 8.92
19432 0.76
19432 1.36
19432 13.8
19432 8.92
19433 0.76
19433 1.36
19433 13.8
19433 8.92
19434 0.76
19434 1.36
19434 13.8
19434 8.92
19435 0.76
19435 1.36
19435 13.8
19435 8.92
19436 0.76
19436 1.36
19436 13.8
19436 8.92
19437 0.76
19437 1.36
19437 13.8
19437 8.92
19438 0.76
19438 1.36
19438 13.8
19438 8.92
19439 0.76
19439 1.36
19439 13.8
19439 8.92
19440 0.76
19440 1.36
19440 13.8
19440 8.92
19441 0.76
19441 1.36
19441 13.8
19441 8.92
19476 0.76
19476 1.36
19476 13.8
19476 8.92
19477 0.76
19477 1.36
19477 13.8
19477 8.92
19478 0.76
19478 1.36
19478 13.8
19478 8.92
19479 0.76
19479 1.36
19479 13.8
19479 8.92
19480 0.76
19480 1.36
19480 13.8
19480 8.92
19481 0.76
19481 1.36
19481 13.8
19481 8.92
19482 0.76
19482 1.36
19482 13.8
19482 8.92
19483 0.76
19483 1.36
19483 13.8
19483 8.92
19484 0.76
19484 1.36
19484 13.8
19484 8.92
19485 0.76
19485 1.36
19485 13.8
19485 8.92
19486 0.76
19486 1.36
19486 13.8
19486 8.92
19487 0.76
19487 1.36
19487 13.8
19487 8.92
19488 0.76
19488 1.36
19488 13.8
19488 8.92
19489 0.76
19489 1.36
19489 13.8
19489 8.92
19490 0.76
19490 1.36
19490 13.8
19490 8.92
19491 0.76
19491 1.36
19491 13.8
19491 8.92
19492 0.76
19492 1.36
19492 13.8
19492 8.92
19493 0.76
19493 1.36
19493 13.8
19493 8.92
19494 0.76
19494 1.36
19494 13.8
19494 8.92
19495 0.76
19495 1.36
19495 13.8
19495 8.92
19496 0.76
19496 1.36
19496 13.8
19496 8.92
19497 0.76
19497 1.36
19497 13.8
19497 8.92
19498 0.76
19498 1.36
19498 13.8
19498 8.92
19499 0.76
19499 1.36
19499 13.8
19499 8.92
19500 0.76
19500 1.36
19500 13.8
19500 8.92
19501 0.76
19501 1.36
19501 13.8
19501 8.92
19502 0.76
19502 1.36
19502 13.8
19502 8.92
19503 0.76
19503 1.36
19503 13.8
19503 8.92
19504 0.76
19504 1.36
19504 13.8
19504 8.92
19505 0.76
19505 1.36
19505 13.8
19505 8.92
19506 0.76
19506 1.36
19506 13.8
19506 8.92
19507 0.76
19507 1.36
19507 13.8
19507 8.92
19508 0.76
19508 1.36
19508 13.8
19508 8.92
19509 0.76
19509 1.36
19509 13.8
19509 8.92
19510 0.76
19510 1.36
19510 13.8
19510 8.92
19511 0.76
19511 1.36
19511 13.8
19511 8.92
19512 0.76
19512 1.36
19512 13.8
19512 8.92
19513 0.76
19513 1.36
19513 13.8
19513 8.92
19514 0.76
19514 1.36
19514 13.8
19514 8.92
19546 0.76
19546 1.36
19546 13.8
19546 8.92
19547 0.76
19547 1.36
19547 13.8
19547 8.92
19548 0.76
19548 1.36
19548 13.8
19548 8.92
19549 0.76
19549 1.36
19549 13.8
19549 8.92
19550 0.76
19550 1.36
19550 13.8
19550 8.92
19551 0.76
19551 1.36
19551 13.8
19551 8.92
19552 0.76
19552 1.36
19552 13.8
19552 8.92
19553 0.76
19553 1.36
19553 13.8
19553 8.92
19554 0.76
19554 1.36
19554 13.8
19554 8.92
19555 0.76
19555 1.36
19555 13.8
19555 8.92
19556 0.76
19556 1.36
19556 13.8
19556 8.92
19557 0.76
19557 1.36
19557 13.8
19557 8.92
19558 0.76
19558 1.36
19558 13.8
19558 8.92
19559 0.76
19559 1.36
19559 13.8
19559 8.92
19560 0.76
19560 1.36
19560 13.8
19560 8.92
19561 0.76
19561 1.36
19561 13.8
19561 8.92
19562 0.76
19562 1.36
19562 13.8
19562 8.92
19563 0.76
19563 1.36
19563 13.8
19563 8.92
19564 0.76
19564 1.36
19564 13.8
19564 8.92
19565 0.76
19565 1.36
19565 13.8
19565 8.92
19566 0.76
19566 1.36
19566 13.8
19566 8.92
19567 0.76
19567 1.36
19567 13.8
19567 8.92
19568 0.76
19568 1.36
19568 13.8
19568 8.92
19569 0.76
19569 1.36
19569 13.8
19569 8.92
19570 0.76
19570 1.36
19570 13.8
19570 8.92
19571 0.76
19571 1.36
19571 13.8
19571 8.92
19572 0.76
19572 1.36
19572 13.8
19572 8.92
19573 0.76
19573 1.36
19573 13.8
19573 8.92
19574 0.76
19574 1.36
19574 13.8
19574 8.92
19575 0.76
19575 1.36
19575 13.8
19575 8.92
19576 0.76
19576 1.36
19576 13.8
19576 8.92
19577 0.76
19577 1.36
19577 13.8
19577 8.92
19578 0.76
19578 1.36
19578 13.8
19578 8.92
19579 0.76
19579 1.36
19579 13.8
19579 8.92
19580 0.76
19580 1.36
19580 13.8
19580 8.92
19581 0.76
19581 1.36
19581 13.8
19581 8.92
19582 0.76
19582 1.36
19582 13.8
19582 8.92
19583 0.76
19583 1.36
19583 13.8
19583 8.92
19584 0.76
19584 1.36
19584 13.8
19584 8.92
19585 0.76
19585 1.36
19585 13.8
19585 8.92
19617 0.76
19617 1.36
19617 13.8
19617 8.92
19618 0.76
19618 1.36
19618 13.8
19618 8.92
19619 0.76
19619 1.36
19619 13.8
19619 8.92
19620 0.76
19620 1.36
19620 13.8
19620 8.92
19621 0.76
19621 1.36
19621 13.8
19621 8.92
19622 0.76
19622 1.36
19622 13.8
19622 8.92
19623 0.76
19623 1.36
19623 13.8
19623 8.92
19624 0.76
19624 1.36
19624 13.8
19624 8.92
19625 0.76
19625 1.36
19625 13.8
19625 8.92
19626 0.76
19626 1.36
19626 13.8
19626 8.92
19627 0.76
19627 1.36
19627 13.8
19627 8.92
19628 0.76
19628 1.36
19628 13.8
19628 8.92
19629 0.76
19629 1.36
19629 13.8
19629 8.92
19630 0.76
19630 1.36
19630 13.8
19630 8.92
19631 0.76
19631 1.36
19631 13.8
19631 8.92
19632 0.76
19632 1.36
19632 13.8
19632 8.92
19633 0.76
19633 1.36
19633 13.8
19633 8.92
19634 0.76
19634 1.36
19634 13.8
19634 8.92
19635 0.76
19635 1.36
19635 13.8
19635 8.92
19636 0.76
19636 1.36
19636 13.8
19636 8.92
19637 0.76
19637 1.36
19637 13.8
19637 8.92
19638 0.76
19638 1.36
19638 13.8
19638 8.92
19639 0.76
19639 1.36
19639 13.8
19639 8.92
19640 0.76
19640 1.36
19640 13.8
19640 8.92
19641 0.76
19641 1.36
19641 13.8
19641 8.92
19642 0.76
19642 1.36
19642 13.8
19642 8.92
19643 0.76
19643 1.36
19643 13.8
19643 8.92
19644 0.76
19644 1.36
19644 13.8
19644 8.92
19645 0.76
19645 1.36
19645 13.8
19645 8.92
19646 0.76
19646 1.36
19646 13.8
19646 8.92
19647 0.76
19647 1.36
19647 13.8
19647 8.92
19648 0.76
19648 1.36
19648 13.8
19648 8.92
19649 0.76
19649 1.36
19649 13.8
19649 8.92
19650 0.76
19650 1.36
19650 13.8
19650 8.92
19651 0.76
19651 1.36
19651 13.8
19651 8.92
19652 0.76
19652 1.36
19652 13.8
19652 8.92
19653 0.76
19653 1.36
19653 13.8
19653 8.92
19654 0.76
19654 1.36
19654 13.8
19654 8.92
19655 0.76
19655 1.36
19655 13.8
19655 8.92
19689 0.76
19689 1.36
19689 13.8
19689 8.92
19690 0.76
19690 1.36
19690 13.8
19690 8.92
19691 0.76
19691 1.36
19691 13.8
19691 8.92
19692 0.76
19692 1.36
19692 13.8
19692 8.92
19693 0.76
19693 1.36
19693 13.8
19693 8.92
19694 0.76
19694 1.36
19694 13.8
19694 8.92
19695 0.76
19695 1.36
19695 13.8
19695 8.92
19696 0.76
19696 1.36
19696 13.8
19696 8.92
19697 0.76
19697 1.36
19697 13.8
19697 8.92
19698 0.76
19698 1.36
19698 13.8
19698 8.92
19699 0.76
19699 1.36
19699 13.8
19699 8.92
19700 0.76
19700 1.36
19700 13.8
19700 8.92
19701 0.76
19701 1.36
19701 13.8
19701 8.92
19702 0.76
19702 1.36
19702 13.8
19702 8.92
19703 0.76
19703 1.36
19703 13.8
19703 8.92
19704 0.76
19704 1.36
19704 13.8
19704 8.92
19705 0.76
19705 1.36
19705 13.8
19705 8.92
19706 0.76
19706 1.36
19706 13.8
19706 8.92
19707 0.76
19707 1.36
19707 13.8
19707 8.92
19708 0.76
19708 1.36
19708 13.8
19708 8.92
19709 0.76
19709 1.36
19709 13.8
19709 8.92
19710 0.76
19710 1.36
19710 13.8
19710 8.92
19711 0.76
19711 1.36
19711 13.8
19711 8.92
19712 0.76
19712 1.36
19712 13.8
19712 8.92
19713 0.76
19713 1.36
19713 13.8
19713 8.92
19714 0.76
19714 1.36
19714 13.8
19714 8.92
19715 0.76
19715 1.36
19715 13.8
19715 8.92
19716 0.76
19716 1.36
19716 13.8
19716 8.92
19717 0.76
19717 1.36
19717 13.8
19717 8.92
19718 0.76
19718 1.36
19718 13.8
19718 8.92
19719 0.76
19719 1.36
19719 13.8
19719 8.92
19720 0.76
19720 1.36
19720 13.8
19720 8.92
19721 0.76
19721 1.36
19721 13.8
19721 8.92
19722 0.76
19722 1.36
19722 13.8
19722 8.92
19723 0.76
19723 1.36
19723 13.8
19723 8.92
19724 0.76
19724 1.36
19724 13.8
19724 8.92
19755 0.76
19755 1.36
19755 13.8
19755 8.92
19756 0.76
19756 1.36
19756 13.8
19756 8.92
19757 0.76
19757 1.36
19757 13.8
19757 8.92
19758 0.76
19758 1.36
19758 13.8
19758 8.92
19759 0.76
19759 1.36
19759 13.8
19759 8.92
19760 0.76
19760 1.36
19760 13.8
19760 8.92
19761 0.76
19761 1.36
19761 13.8
19761 8.92
19762 0.76
19762 1.36
19762 13.8
19762 8.92
19763 0.76
19763 1.36
19763 13.8
19763 8.92
19764 0.76
19764 1.36
19764 13.8
19764 8.92
19765 0.76
19765 1.36
19765 13.8
19765 8.92
19766 0.76
19766 1.36
19766 13.8
19766 8.92
19767 0.76
19767 1.36
19767 13.8
19767 8.92
19768 0.76
19768 1.36
19768 13.8
19768 8.92
19769 0.76
19769 1.36
19769 13.8
19769 8.92
19770 0.76
19770 1.36
19770 13.8
19770 8.92
19771 0.76
19771 1.36
19771 13.8
19771 8.92
19772 0.76
19772 1.36
19772 13.8
19772 8.92
19773 0.76
19773 1.36
19773 13.8
19773 8.92
19774 0.76
19774 1.36
19774 13.8
19774 8.92
19775 0.76
19775 1.36
19775 13.8
19775 8.92
19776 0.76
19776 1.36
19776 13.8
19776 8.92
19777 0.76
19777 1.36
19777 13.8
19777 8.92
19778 0.76
19778 1.36
19778 13.8
19778 8.92
19779 0.76
19779 1.36
19779 13.8
19779 8.92
19780 0.76
19780 1.36
19780 13.8
19780 8.92
19781 0.76
19781 1.36
19781 13.8
19781 8.92
19782 0.76
19782 1.36
19782 13.8
19782 8.92
19783 0.76
19783 1.36
19783 13.8
19783 8.92
19784 0.76
19784 1.36
19784 13.8
19784 8.92
19785 0.76
19785 1.36
19785 13.8
19785 8.92
19786 0.76
19786 1.36
19786 13.8
19786 8.92
19787 0.76
19787 1.36
19787 13.8
19787 8.92
19788 0.76
19788 1.36
19788 13.8
19788 8.92
19789 0.76
19789 1.36
19789 13.8
19789 8.92
19817 0.76
19817 1.36
19817 13.8
19817 8.92
19818 0.76
19818 1.36
19818 13.8
19818 8.92
19819 0.76
19819 1.36
19819 13.8
19819 8.92
19820 0.76
19820 1.36
19820 13.8
19820 8.92
19821 0.76
19821 1.36
19821 13.8
19821 8.92
19822 0.76
19822 1.36
19822 13.8
19822 8.92
19823 0.76
19823 1.36
19823 13.8
19823 8.92
19824 0.76
19824 1.36
19824 13.8
19824 8.92
19825 0.76
19825 1.36
19825 13.8
19825 8.92
19826 0.76
19826 1.36
19826 13.8
19826 8.92
19827 0.76
19827 1.36
19827 13.8
19827 8.92
19828 0.76
19828 1.36
19828 13.8
19828 8.92
19829 0.76
19829 1.36
19829 13.8
19829 8.92
19830 0.76
19830 1.36
19830 13.8
19830 8.92
19831 0.76
19831 1.36
19831 13.8
19831 8.92
19832 0.76
19832 1.36
19832 13.8
19832 8.92
19833 0.76
19833 1.36
19833 13.8
19833 8.92
19834 0.76
19834 1.36
19834 13.8
19834 8.92
19835 0.76
19835 1.36
19835 13.8
19835 8.92
19836 0.76
19836 1.36
19836 13.8
19836 8.92
19837 0.76
19837 1.36
19837 13.8
19837 8.92
19838 0.76
19838 1.36
19838 13.8
19838 8.92
19839 0.76
19839 1.36
19839 13.8
19839 8.92
19840 0.76
19840 1.36
19840 13.8
19840 8.92
19841 0.76
19841 1.36
19841 13.8
19841 8.92
19842 0.76
19842 1.36
19842 13.8
19842 8.92
19843 0.76
19843 1.36
19843 13.8
19843 8.92
19844 0.76
19844 1.36
19844 13.8
19844 8.92
19845 0.76
19845 1.36
19845 13.8
19845 8.92
19846 0.76
19846 1.36
19846 13.8
19846 8.92
19847 0.76
19847 1.36
19847 13.8
19847 8.92
19848 0.76
19848 1.36
19848 13.8
19848 8.92
19849 0.76
19849 1.36
19849 13.8
19849 8.92
19850 0.76
19850 1.36
19850 13.8
19850 8.92
19851 0.76
19851 1.36
19851 13.8
19851 8.92
19881 0.76
19881 1.36
19881 13.8
19881 8.92
19882 0.76
19882 1.36
19882 13.8
19882 8.92
19883 0.76
19883 1.36
19883 13.8
19883 8.92
19884 0.76
19884 1.36
19884 13.8
19884 8.92
19885 0.76
19885 1.36
19885 13.8
19885 8.92
19886 0.76
19886 1.36
19886 13.8
19886 8.92
19887 0.76
19887 1.36
19887 13.8
19887 8.92
19888 0.76
19888 1.36
19888 13.8
19888 8.92
19889 0.76
19889 1.36
19889 13.8
19889 8.92
19890 0.76
19890 1.36
19890 13.8
19890 8.92
19891 0.76
19891 1.36
19891 13.8
19891 8.92
19892 0.76
19892 1.36
19892 13.8
19892 8.92
19893 0.76
19893 1.36
19893 13.8
19893 8.92
19894 0.76
19894 1.36
19894 13.8
19894 8.92
19895 0.76
19895 1.36
19895 13.8
19895 8.92
19896 0.76
19896 1.36
19896 13.8
19896 8.92
19897 0.76
19897 1.36
19897 13.8
19897 8.92
19898 0.76
19898 1.36
19898 13.8
19898 8.92
19899 0.76
19899 1.36
19899 13.8
19899 8.92
19900 0.76
19900 1.36
19900 13.8
19900 8.92
19901 0.76
19901 1.36
19901 13.8
19901 8.92
19902 0.76
19902 1.36
19902 13.8
19902 8.92
19903 0.76
19903 1.36
19903 13.8
19903 8.92
19904 0.76
19904 1.36
19904 13.8
19904 8.92
19935 0.76
19935 1.36
19935 13.8
19935 8.92
19936 0.76
19936 1.36
19936 13.8
19936 8.92
19937 0.76
19937 1.36
19937 13.8
19937 8.92
19938 0.76
19938 1.36
19938 13.8
19938 8.92
19939 0.76
19939 1.36
19939 13.8
19939 8.92
19940 0.76
19940 1.36
19940 13.8
19940 8.92
19941 0.76
19941 1.36
19941 13.8
19941 8.92
19942 0.76
19942 1.36
19942 13.8
19942 8.92
19943 0.76
19943 1.36
19943 13.8
19943 8.92
19944 0.76
19944 1.36
19944 13.8
19944 8.92
19945 0.76
19945 1.36
19945 13.8
19945 8.92
19946 0.76
19946 1.36
19946 13.8
19946 8.92
19947 0.76
19947 1.36
19947 13.8
19947 8.92
19948 0.76
19948 1.36
19948 13.8
19948 8.92
19949 0.76
19949 1.36
19949 13.8
19949 8.92
19950 0.76
19950 1.36
19950 13.8
19950 8.92
19951 0.76
19951 1.36
19951 13.8
19951 8.92
19952 0.76
19952 1.36
19952 13.8
19952 8.92
19953 0.76
19953 1.36
19953 13.8
19953 8.92
19954 0.76
19954 1.36
19954 13.8
19954 8.92
19955 0.76
19955 1.36
19955 13.8
19955 8.92
19956 0.76
19956 1.36
19956 13.8
19956 8.92
19957 0.76
19957 1.36
19957 13.8
19957 8.92
19987 0.76
19987 1.36
19987 13.8
19987 8.92
19988 0.76
19988 1.36
19988 13.8
19988 8.92
19989 0.76
19989 1.36
19989 13.8
19989 8.92
19990 0.76
19990 1.36
19990 13.8
19990 8.92
19991 0.76
19991 1.36
19991 13.8
19991 8.92
19992 0.76
19992 1.36
19992 13.8
19992 8.92
19993 0.76
19993 1.36
19993 13.8
19993 8.92
19994 0.76
19994 1.36
19994 13.8
19994 8.92
19995 0.76
19995 1.36
19995 13.8
19995 8.92
19996 0.76
19996 1.36
19996 13.8
19996 8.92
19997 0.76
19997 1.36
19997 13.8
19997 8.92
19998 0.76
19998 1.36
19998 13.8
19998 8.92
19999 0.76
19999 1.36
19999 13.8
19999 8.92
20000 0.76
20000 1.36
20000 13.8
20000 8.92
20001 0.76
20001 1.36
20001 13.8
20001 8.92
20002 0.76
20002 1.36
20002 13.8
20002 8.92
20003 0.76
20003 1.36
20003 13.8
20003 8.92
20004 0.76
20004 1.36
20004 13.8
20004 8.92
20005 0.76
20005 1.36
20005 13.8
20005 8.92
20006 0.76
20006 1.36
20006 13.8
20006 8.92
20007 0.76
20007 1.36
20007 13.8
20007 8.92
20008 0.76
20008 1.36
20008 13.8
20008 8.92
20009 0.76
20009 1.36
20009 13.8
20009 8.92
20010 0.76
20010 1.36
20010 13.8
20010 8.92
20041 0.76
20041 1.36
20041 13.8
20041 8.92
20042 0.76
20042 1.36
20042 13.8
20042 8.92
20043 0.76
20043 1.36
20043 13.8
20043 8.92
20044 0.76
20044 1.36
20044 13.8
20044 8.92
20045 0.76
20045 1.36
20045 13.8
20045 8.92
20046 0.76
20046 1.36
20046 13.8
20046 8.92
20047 0.76
20047 1.36
20047 13.8
20047 8.92
20048 0.76
20048 1.36
20048 13.8
20048 8.92
20049 0.76
20049 1.36
20049 13.8
20049 8.92
20050 0.76
20050 1.36
20050 13.8
20050 8.92
20051 0.76
20051 1.36
20051 13.8
20051 8.92
20052 0.76
20052 1.36
20052 13.8
20052 8.92
20053 0.76
20053 1.36
20053 13.8
20053 8.92
20054 0.76
20054 1.36
20054 13.8
20054 8.92
20055 0.76
20055 1.36
20055 13.8
20055 8.92
20056 0.76
20056 1.36
20056 13.8
20056 8.92
20057 0.76
20057 1.36
20057 13.8
20057 8.92
20058 0.76
20058 1.36
20058 13.8
20058 8.92
20059 0.76
20059 1.36
20059 13.8
20059 8.92
20060 0.76
20060 1.36
20060 13.8
20060 8.92
20061 0.76
20061 1.36
20061 13.8
20061 8.92
20062 0.76
20062 1.36
20062 13.8
20062 8.92
20063 0.76
20063 1.36
20063 13.8
20063 8.92
20093 0.76
20093 1.36
20093 13.8
20093 8.92
20094 0.76
20094 1.36
20094 13.8
20094 8.92
20095 0.76
20095 1.36
20095 13.8
20095 8.92
20096 0.76
20096 1.36
20096 13.8
20096 8.92
20097 0.76
20097 1.36
20097 13.8
20097 8.92
20098 0.76
20098 1.36
20098 13.8
20098 8.92
20099 0.76
20099 1.36
20099 13.8
20099 8.92
20100 0.76
20100 1.36
20100 13.8
20100 8.92
20101 0.76
20101 1.36
20101 13.8
20101 8.92
20102 0.76
20102 1.36
20102 13.8
20102 8.92
20103 0.76
20103 1.36
20103 13.8
20103 8.92
20104 0.76
20104 1.36
20104 13.8
20104 8.92
20105 0.76
20105 1.36
20105 13.8
20105 8.92
20106 0.76
20106 1.36
20106 13.8
20106 8.92
20107 0.76
20107 1.36
20107 13.8
20107 8.92
20108 0.76
20108 1.36
20108 13.8
20108 8.92
20109 0.76
20109 1.36
20109 13.8
20109 8.92
20110 0.76
20110 1.36
20110 13.8
20110 8.92
20111 0.76
20111 1.36
20111 13.8
20111 8.92
20112 0.76
20112 1.36
20112 13.8
20112 8.92
20113 0.76
20113 1.36
20113 13.8
20113 8.92
20114 0.76
20114 1.36
20114 13.8
20114 8.92
20145 0.76
20145 1.36
20145 13.8
20145 8.92
20146 0.76
20146 1.36
20146 13.8
20146 8.92
20147 0.76
20147 1.36
20147 13.8
20147 8.92
20148 0.76
20148 1.36
20148 13.8
20148 8.92
20149 0.76
20149 1.36
20149 13.8
20149 8.92
20150 0.76
20150 1.36
20150 13.8
20150 8.92
20151 0.76
20151 1.36
20151 13.8
20151 8.92
20152 0.76
20152 1.36
20152 13.8
20152 8.92
20153 0.76
20153 1.36
20153 13.8
20153 8.92
20154 0.76
20154 1.36
20154 13.8
20154 8.92
20155 0.76
20155 1.36
20155 13.8
20155 8.92
20156 0.76
20156 1.36
20156 13.8
20156 8.92
20157 0.76
20157 1.36
20157 13.8
20157 8.92
20158 0.76
20158 1.36
20158 13.8
20158 8.92
20159 0.76
20159 1.36
20159 13.8
20159 8.92
20160 0.76
20160 1.36
20160 13.8
20160 8.92
20161 0.76
20161 1.36
20161 13.8
20161 8.92
20162 0.76
20162 1.36
20162 13.8
20162 8.92
20163 0.76
20163 1.36
20163 13.8
20163 8.92
20164 0.76
20164 1.36
20164 13.8
20164 8.92
20190 0.76
20190 1.36
20190 13.8
20190 8.92
20191 0.76
20191 1.36
20191 13.8
20191 8.92
20192 0.76
20192 1.36
20192 13.8
20192 8.92
20193 0.76
20193 1.36
20193 13.8
20193 8.92
20194 0.76
20194 1.36
20194 13.8
20194 8.92
20195 0.76
20195 1.36
20195 13.8
20195 8.92
20196 0.76
20196 1.36
20196 13.8
20196 8.92
20197 0.76
20197 1.36
20197 13.8
20197 8.92
20198 0.76
20198 1.36
20198 13.8
20198 8.92
20199 0.76
20199 1.36
20199 13.8
20199 8.92
20200 0.76
20200 1.36
20200 13.8
20200 8.92
20201 0.76
20201 1.36
20201 13.8
20201 8.92
20202 0.76
20202 1.36
20202 13.8
20202 8.92
20203 0.76
20203 1.36
20203 13.8
20203 8.92
20204 0.76
20204 1.36
20204 13.8
20204 8.92
20205 0.76
20205 1.36
20205 13.8
20205 8.92
20206 0.76
20206 1.36
20206 13.8
20206 8.92
20207 0.76
20207 1.36
20207 13.8
20207 8.92
20208 0.76
20208 1.36
20208 13.8
20208 8.92
20238 0.76
20238 1.36
20238 13.8
20238 8.92
20239 0.76
20239 1.36
20239 13.8
20239 8.92
20240 0.76
20240 1.36
20240 13.8
20240 8.92
20241 0.76
20241 1.36
20241 13.8
20241 8.92
20242 0.76
20242 1.36
20242 13.8
20242 8.92
20243 0.76
20243 1.36
20243 13.8
20243 8.92
20244 0.76
20244 1.36
20244 13.8
20244 8.92
20245 0.76
20245 1.36
20245 13.8
20245 8.92
20246 0.76
20246 1.36
20246 13.8
20246 8.92
20247 0.76
20247 1.36
20247 13.8
20247 8.92
20248 0.76
20248 1.36
20248 13.8
20248 8.92
20249 0.76
20249 1.36
20249 13.8
20249 8.92
20277 0.76
20277 1.36
20277 13.8
20277 8.92
20278 0.76
20278 1.36
20278 13.8
20278 8.92
20279 0.76
20279 1.36
20279 13.8
20279 8.92
20280 0.76
20280 1.36
20280 13.8
20280 8.92
20281 0.76
20281 1.36
20281 13.8
20281 8.92
20282 0.76
20282 1.36
20282 13.8
20282 8.92
20283 0.76
20283 1.36
20283 13.8
20283 8.92
20284 0.76
20284 1.36
20284 13.8
20284 8.92
20285 0.76
20285 1.36
20285 13.8
20285 8.92
20286 0.76
20286 1.36
20286 13.8
20286 8.92
