pt_graph scale
20 14.48
20 1.16
20 25.44
20 18.04
21 14.48
21 1.16
21 25.44
21 18.04
22 14.48
22 1.16
22 25.44
22 18.04
23 14.48
23 1.16
23 25.44
23 18.04
24 14.48
24 1.16
24 25.44
24 18.04
25 14.48
25 1.16
25 25.44
25 18.04
43 14.48
43 1.16
43 25.44
43 18.04
44 14.48
44 1.16
44 25.44
44 18.04
45 14.48
45 1.16
45 25.44
45 18.04
46 14.48
46 1.16
46 25.44
46 18.04
47 14.48
47 1.16
47 25.44
47 18.04
48 14.48
48 1.16
48 25.44
48 18.04
49 14.48
49 1.16
49 25.44
49 18.04
73 14.48
73 1.16
73 25.44
73 18.04
74 14.48
74 1.16
74 25.44
74 18.04
75 14.48
75 1.16
75 25.44
75 18.04
76 14.48
76 1.16
76 25.44
76 18.04
77 14.48
77 1.16
77 25.44
77 18.04
78 14.48
78 1.16
78 25.44
78 18.04
79 14.48
79 1.16
79 25.44
79 18.04
80 14.48
80 1.16
80 25.44
80 18.04
81 14.48
81 1.16
81 25.44
81 18.04
110 14.48
110 1.16
110 25.44
110 18.04
111 14.48
111 1.16
111 25.44
111 18.04
112 14.48
112 1.16
112 25.44
112 18.04
113 14.48
113 1.16
113 25.44
113 18.04
114 14.48
114 1.16
114 25.44
114 18.04
115 14.48
115 1.16
115 25.44
115 18.04
116 14.48
116 1.16
116 25.44
116 18.04
117 14.48
117 1.16
117 25.44
117 18.04
118 14.48
118 1.16
118 25.44
118 18.04
119 14.48
119 1.16
119 25.44
119 18.04
150 14.48
150 1.16
150 25.44
150 18.04
151 14.48
151 1.16
151 25.44
151 18.04
152 14.48
152 1.16
152 25.44
152 18.04
153 14.48
153 1.16
153 25.44
153 18.04
154 14.48
154 1.16
154 25.44
154 18.04
155 14.48
155 1.16
155 25.44
155 18.04
156 14.48
156 1.16
156 25.44
156 18.04
157 14.48
157 1.16
157 25.44
157 18.04
158 14.48
158 1.16
158 25.44
158 18.04
159 14.48
159 1.16
159 25.44
159 18.04
160 14.48
160 1.16
160 25.44
160 18.04
161 14.48
161 1.16
161 25.44
161 18.04
162 14.48
162 1.16
162 25.44
162 18.04
163 14.48
163 1.16
163 25.44
163 18.04
164 14.48
164 1.16
164 25.44
164 18.04
165 14.48
165 1.16
165 25.44
165 18.04
203 14.48
203 1.16
203 25.44
203 18.04
204 14.48
204 1.16
204 25.44
204 18.04
205 14.48
205 1.16
205 25.44
205 18.04
206 14.48
206 1.16
206 25.44
206 18.04
207 14.48
207 1.16
207 25.44
207 18.04
208 14.48
208 1.16
208 25.44
208 18.04
209 14.48
209 1.16
209 25.44
209 18.04
210 14.48
210 1.16
210 25.44
210 18.04
211 14.48
211 1.16
211 25.44
211 18.04
212 14.48
212 1.16
212 25.44
212 18.04
213 14.48
213 1.16
213 25.44
213 18.04
214 14.48
214 1.16
214 25.44
214 18.04
215 14.48
215 1.16
215 25.44
215 18.04
216 14.48
216 1.16
216 25.44
216 18.04
217 14.48
217 1.16
217 25.44
217 18.04
218 14.48
218 1.16
218 25.44
218 18.04
257 14.48
257 1.16
257 25.44
257 18.04
258 14.48
258 1.16
258 25.44
258 18.04
259 14.48
259 1.16
259 25.44
259 18.04
260 14.48
260 1.16
260 25.44
260 18.04
261 14.48
261 1.16
261 25.44
261 18.04
262 14.48
262 1.16
262 25.44
262 18.04
263 14.48
263 1.16
263 25.44
263 18.04
264 14.48
264 1.16
264 25.44
264 18.04
265 14.48
265 1.16
265 25.44
265 18.04
266 14.48
266 1.16
266 25.44
266 18.04
267 14.48
267 1.16
267 25.44
267 18.04
268 14.48
268 1.16
268 25.44
268 18.04
269 14.48
269 1.16
269 25.44
269 18.04
270 14.48
270 1.16
270 25.44
270 18.04
271 14.48
271 1.16
271 25.44
271 18.04
272 14.48
272 1.16
272 25.44
272 18.04
273 14.48
273 1.16
273 25.44
273 18.04
274 14.48
274 1.16
274 25.44
274 18.04
275 14.48
275 1.16
275 25.44
275 18.04
276 14.48
276 1.16
276 25.44
276 18.04
277 14.48
277 1.16
277 25.44
277 18.04
322 14.48
322 1.16
322 25.44
322 18.04
323 14.48
323 1.16
323 25.44
323 18.04
324 14.48
324 1.16
324 25.44
324 18.04
325 14.48
325 1.16
325 25.44
325 18.04
326 14.48
326 1.16
326 25.44
326 18.04
327 14.48
327 1.16
327 25.44
327 18.04
328 14.48
328 1.16
328 25.44
328 18.04
329 14.48
329 1.16
329 25.44
329 18.04
330 14.48
330 1.16
330 25.44
330 18.04
331 14.48
331 1.16
331 25.44
331 18.04
332 14.48
332 1.16
332 25.44
332 18.04
333 14.48
333 1.16
333 25.44
333 18.04
334 14.48
334 1.16
334 25.44
334 18.04
335 14.48
335 1.16
335 25.44
335 18.04
336 14.48
336 1.16
336 25.44
336 18.04
337 14.48
337 1.16
337 25.44
337 18.04
338 14.48
338 1.16
338 25.44
338 18.04
339 14.48
339 1.16
339 25.44
339 18.04
340 14.48
340 1.16
340 25.44
340 18.04
341 14.48
341 1.16
341 25.44
341 18.04
342 14.48
342 1.16
342 25.44
342 18.04
392 14.48
392 1.16
392 25.44
392 18.04
393 14.48
393 1.16
393 25.44
393 18.04
394 14.48
394 1.16
394 25.44
394 18.04
395 14.48
395 1.16
395 25.44
395 18.04
396 14.48
396 1.16
396 25.44
396 18.04
397 14.48
397 1.16
397 25.44
397 18.04
398 14.48
398 1.16
398 25.44
398 18.04
399 14.48
399 1.16
399 25.44
399 18.04
400 14.48
400 1.16
400 25.44
400 18.04
401 14.48
401 1.16
401 25.44
401 18.04
402 14.48
402 1.16
402 25.44
402 18.04
403 14.48
403 1.16
403 25.44
403 18.04
404 14.48
404 1.16
404 25.44
404 18.04
405 14.48
405 1.16
405 25.44
405 18.04
406 14.48
406 1.16
406 25.44
406 18.04
407 14.48
407 1.16
407 25.44
407 18.04
408 14.48
408 1.16
408 25.44
408 18.04
409 14.48
409 1.16
409 25.44
409 18.04
410 14.48
410 1.16
410 25.44
410 18.04
411 14.48
411 1.16
411 25.44
411 18.04
412 14.48
412 1.16
412 25.44
412 18.04
413 14.48
413 1.16
413 25.44
413 18.04
468 14.48
468 1.16
468 25.44
468 18.04
469 14.48
469 1.16
469 25.44
469 18.04
470 14.48
470 1.16
470 25.44
470 18.04
471 14.48
471 1.16
471 25.44
471 18.04
472 14.48
472 1.16
472 25.44
472 18.04
473 14.48
473 1.16
473 25.44
473 18.04
474 14.48
474 1.16
474 25.44
474 18.04
475 14.48
475 1.16
475 25.44
475 18.04
476 14.48
476 1.16
476 25.44
476 18.04
477 14.48
477 1.16
477 25.44
477 18.04
478 14.48
478 1.16
478 25.44
478 18.04
479 14.48
479 1.16
479 25.44
479 18.04
480 14.48
480 1.16
480 25.44
480 18.04
481 14.48
481 1.16
481 25.44
481 18.04
482 14.48
482 1.16
482 25.44
482 18.04
483 14.48
483 1.16
483 25.44
483 18.04
484 14.48
484 1.16
484 25.44
484 18.04
485 14.48
485 1.16
485 25.44
485 18.04
486 14.48
486 1.16
486 25.44
486 18.04
487 14.48
487 1.16
487 25.44
487 18.04
488 14.48
488 1.16
488 25.44
488 18.04
489 14.48
489 1.16
489 25.44
489 18.04
490 14.48
490 1.16
490 25.44
490 18.04
491 14.48
491 1.16
491 25.44
491 18.04
553 14.48
553 1.16
553 25.44
553 18.04
554 14.48
554 1.16
554 25.44
554 18.04
555 14.48
555 1.16
555 25.44
555 18.04
556 14.48
556 1.16
556 25.44
556 18.04
557 14.48
557 1.16
557 25.44
557 18.04
558 14.48
558 1.16
558 25.44
558 18.04
559 14.48
559 1.16
559 25.44
559 18.04
560 14.48
560 1.16
560 25.44
560 18.04
561 14.48
561 1.16
561 25.44
561 18.04
562 14.48
562 1.16
562 25.44
562 18.04
563 14.48
563 1.16
563 25.44
563 18.04
564 14.48
564 1.16
564 25.44
564 18.04
565 14.48
565 1.16
565 25.44
565 18.04
566 14.48
566 1.16
566 25.44
566 18.04
567 14.48
567 1.16
567 25.44
567 18.04
568 14.48
568 1.16
568 25.44
568 18.04
569 14.48
569 1.16
569 25.44
569 18.04
570 14.48
570 1.16
570 25.44
570 18.04
571 14.48
571 1.16
571 25.44
571 18.04
572 14.48
572 1.16
572 25.44
572 18.04
573 14.48
573 1.16
573 25.44
573 18.04
574 14.48
574 1.16
574 25.44
574 18.04
575 14.48
575 1.16
575 25.44
575 18.04
576 14.48
576 1.16
576 25.44
576 18.04
639 14.48
639 1.16
639 25.44
639 18.04
640 14.48
640 1.16
640 25.44
640 18.04
641 14.48
641 1.16
641 25.44
641 18.04
642 14.48
642 1.16
642 25.44
642 18.04
643 14.48
643 1.16
643 25.44
643 18.04
644 14.48
644 1.16
644 25.44
644 18.04
645 14.48
645 1.16
645 25.44
645 18.04
646 14.48
646 1.16
646 25.44
646 18.04
647 14.48
647 1.16
647 25.44
647 18.04
648 14.48
648 1.16
648 25.44
648 18.04
649 14.48
649 1.16
649 25.44
649 18.04
650 14.48
650 1.16
650 25.44
650 18.04
651 14.48
651 1.16
651 25.44
651 18.04
652 14.48
652 1.16
652 25.44
652 18.04
653 14.48
653 1.16
653 25.44
653 18.04
654 14.48
654 1.16
654 25.44
654 18.04
655 14.48
655 1.16
655 25.44
655 18.04
656 14.48
656 1.16
656 25.44
656 18.04
657 14.48
657 1.16
657 25.44
657 18.04
658 14.48
658 1.16
658 25.44
658 18.04
659 14.48
659 1.16
659 25.44
659 18.04
660 14.48
660 1.16
660 25.44
660 18.04
661 14.48
661 1.16
661 25.44
661 18.04
662 14.48
662 1.16
662 25.44
662 18.04
663 14.48
663 1.16
663 25.44
663 18.04
664 14.48
664 1.16
664 25.44
664 18.04
665 14.48
665 1.16
665 25.44
665 18.04
666 14.48
666 1.16
666 25.44
666 18.04
667 14.48
667 1.16
667 25.44
667 18.04
737 14.48
737 1.16
737 25.44
737 18.04
738 14.48
738 1.16
738 25.44
738 18.04
739 14.48
739 1.16
739 25.44
739 18.04
740 14.48
740 1.16
740 25.44
740 18.04
741 14.48
741 1.16
741 25.44
741 18.04
742 14.48
742 1.16
742 25.44
742 18.04
743 14.48
743 1.16
743 25.44
743 18.04
744 14.48
744 1.16
744 25.44
744 18.04
745 14.48
745 1.16
745 25.44
745 18.04
746 14.48
746 1.16
746 25.44
746 18.04
747 14.48
747 1.16
747 25.44
747 18.04
748 14.48
748 1.16
748 25.44
748 18.04
749 14.48
749 1.16
749 25.44
749 18.04
750 14.48
750 1.16
750 25.44
750 18.04
751 14.48
751 1.16
751 25.44
751 18.04
752 14.48
752 1.16
752 25.44
752 18.04
753 14.48
753 1.16
753 25.44
753 18.04
754 14.48
754 1.16
754 25.44
754 18.04
755 14.48
755 1.16
755 25.44
755 18.04
756 14.48
756 1.16
756 25.44
756 18.04
757 14.48
757 1.16
757 25.44
757 18.04
758 14.48
758 1.16
758 25.44
758 18.04
759 14.48
759 1.16
759 25.44
759 18.04
760 14.48
760 1.16
760 25.44
760 18.04
761 14.48
761 1.16
761 25.44
761 18.04
762 14.48
762 1.16
762 25.44
762 18.04
763 14.48
763 1.16
763 25.44
763 18.04
764 14.48
764 1.16
764 25.44
764 18.04
838 14.48
838 1.16
838 25.44
838 18.04
839 14.48
839 1.16
839 25.44
839 18.04
840 14.48
840 1.16
840 25.44
840 18.04
841 14.48
841 1.16
841 25.44
841 18.04
842 14.48
842 1.16
842 25.44
842 18.04
843 14.48
843 1.16
843 25.44
843 18.04
844 14.48
844 1.16
844 25.44
844 18.04
845 14.48
845 1.16
845 25.44
845 18.04
846 14.48
846 1.16
846 25.44
846 18.04
847 14.48
847 1.16
847 25.44
847 18.04
848 14.48
848 1.16
848 25.44
848 18.04
849 14.48
849 1.16
849 25.44
849 18.04
850 14.48
850 1.16
850 25.44
850 18.04
851 14.48
851 1.16
851 25.44
851 18.04
852 14.48
852 1.16
852 25.44
852 18.04
853 14.48
853 1.16
853 25.44
853 18.04
854 14.48
854 1.16
854 25.44
854 18.04
855 14.48
855 1.16
855 25.44
855 18.04
856 14.48
856 1.16
856 25.44
856 18.04
857 14.48
857 1.16
857 25.44
857 18.04
858 14.48
858 1.16
858 25.44
858 18.04
859 14.48
859 1.16
859 25.44
859 18.04
860 14.48
860 1.16
860 25.44
860 18.04
861 14.48
861 1.16
861 25.44
861 18.04
862 14.48
862 1.16
862 25.44
862 18.04
863 14.48
863 1.16
863 25.44
863 18.04
864 14.48
864 1.16
864 25.44
864 18.04
865 14.48
865 1.16
865 25.44
865 18.04
866 14.48
866 1.16
866 25.44
866 18.04
867 14.48
867 1.16
867 25.44
867 18.04
868 14.48
868 1.16
868 25.44
868 18.04
869 14.48
869 1.16
869 25.44
869 18.04
948 14.48
948 1.16
948 25.44
948 18.04
949 14.48
949 1.16
949 25.44
949 18.04
950 14.48
950 1.16
950 25.44
950 18.04
951 14.48
951 1.16
951 25.44
951 18.04
952 14.48
952 1.16
952 25.44
952 18.04
953 14.48
953 1.16
953 25.44
953 18.04
954 14.48
954 1.16
954 25.44
954 18.04
955 14.48
955 1.16
955 25.44
955 18.04
956 14.48
956 1.16
956 25.44
956 18.04
957 14.48
957 1.16
957 25.44
957 18.04
958 14.48
958 1.16
958 25.44
958 18.04
959 14.48
959 1.16
959 25.44
959 18.04
960 14.48
960 1.16
960 25.44
960 18.04
961 14.48
961 1.16
961 25.44
961 18.04
962 14.48
962 1.16
962 25.44
962 18.04
963 14.48
963 1.16
963 25.44
963 18.04
964 14.48
964 1.16
964 25.44
964 18.04
965 14.48
965 1.16
965 25.44
965 18.04
966 14.48
966 1.16
966 25.44
966 18.04
967 14.48
967 1.16
967 25.44
967 18.04
968 14.48
968 1.16
968 25.44
968 18.04
969 14.48
969 1.16
969 25.44
969 18.04
970 14.48
970 1.16
970 25.44
970 18.04
971 14.48
971 1.16
971 25.44
971 18.04
972 14.48
972 1.16
972 25.44
972 18.04
973 14.48
973 1.16
973 25.44
973 18.04
974 14.48
974 1.16
974 25.44
974 18.04
975 14.48
975 1.16
975 25.44
975 18.04
976 14.48
976 1.16
976 25.44
976 18.04
977 14.48
977 1.16
977 25.44
977 18.04
978 14.48
978 1.16
978 25.44
978 18.04
979 14.48
979 1.16
979 25.44
979 18.04
980 14.48
980 1.16
980 25.44
980 18.04
1065 14.48
1065 1.16
1065 25.44
1065 18.04
1066 14.48
1066 1.16
1066 25.44
1066 18.04
1067 14.48
1067 1.16
1067 25.44
1067 18.04
1068 14.48
1068 1.16
1068 25.44
1068 18.04
1069 14.48
1069 1.16
1069 25.44
1069 18.04
1070 14.48
1070 1.16
1070 25.44
1070 18.04
1071 14.48
1071 1.16
1071 25.44
1071 18.04
1072 14.48
1072 1.16
1072 25.44
1072 18.04
1073 14.48
1073 1.16
1073 25.44
1073 18.04
1074 14.48
1074 1.16
1074 25.44
1074 18.04
1075 14.48
1075 1.16
1075 25.44
1075 18.04
1076 14.48
1076 1.16
1076 25.44
1076 18.04
1077 14.48
1077 1.16
1077 25.44
1077 18.04
1078 14.48
1078 1.16
1078 25.44
1078 18.04
1079 14.48
1079 1.16
1079 25.44
1079 18.04
1080 14.48
1080 1.16
1080 25.44
1080 18.04
1081 14.48
1081 1.16
1081 25.44
1081 18.04
1082 14.48
1082 1.16
1082 25.44
1082 18.04
1083 14.48
1083 1.16
1083 25.44
1083 18.04
1084 14.48
1084 1.16
1084 25.44
1084 18.04
1085 14.48
1085 1.16
1085 25.44
1085 18.04
1086 14.48
1086 1.16
1086 25.44
1086 18.04
1087 14.48
1087 1.16
1087 25.44
1087 18.04
1088 14.48
1088 1.16
1088 25.44
1088 18.04
1089 14.48
1089 1.16
1089 25.44
1089 18.04
1090 14.48
1090 1.16
1090 25.44
1090 18.04
1091 14.48
1091 1.16
1091 25.44
1091 18.04
1092 14.48
1092 1.16
1092 25.44
1092 18.04
1093 14.48
1093 1.16
1093 25.44
1093 18.04
1094 14.48
1094 1.16
1094 25.44
1094 18.04
1095 14.48
1095 1.16
1095 25.44
1095 18.04
1096 14.48
1096 1.16
1096 25.44
1096 18.04
1185 14.48
1185 1.16
1185 25.44
1185 18.04
1186 14.48
1186 1.16
1186 25.44
1186 18.04
1187 14.48
1187 1.16
1187 25.44
1187 18.04
1188 14.48
1188 1.16
1188 25.44
1188 18.04
1189 14.48
1189 1.16
1189 25.44
1189 18.04
1190 14.48
1190 1.16
1190 25.44
1190 18.04
1191 14.48
1191 1.16
1191 25.44
1191 18.04
1192 14.48
1192 1.16
1192 25.44
1192 18.04
1193 14.48
1193 1.16
1193 25.44
1193 18.04
1194 14.48
1194 1.16
1194 25.44
1194 18.04
1195 14.48
1195 1.16
1195 25.44
1195 18.04
1196 14.48
1196 1.16
1196 25.44
1196 18.04
1197 14.48
1197 1.16
1197 25.44
1197 18.04
1198 14.48
1198 1.16
1198 25.44
1198 18.04
1199 14.48
1199 1.16
1199 25.44
1199 18.04
1200 14.48
1200 1.16
1200 25.44
1200 18.04
1201 14.48
1201 1.16
1201 25.44
1201 18.04
1202 14.48
1202 1.16
1202 25.44
1202 18.04
1203 14.48
1203 1.16
1203 25.44
1203 18.04
1204 14.48
1204 1.16
1204 25.44
1204 18.04
1205 14.48
1205 1.16
1205 25.44
1205 18.04
1206 14.48
1206 1.16
1206 25.44
1206 18.04
1207 14.48
1207 1.16
1207 25.44
1207 18.04
1208 14.48
1208 1.16
1208 25.44
1208 18.04
1209 14.48
1209 1.16
1209 25.44
1209 18.04
1210 14.48
1210 1.16
1210 25.44
1210 18.04
1211 14.48
1211 1.16
1211 25.44
1211 18.04
1212 14.48
1212 1.16
1212 25.44
1212 18.04
1213 14.48
1213 1.16
1213 25.44
1213 18.04
1214 14.48
1214 1.16
1214 25.44
1214 18.04
1215 14.48
1215 1.16
1215 25.44
1215 18.04
1216 14.48
1216 1.16
1216 25.44
1216 18.04
1217 14.48
1217 1.16
1217 25.44
1217 18.04
1218 14.48
1218 1.16
1218 25.44
1218 18.04
1219 14.48
1219 1.16
1219 25.44
1219 18.04
1314 14.48
1314 1.16
1314 25.44
1314 18.04
1315 14.48
1315 1.16
1315 25.44
1315 18.04
1316 14.48
1316 1.16
1316 25.44
1316 18.04
1317 14.48
1317 1.16
1317 25.44
1317 18.04
1318 14.48
1318 1.16
1318 25.44
1318 18.04
1319 14.48
1319 1.16
1319 25.44
1319 18.04
1320 14.48
1320 1.16
1320 25.44
1320 18.04
1321 14.48
1321 1.16
1321 25.44
1321 18.04
1322 14.48
1322 1.16
1322 25.44
1322 18.04
1323 14.48
1323 1.16
1323 25.44
1323 18.04
1324 14.48
1324 1.16
1324 25.44
1324 18.04
1325 14.48
1325 1.16
1325 25.44
1325 18.04
1326 14.48
1326 1.16
1326 25.44
1326 18.04
1327 14.48
1327 1.16
1327 25.44
1327 18.04
1328 14.48
1328 1.16
1328 25.44
1328 18.04
1329 14.48
1329 1.16
1329 25.44
1329 18.04
1330 14.48
1330 1.16
1330 25.44
1330 18.04
1331 14.48
1331 1.16
1331 25.44
1331 18.04
1332 14.48
1332 1.16
1332 25.44
1332 18.04
1333 14.48
1333 1.16
1333 25.44
1333 18.04
1334 14.48
1334 1.16
1334 25.44
1334 18.04
1335 14.48
1335 1.16
1335 25.44
1335 18.04
1336 14.48
1336 1.16
1336 25.44
1336 18.04
1337 14.48
1337 1.16
1337 25.44
1337 18.04
1338 14.48
1338 1.16
1338 25.44
1338 18.04
1339 14.48
1339 1.16
1339 25.44
1339 18.04
1340 14.48
1340 1.16
1340 25.44
1340 18.04
1341 14.48
1341 1.16
1341 25.44
1341 18.04
1342 14.48
1342 1.16
1342 25.44
1342 18.04
1343 14.48
1343 1.16
1343 25.44
1343 18.04
1344 14.48
1344 1.16
1344 25.44
1344 18.04
1345 14.48
1345 1.16
1345 25.44
1345 18.04
1346 14.48
1346 1.16
1346 25.44
1346 18.04
1347 14.48
1347 1.16
1347 25.44
1347 18.04
1348 14.48
1348 1.16
1348 25.44
1348 18.04
1445 14.48
1445 1.16
1445 25.44
1445 18.04
1446 14.48
1446 1.16
1446 25.44
1446 18.04
1447 14.48
1447 1.16
1447 25.44
1447 18.04
1448 14.48
1448 1.16
1448 25.44
1448 18.04
1449 14.48
1449 1.16
1449 25.44
1449 18.04
1450 14.48
1450 1.16
1450 25.44
1450 18.04
1451 14.48
1451 1.16
1451 25.44
1451 18.04
1452 14.48
1452 1.16
1452 25.44
1452 18.04
1453 14.48
1453 1.16
1453 25.44
1453 18.04
1454 14.48
1454 1.16
1454 25.44
1454 18.04
1455 14.48
1455 1.16
1455 25.44
1455 18.04
1456 14.48
1456 1.16
1456 25.44
1456 18.04
1457 14.48
1457 1.16
1457 25.44
1457 18.04
1458 14.48
1458 1.16
1458 25.44
1458 18.04
1459 14.48
1459 1.16
1459 25.44
1459 18.04
1460 14.48
1460 1.16
1460 25.44
1460 18.04
1461 14.48
1461 1.16
1461 25.44
1461 18.04
1462 14.48
1462 1.16
1462 25.44
1462 18.04
1463 14.48
1463 1.16
1463 25.44
1463 18.04
1464 14.48
1464 1.16
1464 25.44
1464 18.04
1465 14.48
1465 1.16
1465 25.44
1465 18.04
1466 14.48
1466 1.16
1466 25.44
1466 18.04
1467 14.48
1467 1.16
1467 25.44
1467 18.04
1468 14.48
1468 1.16
1468 25.44
1468 18.04
1469 14.48
1469 1.16
1469 25.44
1469 18.04
1470 14.48
1470 1.16
1470 25.44
1470 18.04
1471 14.48
1471 1.16
1471 25.44
1471 18.04
1472 14.48
1472 1.16
1472 25.44
1472 18.04
1473 14.48
1473 1.16
1473 25.44
1473 18.04
1474 14.48
1474 1.16
1474 25.44
1474 18.04
1475 14.48
1475 1.16
1475 25.44
1475 18.04
1476 14.48
1476 1.16
1476 25.44
1476 18.04
1477 14.48
1477 1.16
1477 25.44
1477 18.04
1478 14.48
1478 1.16
1478 25.44
1478 18.04
1479 14.48
1479 1.16
1479 25.44
1479 18.04
1480 14.48
1480 1.16
1480 25.44
1480 18.04
1481 14.48
1481 1.16
1481 25.44
1481 18.04
1482 14.48
1482 1.16
1482 25.44
1482 18.04
1483 14.48
1483 1.16
1483 25.44
1483 18.04
1587 14.48
1587 1.16
1587 25.44
1587 18.04
1588 14.48
1588 1.16
1588 25.44
1588 18.04
1589 14.48
1589 1.16
1589 25.44
1589 18.04
1590 14.48
1590 1.16
1590 25.44
1590 18.04
1591 14.48
1591 1.16
1591 25.44
1591 18.04
1592 14.48
1592 1.16
1592 25.44
1592 18.04
1593 14.48
1593 1.16
1593 25.44
1593 18.04
1594 14.48
1594 1.16
1594 25.44
1594 18.04
1595 14.48
1595 1.16
1595 25.44
1595 18.04
1596 14.48
1596 1.16
1596 25.44
1596 18.04
1597 14.48
1597 1.16
1597 25.44
1597 18.04
1598 14.48
1598 1.16
1598 25.44
1598 18.04
1599 14.48
1599 1.16
1599 25.44
1599 18.04
1600 14.48
1600 1.16
1600 25.44
1600 18.04
1601 14.48
1601 1.16
1601 25.44
1601 18.04
1602 14.48
1602 1.16
1602 25.44
1602 18.04
1603 14.48
1603 1.16
1603 25.44
1603 18.04
1604 14.48
1604 1.16
1604 25.44
1604 18.04
1605 14.48
1605 1.16
1605 25.44
1605 18.04
1606 14.48
1606 1.16
1606 25.44
1606 18.04
1607 14.48
1607 1.16
1607 25.44
1607 18.04
1608 14.48
1608 1.16
1608 25.44
1608 18.04
1609 14.48
1609 1.16
1609 25.44
1609 18.04
1610 14.48
1610 1.16
1610 25.44
1610 18.04
1611 14.48
1611 1.16
1611 25.44
1611 18.04
1612 14.48
1612 1.16
1612 25.44
1612 18.04
1613 14.48
1613 1.16
1613 25.44
1613 18.04
1614 14.48
1614 1.16
1614 25.44
1614 18.04
1615 14.48
1615 1.16
1615 25.44
1615 18.04
1616 14.48
1616 1.16
1616 25.44
1616 18.04
1617 14.48
1617 1.16
1617 25.44
1617 18.04
1618 14.48
1618 1.16
1618 25.44
1618 18.04
1619 14.48
1619 1.16
1619 25.44
1619 18.04
1620 14.48
1620 1.16
1620 25.44
1620 18.04
1621 14.48
1621 1.16
1621 25.44
1621 18.04
1622 14.48
1622 1.16
1622 25.44
1622 18.04
1623 14.48
1623 1.16
1623 25.44
1623 18.04
1624 14.48
1624 1.16
1624 25.44
1624 18.04
1625 14.48
1625 1.16
1625 25.44
1625 18.04
1733 14.48
1733 1.16
1733 25.44
1733 18.04
1734 14.48
1734 1.16
1734 25.44
1734 18.04
1735 14.48
1735 1.16
1735 25.44
1735 18.04
1736 14.48
1736 1.16
1736 25.44
1736 18.04
1737 14.48
1737 1.16
1737 25.44
1737 18.04
1738 14.48
1738 1.16
1738 25.44
1738 18.04
1739 14.48
1739 1.16
1739 25.44
1739 18.04
1740 14.48
1740 1.16
1740 25.44
1740 18.04
1741 14.48
1741 1.16
1741 25.44
1741 18.04
1742 14.48
1742 1.16
1742 25.44
1742 18.04
1743 14.48
1743 1.16
1743 25.44
1743 18.04
1744 14.48
1744 1.16
1744 25.44
1744 18.04
1745 14.48
1745 1.16
1745 25.44
1745 18.04
1746 14.48
1746 1.16
1746 25.44
1746 18.04
1747 14.48
1747 1.16
1747 25.44
1747 18.04
1748 14.48
1748 1.16
1748 25.44
1748 18.04
1749 14.48
1749 1.16
1749 25.44
1749 18.04
1750 14.48
1750 1.16
1750 25.44
1750 18.04
1751 14.48
1751 1.16
1751 25.44
1751 18.04
1752 14.48
1752 1.16
1752 25.44
1752 18.04
1753 14.48
1753 1.16
1753 25.44
1753 18.04
1754 14.48
1754 1.16
1754 25.44
1754 18.04
1755 14.48
1755 1.16
1755 25.44
1755 18.04
1756 14.48
1756 1.16
1756 25.44
1756 18.04
1757 14.48
1757 1.16
1757 25.44
1757 18.04
1758 14.48
1758 1.16
1758 25.44
1758 18.04
1759 14.48
1759 1.16
1759 25.44
1759 18.04
1760 14.48
1760 1.16
1760 25.44
1760 18.04
1761 14.48
1761 1.16
1761 25.44
1761 18.04
1762 14.48
1762 1.16
1762 25.44
1762 18.04
1763 14.48
1763 1.16
1763 25.44
1763 18.04
1764 14.48
1764 1.16
1764 25.44
1764 18.04
1765 14.48
1765 1.16
1765 25.44
1765 18.04
1766 14.48
1766 1.16
1766 25.44
1766 18.04
1767 14.48
1767 1.16
1767 25.44
1767 18.04
1768 14.48
1768 1.16
1768 25.44
1768 18.04
1769 14.48
1769 1.16
1769 25.44
1769 18.04
1770 14.48
1770 1.16
1770 25.44
1770 18.04
1771 14.48
1771 1.16
1771 25.44
1771 18.04
1772 14.48
1772 1.16
1772 25.44
1772 18.04
1887 14.48
1887 1.16
1887 25.44
1887 18.04
1888 14.48
1888 1.16
1888 25.44
1888 18.04
1889 14.48
1889 1.16
1889 25.44
1889 18.04
1890 14.48
1890 1.16
1890 25.44
1890 18.04
1891 14.48
1891 1.16
1891 25.44
1891 18.04
1892 14.48
1892 1.16
1892 25.44
1892 18.04
1893 14.48
1893 1.16
1893 25.44
1893 18.04
1894 14.48
1894 1.16
1894 25.44
1894 18.04
1895 14.48
1895 1.16
1895 25.44
1895 18.04
1896 14.48
1896 1.16
1896 25.44
1896 18.04
1897 14.48
1897 1.16
1897 25.44
1897 18.04
1898 14.48
1898 1.16
1898 25.44
1898 18.04
1899 14.48
1899 1.16
1899 25.44
1899 18.04
1900 14.48
1900 1.16
1900 25.44
1900 18.04
1901 14.48
1901 1.16
1901 25.44
1901 18.04
1902 14.48
1902 1.16
1902 25.44
1902 18.04
1903 14.48
1903 1.16
1903 25.44
1903 18.04
1904 14.48
1904 1.16
1904 25.44
1904 18.04
1905 14.48
1905 1.16
1905 25.44
1905 18.04
1906 14.48
1906 1.16
1906 25.44
1906 18.04
1907 14.48
1907 1.16
1907 25.44
1907 18.04
1908 14.48
1908 1.16
1908 25.44
1908 18.04
1909 14.48
1909 1.16
1909 25.44
1909 18.04
1910 14.48
1910 1.16
1910 25.44
1910 18.04
1911 14.48
1911 1.16
1911 25.44
1911 18.04
1912 14.48
1912 1.16
1912 25.44
1912 18.04
1913 14.48
1913 1.16
1913 25.44
1913 18.04
1914 14.48
1914 1.16
1914 25.44
1914 18.04
1915 14.48
1915 1.16
1915 25.44
1915 18.04
1916 14.48
1916 1.16
1916 25.44
1916 18.04
1917 14.48
1917 1.16
1917 25.44
1917 18.04
1918 14.48
1918 1.16
1918 25.44
1918 18.04
1919 14.48
1919 1.16
1919 25.44
1919 18.04
1920 14.48
1920 1.16
1920 25.44
1920 18.04
1921 14.48
1921 1.16
1921 25.44
1921 18.04
1922 14.48
1922 1.16
1922 25.44
1922 18.04
1923 14.48
1923 1.16
1923 25.44
1923 18.04
1924 14.48
1924 1.16
1924 25.44
1924 18.04
1925 14.48
1925 1.16
1925 25.44
1925 18.04
1926 14.48
1926 1.16
1926 25.44
1926 18.04
1927 14.48
1927 1.16
1927 25.44
1927 18.04
2047 14.48
2047 1.16
2047 25.44
2047 18.04
2048 14.48
2048 1.16
2048 25.44
2048 18.04
2049 14.48
2049 1.16
2049 25.44
2049 18.04
2050 14.48
2050 1.16
2050 25.44
2050 18.04
2051 14.48
2051 1.16
2051 25.44
2051 18.04
2052 14.48
2052 1.16
2052 25.44
2052 18.04
2053 14.48
2053 1.16
2053 25.44
2053 18.04
2054 14.48
2054 1.16
2054 25.44
2054 18.04
2055 14.48
2055 1.16
2055 25.44
2055 18.04
2056 14.48
2056 1.16
2056 25.44
2056 18.04
2057 14.48
2057 1.16
2057 25.44
2057 18.04
2058 14.48
2058 1.16
2058 25.44
2058 18.04
2059 14.48
2059 1.16
2059 25.44
2059 18.04
2060 14.48
2060 1.16
2060 25.44
2060 18.04
2061 14.48
2061 1.16
2061 25.44
2061 18.04
2062 14.48
2062 1.16
2062 25.44
2062 18.04
2063 14.48
2063 1.16
2063 25.44
2063 18.04
2064 14.48
2064 1.16
2064 25.44
2064 18.04
2065 14.48
2065 1.16
2065 25.44
2065 18.04
2066 14.48
2066 1.16
2066 25.44
2066 18.04
2067 14.48
2067 1.16
2067 25.44
2067 18.04
2068 14.48
2068 1.16
2068 25.44
2068 18.04
2069 14.48
2069 1.16
2069 25.44
2069 18.04
2070 14.48
2070 1.16
2070 25.44
2070 18.04
2071 14.48
2071 1.16
2071 25.44
2071 18.04
2072 14.48
2072 1.16
2072 25.44
2072 18.04
2073 14.48
2073 1.16
2073 25.44
2073 18.04
2074 14.48
2074 1.16
2074 25.44
2074 18.04
2075 14.48
2075 1.16
2075 25.44
2075 18.04
2076 14.48
2076 1.16
2076 25.44
2076 18.04
2077 14.48
2077 1.16
2077 25.44
2077 18.04
2078 14.48
2078 1.16
2078 25.44
2078 18.04
2079 14.48
2079 1.16
2079 25.44
2079 18.04
2080 14.48
2080 1.16
2080 25.44
2080 18.04
2081 14.48
2081 1.16
2081 25.44
2081 18.04
2082 14.48
2082 1.16
2082 25.44
2082 18.04
2083 14.48
2083 1.16
2083 25.44
2083 18.04
2084 14.48
2084 1.16
2084 25.44
2084 18.04
2085 14.48
2085 1.16
2085 25.44
2085 18.04
2086 14.48
2086 1.16
2086 25.44
2086 18.04
2211 14.48
2211 1.16
2211 25.44
2211 18.04
2212 14.48
2212 1.16
2212 25.44
2212 18.04
2213 14.48
2213 1.16
2213 25.44
2213 18.04
2214 14.48
2214 1.16
2214 25.44
2214 18.04
2215 14.48
2215 1.16
2215 25.44
2215 18.04
2216 14.48
2216 1.16
2216 25.44
2216 18.04
2217 14.48
2217 1.16
2217 25.44
2217 18.04
2218 14.48
2218 1.16
2218 25.44
2218 18.04
2219 14.48
2219 1.16
2219 25.44
2219 18.04
2220 14.48
2220 1.16
2220 25.44
2220 18.04
2221 14.48
2221 1.16
2221 25.44
2221 18.04
2222 14.48
2222 1.16
2222 25.44
2222 18.04
2223 14.48
2223 1.16
2223 25.44
2223 18.04
2224 14.48
2224 1.16
2224 25.44
2224 18.04
2225 14.48
2225 1.16
2225 25.44
2225 18.04
2226 14.48
2226 1.16
2226 25.44
2226 18.04
2227 14.48
2227 1.16
2227 25.44
2227 18.04
2228 14.48
2228 1.16
2228 25.44
2228 18.04
2229 14.48
2229 1.16
2229 25.44
2229 18.04
2230 14.48
2230 1.16
2230 25.44
2230 18.04
2231 14.48
2231 1.16
2231 25.44
2231 18.04
2232 14.48
2232 1.16
2232 25.44
2232 18.04
2233 14.48
2233 1.16
2233 25.44
2233 18.04
2234 14.48
2234 1.16
2234 25.44
2234 18.04
2235 14.48
2235 1.16
2235 25.44
2235 18.04
2236 14.48
2236 1.16
2236 25.44
2236 18.04
2237 14.48
2237 1.16
2237 25.44
2237 18.04
2238 14.48
2238 1.16
2238 25.44
2238 18.04
2239 14.48
2239 1.16
2239 25.44
2239 18.04
2240 14.48
2240 1.16
2240 25.44
2240 18.04
2241 14.48
2241 1.16
2241 25.44
2241 18.04
2242 14.48
2242 1.16
2242 25.44
2242 18.04
2243 14.48
2243 1.16
2243 25.44
2243 18.04
2244 14.48
2244 1.16
2244 25.44
2244 18.04
2245 14.48
2245 1.16
2245 25.44
2245 18.04
2246 14.48
2246 1.16
2246 25.44
2246 18.04
2247 14.48
2247 1.16
2247 25.44
2247 18.04
2248 14.48
2248 1.16
2248 25.44
2248 18.04
2249 14.48
2249 1.16
2249 25.44
2249 18.04
2250 14.48
2250 1.16
2250 25.44
2250 18.04
2251 14.48
2251 1.16
2251 25.44
2251 18.04
2252 14.48
2252 1.16
2252 25.44
2252 18.04
2253 14.48
2253 1.16
2253 25.44
2253 18.04
2384 14.48
2384 1.16
2384 25.44
2384 18.04
2385 14.48
2385 1.16
2385 25.44
2385 18.04
2386 14.48
2386 1.16
2386 25.44
2386 18.04
2387 14.48
2387 1.16
2387 25.44
2387 18.04
2388 14.48
2388 1.16
2388 25.44
2388 18.04
2389 14.48
2389 1.16
2389 25.44
2389 18.04
2390 14.48
2390 1.16
2390 25.44
2390 18.04
2391 14.48
2391 1.16
2391 25.44
2391 18.04
2392 14.48
2392 1.16
2392 25.44
2392 18.04
2393 14.48
2393 1.16
2393 25.44
2393 18.04
2394 14.48
2394 1.16
2394 25.44
2394 18.04
2395 14.48
2395 1.16
2395 25.44
2395 18.04
2396 14.48
2396 1.16
2396 25.44
2396 18.04
2397 14.48
2397 1.16
2397 25.44
2397 18.04
2398 14.48
2398 1.16
2398 25.44
2398 18.04
2399 14.48
2399 1.16
2399 25.44
2399 18.04
2400 14.48
2400 1.16
2400 25.44
2400 18.04
2401 14.48
2401 1.16
2401 25.44
2401 18.04
2402 14.48
2402 1.16
2402 25.44
2402 18.04
2403 14.48
2403 1.16
2403 25.44
2403 18.04
2404 14.48
2404 1.16
2404 25.44
2404 18.04
2405 14.48
2405 1.16
2405 25.44
2405 18.04
2406 14.48
2406 1.16
2406 25.44
2406 18.04
2407 14.48
2407 1.16
2407 25.44
2407 18.04
2408 14.48
2408 1.16
2408 25.44
2408 18.04
2409 14.48
2409 1.16
2409 25.44
2409 18.04
2410 14.48
2410 1.16
2410 25.44
2410 18.04
2411 14.48
2411 1.16
2411 25.44
2411 18.04
2412 14.48
2412 1.16
2412 25.44
2412 18.04
2413 14.48
2413 1.16
2413 25.44
2413 18.04
2414 14.48
2414 1.16
2414 25.44
2414 18.04
2415 14.48
2415 1.16
2415 25.44
2415 18.04
2416 14.48
2416 1.16
2416 25.44
2416 18.04
2417 14.48
2417 1.16
2417 25.44
2417 18.04
2418 14.48
2418 1.16
2418 25.44
2418 18.04
2419 14.48
2419 1.16
2419 25.44
2419 18.04
2420 14.48
2420 1.16
2420 25.44
2420 18.04
2421 14.48
2421 1.16
2421 25.44
2421 18.04
2422 14.48
2422 1.16
2422 25.44
2422 18.04
2423 14.48
2423 1.16
2423 25.44
2423 18.04
2424 14.48
2424 1.16
2424 25.44
2424 18.04
2425 14.48
2425 1.16
2425 25.44
2425 18.04
2556 14.48
2556 1.16
2556 25.44
2556 18.04
2557 14.48
2557 1.16
2557 25.44
2557 18.04
2558 14.48
2558 1.16
2558 25.44
2558 18.04
2559 14.48
2559 1.16
2559 25.44
2559 18.04
2560 14.48
2560 1.16
2560 25.44
2560 18.04
2561 14.48
2561 1.16
2561 25.44
2561 18.04
2562 14.48
2562 1.16
2562 25.44
2562 18.04
2563 14.48
2563 1.16
2563 25.44
2563 18.04
2564 14.48
2564 1.16
2564 25.44
2564 18.04
2565 14.48
2565 1.16
2565 25.44
2565 18.04
2566 14.48
2566 1.16
2566 25.44
2566 18.04
2567 14.48
2567 1.16
2567 25.44
2567 18.04
2568 14.48
2568 1.16
2568 25.44
2568 18.04
2569 14.48
2569 1.16
2569 25.44
2569 18.04
2570 14.48
2570 1.16
2570 25.44
2570 18.04
2571 14.48
2571 1.16
2571 25.44
2571 18.04
2572 14.48
2572 1.16
2572 25.44
2572 18.04
2573 14.48
2573 1.16
2573 25.44
2573 18.04
2574 14.48
2574 1.16
2574 25.44
2574 18.04
2575 14.48
2575 1.16
2575 25.44
2575 18.04
2576 14.48
2576 1.16
2576 25.44
2576 18.04
2577 14.48
2577 1.16
2577 25.44
2577 18.04
2578 14.48
2578 1.16
2578 25.44
2578 18.04
2579 14.48
2579 1.16
2579 25.44
2579 18.04
2580 14.48
2580 1.16
2580 25.44
2580 18.04
2581 14.48
2581 1.16
2581 25.44
2581 18.04
2582 14.48
2582 1.16
2582 25.44
2582 18.04
2583 14.48
2583 1.16
2583 25.44
2583 18.04
2584 14.48
2584 1.16
2584 25.44
2584 18.04
2585 14.48
2585 1.16
2585 25.44
2585 18.04
2586 14.48
2586 1.16
2586 25.44
2586 18.04
2587 14.48
2587 1.16
2587 25.44
2587 18.04
2588 14.48
2588 1.16
2588 25.44
2588 18.04
2589 14.48
2589 1.16
2589 25.44
2589 18.04
2590 14.48
2590 1.16
2590 25.44
2590 18.04
2591 14.48
2591 1.16
2591 25.44
2591 18.04
2592 14.48
2592 1.16
2592 25.44
2592 18.04
2593 14.48
2593 1.16
2593 25.44
2593 18.04
2594 14.48
2594 1.16
2594 25.44
2594 18.04
2595 14.48
2595 1.16
2595 25.44
2595 18.04
2596 14.48
2596 1.16
2596 25.44
2596 18.04
2597 14.48
2597 1.16
2597 25.44
2597 18.04
2598 14.48
2598 1.16
2598 25.44
2598 18.04
2599 14.48
2599 1.16
2599 25.44
2599 18.04
2600 14.48
2600 1.16
2600 25.44
2600 18.04
2601 14.48
2601 1.16
2601 25.44
2601 18.04
2733 14.48
2733 1.16
2733 25.44
2733 18.04
2734 14.48
2734 1.16
2734 25.44
2734 18.04
2735 14.48
2735 1.16
2735 25.44
2735 18.04
2736 14.48
2736 1.16
2736 25.44
2736 18.04
2737 14.48
2737 1.16
2737 25.44
2737 18.04
2738 14.48
2738 1.16
2738 25.44
2738 18.04
2739 14.48
2739 1.16
2739 25.44
2739 18.04
2740 14.48
2740 1.16
2740 25.44
2740 18.04
2741 14.48
2741 1.16
2741 25.44
2741 18.04
2742 14.48
2742 1.16
2742 25.44
2742 18.04
2743 14.48
2743 1.16
2743 25.44
2743 18.04
2744 14.48
2744 1.16
2744 25.44
2744 18.04
2745 14.48
2745 1.16
2745 25.44
2745 18.04
2746 14.48
2746 1.16
2746 25.44
2746 18.04
2747 14.48
2747 1.16
2747 25.44
2747 18.04
2748 14.48
2748 1.16
2748 25.44
2748 18.04
2749 14.48
2749 1.16
2749 25.44
2749 18.04
2750 14.48
2750 1.16
2750 25.44
2750 18.04
2751 14.48
2751 1.16
2751 25.44
2751 18.04
2752 14.48
2752 1.16
2752 25.44
2752 18.04
2753 14.48
2753 1.16
2753 25.44
2753 18.04
2754 14.48
2754 1.16
2754 25.44
2754 18.04
2755 14.48
2755 1.16
2755 25.44
2755 18.04
2756 14.48
2756 1.16
2756 25.44
2756 18.04
2757 14.48
2757 1.16
2757 25.44
2757 18.04
2758 14.48
2758 1.16
2758 25.44
2758 18.04
2759 14.48
2759 1.16
2759 25.44
2759 18.04
2760 14.48
2760 1.16
2760 25.44
2760 18.04
2761 14.48
2761 1.16
2761 25.44
2761 18.04
2762 14.48
2762 1.16
2762 25.44
2762 18.04
2763 14.48
2763 1.16
2763 25.44
2763 18.04
2764 14.48
2764 1.16
2764 25.44
2764 18.04
2765 14.48
2765 1.16
2765 25.44
2765 18.04
2766 14.48
2766 1.16
2766 25.44
2766 18.04
2767 14.48
2767 1.16
2767 25.44
2767 18.04
2768 14.48
2768 1.16
2768 25.44
2768 18.04
2769 14.48
2769 1.16
2769 25.44
2769 18.04
2770 14.48
2770 1.16
2770 25.44
2770 18.04
2771 14.48
2771 1.16
2771 25.44
2771 18.04
2772 14.48
2772 1.16
2772 25.44
2772 18.04
2773 14.48
2773 1.16
2773 25.44
2773 18.04
2774 14.48
2774 1.16
2774 25.44
2774 18.04
2775 14.48
2775 1.16
2775 25.44
2775 18.04
2776 14.48
2776 1.16
2776 25.44
2776 18.04
2777 14.48
2777 1.16
2777 25.44
2777 18.04
2778 14.48
2778 1.16
2778 25.44
2778 18.04
2908 14.48
2908 1.16
2908 25.44
2908 18.04
2909 14.48
2909 1.16
2909 25.44
2909 18.04
2910 14.48
2910 1.16
2910 25.44
2910 18.04
2911 14.48
2911 1.16
2911 25.44
2911 18.04
2912 14.48
2912 1.16
2912 25.44
2912 18.04
2913 14.48
2913 1.16
2913 25.44
2913 18.04
2914 14.48
2914 1.16
2914 25.44
2914 18.04
2915 14.48
2915 1.16
2915 25.44
2915 18.04
2916 14.48
2916 1.16
2916 25.44
2916 18.04
2917 14.48
2917 1.16
2917 25.44
2917 18.04
2918 14.48
2918 1.16
2918 25.44
2918 18.04
2919 14.48
2919 1.16
2919 25.44
2919 18.04
2920 14.48
2920 1.16
2920 25.44
2920 18.04
2921 14.48
2921 1.16
2921 25.44
2921 18.04
2922 14.48
2922 1.16
2922 25.44
2922 18.04
2923 14.48
2923 1.16
2923 25.44
2923 18.04
2924 14.48
2924 1.16
2924 25.44
2924 18.04
2925 14.48
2925 1.16
2925 25.44
2925 18.04
2926 14.48
2926 1.16
2926 25.44
2926 18.04
2927 14.48
2927 1.16
2927 25.44
2927 18.04
2928 14.48
2928 1.16
2928 25.44
2928 18.04
2929 14.48
2929 1.16
2929 25.44
2929 18.04
2930 14.48
2930 1.16
2930 25.44
2930 18.04
2931 14.48
2931 1.16
2931 25.44
2931 18.04
2932 14.48
2932 1.16
2932 25.44
2932 18.04
2933 14.48
2933 1.16
2933 25.44
2933 18.04
2934 14.48
2934 1.16
2934 25.44
2934 18.04
2935 14.48
2935 1.16
2935 25.44
2935 18.04
2936 14.48
2936 1.16
2936 25.44
2936 18.04
2937 14.48
2937 1.16
2937 25.44
2937 18.04
2938 14.48
2938 1.16
2938 25.44
2938 18.04
2939 14.48
2939 1.16
2939 25.44
2939 18.04
2940 14.48
2940 1.16
2940 25.44
2940 18.04
2941 14.48
2941 1.16
2941 25.44
2941 18.04
2942 14.48
2942 1.16
2942 25.44
2942 18.04
2943 14.48
2943 1.16
2943 25.44
2943 18.04
2944 14.48
2944 1.16
2944 25.44
2944 18.04
2945 14.48
2945 1.16
2945 25.44
2945 18.04
2946 14.48
2946 1.16
2946 25.44
2946 18.04
2947 14.48
2947 1.16
2947 25.44
2947 18.04
2948 14.48
2948 1.16
2948 25.44
2948 18.04
2949 14.48
2949 1.16
2949 25.44
2949 18.04
2950 14.48
2950 1.16
2950 25.44
2950 18.04
2951 14.48
2951 1.16
2951 25.44
2951 18.04
2952 14.48
2952 1.16
2952 25.44
2952 18.04
2953 14.48
2953 1.16
2953 25.44
2953 18.04
2954 14.48
2954 1.16
2954 25.44
2954 18.04
3083 14.48
3083 1.16
3083 25.44
3083 18.04
3084 14.48
3084 1.16
3084 25.44
3084 18.04
3085 14.48
3085 1.16
3085 25.44
3085 18.04
3086 14.48
3086 1.16
3086 25.44
3086 18.04
3087 14.48
3087 1.16
3087 25.44
3087 18.04
3088 14.48
3088 1.16
3088 25.44
3088 18.04
3089 14.48
3089 1.16
3089 25.44
3089 18.04
3090 14.48
3090 1.16
3090 25.44
3090 18.04
3091 14.48
3091 1.16
3091 25.44
3091 18.04
3092 14.48
3092 1.16
3092 25.44
3092 18.04
3093 14.48
3093 1.16
3093 25.44
3093 18.04
3094 14.48
3094 1.16
3094 25.44
3094 18.04
3095 14.48
3095 1.16
3095 25.44
3095 18.04
3096 14.48
3096 1.16
3096 25.44
3096 18.04
3097 14.48
3097 1.16
3097 25.44
3097 18.04
3098 14.48
3098 1.16
3098 25.44
3098 18.04
3099 14.48
3099 1.16
3099 25.44
3099 18.04
3100 14.48
3100 1.16
3100 25.44
3100 18.04
3101 14.48
3101 1.16
3101 25.44
3101 18.04
3102 14.48
3102 1.16
3102 25.44
3102 18.04
3103 14.48
3103 1.16
3103 25.44
3103 18.04
3104 14.48
3104 1.16
3104 25.44
3104 18.04
3105 14.48
3105 1.16
3105 25.44
3105 18.04
3106 14.48
3106 1.16
3106 25.44
3106 18.04
3107 14.48
3107 1.16
3107 25.44
3107 18.04
3108 14.48
3108 1.16
3108 25.44
3108 18.04
3109 14.48
3109 1.16
3109 25.44
3109 18.04
3110 14.48
3110 1.16
3110 25.44
3110 18.04
3111 14.48
3111 1.16
3111 25.44
3111 18.04
3112 14.48
3112 1.16
3112 25.44
3112 18.04
3113 14.48
3113 1.16
3113 25.44
3113 18.04
3114 14.48
3114 1.16
3114 25.44
3114 18.04
3115 14.48
3115 1.16
3115 25.44
3115 18.04
3116 14.48
3116 1.16
3116 25.44
3116 18.04
3117 14.48
3117 1.16
3117 25.44
3117 18.04
3118 14.48
3118 1.16
3118 25.44
3118 18.04
3119 14.48
3119 1.16
3119 25.44
3119 18.04
3120 14.48
3120 1.16
3120 25.44
3120 18.04
3121 14.48
3121 1.16
3121 25.44
3121 18.04
3122 14.48
3122 1.16
3122 25.44
3122 18.04
3123 14.48
3123 1.16
3123 25.44
3123 18.04
3124 14.48
3124 1.16
3124 25.44
3124 18.04
3125 14.48
3125 1.16
3125 25.44
3125 18.04
3126 14.48
3126 1.16
3126 25.44
3126 18.04
3127 14.48
3127 1.16
3127 25.44
3127 18.04
3128 14.48
3128 1.16
3128 25.44
3128 18.04
3129 14.48
3129 1.16
3129 25.44
3129 18.04
3258 14.48
3258 1.16
3258 25.44
3258 18.04
3259 14.48
3259 1.16
3259 25.44
3259 18.04
3260 14.48
3260 1.16
3260 25.44
3260 18.04
3261 14.48
3261 1.16
3261 25.44
3261 18.04
3262 14.48
3262 1.16
3262 25.44
3262 18.04
3263 14.48
3263 1.16
3263 25.44
3263 18.04
3264 14.48
3264 1.16
3264 25.44
3264 18.04
3265 14.48
3265 1.16
3265 25.44
3265 18.04
3266 14.48
3266 1.16
3266 25.44
3266 18.04
3267 14.48
3267 1.16
3267 25.44
3267 18.04
3268 14.48
3268 1.16
3268 25.44
3268 18.04
3269 14.48
3269 1.16
3269 25.44
3269 18.04
3270 14.48
3270 1.16
3270 25.44
3270 18.04
3271 14.48
3271 1.16
3271 25.44
3271 18.04
3272 14.48
3272 1.16
3272 25.44
3272 18.04
3273 14.48
3273 1.16
3273 25.44
3273 18.04
3274 14.48
3274 1.16
3274 25.44
3274 18.04
3275 14.48
3275 1.16
3275 25.44
3275 18.04
3276 14.48
3276 1.16
3276 25.44
3276 18.04
3277 14.48
3277 1.16
3277 25.44
3277 18.04
3278 14.48
3278 1.16
3278 25.44
3278 18.04
3279 14.48
3279 1.16
3279 25.44
3279 18.04
3280 14.48
3280 1.16
3280 25.44
3280 18.04
3281 14.48
3281 1.16
3281 25.44
3281 18.04
3282 14.48
3282 1.16
3282 25.44
3282 18.04
3283 14.48
3283 1.16
3283 25.44
3283 18.04
3284 14.48
3284 1.16
3284 25.44
3284 18.04
3285 14.48
3285 1.16
3285 25.44
3285 18.04
3286 14.48
3286 1.16
3286 25.44
3286 18.04
3287 14.48
3287 1.16
3287 25.44
3287 18.04
3288 14.48
3288 1.16
3288 25.44
3288 18.04
3289 14.48
3289 1.16
3289 25.44
3289 18.04
3290 14.48
3290 1.16
3290 25.44
3290 18.04
3291 14.48
3291 1.16
3291 25.44
3291 18.04
3292 14.48
3292 1.16
3292 25.44
3292 18.04
3293 14.48
3293 1.16
3293 25.44
3293 18.04
3294 14.48
3294 1.16
3294 25.44
3294 18.04
3295 14.48
3295 1.16
3295 25.44
3295 18.04
3296 14.48
3296 1.16
3296 25.44
3296 18.04
3297 14.48
3297 1.16
3297 25.44
3297 18.04
3298 14.48
3298 1.16
3298 25.44
3298 18.04
3299 14.48
3299 1.16
3299 25.44
3299 18.04
3300 14.48
3300 1.16
3300 25.44
3300 18.04
3301 14.48
3301 1.16
3301 25.44
3301 18.04
3302 14.48
3302 1.16
3302 25.44
3302 18.04
3303 14.48
3303 1.16
3303 25.44
3303 18.04
3304 14.48
3304 1.16
3304 25.44
3304 18.04
3429 14.48
3429 1.16
3429 25.44
3429 18.04
3430 14.48
3430 1.16
3430 25.44
3430 18.04
3431 14.48
3431 1.16
3431 25.44
3431 18.04
3432 14.48
3432 1.16
3432 25.44
3432 18.04
3433 14.48
3433 1.16
3433 25.44
3433 18.04
3434 14.48
3434 1.16
3434 25.44
3434 18.04
3435 14.48
3435 1.16
3435 25.44
3435 18.04
3436 14.48
3436 1.16
3436 25.44
3436 18.04
3437 14.48
3437 1.16
3437 25.44
3437 18.04
3438 14.48
3438 1.16
3438 25.44
3438 18.04
3439 14.48
3439 1.16
3439 25.44
3439 18.04
3440 14.48
3440 1.16
3440 25.44
3440 18.04
3441 14.48
3441 1.16
3441 25.44
3441 18.04
3442 14.48
3442 1.16
3442 25.44
3442 18.04
3443 14.48
3443 1.16
3443 25.44
3443 18.04
3444 14.48
3444 1.16
3444 25.44
3444 18.04
3445 14.48
3445 1.16
3445 25.44
3445 18.04
3446 14.48
3446 1.16
3446 25.44
3446 18.04
3447 14.48
3447 1.16
3447 25.44
3447 18.04
3448 14.48
3448 1.16
3448 25.44
3448 18.04
3449 14.48
3449 1.16
3449 25.44
3449 18.04
3450 14.48
3450 1.16
3450 25.44
3450 18.04
3451 14.48
3451 1.16
3451 25.44
3451 18.04
3452 14.48
3452 1.16
3452 25.44
3452 18.04
3453 14.48
3453 1.16
3453 25.44
3453 18.04
3454 14.48
3454 1.16
3454 25.44
3454 18.04
3455 14.48
3455 1.16
3455 25.44
3455 18.04
3456 14.48
3456 1.16
3456 25.44
3456 18.04
3457 14.48
3457 1.16
3457 25.44
3457 18.04
3458 14.48
3458 1.16
3458 25.44
3458 18.04
3459 14.48
3459 1.16
3459 25.44
3459 18.04
3460 14.48
3460 1.16
3460 25.44
3460 18.04
3461 14.48
3461 1.16
3461 25.44
3461 18.04
3462 14.48
3462 1.16
3462 25.44
3462 18.04
3463 14.48
3463 1.16
3463 25.44
3463 18.04
3464 14.48
3464 1.16
3464 25.44
3464 18.04
3465 14.48
3465 1.16
3465 25.44
3465 18.04
3466 14.48
3466 1.16
3466 25.44
3466 18.04
3467 14.48
3467 1.16
3467 25.44
3467 18.04
3468 14.48
3468 1.16
3468 25.44
3468 18.04
3469 14.48
3469 1.16
3469 25.44
3469 18.04
3470 14.48
3470 1.16
3470 25.44
3470 18.04
3471 14.48
3471 1.16
3471 25.44
3471 18.04
3472 14.48
3472 1.16
3472 25.44
3472 18.04
3473 14.48
3473 1.16
3473 25.44
3473 18.04
3474 14.48
3474 1.16
3474 25.44
3474 18.04
3475 14.48
3475 1.16
3475 25.44
3475 18.04
3476 14.48
3476 1.16
3476 25.44
3476 18.04
3477 14.48
3477 1.16
3477 25.44
3477 18.04
3603 14.48
3603 1.16
3603 25.44
3603 18.04
3604 14.48
3604 1.16
3604 25.44
3604 18.04
3605 14.48
3605 1.16
3605 25.44
3605 18.04
3606 14.48
3606 1.16
3606 25.44
3606 18.04
3607 14.48
3607 1.16
3607 25.44
3607 18.04
3608 14.48
3608 1.16
3608 25.44
3608 18.04
3609 14.48
3609 1.16
3609 25.44
3609 18.04
3610 14.48
3610 1.16
3610 25.44
3610 18.04
3611 14.48
3611 1.16
3611 25.44
3611 18.04
3612 14.48
3612 1.16
3612 25.44
3612 18.04
3613 14.48
3613 1.16
3613 25.44
3613 18.04
3614 14.48
3614 1.16
3614 25.44
3614 18.04
3615 14.48
3615 1.16
3615 25.44
3615 18.04
3616 14.48
3616 1.16
3616 25.44
3616 18.04
3617 14.48
3617 1.16
3617 25.44
3617 18.04
3618 14.48
3618 1.16
3618 25.44
3618 18.04
3619 14.48
3619 1.16
3619 25.44
3619 18.04
3620 14.48
3620 1.16
3620 25.44
3620 18.04
3621 14.48
3621 1.16
3621 25.44
3621 18.04
3622 14.48
3622 1.16
3622 25.44
3622 18.04
3623 14.48
3623 1.16
3623 25.44
3623 18.04
3624 14.48
3624 1.16
3624 25.44
3624 18.04
3625 14.48
3625 1.16
3625 25.44
3625 18.04
3626 14.48
3626 1.16
3626 25.44
3626 18.04
3627 14.48
3627 1.16
3627 25.44
3627 18.04
3628 14.48
3628 1.16
3628 25.44
3628 18.04
3629 14.48
3629 1.16
3629 25.44
3629 18.04
3630 14.48
3630 1.16
3630 25.44
3630 18.04
3631 14.48
3631 1.16
3631 25.44
3631 18.04
3632 14.48
3632 1.16
3632 25.44
3632 18.04
3633 14.48
3633 1.16
3633 25.44
3633 18.04
3634 14.48
3634 1.16
3634 25.44
3634 18.04
3635 14.48
3635 1.16
3635 25.44
3635 18.04
3636 14.48
3636 1.16
3636 25.44
3636 18.04
3637 14.48
3637 1.16
3637 25.44
3637 18.04
3638 14.48
3638 1.16
3638 25.44
3638 18.04
3639 14.48
3639 1.16
3639 25.44
3639 18.04
3640 14.48
3640 1.16
3640 25.44
3640 18.04
3641 14.48
3641 1.16
3641 25.44
3641 18.04
3642 14.48
3642 1.16
3642 25.44
3642 18.04
3643 14.48
3643 1.16
3643 25.44
3643 18.04
3644 14.48
3644 1.16
3644 25.44
3644 18.04
3645 14.48
3645 1.16
3645 25.44
3645 18.04
3646 14.48
3646 1.16
3646 25.44
3646 18.04
3647 14.48
3647 1.16
3647 25.44
3647 18.04
3648 14.48
3648 1.16
3648 25.44
3648 18.04
3649 14.48
3649 1.16
3649 25.44
3649 18.04
3650 14.48
3650 1.16
3650 25.44
3650 18.04
3773 14.48
3773 1.16
3773 25.44
3773 18.04
3774 14.48
3774 1.16
3774 25.44
3774 18.04
3775 14.48
3775 1.16
3775 25.44
3775 18.04
3776 14.48
3776 1.16
3776 25.44
3776 18.04
3777 14.48
3777 1.16
3777 25.44
3777 18.04
3778 14.48
3778 1.16
3778 25.44
3778 18.04
3779 14.48
3779 1.16
3779 25.44
3779 18.04
3780 14.48
3780 1.16
3780 25.44
3780 18.04
3781 14.48
3781 1.16
3781 25.44
3781 18.04
3782 14.48
3782 1.16
3782 25.44
3782 18.04
3783 14.48
3783 1.16
3783 25.44
3783 18.04
3784 14.48
3784 1.16
3784 25.44
3784 18.04
3785 14.48
3785 1.16
3785 25.44
3785 18.04
3786 14.48
3786 1.16
3786 25.44
3786 18.04
3787 14.48
3787 1.16
3787 25.44
3787 18.04
3788 14.48
3788 1.16
3788 25.44
3788 18.04
3789 14.48
3789 1.16
3789 25.44
3789 18.04
3790 14.48
3790 1.16
3790 25.44
3790 18.04
3791 14.48
3791 1.16
3791 25.44
3791 18.04
3792 14.48
3792 1.16
3792 25.44
3792 18.04
3793 14.48
3793 1.16
3793 25.44
3793 18.04
3794 14.48
3794 1.16
3794 25.44
3794 18.04
3795 14.48
3795 1.16
3795 25.44
3795 18.04
3796 14.48
3796 1.16
3796 25.44
3796 18.04
3797 14.48
3797 1.16
3797 25.44
3797 18.04
3798 14.48
3798 1.16
3798 25.44
3798 18.04
3799 14.48
3799 1.16
3799 25.44
3799 18.04
3800 14.48
3800 1.16
3800 25.44
3800 18.04
3801 14.48
3801 1.16
3801 25.44
3801 18.04
3802 14.48
3802 1.16
3802 25.44
3802 18.04
3803 14.48
3803 1.16
3803 25.44
3803 18.04
3804 14.48
3804 1.16
3804 25.44
3804 18.04
3805 14.48
3805 1.16
3805 25.44
3805 18.04
3806 14.48
3806 1.16
3806 25.44
3806 18.04
3807 14.48
3807 1.16
3807 25.44
3807 18.04
3808 14.48
3808 1.16
3808 25.44
3808 18.04
3809 14.48
3809 1.16
3809 25.44
3809 18.04
3810 14.48
3810 1.16
3810 25.44
3810 18.04
3811 14.48
3811 1.16
3811 25.44
3811 18.04
3812 14.48
3812 1.16
3812 25.44
3812 18.04
3813 14.48
3813 1.16
3813 25.44
3813 18.04
3814 14.48
3814 1.16
3814 25.44
3814 18.04
3815 14.48
3815 1.16
3815 25.44
3815 18.04
3816 14.48
3816 1.16
3816 25.44
3816 18.04
3817 14.48
3817 1.16
3817 25.44
3817 18.04
3818 14.48
3818 1.16
3818 25.44
3818 18.04
3819 14.48
3819 1.16
3819 25.44
3819 18.04
3820 14.48
3820 1.16
3820 25.44
3820 18.04
3821 14.48
3821 1.16
3821 25.44
3821 18.04
3822 14.48
3822 1.16
3822 25.44
3822 18.04
3946 14.48
3946 1.16
3946 25.44
3946 18.04
3947 14.48
3947 1.16
3947 25.44
3947 18.04
3948 14.48
3948 1.16
3948 25.44
3948 18.04
3949 14.48
3949 1.16
3949 25.44
3949 18.04
3950 14.48
3950 1.16
3950 25.44
3950 18.04
3951 14.48
3951 1.16
3951 25.44
3951 18.04
3952 14.48
3952 1.16
3952 25.44
3952 18.04
3953 14.48
3953 1.16
3953 25.44
3953 18.04
3954 14.48
3954 1.16
3954 25.44
3954 18.04
3955 14.48
3955 1.16
3955 25.44
3955 18.04
3956 14.48
3956 1.16
3956 25.44
3956 18.04
3957 14.48
3957 1.16
3957 25.44
3957 18.04
3958 14.48
3958 1.16
3958 25.44
3958 18.04
3959 14.48
3959 1.16
3959 25.44
3959 18.04
3960 14.48
3960 1.16
3960 25.44
3960 18.04
3961 14.48
3961 1.16
3961 25.44
3961 18.04
3962 14.48
3962 1.16
3962 25.44
3962 18.04
3963 14.48
3963 1.16
3963 25.44
3963 18.04
3964 14.48
3964 1.16
3964 25.44
3964 18.04
3965 14.48
3965 1.16
3965 25.44
3965 18.04
3966 14.48
3966 1.16
3966 25.44
3966 18.04
3967 14.48
3967 1.16
3967 25.44
3967 18.04
3968 14.48
3968 1.16
3968 25.44
3968 18.04
3969 14.48
3969 1.16
3969 25.44
3969 18.04
3970 14.48
3970 1.16
3970 25.44
3970 18.04
3971 14.48
3971 1.16
3971 25.44
3971 18.04
3972 14.48
3972 1.16
3972 25.44
3972 18.04
3973 14.48
3973 1.16
3973 25.44
3973 18.04
3974 14.48
3974 1.16
3974 25.44
3974 18.04
3975 14.48
3975 1.16
3975 25.44
3975 18.04
3976 14.48
3976 1.16
3976 25.44
3976 18.04
3977 14.48
3977 1.16
3977 25.44
3977 18.04
3978 14.48
3978 1.16
3978 25.44
3978 18.04
3979 14.48
3979 1.16
3979 25.44
3979 18.04
3980 14.48
3980 1.16
3980 25.44
3980 18.04
3981 14.48
3981 1.16
3981 25.44
3981 18.04
3982 14.48
3982 1.16
3982 25.44
3982 18.04
3983 14.48
3983 1.16
3983 25.44
3983 18.04
3984 14.48
3984 1.16
3984 25.44
3984 18.04
3985 14.48
3985 1.16
3985 25.44
3985 18.04
3986 14.48
3986 1.16
3986 25.44
3986 18.04
3987 14.48
3987 1.16
3987 25.44
3987 18.04
3988 14.48
3988 1.16
3988 25.44
3988 18.04
3989 14.48
3989 1.16
3989 25.44
3989 18.04
3990 14.48
3990 1.16
3990 25.44
3990 18.04
3991 14.48
3991 1.16
3991 25.44
3991 18.04
3992 14.48
3992 1.16
3992 25.44
3992 18.04
3993 14.48
3993 1.16
3993 25.44
3993 18.04
3994 14.48
3994 1.16
3994 25.44
3994 18.04
4118 14.48
4118 1.16
4118 25.44
4118 18.04
4119 14.48
4119 1.16
4119 25.44
4119 18.04
4120 14.48
4120 1.16
4120 25.44
4120 18.04
4121 14.48
4121 1.16
4121 25.44
4121 18.04
4122 14.48
4122 1.16
4122 25.44
4122 18.04
4123 14.48
4123 1.16
4123 25.44
4123 18.04
4124 14.48
4124 1.16
4124 25.44
4124 18.04
4125 14.48
4125 1.16
4125 25.44
4125 18.04
4126 14.48
4126 1.16
4126 25.44
4126 18.04
4127 14.48
4127 1.16
4127 25.44
4127 18.04
4128 14.48
4128 1.16
4128 25.44
4128 18.04
4129 14.48
4129 1.16
4129 25.44
4129 18.04
4130 14.48
4130 1.16
4130 25.44
4130 18.04
4131 14.48
4131 1.16
4131 25.44
4131 18.04
4132 14.48
4132 1.16
4132 25.44
4132 18.04
4133 14.48
4133 1.16
4133 25.44
4133 18.04
4134 14.48
4134 1.16
4134 25.44
4134 18.04
4135 14.48
4135 1.16
4135 25.44
4135 18.04
4136 14.48
4136 1.16
4136 25.44
4136 18.04
4137 14.48
4137 1.16
4137 25.44
4137 18.04
4138 14.48
4138 1.16
4138 25.44
4138 18.04
4139 14.48
4139 1.16
4139 25.44
4139 18.04
4140 14.48
4140 1.16
4140 25.44
4140 18.04
4141 14.48
4141 1.16
4141 25.44
4141 18.04
4142 14.48
4142 1.16
4142 25.44
4142 18.04
4143 14.48
4143 1.16
4143 25.44
4143 18.04
4144 14.48
4144 1.16
4144 25.44
4144 18.04
4145 14.48
4145 1.16
4145 25.44
4145 18.04
4146 14.48
4146 1.16
4146 25.44
4146 18.04
4147 14.48
4147 1.16
4147 25.44
4147 18.04
4148 14.48
4148 1.16
4148 25.44
4148 18.04
4149 14.48
4149 1.16
4149 25.44
4149 18.04
4150 14.48
4150 1.16
4150 25.44
4150 18.04
4151 14.48
4151 1.16
4151 25.44
4151 18.04
4152 14.48
4152 1.16
4152 25.44
4152 18.04
4153 14.48
4153 1.16
4153 25.44
4153 18.04
4154 14.48
4154 1.16
4154 25.44
4154 18.04
4155 14.48
4155 1.16
4155 25.44
4155 18.04
4156 14.48
4156 1.16
4156 25.44
4156 18.04
4157 14.48
4157 1.16
4157 25.44
4157 18.04
4158 14.48
4158 1.16
4158 25.44
4158 18.04
4159 14.48
4159 1.16
4159 25.44
4159 18.04
4160 14.48
4160 1.16
4160 25.44
4160 18.04
4161 14.48
4161 1.16
4161 25.44
4161 18.04
4162 14.48
4162 1.16
4162 25.44
4162 18.04
4163 14.48
4163 1.16
4163 25.44
4163 18.04
4164 14.48
4164 1.16
4164 25.44
4164 18.04
4165 14.48
4165 1.16
4165 25.44
4165 18.04
4166 14.48
4166 1.16
4166 25.44
4166 18.04
4290 14.48
4290 1.16
4290 25.44
4290 18.04
4291 14.48
4291 1.16
4291 25.44
4291 18.04
4292 14.48
4292 1.16
4292 25.44
4292 18.04
4293 14.48
4293 1.16
4293 25.44
4293 18.04
4294 14.48
4294 1.16
4294 25.44
4294 18.04
4295 14.48
4295 1.16
4295 25.44
4295 18.04
4296 14.48
4296 1.16
4296 25.44
4296 18.04
4297 14.48
4297 1.16
4297 25.44
4297 18.04
4298 14.48
4298 1.16
4298 25.44
4298 18.04
4299 14.48
4299 1.16
4299 25.44
4299 18.04
4300 14.48
4300 1.16
4300 25.44
4300 18.04
4301 14.48
4301 1.16
4301 25.44
4301 18.04
4302 14.48
4302 1.16
4302 25.44
4302 18.04
4303 14.48
4303 1.16
4303 25.44
4303 18.04
4304 14.48
4304 1.16
4304 25.44
4304 18.04
4305 14.48
4305 1.16
4305 25.44
4305 18.04
4306 14.48
4306 1.16
4306 25.44
4306 18.04
4307 14.48
4307 1.16
4307 25.44
4307 18.04
4308 14.48
4308 1.16
4308 25.44
4308 18.04
4309 14.48
4309 1.16
4309 25.44
4309 18.04
4310 14.48
4310 1.16
4310 25.44
4310 18.04
4311 14.48
4311 1.16
4311 25.44
4311 18.04
4312 14.48
4312 1.16
4312 25.44
4312 18.04
4313 14.48
4313 1.16
4313 25.44
4313 18.04
4314 14.48
4314 1.16
4314 25.44
4314 18.04
4315 14.48
4315 1.16
4315 25.44
4315 18.04
4316 14.48
4316 1.16
4316 25.44
4316 18.04
4317 14.48
4317 1.16
4317 25.44
4317 18.04
4318 14.48
4318 1.16
4318 25.44
4318 18.04
4319 14.48
4319 1.16
4319 25.44
4319 18.04
4320 14.48
4320 1.16
4320 25.44
4320 18.04
4321 14.48
4321 1.16
4321 25.44
4321 18.04
4322 14.48
4322 1.16
4322 25.44
4322 18.04
4323 14.48
4323 1.16
4323 25.44
4323 18.04
4324 14.48
4324 1.16
4324 25.44
4324 18.04
4325 14.48
4325 1.16
4325 25.44
4325 18.04
4326 14.48
4326 1.16
4326 25.44
4326 18.04
4327 14.48
4327 1.16
4327 25.44
4327 18.04
4328 14.48
4328 1.16
4328 25.44
4328 18.04
4329 14.48
4329 1.16
4329 25.44
4329 18.04
4330 14.48
4330 1.16
4330 25.44
4330 18.04
4331 14.48
4331 1.16
4331 25.44
4331 18.04
4332 14.48
4332 1.16
4332 25.44
4332 18.04
4333 14.48
4333 1.16
4333 25.44
4333 18.04
4334 14.48
4334 1.16
4334 25.44
4334 18.04
4335 14.48
4335 1.16
4335 25.44
4335 18.04
4336 14.48
4336 1.16
4336 25.44
4336 18.04
4337 14.48
4337 1.16
4337 25.44
4337 18.04
4460 14.48
4460 1.16
4460 25.44
4460 18.04
4461 14.48
4461 1.16
4461 25.44
4461 18.04
4462 14.48
4462 1.16
4462 25.44
4462 18.04
4463 14.48
4463 1.16
4463 25.44
4463 18.04
4464 14.48
4464 1.16
4464 25.44
4464 18.04
4465 14.48
4465 1.16
4465 25.44
4465 18.04
4466 14.48
4466 1.16
4466 25.44
4466 18.04
4467 14.48
4467 1.16
4467 25.44
4467 18.04
4468 14.48
4468 1.16
4468 25.44
4468 18.04
4469 14.48
4469 1.16
4469 25.44
4469 18.04
4470 14.48
4470 1.16
4470 25.44
4470 18.04
4471 14.48
4471 1.16
4471 25.44
4471 18.04
4472 14.48
4472 1.16
4472 25.44
4472 18.04
4473 14.48
4473 1.16
4473 25.44
4473 18.04
4474 14.48
4474 1.16
4474 25.44
4474 18.04
4475 14.48
4475 1.16
4475 25.44
4475 18.04
4476 14.48
4476 1.16
4476 25.44
4476 18.04
4477 14.48
4477 1.16
4477 25.44
4477 18.04
4478 14.48
4478 1.16
4478 25.44
4478 18.04
4479 14.48
4479 1.16
4479 25.44
4479 18.04
4480 14.48
4480 1.16
4480 25.44
4480 18.04
4481 14.48
4481 1.16
4481 25.44
4481 18.04
4482 14.48
4482 1.16
4482 25.44
4482 18.04
4483 14.48
4483 1.16
4483 25.44
4483 18.04
4484 14.48
4484 1.16
4484 25.44
4484 18.04
4485 14.48
4485 1.16
4485 25.44
4485 18.04
4486 14.48
4486 1.16
4486 25.44
4486 18.04
4487 14.48
4487 1.16
4487 25.44
4487 18.04
4488 14.48
4488 1.16
4488 25.44
4488 18.04
4489 14.48
4489 1.16
4489 25.44
4489 18.04
4490 14.48
4490 1.16
4490 25.44
4490 18.04
4491 14.48
4491 1.16
4491 25.44
4491 18.04
4492 14.48
4492 1.16
4492 25.44
4492 18.04
4493 14.48
4493 1.16
4493 25.44
4493 18.04
4494 14.48
4494 1.16
4494 25.44
4494 18.04
4495 14.48
4495 1.16
4495 25.44
4495 18.04
4496 14.48
4496 1.16
4496 25.44
4496 18.04
4497 14.48
4497 1.16
4497 25.44
4497 18.04
4498 14.48
4498 1.16
4498 25.44
4498 18.04
4499 14.48
4499 1.16
4499 25.44
4499 18.04
4500 14.48
4500 1.16
4500 25.44
4500 18.04
4501 14.48
4501 1.16
4501 25.44
4501 18.04
4502 14.48
4502 1.16
4502 25.44
4502 18.04
4503 14.48
4503 1.16
4503 25.44
4503 18.04
4504 14.48
4504 1.16
4504 25.44
4504 18.04
4505 14.48
4505 1.16
4505 25.44
4505 18.04
4506 14.48
4506 1.16
4506 25.44
4506 18.04
4507 14.48
4507 1.16
4507 25.44
4507 18.04
4628 14.48
4628 1.16
4628 25.44
4628 18.04
4629 14.48
4629 1.16
4629 25.44
4629 18.04
4630 14.48
4630 1.16
4630 25.44
4630 18.04
4631 14.48
4631 1.16
4631 25.44
4631 18.04
4632 14.48
4632 1.16
4632 25.44
4632 18.04
4633 14.48
4633 1.16
4633 25.44
4633 18.04
4634 14.48
4634 1.16
4634 25.44
4634 18.04
4635 14.48
4635 1.16
4635 25.44
4635 18.04
4636 14.48
4636 1.16
4636 25.44
4636 18.04
4637 14.48
4637 1.16
4637 25.44
4637 18.04
4638 14.48
4638 1.16
4638 25.44
4638 18.04
4639 14.48
4639 1.16
4639 25.44
4639 18.04
4640 14.48
4640 1.16
4640 25.44
4640 18.04
4641 14.48
4641 1.16
4641 25.44
4641 18.04
4642 14.48
4642 1.16
4642 25.44
4642 18.04
4643 14.48
4643 1.16
4643 25.44
4643 18.04
4644 14.48
4644 1.16
4644 25.44
4644 18.04
4645 14.48
4645 1.16
4645 25.44
4645 18.04
4646 14.48
4646 1.16
4646 25.44
4646 18.04
4647 14.48
4647 1.16
4647 25.44
4647 18.04
4648 14.48
4648 1.16
4648 25.44
4648 18.04
4649 14.48
4649 1.16
4649 25.44
4649 18.04
4650 14.48
4650 1.16
4650 25.44
4650 18.04
4651 14.48
4651 1.16
4651 25.44
4651 18.04
4652 14.48
4652 1.16
4652 25.44
4652 18.04
4653 14.48
4653 1.16
4653 25.44
4653 18.04
4654 14.48
4654 1.16
4654 25.44
4654 18.04
4655 14.48
4655 1.16
4655 25.44
4655 18.04
4656 14.48
4656 1.16
4656 25.44
4656 18.04
4657 14.48
4657 1.16
4657 25.44
4657 18.04
4658 14.48
4658 1.16
4658 25.44
4658 18.04
4659 14.48
4659 1.16
4659 25.44
4659 18.04
4660 14.48
4660 1.16
4660 25.44
4660 18.04
4661 14.48
4661 1.16
4661 25.44
4661 18.04
4662 14.48
4662 1.16
4662 25.44
4662 18.04
4663 14.48
4663 1.16
4663 25.44
4663 18.04
4664 14.48
4664 1.16
4664 25.44
4664 18.04
4665 14.48
4665 1.16
4665 25.44
4665 18.04
4666 14.48
4666 1.16
4666 25.44
4666 18.04
4667 14.48
4667 1.16
4667 25.44
4667 18.04
4668 14.48
4668 1.16
4668 25.44
4668 18.04
4669 14.48
4669 1.16
4669 25.44
4669 18.04
4670 14.48
4670 1.16
4670 25.44
4670 18.04
4671 14.48
4671 1.16
4671 25.44
4671 18.04
4672 14.48
4672 1.16
4672 25.44
4672 18.04
4673 14.48
4673 1.16
4673 25.44
4673 18.04
4674 14.48
4674 1.16
4674 25.44
4674 18.04
4675 14.48
4675 1.16
4675 25.44
4675 18.04
4676 14.48
4676 1.16
4676 25.44
4676 18.04
4795 14.48
4795 1.16
4795 25.44
4795 18.04
4796 14.48
4796 1.16
4796 25.44
4796 18.04
4797 14.48
4797 1.16
4797 25.44
4797 18.04
4798 14.48
4798 1.16
4798 25.44
4798 18.04
4799 14.48
4799 1.16
4799 25.44
4799 18.04
4800 14.48
4800 1.16
4800 25.44
4800 18.04
4801 14.48
4801 1.16
4801 25.44
4801 18.04
4802 14.48
4802 1.16
4802 25.44
4802 18.04
4803 14.48
4803 1.16
4803 25.44
4803 18.04
4804 14.48
4804 1.16
4804 25.44
4804 18.04
4805 14.48
4805 1.16
4805 25.44
4805 18.04
4806 14.48
4806 1.16
4806 25.44
4806 18.04
4807 14.48
4807 1.16
4807 25.44
4807 18.04
4808 14.48
4808 1.16
4808 25.44
4808 18.04
4809 14.48
4809 1.16
4809 25.44
4809 18.04
4810 14.48
4810 1.16
4810 25.44
4810 18.04
4811 14.48
4811 1.16
4811 25.44
4811 18.04
4812 14.48
4812 1.16
4812 25.44
4812 18.04
4813 14.48
4813 1.16
4813 25.44
4813 18.04
4814 14.48
4814 1.16
4814 25.44
4814 18.04
4815 14.48
4815 1.16
4815 25.44
4815 18.04
4816 14.48
4816 1.16
4816 25.44
4816 18.04
4817 14.48
4817 1.16
4817 25.44
4817 18.04
4818 14.48
4818 1.16
4818 25.44
4818 18.04
4819 14.48
4819 1.16
4819 25.44
4819 18.04
4820 14.48
4820 1.16
4820 25.44
4820 18.04
4821 14.48
4821 1.16
4821 25.44
4821 18.04
4822 14.48
4822 1.16
4822 25.44
4822 18.04
4823 14.48
4823 1.16
4823 25.44
4823 18.04
4824 14.48
4824 1.16
4824 25.44
4824 18.04
4825 14.48
4825 1.16
4825 25.44
4825 18.04
4826 14.48
4826 1.16
4826 25.44
4826 18.04
4827 14.48
4827 1.16
4827 25.44
4827 18.04
4828 14.48
4828 1.16
4828 25.44
4828 18.04
4829 14.48
4829 1.16
4829 25.44
4829 18.04
4830 14.48
4830 1.16
4830 25.44
4830 18.04
4831 14.48
4831 1.16
4831 25.44
4831 18.04
4832 14.48
4832 1.16
4832 25.44
4832 18.04
4833 14.48
4833 1.16
4833 25.44
4833 18.04
4834 14.48
4834 1.16
4834 25.44
4834 18.04
4835 14.48
4835 1.16
4835 25.44
4835 18.04
4836 14.48
4836 1.16
4836 25.44
4836 18.04
4837 14.48
4837 1.16
4837 25.44
4837 18.04
4838 14.48
4838 1.16
4838 25.44
4838 18.04
4839 14.48
4839 1.16
4839 25.44
4839 18.04
4840 14.48
4840 1.16
4840 25.44
4840 18.04
4841 14.48
4841 1.16
4841 25.44
4841 18.04
4842 14.48
4842 1.16
4842 25.44
4842 18.04
4843 14.48
4843 1.16
4843 25.44
4843 18.04
4961 14.48
4961 1.16
4961 25.44
4961 18.04
4962 14.48
4962 1.16
4962 25.44
4962 18.04
4963 14.48
4963 1.16
4963 25.44
4963 18.04
4964 14.48
4964 1.16
4964 25.44
4964 18.04
4965 14.48
4965 1.16
4965 25.44
4965 18.04
4966 14.48
4966 1.16
4966 25.44
4966 18.04
4967 14.48
4967 1.16
4967 25.44
4967 18.04
4968 14.48
4968 1.16
4968 25.44
4968 18.04
4969 14.48
4969 1.16
4969 25.44
4969 18.04
4970 14.48
4970 1.16
4970 25.44
4970 18.04
4971 14.48
4971 1.16
4971 25.44
4971 18.04
4972 14.48
4972 1.16
4972 25.44
4972 18.04
4973 14.48
4973 1.16
4973 25.44
4973 18.04
4974 14.48
4974 1.16
4974 25.44
4974 18.04
4975 14.48
4975 1.16
4975 25.44
4975 18.04
4976 14.48
4976 1.16
4976 25.44
4976 18.04
4977 14.48
4977 1.16
4977 25.44
4977 18.04
4978 14.48
4978 1.16
4978 25.44
4978 18.04
4979 14.48
4979 1.16
4979 25.44
4979 18.04
4980 14.48
4980 1.16
4980 25.44
4980 18.04
4981 14.48
4981 1.16
4981 25.44
4981 18.04
4982 14.48
4982 1.16
4982 25.44
4982 18.04
4983 14.48
4983 1.16
4983 25.44
4983 18.04
4984 14.48
4984 1.16
4984 25.44
4984 18.04
4985 14.48
4985 1.16
4985 25.44
4985 18.04
4986 14.48
4986 1.16
4986 25.44
4986 18.04
4987 14.48
4987 1.16
4987 25.44
4987 18.04
4988 14.48
4988 1.16
4988 25.44
4988 18.04
4989 14.48
4989 1.16
4989 25.44
4989 18.04
4990 14.48
4990 1.16
4990 25.44
4990 18.04
4991 14.48
4991 1.16
4991 25.44
4991 18.04
4992 14.48
4992 1.16
4992 25.44
4992 18.04
4993 14.48
4993 1.16
4993 25.44
4993 18.04
4994 14.48
4994 1.16
4994 25.44
4994 18.04
4995 14.48
4995 1.16
4995 25.44
4995 18.04
4996 14.48
4996 1.16
4996 25.44
4996 18.04
4997 14.48
4997 1.16
4997 25.44
4997 18.04
4998 14.48
4998 1.16
4998 25.44
4998 18.04
4999 14.48
4999 1.16
4999 25.44
4999 18.04
5000 14.48
5000 1.16
5000 25.44
5000 18.04
5001 14.48
5001 1.16
5001 25.44
5001 18.04
5002 14.48
5002 1.16
5002 25.44
5002 18.04
5003 14.48
5003 1.16
5003 25.44
5003 18.04
5004 14.48
5004 1.16
5004 25.44
5004 18.04
5005 14.48
5005 1.16
5005 25.44
5005 18.04
5006 14.48
5006 1.16
5006 25.44
5006 18.04
5007 14.48
5007 1.16
5007 25.44
5007 18.04
5008 14.48
5008 1.16
5008 25.44
5008 18.04
5122 14.48
5122 1.16
5122 25.44
5122 18.04
5123 14.48
5123 1.16
5123 25.44
5123 18.04
5124 14.48
5124 1.16
5124 25.44
5124 18.04
5125 14.48
5125 1.16
5125 25.44
5125 18.04
5126 14.48
5126 1.16
5126 25.44
5126 18.04
5127 14.48
5127 1.16
5127 25.44
5127 18.04
5128 14.48
5128 1.16
5128 25.44
5128 18.04
5129 14.48
5129 1.16
5129 25.44
5129 18.04
5130 14.48
5130 1.16
5130 25.44
5130 18.04
5131 14.48
5131 1.16
5131 25.44
5131 18.04
5132 14.48
5132 1.16
5132 25.44
5132 18.04
5133 14.48
5133 1.16
5133 25.44
5133 18.04
5134 14.48
5134 1.16
5134 25.44
5134 18.04
5135 14.48
5135 1.16
5135 25.44
5135 18.04
5136 14.48
5136 1.16
5136 25.44
5136 18.04
5137 14.48
5137 1.16
5137 25.44
5137 18.04
5138 14.48
5138 1.16
5138 25.44
5138 18.04
5139 14.48
5139 1.16
5139 25.44
5139 18.04
5140 14.48
5140 1.16
5140 25.44
5140 18.04
5141 14.48
5141 1.16
5141 25.44
5141 18.04
5142 14.48
5142 1.16
5142 25.44
5142 18.04
5143 14.48
5143 1.16
5143 25.44
5143 18.04
5144 14.48
5144 1.16
5144 25.44
5144 18.04
5145 14.48
5145 1.16
5145 25.44
5145 18.04
5146 14.48
5146 1.16
5146 25.44
5146 18.04
5147 14.48
5147 1.16
5147 25.44
5147 18.04
5148 14.48
5148 1.16
5148 25.44
5148 18.04
5149 14.48
5149 1.16
5149 25.44
5149 18.04
5150 14.48
5150 1.16
5150 25.44
5150 18.04
5151 14.48
5151 1.16
5151 25.44
5151 18.04
5152 14.48
5152 1.16
5152 25.44
5152 18.04
5153 14.48
5153 1.16
5153 25.44
5153 18.04
5154 14.48
5154 1.16
5154 25.44
5154 18.04
5155 14.48
5155 1.16
5155 25.44
5155 18.04
5156 14.48
5156 1.16
5156 25.44
5156 18.04
5157 14.48
5157 1.16
5157 25.44
5157 18.04
5158 14.48
5158 1.16
5158 25.44
5158 18.04
5159 14.48
5159 1.16
5159 25.44
5159 18.04
5160 14.48
5160 1.16
5160 25.44
5160 18.04
5161 14.48
5161 1.16
5161 25.44
5161 18.04
5162 14.48
5162 1.16
5162 25.44
5162 18.04
5163 14.48
5163 1.16
5163 25.44
5163 18.04
5164 14.48
5164 1.16
5164 25.44
5164 18.04
5165 14.48
5165 1.16
5165 25.44
5165 18.04
5166 14.48
5166 1.16
5166 25.44
5166 18.04
5167 14.48
5167 1.16
5167 25.44
5167 18.04
5168 14.48
5168 1.16
5168 25.44
5168 18.04
5169 14.48
5169 1.16
5169 25.44
5169 18.04
5280 14.48
5280 1.16
5280 25.44
5280 18.04
5281 14.48
5281 1.16
5281 25.44
5281 18.04
5282 14.48
5282 1.16
5282 25.44
5282 18.04
5283 14.48
5283 1.16
5283 25.44
5283 18.04
5284 14.48
5284 1.16
5284 25.44
5284 18.04
5285 14.48
5285 1.16
5285 25.44
5285 18.04
5286 14.48
5286 1.16
5286 25.44
5286 18.04
5287 14.48
5287 1.16
5287 25.44
5287 18.04
5288 14.48
5288 1.16
5288 25.44
5288 18.04
5289 14.48
5289 1.16
5289 25.44
5289 18.04
5290 14.48
5290 1.16
5290 25.44
5290 18.04
5291 14.48
5291 1.16
5291 25.44
5291 18.04
5292 14.48
5292 1.16
5292 25.44
5292 18.04
5293 14.48
5293 1.16
5293 25.44
5293 18.04
5294 14.48
5294 1.16
5294 25.44
5294 18.04
5295 14.48
5295 1.16
5295 25.44
5295 18.04
5296 14.48
5296 1.16
5296 25.44
5296 18.04
5297 14.48
5297 1.16
5297 25.44
5297 18.04
5298 14.48
5298 1.16
5298 25.44
5298 18.04
5299 14.48
5299 1.16
5299 25.44
5299 18.04
5300 14.48
5300 1.16
5300 25.44
5300 18.04
5301 14.48
5301 1.16
5301 25.44
5301 18.04
5302 14.48
5302 1.16
5302 25.44
5302 18.04
5303 14.48
5303 1.16
5303 25.44
5303 18.04
5304 14.48
5304 1.16
5304 25.44
5304 18.04
5305 14.48
5305 1.16
5305 25.44
5305 18.04
5306 14.48
5306 1.16
5306 25.44
5306 18.04
5307 14.48
5307 1.16
5307 25.44
5307 18.04
5308 14.48
5308 1.16
5308 25.44
5308 18.04
5309 14.48
5309 1.16
5309 25.44
5309 18.04
5310 14.48
5310 1.16
5310 25.44
5310 18.04
5311 14.48
5311 1.16
5311 25.44
5311 18.04
5312 14.48
5312 1.16
5312 25.44
5312 18.04
5313 14.48
5313 1.16
5313 25.44
5313 18.04
5314 14.48
5314 1.16
5314 25.44
5314 18.04
5315 14.48
5315 1.16
5315 25.44
5315 18.04
5316 14.48
5316 1.16
5316 25.44
5316 18.04
5317 14.48
5317 1.16
5317 25.44
5317 18.04
5318 14.48
5318 1.16
5318 25.44
5318 18.04
5319 14.48
5319 1.16
5319 25.44
5319 18.04
5320 14.48
5320 1.16
5320 25.44
5320 18.04
5321 14.48
5321 1.16
5321 25.44
5321 18.04
5322 14.48
5322 1.16
5322 25.44
5322 18.04
5323 14.48
5323 1.16
5323 25.44
5323 18.04
5324 14.48
5324 1.16
5324 25.44
5324 18.04
5325 14.48
5325 1.16
5325 25.44
5325 18.04
5326 14.48
5326 1.16
5326 25.44
5326 18.04
5327 14.48
5327 1.16
5327 25.44
5327 18.04
5328 14.48
5328 1.16
5328 25.44
5328 18.04
5436 14.48
5436 1.16
5436 25.44
5436 18.04
5437 14.48
5437 1.16
5437 25.44
5437 18.04
5438 14.48
5438 1.16
5438 25.44
5438 18.04
5439 14.48
5439 1.16
5439 25.44
5439 18.04
5440 14.48
5440 1.16
5440 25.44
5440 18.04
5441 14.48
5441 1.16
5441 25.44
5441 18.04
5442 14.48
5442 1.16
5442 25.44
5442 18.04
5443 14.48
5443 1.16
5443 25.44
5443 18.04
5444 14.48
5444 1.16
5444 25.44
5444 18.04
5445 14.48
5445 1.16
5445 25.44
5445 18.04
5446 14.48
5446 1.16
5446 25.44
5446 18.04
5447 14.48
5447 1.16
5447 25.44
5447 18.04
5448 14.48
5448 1.16
5448 25.44
5448 18.04
5449 14.48
5449 1.16
5449 25.44
5449 18.04
5450 14.48
5450 1.16
5450 25.44
5450 18.04
5451 14.48
5451 1.16
5451 25.44
5451 18.04
5452 14.48
5452 1.16
5452 25.44
5452 18.04
5453 14.48
5453 1.16
5453 25.44
5453 18.04
5454 14.48
5454 1.16
5454 25.44
5454 18.04
5455 14.48
5455 1.16
5455 25.44
5455 18.04
5456 14.48
5456 1.16
5456 25.44
5456 18.04
5457 14.48
5457 1.16
5457 25.44
5457 18.04
5458 14.48
5458 1.16
5458 25.44
5458 18.04
5459 14.48
5459 1.16
5459 25.44
5459 18.04
5460 14.48
5460 1.16
5460 25.44
5460 18.04
5461 14.48
5461 1.16
5461 25.44
5461 18.04
5462 14.48
5462 1.16
5462 25.44
5462 18.04
5463 14.48
5463 1.16
5463 25.44
5463 18.04
5464 14.48
5464 1.16
5464 25.44
5464 18.04
5465 14.48
5465 1.16
5465 25.44
5465 18.04
5466 14.48
5466 1.16
5466 25.44
5466 18.04
5467 14.48
5467 1.16
5467 25.44
5467 18.04
5468 14.48
5468 1.16
5468 25.44
5468 18.04
5469 14.48
5469 1.16
5469 25.44
5469 18.04
5470 14.48
5470 1.16
5470 25.44
5470 18.04
5471 14.48
5471 1.16
5471 25.44
5471 18.04
5472 14.48
5472 1.16
5472 25.44
5472 18.04
5473 14.48
5473 1.16
5473 25.44
5473 18.04
5474 14.48
5474 1.16
5474 25.44
5474 18.04
5475 14.48
5475 1.16
5475 25.44
5475 18.04
5476 14.48
5476 1.16
5476 25.44
5476 18.04
5477 14.48
5477 1.16
5477 25.44
5477 18.04
5478 14.48
5478 1.16
5478 25.44
5478 18.04
5479 14.48
5479 1.16
5479 25.44
5479 18.04
5480 14.48
5480 1.16
5480 25.44
5480 18.04
5481 14.48
5481 1.16
5481 25.44
5481 18.04
5482 14.48
5482 1.16
5482 25.44
5482 18.04
5483 14.48
5483 1.16
5483 25.44
5483 18.04
5593 14.48
5593 1.16
5593 25.44
5593 18.04
5594 14.48
5594 1.16
5594 25.44
5594 18.04
5595 14.48
5595 1.16
5595 25.44
5595 18.04
5596 14.48
5596 1.16
5596 25.44
5596 18.04
5597 14.48
5597 1.16
5597 25.44
5597 18.04
5598 14.48
5598 1.16
5598 25.44
5598 18.04
5599 14.48
5599 1.16
5599 25.44
5599 18.04
5600 14.48
5600 1.16
5600 25.44
5600 18.04
5601 14.48
5601 1.16
5601 25.44
5601 18.04
5602 14.48
5602 1.16
5602 25.44
5602 18.04
5603 14.48
5603 1.16
5603 25.44
5603 18.04
5604 14.48
5604 1.16
5604 25.44
5604 18.04
5605 14.48
5605 1.16
5605 25.44
5605 18.04
5606 14.48
5606 1.16
5606 25.44
5606 18.04
5607 14.48
5607 1.16
5607 25.44
5607 18.04
5608 14.48
5608 1.16
5608 25.44
5608 18.04
5609 14.48
5609 1.16
5609 25.44
5609 18.04
5610 14.48
5610 1.16
5610 25.44
5610 18.04
5611 14.48
5611 1.16
5611 25.44
5611 18.04
5612 14.48
5612 1.16
5612 25.44
5612 18.04
5613 14.48
5613 1.16
5613 25.44
5613 18.04
5614 14.48
5614 1.16
5614 25.44
5614 18.04
5615 14.48
5615 1.16
5615 25.44
5615 18.04
5616 14.48
5616 1.16
5616 25.44
5616 18.04
5617 14.48
5617 1.16
5617 25.44
5617 18.04
5618 14.48
5618 1.16
5618 25.44
5618 18.04
5619 14.48
5619 1.16
5619 25.44
5619 18.04
5620 14.48
5620 1.16
5620 25.44
5620 18.04
5621 14.48
5621 1.16
5621 25.44
5621 18.04
5622 14.48
5622 1.16
5622 25.44
5622 18.04
5623 14.48
5623 1.16
5623 25.44
5623 18.04
5624 14.48
5624 1.16
5624 25.44
5624 18.04
5625 14.48
5625 1.16
5625 25.44
5625 18.04
5626 14.48
5626 1.16
5626 25.44
5626 18.04
5627 14.48
5627 1.16
5627 25.44
5627 18.04
5628 14.48
5628 1.16
5628 25.44
5628 18.04
5629 14.48
5629 1.16
5629 25.44
5629 18.04
5630 14.48
5630 1.16
5630 25.44
5630 18.04
5631 14.48
5631 1.16
5631 25.44
5631 18.04
5632 14.48
5632 1.16
5632 25.44
5632 18.04
5633 14.48
5633 1.16
5633 25.44
5633 18.04
5634 14.48
5634 1.16
5634 25.44
5634 18.04
5635 14.48
5635 1.16
5635 25.44
5635 18.04
5636 14.48
5636 1.16
5636 25.44
5636 18.04
5637 14.48
5637 1.16
5637 25.44
5637 18.04
5638 14.48
5638 1.16
5638 25.44
5638 18.04
5639 14.48
5639 1.16
5639 25.44
5639 18.04
5752 14.48
5752 1.16
5752 25.44
5752 18.04
5753 14.48
5753 1.16
5753 25.44
5753 18.04
5754 14.48
5754 1.16
5754 25.44
5754 18.04
5755 14.48
5755 1.16
5755 25.44
5755 18.04
5756 14.48
5756 1.16
5756 25.44
5756 18.04
5757 14.48
5757 1.16
5757 25.44
5757 18.04
5758 14.48
5758 1.16
5758 25.44
5758 18.04
5759 14.48
5759 1.16
5759 25.44
5759 18.04
5760 14.48
5760 1.16
5760 25.44
5760 18.04
5761 14.48
5761 1.16
5761 25.44
5761 18.04
5762 14.48
5762 1.16
5762 25.44
5762 18.04
5763 14.48
5763 1.16
5763 25.44
5763 18.04
5764 14.48
5764 1.16
5764 25.44
5764 18.04
5765 14.48
5765 1.16
5765 25.44
5765 18.04
5766 14.48
5766 1.16
5766 25.44
5766 18.04
5767 14.48
5767 1.16
5767 25.44
5767 18.04
5768 14.48
5768 1.16
5768 25.44
5768 18.04
5769 14.48
5769 1.16
5769 25.44
5769 18.04
5770 14.48
5770 1.16
5770 25.44
5770 18.04
5771 14.48
5771 1.16
5771 25.44
5771 18.04
5772 14.48
5772 1.16
5772 25.44
5772 18.04
5773 14.48
5773 1.16
5773 25.44
5773 18.04
5774 14.48
5774 1.16
5774 25.44
5774 18.04
5775 14.48
5775 1.16
5775 25.44
5775 18.04
5776 14.48
5776 1.16
5776 25.44
5776 18.04
5777 14.48
5777 1.16
5777 25.44
5777 18.04
5778 14.48
5778 1.16
5778 25.44
5778 18.04
5779 14.48
5779 1.16
5779 25.44
5779 18.04
5780 14.48
5780 1.16
5780 25.44
5780 18.04
5781 14.48
5781 1.16
5781 25.44
5781 18.04
5782 14.48
5782 1.16
5782 25.44
5782 18.04
5783 14.48
5783 1.16
5783 25.44
5783 18.04
5784 14.48
5784 1.16
5784 25.44
5784 18.04
5785 14.48
5785 1.16
5785 25.44
5785 18.04
5786 14.48
5786 1.16
5786 25.44
5786 18.04
5787 14.48
5787 1.16
5787 25.44
5787 18.04
5788 14.48
5788 1.16
5788 25.44
5788 18.04
5789 14.48
5789 1.16
5789 25.44
5789 18.04
5790 14.48
5790 1.16
5790 25.44
5790 18.04
5791 14.48
5791 1.16
5791 25.44
5791 18.04
5792 14.48
5792 1.16
5792 25.44
5792 18.04
5793 14.48
5793 1.16
5793 25.44
5793 18.04
5794 14.48
5794 1.16
5794 25.44
5794 18.04
5795 14.48
5795 1.16
5795 25.44
5795 18.04
5796 14.48
5796 1.16
5796 25.44
5796 18.04
5797 14.48
5797 1.16
5797 25.44
5797 18.04
5798 14.48
5798 1.16
5798 25.44
5798 18.04
5907 14.48
5907 1.16
5907 25.44
5907 18.04
5908 14.48
5908 1.16
5908 25.44
5908 18.04
5909 14.48
5909 1.16
5909 25.44
5909 18.04
5910 14.48
5910 1.16
5910 25.44
5910 18.04
5911 14.48
5911 1.16
5911 25.44
5911 18.04
5912 14.48
5912 1.16
5912 25.44
5912 18.04
5913 14.48
5913 1.16
5913 25.44
5913 18.04
5914 14.48
5914 1.16
5914 25.44
5914 18.04
5915 14.48
5915 1.16
5915 25.44
5915 18.04
5916 14.48
5916 1.16
5916 25.44
5916 18.04
5917 14.48
5917 1.16
5917 25.44
5917 18.04
5918 14.48
5918 1.16
5918 25.44
5918 18.04
5919 14.48
5919 1.16
5919 25.44
5919 18.04
5920 14.48
5920 1.16
5920 25.44
5920 18.04
5921 14.48
5921 1.16
5921 25.44
5921 18.04
5922 14.48
5922 1.16
5922 25.44
5922 18.04
5923 14.48
5923 1.16
5923 25.44
5923 18.04
5924 14.48
5924 1.16
5924 25.44
5924 18.04
5925 14.48
5925 1.16
5925 25.44
5925 18.04
5926 14.48
5926 1.16
5926 25.44
5926 18.04
5927 14.48
5927 1.16
5927 25.44
5927 18.04
5928 14.48
5928 1.16
5928 25.44
5928 18.04
5929 14.48
5929 1.16
5929 25.44
5929 18.04
5930 14.48
5930 1.16
5930 25.44
5930 18.04
5931 14.48
5931 1.16
5931 25.44
5931 18.04
5932 14.48
5932 1.16
5932 25.44
5932 18.04
5933 14.48
5933 1.16
5933 25.44
5933 18.04
5934 14.48
5934 1.16
5934 25.44
5934 18.04
5935 14.48
5935 1.16
5935 25.44
5935 18.04
5936 14.48
5936 1.16
5936 25.44
5936 18.04
5937 14.48
5937 1.16
5937 25.44
5937 18.04
5938 14.48
5938 1.16
5938 25.44
5938 18.04
5939 14.48
5939 1.16
5939 25.44
5939 18.04
5940 14.48
5940 1.16
5940 25.44
5940 18.04
5941 14.48
5941 1.16
5941 25.44
5941 18.04
5942 14.48
5942 1.16
5942 25.44
5942 18.04
5943 14.48
5943 1.16
5943 25.44
5943 18.04
5944 14.48
5944 1.16
5944 25.44
5944 18.04
5945 14.48
5945 1.16
5945 25.44
5945 18.04
5946 14.48
5946 1.16
5946 25.44
5946 18.04
5947 14.48
5947 1.16
5947 25.44
5947 18.04
5948 14.48
5948 1.16
5948 25.44
5948 18.04
5949 14.48
5949 1.16
5949 25.44
5949 18.04
5950 14.48
5950 1.16
5950 25.44
5950 18.04
5951 14.48
5951 1.16
5951 25.44
5951 18.04
6058 14.48
6058 1.16
6058 25.44
6058 18.04
6059 14.48
6059 1.16
6059 25.44
6059 18.04
6060 14.48
6060 1.16
6060 25.44
6060 18.04
6061 14.48
6061 1.16
6061 25.44
6061 18.04
6062 14.48
6062 1.16
6062 25.44
6062 18.04
6063 14.48
6063 1.16
6063 25.44
6063 18.04
6064 14.48
6064 1.16
6064 25.44
6064 18.04
6065 14.48
6065 1.16
6065 25.44
6065 18.04
6066 14.48
6066 1.16
6066 25.44
6066 18.04
6067 14.48
6067 1.16
6067 25.44
6067 18.04
6068 14.48
6068 1.16
6068 25.44
6068 18.04
6069 14.48
6069 1.16
6069 25.44
6069 18.04
6070 14.48
6070 1.16
6070 25.44
6070 18.04
6071 14.48
6071 1.16
6071 25.44
6071 18.04
6072 14.48
6072 1.16
6072 25.44
6072 18.04
6073 14.48
6073 1.16
6073 25.44
6073 18.04
6074 14.48
6074 1.16
6074 25.44
6074 18.04
6075 14.48
6075 1.16
6075 25.44
6075 18.04
6076 14.48
6076 1.16
6076 25.44
6076 18.04
6077 14.48
6077 1.16
6077 25.44
6077 18.04
6078 14.48
6078 1.16
6078 25.44
6078 18.04
6079 14.48
6079 1.16
6079 25.44
6079 18.04
6080 14.48
6080 1.16
6080 25.44
6080 18.04
6081 14.48
6081 1.16
6081 25.44
6081 18.04
6082 14.48
6082 1.16
6082 25.44
6082 18.04
6083 14.48
6083 1.16
6083 25.44
6083 18.04
6084 14.48
6084 1.16
6084 25.44
6084 18.04
6085 14.48
6085 1.16
6085 25.44
6085 18.04
6086 14.48
6086 1.16
6086 25.44
6086 18.04
6087 14.48
6087 1.16
6087 25.44
6087 18.04
6088 14.48
6088 1.16
6088 25.44
6088 18.04
6089 14.48
6089 1.16
6089 25.44
6089 18.04
6090 14.48
6090 1.16
6090 25.44
6090 18.04
6091 14.48
6091 1.16
6091 25.44
6091 18.04
6092 14.48
6092 1.16
6092 25.44
6092 18.04
6093 14.48
6093 1.16
6093 25.44
6093 18.04
6094 14.48
6094 1.16
6094 25.44
6094 18.04
6095 14.48
6095 1.16
6095 25.44
6095 18.04
6096 14.48
6096 1.16
6096 25.44
6096 18.04
6097 14.48
6097 1.16
6097 25.44
6097 18.04
6098 14.48
6098 1.16
6098 25.44
6098 18.04
6099 14.48
6099 1.16
6099 25.44
6099 18.04
6100 14.48
6100 1.16
6100 25.44
6100 18.04
6101 14.48
6101 1.16
6101 25.44
6101 18.04
6102 14.48
6102 1.16
6102 25.44
6102 18.04
6209 14.48
6209 1.16
6209 25.44
6209 18.04
6210 14.48
6210 1.16
6210 25.44
6210 18.04
6211 14.48
6211 1.16
6211 25.44
6211 18.04
6212 14.48
6212 1.16
6212 25.44
6212 18.04
6213 14.48
6213 1.16
6213 25.44
6213 18.04
6214 14.48
6214 1.16
6214 25.44
6214 18.04
6215 14.48
6215 1.16
6215 25.44
6215 18.04
6216 14.48
6216 1.16
6216 25.44
6216 18.04
6217 14.48
6217 1.16
6217 25.44
6217 18.04
6218 14.48
6218 1.16
6218 25.44
6218 18.04
6219 14.48
6219 1.16
6219 25.44
6219 18.04
6220 14.48
6220 1.16
6220 25.44
6220 18.04
6221 14.48
6221 1.16
6221 25.44
6221 18.04
6222 14.48
6222 1.16
6222 25.44
6222 18.04
6223 14.48
6223 1.16
6223 25.44
6223 18.04
6224 14.48
6224 1.16
6224 25.44
6224 18.04
6225 14.48
6225 1.16
6225 25.44
6225 18.04
6226 14.48
6226 1.16
6226 25.44
6226 18.04
6227 14.48
6227 1.16
6227 25.44
6227 18.04
6228 14.48
6228 1.16
6228 25.44
6228 18.04
6229 14.48
6229 1.16
6229 25.44
6229 18.04
6230 14.48
6230 1.16
6230 25.44
6230 18.04
6231 14.48
6231 1.16
6231 25.44
6231 18.04
6232 14.48
6232 1.16
6232 25.44
6232 18.04
6233 14.48
6233 1.16
6233 25.44
6233 18.04
6234 14.48
6234 1.16
6234 25.44
6234 18.04
6235 14.48
6235 1.16
6235 25.44
6235 18.04
6236 14.48
6236 1.16
6236 25.44
6236 18.04
6237 14.48
6237 1.16
6237 25.44
6237 18.04
6238 14.48
6238 1.16
6238 25.44
6238 18.04
6239 14.48
6239 1.16
6239 25.44
6239 18.04
6240 14.48
6240 1.16
6240 25.44
6240 18.04
6241 14.48
6241 1.16
6241 25.44
6241 18.04
6242 14.48
6242 1.16
6242 25.44
6242 18.04
6243 14.48
6243 1.16
6243 25.44
6243 18.04
6244 14.48
6244 1.16
6244 25.44
6244 18.04
6245 14.48
6245 1.16
6245 25.44
6245 18.04
6246 14.48
6246 1.16
6246 25.44
6246 18.04
6247 14.48
6247 1.16
6247 25.44
6247 18.04
6248 14.48
6248 1.16
6248 25.44
6248 18.04
6249 14.48
6249 1.16
6249 25.44
6249 18.04
6250 14.48
6250 1.16
6250 25.44
6250 18.04
6251 14.48
6251 1.16
6251 25.44
6251 18.04
6357 14.48
6357 1.16
6357 25.44
6357 18.04
6358 14.48
6358 1.16
6358 25.44
6358 18.04
6359 14.48
6359 1.16
6359 25.44
6359 18.04
6360 14.48
6360 1.16
6360 25.44
6360 18.04
6361 14.48
6361 1.16
6361 25.44
6361 18.04
6362 14.48
6362 1.16
6362 25.44
6362 18.04
6363 14.48
6363 1.16
6363 25.44
6363 18.04
6364 14.48
6364 1.16
6364 25.44
6364 18.04
6365 14.48
6365 1.16
6365 25.44
6365 18.04
6366 14.48
6366 1.16
6366 25.44
6366 18.04
6367 14.48
6367 1.16
6367 25.44
6367 18.04
6368 14.48
6368 1.16
6368 25.44
6368 18.04
6369 14.48
6369 1.16
6369 25.44
6369 18.04
6370 14.48
6370 1.16
6370 25.44
6370 18.04
6371 14.48
6371 1.16
6371 25.44
6371 18.04
6372 14.48
6372 1.16
6372 25.44
6372 18.04
6373 14.48
6373 1.16
6373 25.44
6373 18.04
6374 14.48
6374 1.16
6374 25.44
6374 18.04
6375 14.48
6375 1.16
6375 25.44
6375 18.04
6376 14.48
6376 1.16
6376 25.44
6376 18.04
6377 14.48
6377 1.16
6377 25.44
6377 18.04
6378 14.48
6378 1.16
6378 25.44
6378 18.04
6379 14.48
6379 1.16
6379 25.44
6379 18.04
6380 14.48
6380 1.16
6380 25.44
6380 18.04
6381 14.48
6381 1.16
6381 25.44
6381 18.04
6382 14.48
6382 1.16
6382 25.44
6382 18.04
6383 14.48
6383 1.16
6383 25.44
6383 18.04
6384 14.48
6384 1.16
6384 25.44
6384 18.04
6385 14.48
6385 1.16
6385 25.44
6385 18.04
6386 14.48
6386 1.16
6386 25.44
6386 18.04
6387 14.48
6387 1.16
6387 25.44
6387 18.04
6388 14.48
6388 1.16
6388 25.44
6388 18.04
6389 14.48
6389 1.16
6389 25.44
6389 18.04
6390 14.48
6390 1.16
6390 25.44
6390 18.04
6391 14.48
6391 1.16
6391 25.44
6391 18.04
6392 14.48
6392 1.16
6392 25.44
6392 18.04
6393 14.48
6393 1.16
6393 25.44
6393 18.04
6394 14.48
6394 1.16
6394 25.44
6394 18.04
6395 14.48
6395 1.16
6395 25.44
6395 18.04
6396 14.48
6396 1.16
6396 25.44
6396 18.04
6397 14.48
6397 1.16
6397 25.44
6397 18.04
6398 14.48
6398 1.16
6398 25.44
6398 18.04
6399 14.48
6399 1.16
6399 25.44
6399 18.04
6503 14.48
6503 1.16
6503 25.44
6503 18.04
6504 14.48
6504 1.16
6504 25.44
6504 18.04
6505 14.48
6505 1.16
6505 25.44
6505 18.04
6506 14.48
6506 1.16
6506 25.44
6506 18.04
6507 14.48
6507 1.16
6507 25.44
6507 18.04
6508 14.48
6508 1.16
6508 25.44
6508 18.04
6509 14.48
6509 1.16
6509 25.44
6509 18.04
6510 14.48
6510 1.16
6510 25.44
6510 18.04
6511 14.48
6511 1.16
6511 25.44
6511 18.04
6512 14.48
6512 1.16
6512 25.44
6512 18.04
6513 14.48
6513 1.16
6513 25.44
6513 18.04
6514 14.48
6514 1.16
6514 25.44
6514 18.04
6515 14.48
6515 1.16
6515 25.44
6515 18.04
6516 14.48
6516 1.16
6516 25.44
6516 18.04
6517 14.48
6517 1.16
6517 25.44
6517 18.04
6518 14.48
6518 1.16
6518 25.44
6518 18.04
6519 14.48
6519 1.16
6519 25.44
6519 18.04
6520 14.48
6520 1.16
6520 25.44
6520 18.04
6521 14.48
6521 1.16
6521 25.44
6521 18.04
6522 14.48
6522 1.16
6522 25.44
6522 18.04
6523 14.48
6523 1.16
6523 25.44
6523 18.04
6524 14.48
6524 1.16
6524 25.44
6524 18.04
6525 14.48
6525 1.16
6525 25.44
6525 18.04
6526 14.48
6526 1.16
6526 25.44
6526 18.04
6527 14.48
6527 1.16
6527 25.44
6527 18.04
6528 14.48
6528 1.16
6528 25.44
6528 18.04
6529 14.48
6529 1.16
6529 25.44
6529 18.04
6530 14.48
6530 1.16
6530 25.44
6530 18.04
6531 14.48
6531 1.16
6531 25.44
6531 18.04
6532 14.48
6532 1.16
6532 25.44
6532 18.04
6533 14.48
6533 1.16
6533 25.44
6533 18.04
6534 14.48
6534 1.16
6534 25.44
6534 18.04
6535 14.48
6535 1.16
6535 25.44
6535 18.04
6536 14.48
6536 1.16
6536 25.44
6536 18.04
6537 14.48
6537 1.16
6537 25.44
6537 18.04
6538 14.48
6538 1.16
6538 25.44
6538 18.04
6539 14.48
6539 1.16
6539 25.44
6539 18.04
6540 14.48
6540 1.16
6540 25.44
6540 18.04
6541 14.48
6541 1.16
6541 25.44
6541 18.04
6542 14.48
6542 1.16
6542 25.44
6542 18.04
6543 14.48
6543 1.16
6543 25.44
6543 18.04
6544 14.48
6544 1.16
6544 25.44
6544 18.04
6633 14.48
6633 1.16
6633 25.44
6633 18.04
6634 14.48
6634 1.16
6634 25.44
6634 18.04
6635 14.48
6635 1.16
6635 25.44
6635 18.04
6636 14.48
6636 1.16
6636 25.44
6636 18.04
6637 14.48
6637 1.16
6637 25.44
6637 18.04
6638 14.48
6638 1.16
6638 25.44
6638 18.04
6639 14.48
6639 1.16
6639 25.44
6639 18.04
6640 14.48
6640 1.16
6640 25.44
6640 18.04
6641 14.48
6641 1.16
6641 25.44
6641 18.04
6642 14.48
6642 1.16
6642 25.44
6642 18.04
6643 14.48
6643 1.16
6643 25.44
6643 18.04
6644 14.48
6644 1.16
6644 25.44
6644 18.04
6645 14.48
6645 1.16
6645 25.44
6645 18.04
6646 14.48
6646 1.16
6646 25.44
6646 18.04
6647 14.48
6647 1.16
6647 25.44
6647 18.04
6648 14.48
6648 1.16
6648 25.44
6648 18.04
6649 14.48
6649 1.16
6649 25.44
6649 18.04
6650 14.48
6650 1.16
6650 25.44
6650 18.04
6651 14.48
6651 1.16
6651 25.44
6651 18.04
6652 14.48
6652 1.16
6652 25.44
6652 18.04
6653 14.48
6653 1.16
6653 25.44
6653 18.04
6654 14.48
6654 1.16
6654 25.44
6654 18.04
6655 14.48
6655 1.16
6655 25.44
6655 18.04
6656 14.48
6656 1.16
6656 25.44
6656 18.04
6657 14.48
6657 1.16
6657 25.44
6657 18.04
6658 14.48
6658 1.16
6658 25.44
6658 18.04
6659 14.48
6659 1.16
6659 25.44
6659 18.04
6660 14.48
6660 1.16
6660 25.44
6660 18.04
6661 14.48
6661 1.16
6661 25.44
6661 18.04
6662 14.48
6662 1.16
6662 25.44
6662 18.04
6663 14.48
6663 1.16
6663 25.44
6663 18.04
6664 14.48
6664 1.16
6664 25.44
6664 18.04
6665 14.48
6665 1.16
6665 25.44
6665 18.04
6666 14.48
6666 1.16
6666 25.44
6666 18.04
6667 14.48
6667 1.16
6667 25.44
6667 18.04
6668 14.48
6668 1.16
6668 25.44
6668 18.04
6669 14.48
6669 1.16
6669 25.44
6669 18.04
6670 14.48
6670 1.16
6670 25.44
6670 18.04
6671 14.48
6671 1.16
6671 25.44
6671 18.04
6672 14.48
6672 1.16
6672 25.44
6672 18.04
6762 14.48
6762 1.16
6762 25.44
6762 18.04
6763 14.48
6763 1.16
6763 25.44
6763 18.04
6764 14.48
6764 1.16
6764 25.44
6764 18.04
6765 14.48
6765 1.16
6765 25.44
6765 18.04
6766 14.48
6766 1.16
6766 25.44
6766 18.04
6767 14.48
6767 1.16
6767 25.44
6767 18.04
6768 14.48
6768 1.16
6768 25.44
6768 18.04
6769 14.48
6769 1.16
6769 25.44
6769 18.04
6770 14.48
6770 1.16
6770 25.44
6770 18.04
6771 14.48
6771 1.16
6771 25.44
6771 18.04
6772 14.48
6772 1.16
6772 25.44
6772 18.04
6773 14.48
6773 1.16
6773 25.44
6773 18.04
6774 14.48
6774 1.16
6774 25.44
6774 18.04
6775 14.48
6775 1.16
6775 25.44
6775 18.04
6776 14.48
6776 1.16
6776 25.44
6776 18.04
6777 14.48
6777 1.16
6777 25.44
6777 18.04
6778 14.48
6778 1.16
6778 25.44
6778 18.04
6779 14.48
6779 1.16
6779 25.44
6779 18.04
6780 14.48
6780 1.16
6780 25.44
6780 18.04
6781 14.48
6781 1.16
6781 25.44
6781 18.04
6782 14.48
6782 1.16
6782 25.44
6782 18.04
6783 14.48
6783 1.16
6783 25.44
6783 18.04
6784 14.48
6784 1.16
6784 25.44
6784 18.04
6785 14.48
6785 1.16
6785 25.44
6785 18.04
6786 14.48
6786 1.16
6786 25.44
6786 18.04
6787 14.48
6787 1.16
6787 25.44
6787 18.04
6788 14.48
6788 1.16
6788 25.44
6788 18.04
6789 14.48
6789 1.16
6789 25.44
6789 18.04
6790 14.48
6790 1.16
6790 25.44
6790 18.04
6791 14.48
6791 1.16
6791 25.44
6791 18.04
6792 14.48
6792 1.16
6792 25.44
6792 18.04
6793 14.48
6793 1.16
6793 25.44
6793 18.04
6794 14.48
6794 1.16
6794 25.44
6794 18.04
6795 14.48
6795 1.16
6795 25.44
6795 18.04
6796 14.48
6796 1.16
6796 25.44
6796 18.04
6797 14.48
6797 1.16
6797 25.44
6797 18.04
6798 14.48
6798 1.16
6798 25.44
6798 18.04
6799 14.48
6799 1.16
6799 25.44
6799 18.04
6800 14.48
6800 1.16
6800 25.44
6800 18.04
6890 14.48
6890 1.16
6890 25.44
6890 18.04
6891 14.48
6891 1.16
6891 25.44
6891 18.04
6892 14.48
6892 1.16
6892 25.44
6892 18.04
6893 14.48
6893 1.16
6893 25.44
6893 18.04
6894 14.48
6894 1.16
6894 25.44
6894 18.04
6895 14.48
6895 1.16
6895 25.44
6895 18.04
6896 14.48
6896 1.16
6896 25.44
6896 18.04
6897 14.48
6897 1.16
6897 25.44
6897 18.04
6898 14.48
6898 1.16
6898 25.44
6898 18.04
6899 14.48
6899 1.16
6899 25.44
6899 18.04
6900 14.48
6900 1.16
6900 25.44
6900 18.04
6901 14.48
6901 1.16
6901 25.44
6901 18.04
6902 14.48
6902 1.16
6902 25.44
6902 18.04
6903 14.48
6903 1.16
6903 25.44
6903 18.04
6904 14.48
6904 1.16
6904 25.44
6904 18.04
6905 14.48
6905 1.16
6905 25.44
6905 18.04
6906 14.48
6906 1.16
6906 25.44
6906 18.04
6907 14.48
6907 1.16
6907 25.44
6907 18.04
6908 14.48
6908 1.16
6908 25.44
6908 18.04
6909 14.48
6909 1.16
6909 25.44
6909 18.04
6910 14.48
6910 1.16
6910 25.44
6910 18.04
6911 14.48
6911 1.16
6911 25.44
6911 18.04
6912 14.48
6912 1.16
6912 25.44
6912 18.04
6913 14.48
6913 1.16
6913 25.44
6913 18.04
6914 14.48
6914 1.16
6914 25.44
6914 18.04
6915 14.48
6915 1.16
6915 25.44
6915 18.04
6916 14.48
6916 1.16
6916 25.44
6916 18.04
6917 14.48
6917 1.16
6917 25.44
6917 18.04
6918 14.48
6918 1.16
6918 25.44
6918 18.04
6919 14.48
6919 1.16
6919 25.44
6919 18.04
6920 14.48
6920 1.16
6920 25.44
6920 18.04
6921 14.48
6921 1.16
6921 25.44
6921 18.04
6922 14.48
6922 1.16
6922 25.44
6922 18.04
6923 14.48
6923 1.16
6923 25.44
6923 18.04
6924 14.48
6924 1.16
6924 25.44
6924 18.04
6925 14.48
6925 1.16
6925 25.44
6925 18.04
6926 14.48
6926 1.16
6926 25.44
6926 18.04
7030 14.48
7030 1.16
7030 25.44
7030 18.04
7031 14.48
7031 1.16
7031 25.44
7031 18.04
7032 14.48
7032 1.16
7032 25.44
7032 18.04
7033 14.48
7033 1.16
7033 25.44
7033 18.04
7034 14.48
7034 1.16
7034 25.44
7034 18.04
7035 14.48
7035 1.16
7035 25.44
7035 18.04
7036 14.48
7036 1.16
7036 25.44
7036 18.04
7037 14.48
7037 1.16
7037 25.44
7037 18.04
7038 14.48
7038 1.16
7038 25.44
7038 18.04
7039 14.48
7039 1.16
7039 25.44
7039 18.04
7040 14.48
7040 1.16
7040 25.44
7040 18.04
7041 14.48
7041 1.16
7041 25.44
7041 18.04
7042 14.48
7042 1.16
7042 25.44
7042 18.04
7043 14.48
7043 1.16
7043 25.44
7043 18.04
7044 14.48
7044 1.16
7044 25.44
7044 18.04
7045 14.48
7045 1.16
7045 25.44
7045 18.04
7046 14.48
7046 1.16
7046 25.44
7046 18.04
7047 14.48
7047 1.16
7047 25.44
7047 18.04
7048 14.48
7048 1.16
7048 25.44
7048 18.04
7049 14.48
7049 1.16
7049 25.44
7049 18.04
7050 14.48
7050 1.16
7050 25.44
7050 18.04
7051 14.48
7051 1.16
7051 25.44
7051 18.04
7052 14.48
7052 1.16
7052 25.44
7052 18.04
7053 14.48
7053 1.16
7053 25.44
7053 18.04
7054 14.48
7054 1.16
7054 25.44
7054 18.04
7055 14.48
7055 1.16
7055 25.44
7055 18.04
7056 14.48
7056 1.16
7056 25.44
7056 18.04
7057 14.48
7057 1.16
7057 25.44
7057 18.04
7058 14.48
7058 1.16
7058 25.44
7058 18.04
7059 14.48
7059 1.16
7059 25.44
7059 18.04
7060 14.48
7060 1.16
7060 25.44
7060 18.04
7061 14.48
7061 1.16
7061 25.44
7061 18.04
7062 14.48
7062 1.16
7062 25.44
7062 18.04
7063 14.48
7063 1.16
7063 25.44
7063 18.04
7064 14.48
7064 1.16
7064 25.44
7064 18.04
7174 14.48
7174 1.16
7174 25.44
7174 18.04
7175 14.48
7175 1.16
7175 25.44
7175 18.04
7176 14.48
7176 1.16
7176 25.44
7176 18.04
7177 14.48
7177 1.16
7177 25.44
7177 18.04
7178 14.48
7178 1.16
7178 25.44
7178 18.04
7179 14.48
7179 1.16
7179 25.44
7179 18.04
7180 14.48
7180 1.16
7180 25.44
7180 18.04
7181 14.48
7181 1.16
7181 25.44
7181 18.04
7182 14.48
7182 1.16
7182 25.44
7182 18.04
7183 14.48
7183 1.16
7183 25.44
7183 18.04
7184 14.48
7184 1.16
7184 25.44
7184 18.04
7185 14.48
7185 1.16
7185 25.44
7185 18.04
7186 14.48
7186 1.16
7186 25.44
7186 18.04
7187 14.48
7187 1.16
7187 25.44
7187 18.04
7188 14.48
7188 1.16
7188 25.44
7188 18.04
7189 14.48
7189 1.16
7189 25.44
7189 18.04
7190 14.48
7190 1.16
7190 25.44
7190 18.04
7191 14.48
7191 1.16
7191 25.44
7191 18.04
7192 14.48
7192 1.16
7192 25.44
7192 18.04
7193 14.48
7193 1.16
7193 25.44
7193 18.04
7194 14.48
7194 1.16
7194 25.44
7194 18.04
7195 14.48
7195 1.16
7195 25.44
7195 18.04
7196 14.48
7196 1.16
7196 25.44
7196 18.04
7197 14.48
7197 1.16
7197 25.44
7197 18.04
7198 14.48
7198 1.16
7198 25.44
7198 18.04
7199 14.48
7199 1.16
7199 25.44
7199 18.04
7200 14.48
7200 1.16
7200 25.44
7200 18.04
7201 14.48
7201 1.16
7201 25.44
7201 18.04
7202 14.48
7202 1.16
7202 25.44
7202 18.04
7203 14.48
7203 1.16
7203 25.44
7203 18.04
7204 14.48
7204 1.16
7204 25.44
7204 18.04
7323 14.48
7323 1.16
7323 25.44
7323 18.04
7324 14.48
7324 1.16
7324 25.44
7324 18.04
7325 14.48
7325 1.16
7325 25.44
7325 18.04
7326 14.48
7326 1.16
7326 25.44
7326 18.04
7327 14.48
7327 1.16
7327 25.44
7327 18.04
7328 14.48
7328 1.16
7328 25.44
7328 18.04
7329 14.48
7329 1.16
7329 25.44
7329 18.04
7330 14.48
7330 1.16
7330 25.44
7330 18.04
7331 14.48
7331 1.16
7331 25.44
7331 18.04
7332 14.48
7332 1.16
7332 25.44
7332 18.04
7333 14.48
7333 1.16
7333 25.44
7333 18.04
7334 14.48
7334 1.16
7334 25.44
7334 18.04
7335 14.48
7335 1.16
7335 25.44
7335 18.04
7336 14.48
7336 1.16
7336 25.44
7336 18.04
7337 14.48
7337 1.16
7337 25.44
7337 18.04
7338 14.48
7338 1.16
7338 25.44
7338 18.04
7339 14.48
7339 1.16
7339 25.44
7339 18.04
7340 14.48
7340 1.16
7340 25.44
7340 18.04
7341 14.48
7341 1.16
7341 25.44
7341 18.04
7342 14.48
7342 1.16
7342 25.44
7342 18.04
7343 14.48
7343 1.16
7343 25.44
7343 18.04
7344 14.48
7344 1.16
7344 25.44
7344 18.04
7345 14.48
7345 1.16
7345 25.44
7345 18.04
7346 14.48
7346 1.16
7346 25.44
7346 18.04
7347 14.48
7347 1.16
7347 25.44
7347 18.04
7475 14.48
7475 1.16
7475 25.44
7475 18.04
7476 14.48
7476 1.16
7476 25.44
7476 18.04
7477 14.48
7477 1.16
7477 25.44
7477 18.04
7478 14.48
7478 1.16
7478 25.44
7478 18.04
7479 14.48
7479 1.16
7479 25.44
7479 18.04
7480 14.48
7480 1.16
7480 25.44
7480 18.04
7481 14.48
7481 1.16
7481 25.44
7481 18.04
7482 14.48
7482 1.16
7482 25.44
7482 18.04
7483 14.48
7483 1.16
7483 25.44
7483 18.04
7484 14.48
7484 1.16
7484 25.44
7484 18.04
7485 14.48
7485 1.16
7485 25.44
7485 18.04
7486 14.48
7486 1.16
7486 25.44
7486 18.04
7487 14.48
7487 1.16
7487 25.44
7487 18.04
7488 14.48
7488 1.16
7488 25.44
7488 18.04
7489 14.48
7489 1.16
7489 25.44
7489 18.04
7490 14.48
7490 1.16
7490 25.44
7490 18.04
7491 14.48
7491 1.16
7491 25.44
7491 18.04
