pt_graph landings
706 33
707 33
708 33
709 33
710 33
711 33
799 33
800 33
801 33
802 33
803 33
804 33
805 33
806 33
807 33
808 33
809 33
810 33
811 33
901 33
902 33
903 33
904 33
905 33
906 33
907 33
908 33
909 33
910 33
911 33
912 33
913 33
914 33
915 33
916 33
917 33
1010 33
1011 33
1012 33
1013 33
1014 33
1015 33
1016 33
1017 33
1018 33
1019 33
1020 33
1021 33
1022 33
1023 33
1024 33
1025 33
1026 33
1027 33
1028 33
1029 33
1126 33
1127 33
1128 33
1129 33
1130 33
1131 33
1132 33
1133 33
1134 33
1135 33
1136 33
1137 33
1138 33
1139 33
1140 33
1141 33
1142 33
1143 33
1144 33
1145 33
1146 33
1247 33
1248 33
1249 33
1250 33
1251 33
1252 33
1253 33
1254 33
1255 33
1256 33
1257 33
1258 33
1259 33
1260 33
1261 33
1262 33
1263 33
1264 33
1265 33
1266 33
1267 33
1268 33
1269 33
1375 33
1376 33
1377 33
1378 33
1379 33
1380 33
1381 33
1382 33
1383 33
1384 33
1385 33
1386 33
1387 33
1388 33
1389 33
1390 33
1391 33
1392 33
1393 33
1394 33
1395 33
1396 33
1397 33
1398 33
1510 33
1511 33
1512 33
1513 33
1514 33
1515 33
1516 33
1517 33
1518 33
1519 33
1520 33
1521 33
1522 33
1523 33
1524 33
1525 33
1526 33
1527 33
1528 33
1529 33
1530 33
1531 33
1532 33
1533 33
1534 33
1651 33
1652 33
1653 33
1654 33
1655 33
1656 33
1657 33
1658 33
1659 33
1660 33
1661 33
1662 33
1663 33
1664 33
1665 33
1666 33
1667 33
1668 33
1669 33
1670 33
1671 33
1672 33
1673 33
1674 33
1675 33
1676 33
1798 33
1799 33
1800 33
1801 33
1802 33
1803 33
1804 33
1805 33
1806 33
1807 33
1808 33
1809 33
1810 33
1811 33
1812 33
1813 33
1814 33
1815 33
1816 33
1817 33
1818 33
1819 33
1820 33
1821 33
1822 33
1823 33
1953 33
1954 33
1955 33
1956 33
1957 33
1958 33
1959 33
1960 33
1961 33
1962 33
1963 33
1964 33
1965 33
1966 33
1967 33
1968 33
1969 33
1970 33
1971 33
1972 33
1973 33
1974 33
1975 33
1976 33
1977 33
1978 33
2112 33
2113 33
2114 33
2115 33
2116 33
2117 33
2118 33
2119 33
2120 33
2121 33
2122 33
2123 33
2124 33
2125 33
2126 33
2127 33
2128 33
2129 33
2130 33
2131 33
2132 33
2133 33
2134 33
2135 33
2136 33
2137 33
2198 33
2199 33
2200 33
2201 33
2202 33
2279 33
2280 33
2281 33
2282 33
2283 33
2284 33
2285 33
2286 33
2287 33
2288 33
2289 33
2290 33
2291 33
2292 33
2293 33
2294 33
2295 33
2296 33
2297 33
2298 33
2299 33
2300 33
2301 33
2302 33
2303 33
2304 33
2362 33
2363 33
2364 33
2365 33
2366 33
2367 33
2368 33
2369 33
2370 33
2371 33
2372 33
2451 33
2452 33
2453 33
2454 33
2455 33
2456 33
2457 33
2458 33
2459 33
2460 33
2461 33
2462 33
2463 33
2464 33
2465 33
2466 33
2467 33
2468 33
2469 33
2470 33
2471 33
2472 33
2473 33
2474 33
2475 33
2476 33
2532 33
2533 33
2534 33
2535 33
2536 33
2537 33
2538 33
2539 33
2540 33
2541 33
2542 33
2543 33
2544 33
2545 33
2546 33
2547 33
2628 33
2629 33
2630 33
2631 33
2632 33
2633 33
2634 33
2635 33
2636 33
2637 33
2638 33
2639 33
2640 33
2641 33
2642 33
2643 33
2644 33
2645 33
2646 33
2647 33
2648 33
2649 33
2650 33
2651 33
2652 33
2706 33
2707 33
2708 33
2709 33
2710 33
2711 33
2712 33
2713 33
2714 33
2715 33
2716 33
2717 33
2718 33
2719 33
2720 33
2721 33
2722 33
2723 33
2724 33
2725 33
2726 33
2805 33
2806 33
2807 33
2808 33
2809 33
2810 33
2811 33
2812 33
2813 33
2814 33
2815 33
2816 33
2817 33
2818 33
2819 33
2820 33
2821 33
2822 33
2823 33
2824 33
2825 33
2826 33
2827 33
2828 33
2878 33
2879 33
2880 33
2881 33
2882 33
2883 33
2884 33
2885 33
2886 33
2887 33
2888 33
2889 33
2890 33
2891 33
2892 33
2893 33
2894 33
2895 33
2896 33
2897 33
2898 33
2899 33
2900 33
2901 33
2902 33
2903 33
2904 33
2982 33
2983 33
2984 33
2985 33
2986 33
2987 33
2988 33
2989 33
2990 33
2991 33
2992 33
2993 33
2994 33
2995 33
2996 33
2997 33
2998 33
2999 33
3000 33
3001 33
3002 33
3003 33
3004 33
3050 33
3051 33
3052 33
3053 33
3054 33
3055 33
3056 33
3057 33
3058 33
3059 33
3060 33
3061 33
3062 33
3063 33
3064 33
3065 33
3066 33
3067 33
3068 33
3069 33
3070 33
3071 33
3072 33
3073 33
3074 33
3075 33
3076 33
3077 33
3078 33
3159 33
3160 33
3161 33
3162 33
3163 33
3164 33
3165 33
3166 33
3167 33
3168 33
3169 33
3170 33
3171 33
3172 33
3173 33
3174 33
3175 33
3176 33
3177 33
3178 33
3221 33
3222 33
3223 33
3224 33
3225 33
3226 33
3227 33
3228 33
3229 33
3230 33
3231 33
3232 33
3233 33
3234 33
3235 33
3236 33
3237 33
3238 33
3239 33
3240 33
3241 33
3242 33
3243 33
3244 33
3245 33
3246 33
3247 33
3248 33
3249 33
3250 33
3251 33
3252 33
3334 33
3335 33
3336 33
3337 33
3338 33
3339 33
3340 33
3341 33
3342 33
3343 33
3344 33
3345 33
3346 33
3347 33
3348 33
3349 33
3350 33
3351 33
3352 33
3363 33
3364 33
3365 33
3366 33
3367 33
3368 33
3369 33
3370 33
3371 33
3372 33
3391 33
3392 33
3393 33
3394 33
3395 33
3396 33
3397 33
3398 33
3399 33
3400 33
3401 33
3402 33
3403 33
3404 33
3405 33
3406 33
3407 33
3408 33
3409 33
3410 33
3411 33
3412 33
3413 33
3414 33
3415 33
3416 33
3417 33
3418 33
3419 33
3420 33
3421 33
3422 33
3423 33
3424 33
3425 33
3509 33
3510 33
3511 33
3512 33
3513 33
3514 33
3515 33
3516 33
3517 33
3518 33
3519 33
3520 33
3521 33
3522 33
3523 33
3524 33
3525 33
3526 33
3527 33
3528 33
3529 33
3534 33
3535 33
3536 33
3537 33
3538 33
3539 33
3540 33
3541 33
3542 33
3543 33
3544 33
3545 33
3546 33
3547 33
3548 33
3549 33
3550 33
3562 33
3563 33
3564 33
3565 33
3566 33
3567 33
3568 33
3569 33
3570 33
3571 33
3572 33
3573 33
3574 33
3575 33
3576 33
3577 33
3578 33
3579 33
3580 33
3581 33
3582 33
3583 33
3584 33
3585 33
3586 33
3587 33
3588 33
3589 33
3590 33
3591 33
3592 33
3593 33
3594 33
3595 33
3596 33
3597 33
3684 33
3685 33
3686 33
3687 33
3688 33
3689 33
3690 33
3691 33
3692 33
3693 33
3694 33
3695 33
3696 33
3697 33
3698 33
3699 33
3700 33
3701 33
3702 33
3703 33
3704 33
3706 33
3707 33
3708 33
3709 33
3710 33
3711 33
3712 33
3713 33
3714 33
3715 33
3716 33
3717 33
3718 33
3719 33
3720 33
3721 33
3722 33
3723 33
3724 33
3725 33
3726 33
3727 33
3728 33
3729 33
3730 33
3731 33
3732 33
3733 33
3734 33
3735 33
3736 33
3737 33
3738 33
3739 33
3740 33
3741 33
3742 33
3743 33
3744 33
3745 33
3746 33
3747 33
3748 33
3749 33
3750 33
3751 33
3752 33
3753 33
3754 33
3755 33
3756 33
3757 33
3758 33
3759 33
3760 33
3761 33
3762 33
3763 33
3764 33
3765 33
3766 33
3767 33
3768 33
3769 33
3770 33
3861 33
3864 33
3865 33
3866 33
3867 33
3868 33
3869 33
3870 33
3871 33
3872 33
3873 33
3874 33
3875 33
3876 33
3877 33
3878 33
3879 33
3880 33
3881 33
3882 33
3883 33
3884 33
3885 33
3886 33
3887 33
3888 33
3889 33
3890 33
3891 33
3892 33
3893 33
3894 33
3895 33
3896 33
3897 33
3898 33
3899 33
3900 33
3901 33
3902 33
3903 33
3904 33
3905 33
3906 33
3907 33
3908 33
3909 33
3910 33
3911 33
3912 33
3913 33
3914 33
3915 33
3916 33
3917 33
3918 33
3919 33
3920 33
3921 33
3922 33
3923 33
3924 33
3925 33
3926 33
3927 33
3928 33
3929 33
3930 33
3931 33
3932 33
3933 33
3934 33
3935 33
3936 33
3937 33
3938 33
3939 33
3940 33
3941 33
3942 33
3943 33
4035 33
4036 33
4037 33
4038 33
4039 33
4040 33
4041 33
4042 33
4043 33
4044 33
4045 33
4046 33
4047 33
4048 33
4049 33
4050 33
4051 33
4052 33
4053 33
4054 33
4055 33
4056 33
4057 33
4058 33
4059 33
4060 33
4061 33
4062 33
4063 33
4064 33
4065 33
4066 33
4067 33
4068 33
4069 33
4070 33
4071 33
4072 33
4073 33
4074 33
4075 33
4076 33
4077 33
4078 33
4079 33
4080 33
4081 33
4082 33
4083 33
4084 33
4085 33
4086 33
4087 33
4088 33
4089 33
4090 33
4091 33
4092 33
4093 33
4094 33
4095 33
4096 33
4097 33
4098 33
4099 33
4100 33
4101 33
4102 33
4103 33
4104 33
4105 33
4106 33
4107 33
4108 33
4109 33
4110 33
4111 33
4112 33
4113 33
4114 33
4207 33
4208 33
4209 33
4210 33
4211 33
4212 33
4213 33
4214 33
4215 33
4216 33
4217 33
4218 33
4219 33
4220 33
4221 33
4222 33
4223 33
4224 33
4225 33
4226 33
4227 33
4228 33
4229 33
4230 33
4231 33
4232 33
4233 33
4234 33
4235 33
4236 33
4237 33
4238 33
4239 33
4240 33
4241 33
4242 33
4243 33
4244 33
4245 33
4246 33
4247 33
4248 33
4249 33
4250 33
4251 33
4252 33
4253 33
4254 33
4255 33
4256 33
4257 33
4258 33
4259 33
4260 33
4261 33
4262 33
4263 33
4264 33
4265 33
4266 33
4267 33
4268 33
4269 33
4270 33
4271 33
4272 33
4273 33
4274 33
4275 33
4276 33
4277 33
4278 33
4279 33
4280 33
4281 33
4282 33
4283 33
4284 33
4378 33
4379 33
4380 33
4381 33
4382 33
4383 33
4384 33
4385 33
4386 33
4387 33
4388 33
4389 33
4390 33
4391 33
4392 33
4393 33
4394 33
4395 33
4396 33
4397 33
4398 33
4399 33
4400 33
4401 33
4402 33
4403 33
4404 33
4405 33
4406 33
4407 33
4408 33
4409 33
4410 33
4411 33
4412 33
4413 33
4414 33
4415 33
4416 33
4417 33
4418 33
4419 33
4420 33
4421 33
4422 33
4423 33
4424 33
4425 33
4426 33
4427 33
4428 33
4429 33
4430 33
4431 33
4432 33
4433 33
4434 33
4435 33
4436 33
4437 33
4438 33
4439 33
4440 33
4441 33
4442 33
4443 33
4444 33
4445 33
4446 33
4447 33
4448 33
4449 33
4450 33
4451 33
4452 33
4548 33
4549 33
4550 33
4551 33
4552 33
4553 33
4554 33
4555 33
4556 33
4557 33
4558 33
4559 33
4560 33
4561 33
4562 33
4563 33
4564 33
4565 33
4566 33
4567 33
4568 33
4569 33
4570 33
4571 33
4572 33
4573 33
4574 33
4575 33
4576 33
4577 33
4578 33
4579 33
4580 33
4581 33
4582 33
4583 33
4584 33
4585 33
4586 33
4587 33
4588 33
4589 33
4590 33
4591 33
4592 33
4593 33
4594 33
4595 33
4596 33
4597 33
4598 33
4599 33
4600 33
4601 33
4602 33
4603 33
4604 33
4605 33
4606 33
4607 33
4608 33
4609 33
4610 33
4611 33
4612 33
4613 33
4614 33
4615 33
4616 33
4617 33
4618 33
4619 33
4620 33
4622 33
4623 33
4717 33
4718 33
4719 33
4720 33
4721 33
4722 33
4723 33
4724 33
4725 33
4726 33
4727 33
4728 33
4729 33
4730 33
4731 33
4732 33
4733 33
4734 33
4735 33
4736 33
4737 33
4738 33
4739 33
4740 33
4741 33
4742 33
4743 33
4744 33
4745 33
4746 33
4747 33
4748 33
4749 33
4750 33
4751 33
4752 33
4753 33
4754 33
4755 33
4756 33
4757 33
4758 33
4759 33
4760 33
4761 33
4762 33
4763 33
4764 33
4765 33
4766 33
4767 33
4768 33
4769 33
4770 33
4771 33
4772 33
4773 33
4774 33
4775 33
4776 33
4777 33
4778 33
4779 33
4781 33
4782 33
4783 33
4784 33
4785 33
4786 33
4787 33
4789 33
4790 33
4791 33
4884 33
4885 33
4886 33
4887 33
4888 33
4889 33
4890 33
4891 33
4892 33
4893 33
4894 33
4895 33
4896 33
4897 33
4898 33
4899 33
4900 33
4901 33
4902 33
4903 33
4904 33
4905 33
4906 33
4907 33
4908 33
4909 33
4910 33
4911 33
4912 33
4913 33
4914 33
4915 33
4916 33
4917 33
4918 33
4919 33
4920 33
4921 33
4922 33
4923 33
4924 33
4925 33
4926 33
4927 33
4928 33
4929 33
4930 33
4931 33
4932 33
4933 33
4934 33
4935 33
4936 33
4937 33
4938 33
4939 33
4940 33
4941 33
4942 33
4943 33
4946 33
4947 33
4948 33
4949 33
4950 33
4951 33
4952 33
4954 33
4955 33
5050 33
5051 33
5052 33
5053 33
5054 33
5055 33
5056 33
5057 33
5058 33
5059 33
5060 33
5061 33
5062 33
5063 33
5064 33
5065 33
5066 33
5067 33
5068 33
5069 33
5070 33
5071 33
5072 33
5073 33
5074 33
5076 33
5077 33
5078 33
5079 33
5080 33
5081 33
5082 33
5083 33
5084 33
5085 33
5086 33
5087 33
5088 33
5089 33
5090 33
5091 33
5092 33
5093 33
5094 33
5095 33
5096 33
5097 33
5098 33
5099 33
5100 33
5101 33
5102 33
5103 33
5104 33
5107 33
5108 33
5109 33
5110 33
5111 33
5112 33
5116 33
5211 33
5212 33
5213 33
5214 33
5215 33
5216 33
5217 33
5218 33
5219 33
5220 33
5221 33
5223 33
5224 33
5225 33
5226 33
5227 33
5228 33
5229 33
5230 33
5231 33
5232 33
5233 33
5234 33
5235 33
5241 33
5242 33
5243 33
5244 33
5245 33
5246 33
5247 33
5248 33
5249 33
5250 33
5251 33
5252 33
5253 33
5254 33
5255 33
5256 33
5257 33
5258 33
5259 33
5260 33
5261 33
5265 33
5266 33
5267 33
5268 33
5269 33
5270 33
5271 33
5272 33
5275 33
5357 33
5358 33
5359 33
5360 33
5361 33
5362 33
5363 33
5364 33
5365 33
5371 33
5372 33
5373 33
5374 33
5375 33
5376 33
5377 33
5378 33
5379 33
5380 33
5381 33
5384 33
5385 33
5386 33
5387 33
5388 33
5389 33
5390 33
5391 33
5392 33
5393 33
5401 33
5403 33
5404 33
5405 33
5406 33
5407 33
5408 33
5409 33
5410 33
5411 33
5412 33
5413 33
5414 33
5415 33
5416 33
5418 33
5421 33
5422 33
5423 33
5424 33
5425 33
5426 33
5428 33
5429 33
5430 33
5431 33
5432 33
5512 33
5513 33
5514 33
5515 33
5516 33
5517 33
5518 33
5519 33
5520 33
5521 33
5522 33
5523 33
5528 33
5529 33
5530 33
5531 33
5532 33
5533 33
5534 33
5535 33
5536 33
5537 33
5538 33
5539 33
5540 33
5541 33
5542 33
5543 33
5544 33
5545 33
5546 33
5547 33
5548 33
5549 33
5550 33
5551 33
5552 33
5553 33
5554 33
5555 33
5556 33
5557 33
5558 33
5559 33
5560 33
5561 33
5562 33
5563 33
5564 33
5565 33
5566 33
5567 33
5568 33
5569 33
5570 33
5571 33
5572 33
5573 33
5574 33
5575 33
5576 33
5577 33
5578 33
5579 33
5580 33
5581 33
5582 33
5583 33
5584 33
5585 33
5586 33
5587 33
5588 33
5665 33
5666 33
5667 33
5668 33
5669 33
5670 33
5671 33
5672 33
5673 33
5674 33
5675 33
5676 33
5677 33
5678 33
5679 33
5680 33
5681 33
5684 33
5685 33
5686 33
5687 33
5688 33
5689 33
5690 33
5691 33
5692 33
5693 33
5694 33
5695 33
5696 33
5697 33
5698 33
5699 33
5700 33
5701 33
5702 33
5703 33
5704 33
5705 33
5706 33
5707 33
5708 33
5709 33
5710 33
5711 33
5712 33
5713 33
5714 33
5715 33
5716 33
5717 33
5718 33
5719 33
5720 33
5721 33
5722 33
5723 33
5724 33
5725 33
5726 33
5727 33
5728 33
5729 33
5730 33
5731 33
5732 33
5733 33
5734 33
5735 33
5736 33
5737 33
5738 33
5739 33
5740 33
5741 33
5742 33
5743 33
5819 33
5820 33
5821 33
5822 33
5823 33
5824 33
5825 33
5826 33
5827 33
5828 33
5829 33
5830 33
5831 33
5832 33
5833 33
5834 33
5835 33
5836 33
5837 33
5838 33
5839 33
5840 33
5841 33
5842 33
5843 33
5844 33
5845 33
5846 33
5847 33
5848 33
5849 33
5850 33
5851 33
5852 33
5853 33
5854 33
5855 33
5856 33
5857 33
5858 33
5859 33
5860 33
5861 33
5862 33
5863 33
5864 33
5865 33
5866 33
5867 33
5868 33
5869 33
5870 33
5871 33
5872 33
5873 33
5874 33
5875 33
5876 33
5877 33
5878 33
5879 33
5880 33
5881 33
5882 33
5883 33
5884 33
5885 33
5886 33
5887 33
5888 33
5889 33
5890 33
5891 33
5892 33
5893 33
5894 33
5895 33
5896 33
5897 33
5898 33
5899 33
5900 33
5971 33
5972 33
5973 33
5974 33
5975 33
5976 33
5977 33
5978 33
5979 33
5980 33
5981 33
5982 33
5983 33
5984 33
5985 33
5986 33
5987 33
5988 33
5989 33
5990 33
5991 33
5992 33
5993 33
5994 33
5995 33
5996 33
5997 33
5998 33
5999 33
6000 33
6001 33
6002 33
6003 33
6004 33
6005 33
6006 33
6007 33
6008 33
6009 33
6010 33
6011 33
6012 33
6013 33
6014 33
6015 33
6016 33
6017 33
6018 33
6019 33
6020 33
6021 33
6022 33
6023 33
6024 33
6025 33
6026 33
6027 33
6028 33
6029 33
6030 33
6031 33
6032 33
6033 33
6034 33
6035 33
6036 33
6037 33
6038 33
6039 33
6040 33
6041 33
6042 33
6043 33
6044 33
6045 33
6046 33
6047 33
6048 33
6049 33
6050 33
6051 33
6121 33
6122 33
6123 33
6124 33
6125 33
6126 33
6127 33
6128 33
6129 33
6130 33
6131 33
6132 33
6133 33
6134 33
6135 33
6136 33
6137 33
6138 33
6139 33
6140 33
6141 33
6142 33
6143 33
6144 33
6145 33
6146 33
6147 33
6148 33
6149 33
6150 33
6151 33
6152 33
6153 33
6154 33
6155 33
6156 33
6157 33
6158 33
6159 33
6160 33
6161 33
6162 33
6163 33
6164 33
6165 33
6166 33
6167 33
6168 33
6169 33
6170 33
6171 33
6172 33
6173 33
6174 33
6175 33
6176 33
6177 33
6178 33
6179 33
6180 33
6181 33
6182 33
6183 33
6184 33
6185 33
6186 33
6187 33
6188 33
6189 33
6190 33
6191 33
6192 33
6193 33
6194 33
6195 33
6196 33
6197 33
6198 33
6199 33
6203 33
6270 33
6271 33
6272 33
6273 33
6274 33
6275 33
6276 33
6277 33
6278 33
6279 33
6280 33
6281 33
6282 33
6283 33
6284 33
6285 33
6286 33
6287 33
6288 33
6289 33
6290 33
6291 33
6292 33
6293 33
6294 33
6295 33
6296 33
6297 33
6298 33
6299 33
6300 33
6301 33
6302 33
6303 33
6304 33
6305 33
6306 33
6307 33
6308 33
6309 33
6310 33
6311 33
6312 33
6313 33
6314 33
6315 33
6316 33
6317 33
6318 33
6319 33
6320 33
6321 33
6322 33
6323 33
6324 33
6325 33
6326 33
6327 33
6328 33
6329 33
6330 33
6331 33
6332 33
6333 33
6334 33
6335 33
6336 33
6337 33
6338 33
6339 33
6340 33
6341 33
6342 33
6343 33
6344 33
6345 33
6346 33
6347 33
6348 33
6349 33
6350 33
6351 33
6414 33
6415 33
6416 33
6417 33
6418 33
6419 33
6420 33
6421 33
6422 33
6423 33
6424 33
6425 33
6426 33
6427 33
6428 33
6429 33
6430 33
6431 33
6432 33
6433 33
6434 33
6435 33
6436 33
6437 33
6438 33
6439 33
6440 33
6441 33
6442 33
6443 33
6444 33
6445 33
6446 33
6447 33
6448 33
6449 33
6450 33
6451 33
6452 33
6453 33
6454 33
6455 33
6456 33
6457 33
6458 33
6459 33
6460 33
6461 33
6462 33
6463 33
6464 33
6465 33
6466 33
6467 33
6468 33
6469 33
6470 33
6471 33
6474 33
6475 33
6476 33
6477 33
6478 33
6479 33
6480 33
6481 33
6482 33
6483 33
6484 33
6485 33
6486 33
6487 33
6488 33
6489 33
6490 33
6491 33
6492 33
6493 33
6494 33
6495 33
6496 33
6558 33
6559 33
6560 33
6561 33
6562 33
6563 33
6564 33
6565 33
6566 33
6567 33
6568 33
6569 33
6570 33
6571 33
6572 33
6573 33
6574 33
6575 33
6576 33
6577 33
6578 33
6579 33
6580 33
6581 33
6582 33
6583 33
6584 33
6585 33
6586 33
6587 33
6588 33
6589 33
6590 33
6591 33
6592 33
6593 33
6594 33
6595 33
6596 33
6597 33
6598 33
6599 33
6600 33
6601 33
6602 33
6603 33
6604 33
6605 33
6606 33
6607 33
6608 33
6609 33
6610 33
6611 33
6612 33
6617 33
6618 33
6619 33
6620 33
6621 33
6622 33
6624 33
6625 33
6626 33
6627 33
6687 33
6688 33
6689 33
6690 33
6691 33
6692 33
6693 33
6694 33
6695 33
6696 33
6697 33
6698 33
6699 33
6700 33
6701 33
6702 33
6703 33
6704 33
6705 33
6706 33
6707 33
6708 33
6709 33
6710 33
6711 33
6712 33
6713 33
6714 33
6715 33
6716 33
6717 33
6718 33
6719 33
6720 33
6721 33
6722 33
6723 33
6724 33
6725 33
6726 33
6727 33
6728 33
6729 33
6730 33
6731 33
6732 33
6733 33
6734 33
6735 33
6736 33
6737 33
6738 33
6739 33
6740 33
6741 33
6742 33
6743 33
6745 33
6746 33
6747 33
6748 33
6749 33
6750 33
6752 33
6753 33
6754 33
6755 33
6814 33
6815 33
6816 33
6817 33
6818 33
6819 33
6820 33
6821 33
6822 33
6823 33
6824 33
6825 33
6826 33
6827 33
6828 33
6829 33
6830 33
6831 33
6832 33
6833 33
6834 33
6835 33
6836 33
6837 33
6838 33
6839 33
6840 33
6841 33
6842 33
6843 33
6844 33
6845 33
6846 33
6847 33
6848 33
6849 33
6850 33
6851 33
6852 33
6853 33
6854 33
6855 33
6856 33
6857 33
6858 33
6859 33
6860 33
6861 33
6862 33
6863 33
6864 33
6865 33
6866 33
6867 33
6868 33
6869 33
6870 33
6871 33
6872 33
6873 33
6874 33
6875 33
6876 33
6877 33
6878 33
6880 33
6881 33
6882 33
6883 33
6941 33
6942 33
6943 33
6944 33
6945 33
6946 33
6947 33
6948 33
6949 33
6950 33
6951 33
6952 33
6953 33
6954 33
6955 33
6956 33
6957 33
6958 33
6959 33
6960 33
6961 33
6962 33
6963 33
6964 33
6965 33
6966 33
6967 33
6968 33
6969 33
6970 33
6971 33
6972 33
6974 33
6975 33
6976 33
6977 33
6978 33
6979 33
6980 33
6981 33
6982 33
6983 33
6984 33
6985 33
6986 33
6987 33
6988 33
6989 33
6990 33
6991 33
6992 33
6993 33
6994 33
6995 33
6996 33
6997 33
7000 33
7001 33
7002 33
7003 33
7004 33
7005 33
7006 33
7007 33
7008 33
7009 33
7010 33
7011 33
7012 33
7013 33
7014 33
7018 33
7019 33
7020 33
7021 33
7022 33
7023 33
7081 33
7082 33
7083 33
7084 33
7085 33
7086 33
7087 33
7088 33
7089 33
7090 33
7091 33
7092 33
7093 33
7094 33
7095 33
7096 33
7097 33
7098 33
7099 33
7100 33
7101 33
7102 33
7103 33
7104 33
7105 33
7106 33
7107 33
7108 33
7109 33
7110 33
7111 33
7112 33
7113 33
7114 33
7115 33
7116 33
7117 33
7118 33
7119 33
7120 33
7121 33
7122 33
7123 33
7124 33
7125 33
7126 33
7127 33
7128 33
7129 33
7130 33
7131 33
7132 33
7133 33
7134 33
7135 33
7136 33
7137 33
7138 33
7139 33
7140 33
7141 33
7142 33
7143 33
7144 33
7145 33
7146 33
7147 33
7148 33
7149 33
7150 33
7151 33
7152 33
7153 33
7154 33
7155 33
7159 33
7160 33
7161 33
7162 33
7163 33
7164 33
7165 33
7166 33
7223 33
7224 33
7225 33
7226 33
7227 33
7228 33
7229 33
7230 33
7231 33
7232 33
7233 33
7234 33
7235 33
7236 33
7237 33
7238 33
7239 33
7240 33
7241 33
7242 33
7243 33
7244 33
7245 33
7246 33
7247 33
7248 33
7249 33
7250 33
7251 33
7252 33
7253 33
7254 33
7255 33
7256 33
7257 33
7258 33
7259 33
7264 33
7265 33
7266 33
7267 33
7268 33
7269 33
7270 33
7271 33
7272 33
7273 33
7274 33
7275 33
7276 33
7277 33
7278 33
7279 33
7280 33
7281 33
7282 33
7283 33
7284 33
7285 33
7286 33
7287 33
7288 33
7289 33
7290 33
7291 33
7292 33
7293 33
7294 33
7295 33
7296 33
7297 33
7298 33
7301 33
7302 33
7303 33
7304 33
7305 33
7306 33
7307 33
7308 33
7309 33
7310 33
7368 33
7369 33
7370 33
7371 33
7372 33
7373 33
7374 33
7375 33
7376 33
7377 33
7378 33
7379 33
7380 33
7381 33
7382 33
7383 33
7384 33
7385 33
7386 33
7387 33
7388 33
7389 33
7390 33
7391 33
7392 33
7393 33
7394 33
7395 33
7396 33
7397 33
7398 33
7399 33
7400 33
7401 33
7402 33
7403 33
7404 33
7411 33
7412 33
7413 33
7414 33
7415 33
7416 33
7417 33
7418 33
7419 33
7420 33
7421 33
7422 33
7423 33
7424 33
7425 33
7426 33
7427 33
7428 33
7429 33
7430 33
7431 33
7432 33
7433 33
7434 33
7435 33
7436 33
7437 33
7438 33
7439 33
7440 33
7441 33
7442 33
7443 33
7444 33
7445 33
7446 33
7447 33
7448 33
7449 33
7450 33
7451 33
7452 33
7453 33
7454 33
7455 33
7456 33
7457 33
7458 33
7459 33
7516 33
7517 33
7518 33
7519 33
7520 33
7521 33
7522 33
7523 33
7524 33
7525 33
7526 33
7527 33
7528 33
7529 33
7530 33
7531 33
7532 33
7533 33
7534 33
7535 33
7536 33
7537 33
7538 33
7539 33
7540 33
7541 33
7542 33
7543 33
7544 33
7545 33
7546 33
7547 33
7548 33
7549 33
7550 33
7551 33
7552 33
7561 33
7562 33
7563 33
7564 33
7565 33
7566 33
7567 33
7568 33
7569 33
7570 33
7571 33
7572 33
7573 33
7574 33
7575 33
7576 33
7577 33
7578 33
7579 33
7580 33
7581 33
7582 33
7583 33
7584 33
7585 33
7586 33
7587 33
7588 33
7589 33
7590 33
7591 33
7592 33
7593 33
7594 33
7595 33
7596 33
7597 33
7598 33
7599 33
7600 33
7601 33
7602 33
7603 33
7604 33
7605 33
7606 33
7607 33
7664 33
7665 33
7666 33
7667 33
7668 33
7669 33
7670 33
7671 33
7672 33
7673 33
7674 33
7675 33
7676 33
7677 33
7678 33
7679 33
7680 33
7681 33
7682 33
7683 33
7684 33
7685 33
7686 33
7687 33
7688 33
7689 33
7690 33
7691 33
7692 33
7693 33
7694 33
7695 33
7696 33
7697 33
7698 33
7699 33
7700 33
7701 33
7702 33
7703 33
7704 33
7705 33
7706 33
7707 33
7708 33
7709 33
7710 33
7711 33
7712 33
7713 33
7714 33
7715 33
7716 33
7717 33
7718 33
7719 33
7720 33
7721 33
7722 33
7723 33
7724 33
7725 33
7726 33
7727 33
7728 33
7729 33
7730 33
7731 33
7732 33
7733 33
7734 33
7735 33
7736 33
7737 33
7738 33
7739 33
7740 33
7741 33
7742 33
7743 33
7744 33
7745 33
7746 33
7747 33
7748 33
7749 33
7750 33
7751 33
7752 33
7753 33
7811 33
7812 33
7813 33
7814 33
7815 33
7816 33
7817 33
7818 33
7819 33
7820 33
7821 33
7822 33
7823 33
7824 33
7825 33
7826 33
7827 33
7828 33
7829 33
7830 33
7831 33
7832 33
7833 33
7834 33
7835 33
7836 33
7837 33
7838 33
7839 33
7840 33
7841 33
7842 33
7843 33
7844 33
7845 33
7846 33
7847 33
7848 33
7849 33
7850 33
7851 33
7852 33
7853 33
7854 33
7855 33
7856 33
7857 33
7858 33
7859 33
7860 33
7861 33
7862 33
7863 33
7864 33
7865 33
7866 33
7867 33
7868 33
7869 33
7870 33
7871 33
7872 33
7873 33
7874 33
7875 33
7876 33
7877 33
7878 33
7879 33
7880 33
7881 33
7882 33
7883 33
7884 33
7885 33
7886 33
7887 33
7888 33
7889 33
7890 33
7891 33
7892 33
7893 33
7894 33
7895 33
7896 33
7897 33
7898 33
7899 33
7900 33
7958 33
7959 33
7960 33
7961 33
7962 33
7963 33
7964 33
7965 33
7966 33
7967 33
7968 33
7969 33
7970 33
7971 33
7972 33
7973 33
7974 33
7975 33
7976 33
7977 33
7978 33
7979 33
7980 33
7981 33
7982 33
7983 33
7984 33
7985 33
7986 33
7987 33
7988 33
7989 33
7990 33
7991 33
7992 33
7993 33
7994 33
7995 33
7996 33
7997 33
7998 33
7999 33
8000 33
8001 33
8002 33
8003 33
8004 33
8005 33
8006 33
8007 33
8008 33
8009 33
8010 33
8011 33
8012 33
8013 33
8014 33
8015 33
8016 33
8017 33
8018 33
8019 33
8020 33
8021 33
8022 33
8023 33
8024 33
8025 33
8026 33
8027 33
8028 33
8029 33
8030 33
8031 33
8090 33
8091 33
8092 33
8093 33
8094 33
8095 33
8096 33
8097 33
8098 33
8099 33
8100 33
8101 33
8102 33
8103 33
8104 33
8105 33
8106 33
8107 33
8108 33
8109 33
8110 33
8111 33
8112 33
8113 33
8114 33
8115 33
8116 33
8117 33
8118 33
8119 33
8120 33
8121 33
8122 33
8123 33
8124 33
8125 33
8126 33
8127 33
8128 33
8129 33
8130 33
8131 33
8132 33
8133 33
8134 33
8135 33
8136 33
8137 33
8138 33
8139 33
8140 33
8141 33
8142 33
8143 33
8144 33
8145 33
8146 33
8147 33
8148 33
8149 33
8150 33
8151 33
8152 33
8153 33
8154 33
8212 33
8213 33
8214 33
8215 33
8216 33
8217 33
8218 33
8219 33
8220 33
8221 33
8222 33
8223 33
8224 33
8225 33
8226 33
8227 33
8228 33
8229 33
8230 33
8231 33
8232 33
8233 33
8234 33
8235 33
8236 33
8237 33
8238 33
8239 33
8240 33
8241 33
8242 33
8243 33
8244 33
8245 33
8246 33
8247 33
8248 33
8249 33
8250 33
8251 33
8252 33
8253 33
8254 33
8255 33
8256 33
8257 33
8258 33
8259 33
8260 33
8262 33
8264 33
8265 33
8267 33
8268 33
8269 33
8270 33
8271 33
8272 33
8273 33
8274 33
8275 33
8276 33
8277 33
8278 33
8279 33
8280 33
8281 33
8340 33
8341 33
8342 33
8343 33
8344 33
8345 33
8346 33
8347 33
8348 33
8349 33
8350 33
8351 33
8352 33
8353 33
8354 33
8355 33
8356 33
8357 33
8358 33
8359 33
8360 33
8361 33
8362 33
8363 33
8364 33
8365 33
8366 33
8367 33
8368 33
8369 33
8370 33
8371 33
8372 33
8373 33
8374 33
8375 33
8376 33
8377 33
8378 33
8379 33
8380 33
8381 33
8382 33
8383 33
8384 33
8385 33
8386 33
8387 33
8388 33
8389 33
8390 33
8392 33
8393 33
8394 33
8395 33
8396 33
8397 33
8398 33
8399 33
8400 33
8401 33
8402 33
8403 33
8404 33
8405 33
8406 33
8407 33
8408 33
8409 33
8410 33
8473 33
8474 33
8475 33
8476 33
8477 33
8478 33
8479 33
8480 33
8481 33
8482 33
8483 33
8484 33
8485 33
8486 33
8487 33
8488 33
8489 33
8490 33
8491 33
8492 33
8493 33
8494 33
8495 33
8496 33
8497 33
8498 33
8499 33
8500 33
8501 33
8502 33
8503 33
8504 33
8505 33
8506 33
8507 33
8508 33
8509 33
8510 33
8511 33
8512 33
8513 33
8514 33
8515 33
8516 33
8517 33
8518 33
8519 33
8520 33
8521 33
8522 33
8523 33
8524 33
8525 33
8526 33
8527 33
8528 33
8529 33
8530 33
8531 33
8532 33
8533 33
8534 33
8535 33
8536 33
8537 33
8538 33
8539 33
8540 33
8603 33
8604 33
8605 33
8606 33
8607 33
8608 33
8609 33
8610 33
8611 33
8612 33
8613 33
8614 33
8615 33
8616 33
8617 33
8618 33
8619 33
8620 33
8621 33
8622 33
8623 33
8624 33
8625 33
8626 33
8627 33
8630 33
8631 33
8632 33
8633 33
8634 33
8635 33
8636 33
8637 33
8638 33
8639 33
8640 33
8641 33
8642 33
8643 33
8644 33
8645 33
8646 33
8647 33
8648 33
8649 33
8650 33
8651 33
8652 33
8653 33
8654 33
8655 33
8656 33
8657 33
8658 33
8659 33
8660 33
8661 33
8662 33
8663 33
8664 33
8665 33
8666 33
8667 33
8668 33
8669 33
8670 33
8734 33
8735 33
8736 33
8737 33
8738 33
8739 33
8740 33
8741 33
8742 33
8743 33
8744 33
8745 33
8746 33
8747 33
8748 33
8749 33
8761 33
8762 33
8763 33
8764 33
8765 33
8766 33
8767 33
8768 33
8769 33
8770 33
8771 33
8772 33
8773 33
8774 33
8775 33
8776 33
8777 33
8778 33
8779 33
8780 33
8781 33
8782 33
8783 33
8784 33
8785 33
8786 33
8787 33
8788 33
8789 33
8790 33
8791 33
8792 33
8793 33
8794 33
8795 33
8796 33
8797 33
8798 33
8799 33
8800 33
8801 33
8802 33
8803 33
8804 33
8805 33
8806 33
8807 33
8808 33
8874 33
8875 33
8876 33
8877 33
8878 33
8879 33
8880 33
8881 33
8882 33
8883 33
8884 33
8885 33
8886 33
8899 33
8900 33
8901 33
8902 33
8903 33
8904 33
8905 33
8906 33
8907 33
8908 33
8909 33
8910 33
8911 33
8912 33
8913 33
8914 33
8915 33
8916 33
8917 33
8918 33
8919 33
8920 33
8921 33
8922 33
8923 33
8924 33
8925 33
8926 33
8927 33
8928 33
8929 33
8930 33
8931 33
8932 33
8933 33
8934 33
8935 33
8936 33
8937 33
8938 33
8939 33
8940 33
8941 33
8942 33
8943 33
8944 33
8945 33
8946 33
9015 33
9016 33
9017 33
9018 33
9019 33
9020 33
9021 33
9022 33
9023 33
9037 33
9038 33
9039 33
9040 33
9041 33
9042 33
9043 33
9044 33
9045 33
9046 33
9047 33
9048 33
9049 33
9050 33
9051 33
9052 33
9053 33
9054 33
9055 33
9056 33
9057 33
9058 33
9059 33
9060 33
9061 33
9062 33
9067 33
9068 33
9069 33
9070 33
9071 33
9072 33
9073 33
9074 33
9163 33
9164 33
9165 33
9166 33
9167 33
9168 33
9169 33
9170 33
9171 33
9172 33
9173 33
9174 33
9175 33
9176 33
9177 33
9178 33
9179 33
9180 33
9181 33
9182 33
9183 33
9184 33
9185 33
9186 33
9187 33
9188 33
9190 33
9191 33
9192 33
9193 33
9194 33
9284 33
9285 33
9286 33
9287 33
9288 33
9289 33
9290 33
9291 33
9292 33
9293 33
9294 33
9295 33
9296 33
9297 33
9298 33
9299 33
9300 33
9301 33
9302 33
9303 33
9304 33
9305 33
9306 33
9307 33
9308 33
9309 33
9310 33
9311 33
9399 33
9400 33
9401 33
9402 33
9403 33
9404 33
9405 33
9406 33
9407 33
9408 33
9409 33
9410 33
9411 33
9412 33
9413 33
9414 33
9415 33
9416 33
9417 33
9418 33
9419 33
9420 33
9421 33
9424 33
9425 33
9426 33
9427 33
9428 33
9515 33
9516 33
9517 33
9518 33
9519 33
9520 33
9521 33
9522 33
9523 33
9524 33
9525 33
9526 33
9527 33
9528 33
9529 33
9530 33
9531 33
9532 33
9533 33
9534 33
9535 33
9536 33
9537 33
9538 33
9541 33
9542 33
9543 33
9544 33
9545 33
9546 33
9547 33
9548 33
9549 33
9633 33
9634 33
9635 33
9636 33
9637 33
9638 33
9639 33
9640 33
9641 33
9642 33
9643 33
9644 33
9645 33
9646 33
9647 33
9648 33
9649 33
9650 33
9651 33
9652 33
9653 33
9654 33
9655 33
9656 33
9661 33
9662 33
9663 33
9664 33
9665 33
9666 33
9667 33
9668 33
9669 33
9670 33
9671 33
9672 33
9673 33
9756 33
9757 33
9758 33
9759 33
9760 33
9761 33
9762 33
9763 33
9764 33
9765 33
9766 33
9767 33
9768 33
9769 33
9770 33
9771 33
9772 33
9773 33
9774 33
9775 33
9776 33
9777 33
9778 33
9785 33
9786 33
9787 33
9788 33
9789 33
9790 33
9791 33
9792 33
9793 33
9794 33
9795 33
9796 33
9797 33
9798 33
9799 33
9800 33
9801 33
9802 33
9803 33
9804 33
9805 33
9806 33
9807 33
9808 33
9888 33
9889 33
9890 33
9891 33
9892 33
9893 33
9894 33
9895 33
9896 33
9897 33
9898 33
9899 33
9900 33
9901 33
9902 33
9903 33
9904 33
9905 33
9906 33
9907 33
9908 33
9909 33
9910 33
9911 33
9912 33
9913 33
9917 33
9918 33
9919 33
9920 33
9921 33
9922 33
9923 33
9924 33
9925 33
9926 33
9927 33
9928 33
9929 33
9930 33
9931 33
9932 33
9933 33
9934 33
9935 33
10017 33
10018 33
10019 33
10020 33
10021 33
10022 33
10023 33
10024 33
10025 33
10026 33
10027 33
10028 33
10029 33
10030 33
10031 33
10032 33
10033 33
10034 33
10035 33
10036 33
10037 33
10038 33
10039 33
10040 33
10041 33
10044 33
10045 33
10046 33
10047 33
10048 33
10049 33
10050 33
10051 33
10052 33
10053 33
10054 33
10055 33
10056 33
10057 33
10058 33
10059 33
10060 33
10061 33
10062 33
10063 33
10064 33
10065 33
10066 33
10143 33
10144 33
10145 33
10146 33
10147 33
10148 33
10149 33
10150 33
10151 33
10152 33
10153 33
10154 33
10155 33
10156 33
10157 33
10158 33
10159 33
10160 33
10161 33
10162 33
10163 33
10164 33
10165 33
10166 33
10167 33
10170 33
10171 33
10173 33
10174 33
10175 33
10176 33
10177 33
10178 33
10179 33
10180 33
10181 33
10182 33
10183 33
10184 33
10185 33
10186 33
10187 33
10188 33
10189 33
10190 33
10191 33
10267 33
10268 33
10269 33
10270 33
10271 33
10272 33
10273 33
10274 33
10275 33
10276 33
10277 33
10278 33
10279 33
10280 33
10281 33
10282 33
10283 33
10284 33
10285 33
10286 33
10287 33
10288 33
10289 33
10290 33
10291 33
10292 33
10293 33
10294 33
10295 33
10296 33
10297 33
10298 33
10299 33
10300 33
10301 33
10302 33
10303 33
10304 33
10305 33
10306 33
10307 33
10308 33
10309 33
10310 33
10311 33
10312 33
10313 33
10314 33
10389 33
10390 33
10391 33
10392 33
10393 33
10394 33
10395 33
10396 33
10397 33
10398 33
10399 33
10400 33
10401 33
10402 33
10403 33
10404 33
10405 33
10406 33
10407 33
10408 33
10409 33
10410 33
10411 33
10412 33
10413 33
10414 33
10415 33
10422 33
10423 33
10426 33
10430 33
10431 33
10432 33
10433 33
10434 33
10435 33
10436 33
10509 33
10510 33
10511 33
10512 33
10513 33
10514 33
10515 33
10516 33
10517 33
10518 33
10519 33
10520 33
10521 33
10522 33
10523 33
10524 33
10525 33
10526 33
10527 33
10528 33
10529 33
10530 33
10531 33
10532 33
10533 33
10534 33
10538 33
10540 33
10541 33
10545 33
10546 33
10547 33
10621 33
10622 33
10623 33
10624 33
10625 33
10626 33
10627 33
10628 33
10629 33
10630 33
10631 33
10632 33
10633 33
10634 33
10635 33
10636 33
10637 33
10638 33
10639 33
10640 33
10641 33
10642 33
10643 33
10644 33
10645 33
10646 33
10647 33
10648 33
10649 33
10652 33
10653 33
10654 33
10655 33
10656 33
10727 33
10728 33
10729 33
10730 33
10731 33
10732 33
10733 33
10734 33
10735 33
10736 33
10737 33
10738 33
10739 33
10740 33
10741 33
10742 33
10743 33
10744 33
10745 33
10746 33
10747 33
10748 33
10749 33
10750 33
10751 33
10752 33
10753 33
10754 33
10825 33
10826 33
10827 33
10828 33
10829 33
10830 33
10831 33
10832 33
10833 33
10834 33
10835 33
10836 33
10837 33
10838 33
10839 33
10840 33
10841 33
10842 33
10843 33
10844 33
10845 33
10846 33
10847 33
10848 33
10849 33
10850 33
10851 33
10852 33
10853 33
10854 33
10924 33
10925 33
10926 33
10927 33
10928 33
10929 33
10930 33
10931 33
10932 33
10933 33
10934 33
10935 33
10936 33
10937 33
10938 33
10939 33
10940 33
10941 33
10942 33
10943 33
10944 33
10945 33
10946 33
10947 33
10948 33
10949 33
10950 33
10951 33
10952 33
10953 33
11023 33
11024 33
11025 33
11026 33
11027 33
11028 33
11029 33
11030 33
11031 33
11032 33
11033 33
11034 33
11035 33
11036 33
11037 33
11038 33
11039 33
11040 33
11041 33
11042 33
11043 33
11044 33
11045 33
11046 33
11047 33
11048 33
11049 33
11050 33
11051 33
11052 33
11053 33
11054 33
11125 33
11126 33
11127 33
11128 33
11129 33
11130 33
11131 33
11132 33
11133 33
11134 33
11135 33
11136 33
11137 33
11138 33
11139 33
11140 33
11141 33
11142 33
11143 33
11144 33
11145 33
11146 33
11147 33
11148 33
11149 33
11150 33
11151 33
11152 33
11153 33
11154 33
11155 33
11156 33
11157 33
11229 33
11230 33
11231 33
11232 33
11233 33
11234 33
11235 33
11236 33
11237 33
11238 33
11239 33
11240 33
11241 33
11242 33
11243 33
11244 33
11245 33
11246 33
11247 33
11248 33
11249 33
11250 33
11251 33
11254 33
11255 33
11256 33
11257 33
11258 33
11259 33
11260 33
11261 33
11262 33
11336 33
11337 33
11338 33
11339 33
11340 33
11341 33
11342 33
11343 33
11344 33
11345 33
11346 33
11347 33
11348 33
11349 33
11350 33
11351 33
11352 33
11353 33
11354 33
11355 33
11356 33
11357 33
11358 33
11361 33
11362 33
11363 33
11364 33
11365 33
11366 33
11367 33
11368 33
11369 33
11371 33
11444 33
11445 33
11446 33
11447 33
11448 33
11449 33
11450 33
11451 33
11452 33
11453 33
11454 33
11455 33
11456 33
11457 33
11458 33
11459 33
11460 33
11461 33
11462 33
11463 33
11464 33
11465 33
11466 33
11467 33
11468 33
11469 33
11473 33
11475 33
11476 33
11478 33
11479 33
11552 33
11553 33
11554 33
11555 33
11556 33
11557 33
11558 33
11559 33
11560 33
11561 33
11562 33
11563 33
11564 33
11565 33
11566 33
11567 33
11568 33
11569 33
11570 33
11571 33
11572 33
11573 33
11574 33
11575 33
11576 33
11577 33
11578 33
11579 33
11581 33
11582 33
11583 33
11584 33
11585 33
11586 33
11587 33
11661 33
11662 33
11663 33
11664 33
11665 33
11666 33
11667 33
11668 33
11669 33
11670 33
11671 33
11672 33
11673 33
11674 33
11675 33
11676 33
11677 33
11679 33
11680 33
11682 33
11683 33
11684 33
11685 33
11686 33
11687 33
11688 33
11689 33
11690 33
11691 33
11692 33
11693 33
11695 33
11770 33
11771 33
11772 33
11773 33
11774 33
11775 33
11776 33
11777 33
11778 33
11779 33
11780 33
11781 33
11782 33
11783 33
11784 33
11785 33
11787 33
11788 33
11790 33
11791 33
11792 33
11793 33
11794 33
11795 33
11796 33
11797 33
11798 33
11799 33
11800 33
11801 33
11802 33
11803 33
11878 33
11879 33
11880 33
11881 33
11882 33
11883 33
11884 33
11885 33
11886 33
11887 33
11888 33
11889 33
11890 33
11891 33
11892 33
11893 33
11894 33
11896 33
11897 33
11898 33
11899 33
11900 33
11901 33
11902 33
11903 33
11904 33
11905 33
11906 33
11907 33
11908 33
11909 33
11987 33
11988 33
11989 33
11990 33
11991 33
11992 33
11993 33
11994 33
11995 33
11996 33
11997 33
11998 33
11999 33
12000 33
12001 33
12002 33
12003 33
12005 33
12006 33
12007 33
12008 33
12009 33
12010 33
12011 33
12012 33
12013 33
12014 33
12015 33
12017 33
12094 33
12095 33
12096 33
12097 33
12098 33
12099 33
12100 33
12101 33
12102 33
12103 33
12104 33
12105 33
12106 33
12107 33
12108 33
12110 33
12113 33
12114 33
12115 33
12116 33
12117 33
12118 33
12119 33
12120 33
12121 33
12122 33
12124 33
12201 33
12202 33
12203 33
12204 33
12205 33
12206 33
12207 33
12208 33
12209 33
12210 33
12211 33
12212 33
12213 33
12214 33
12215 33
12217 33
12219 33
12220 33
12221 33
12222 33
12223 33
12224 33
12225 33
12226 33
12227 33
12228 33
12229 33
12231 33
12307 33
12308 33
12309 33
12310 33
12311 33
12312 33
12313 33
12314 33
12315 33
12316 33
12317 33
12318 33
12319 33
12320 33
12321 33
12322 33
12323 33
12325 33
12326 33
12328 33
12329 33
12330 33
12331 33
12332 33
12333 33
12334 33
12335 33
12336 33
12338 33
12415 33
12416 33
12417 33
12418 33
12419 33
12420 33
12421 33
12422 33
12423 33
12424 33
12425 33
12426 33
12427 33
12428 33
12429 33
12430 33
12431 33
12434 33
12436 33
12437 33
12438 33
12439 33
12440 33
12441 33
12442 33
12443 33
12445 33
12523 33
12524 33
12525 33
12526 33
12527 33
12528 33
12529 33
12530 33
12531 33
12532 33
12533 33
12534 33
12535 33
12536 33
12537 33
12539 33
12543 33
12544 33
12545 33
12546 33
12547 33
12548 33
12549 33
12550 33
12551 33
12552 33
12630 33
12631 33
12632 33
12633 33
12634 33
12635 33
12636 33
12637 33
12638 33
12639 33
12640 33
12641 33
12642 33
12643 33
12644 33
12645 33
12646 33
12648 33
12650 33
12651 33
12652 33
12654 33
12655 33
12658 33
12659 33
12738 33
12739 33
12740 33
12741 33
12742 33
12743 33
12744 33
12745 33
12746 33
12747 33
12748 33
12749 33
12750 33
12751 33
12752 33
12753 33
12754 33
12755 33
12756 33
12758 33
12760 33
12761 33
12841 33
12842 33
12843 33
12844 33
12845 33
12846 33
12847 33
12848 33
12849 33
12850 33
12851 33
12852 33
12853 33
12854 33
12855 33
12856 33
12858 33
12859 33
12860 33
12861 33
12862 33
12863 33
12945 33
12946 33
12947 33
12948 33
12949 33
12950 33
12951 33
12952 33
12953 33
12954 33
12955 33
12956 33
12957 33
12958 33
12960 33
12961 33
12962 33
12963 33
12964 33
12965 33
12966 33
12968 33
13051 33
13052 33
13053 33
13054 33
13055 33
13056 33
13057 33
13058 33
13059 33
13060 33
13061 33
13062 33
13063 33
13064 33
13065 33
13066 33
13067 33
13068 33
13069 33
13070 33
13071 33
13072 33
13073 33
13157 33
13158 33
13159 33
13160 33
13161 33
13162 33
13163 33
13164 33
13165 33
13166 33
13167 33
13168 33
13169 33
13170 33
13171 33
13172 33
13173 33
13174 33
13175 33
13176 33
13177 33
13178 33
13179 33
13180 33
13182 33
13183 33
13266 33
13267 33
13268 33
13269 33
13270 33
13271 33
13272 33
13273 33
13274 33
13275 33
13276 33
13277 33
13278 33
13279 33
13280 33
13281 33
13282 33
13283 33
13284 33
13285 33
13286 33
13287 33
13288 33
13289 33
13290 33
13291 33
13292 33
13293 33
13375 33
13376 33
13377 33
13378 33
13379 33
13380 33
13381 33
13382 33
13383 33
13384 33
13385 33
13386 33
13387 33
13388 33
13389 33
13390 33
13391 33
13392 33
13393 33
13395 33
13396 33
13397 33
13398 33
13399 33
13400 33
13401 33
13485 33
13486 33
13487 33
13488 33
13489 33
13490 33
13491 33
13492 33
13493 33
13494 33
13495 33
13496 33
13497 33
13498 33
13499 33
13500 33
13501 33
13502 33
13503 33
13506 33
13507 33
13509 33
13510 33
13511 33
13594 33
13595 33
13596 33
13597 33
13598 33
13599 33
13600 33
13601 33
13602 33
13603 33
13604 33
13605 33
13606 33
13607 33
13608 33
13609 33
13610 33
13611 33
13612 33
13613 33
13614 33
13615 33
13616 33
13617 33
13618 33
13619 33
13703 33
13704 33
13705 33
13706 33
13707 33
13708 33
13709 33
13710 33
13711 33
13712 33
13713 33
13714 33
13715 33
13716 33
13717 33
13718 33
13719 33
13720 33
13721 33
13722 33
13723 33
13724 33
13725 33
13727 33
13728 33
13729 33
13812 33
13813 33
13814 33
13815 33
13816 33
13817 33
13818 33
13819 33
13820 33
13821 33
13822 33
13823 33
13824 33
13825 33
13826 33
13827 33
13828 33
13829 33
13830 33
13831 33
13832 33
13833 33
13836 33
13837 33
13838 33
13923 33
13924 33
13925 33
13926 33
13927 33
13928 33
13929 33
13930 33
13931 33
13932 33
13933 33
13934 33
13935 33
13936 33
13937 33
13938 33
13940 33
13941 33
13942 33
13943 33
13944 33
13945 33
13946 33
13947 33
13948 33
13949 33
13950 33
14034 33
14035 33
14036 33
14037 33
14038 33
14039 33
14040 33
14041 33
14042 33
14043 33
14044 33
14045 33
14046 33
14047 33
14048 33
14049 33
14051 33
14052 33
14054 33
14055 33
14057 33
14060 33
14061 33
14062 33
14063 33
14064 33
14147 33
14148 33
14149 33
14150 33
14151 33
14152 33
14153 33
14154 33
14155 33
14156 33
14157 33
14158 33
14159 33
14160 33
14161 33
14162 33
14163 33
14164 33
14167 33
14169 33
14170 33
14172 33
14173 33
14174 33
14175 33
14176 33
14177 33
14261 33
14262 33
14263 33
14264 33
14265 33
14266 33
14267 33
14268 33
14269 33
14270 33
14271 33
14272 33
14273 33
14274 33
14275 33
14276 33
14277 33
14278 33
14279 33
14280 33
14281 33
14282 33
14283 33
14285 33
14286 33
14287 33
14288 33
14289 33
14290 33
14291 33
14292 33
14375 33
14376 33
14377 33
14378 33
14379 33
14380 33
14381 33
14382 33
14383 33
14384 33
14385 33
14386 33
14387 33
14388 33
14389 33
14390 33
14391 33
14392 33
14393 33
14394 33
14395 33
14398 33
14399 33
14400 33
14401 33
14402 33
14403 33
14404 33
14405 33
14406 33
14407 33
14489 33
14490 33
14491 33
14492 33
14493 33
14494 33
14495 33
14496 33
14497 33
14498 33
14499 33
14500 33
14501 33
14502 33
14503 33
14504 33
14505 33
14506 33
14507 33
14511 33
14512 33
14513 33
14514 33
14515 33
14516 33
14517 33
14518 33
14519 33
14520 33
14521 33
14602 33
14603 33
14604 33
14605 33
14606 33
14607 33
14608 33
14609 33
14610 33
14611 33
14612 33
14613 33
14614 33
14615 33
14616 33
14617 33
14618 33
14619 33
14620 33
14621 33
14623 33
14624 33
14625 33
14626 33
14627 33
14628 33
14629 33
14630 33
14631 33
14632 33
14633 33
14634 33
14635 33
14715 33
14716 33
14717 33
14718 33
14719 33
14720 33
14721 33
14722 33
14723 33
14724 33
14725 33
14726 33
14727 33
14728 33
14729 33
14730 33
14731 33
14732 33
14733 33
14734 33
14737 33
14738 33
14739 33
14740 33
14741 33
14742 33
14743 33
14744 33
14745 33
14746 33
14747 33
14748 33
14749 33
14750 33
14752 33
14832 33
14833 33
14834 33
14835 33
14836 33
14837 33
14838 33
14839 33
14840 33
14841 33
14842 33
14843 33
14844 33
14845 33
14846 33
14847 33
14848 33
14849 33
14851 33
14852 33
14853 33
14854 33
14855 33
14856 33
14857 33
14858 33
14859 33
14860 33
14861 33
14862 33
14863 33
14864 33
14866 33
14867 33
14868 33
14869 33
14870 33
14871 33
14872 33
14873 33
14874 33
14875 33
14877 33
14878 33
14879 33
14880 33
14961 33
14962 33
14963 33
14964 33
14965 33
14966 33
14967 33
14968 33
14969 33
14970 33
14971 33
14972 33
14973 33
14974 33
14975 33
14976 33
14977 33
14978 33
14979 33
14980 33
14981 33
14982 33
14983 33
14984 33
14985 33
14986 33
14987 33
14988 33
14989 33
14990 33
14995 33
14997 33
14998 33
15000 33
15001 33
15004 33
15005 33
15006 33
15007 33
15090 33
15091 33
15092 33
15093 33
15094 33
15095 33
15096 33
15097 33
15098 33
15099 33
15100 33
15101 33
15103 33
15104 33
15105 33
15106 33
15107 33
15108 33
15109 33
15110 33
15111 33
15112 33
15113 33
15114 33
15115 33
15116 33
15117 33
15118 33
15119 33
15120 33
15121 33
15123 33
15126 33
15128 33
15129 33
15130 33
15131 33
15132 33
15215 33
15216 33
15217 33
15218 33
15219 33
15220 33
15221 33
15222 33
15223 33
15224 33
15225 33
15227 33
15228 33
15229 33
15230 33
15231 33
15232 33
15233 33
15236 33
15237 33
15238 33
15239 33
15240 33
15241 33
15242 33
15243 33
15244 33
15245 33
15246 33
15247 33
15250 33
15251 33
15252 33
15337 33
15338 33
15339 33
15340 33
15341 33
15342 33
15343 33
15344 33
15345 33
15346 33
15347 33
15348 33
15349 33
15350 33
15351 33
15353 33
15357 33
15358 33
15359 33
15360 33
15361 33
15362 33
15363 33
15364 33
15365 33
15366 33
15367 33
15368 33
15369 33
15454 33
15455 33
15456 33
15457 33
15458 33
15459 33
15460 33
15461 33
15462 33
15463 33
15464 33
15465 33
15466 33
15467 33
15468 33
15470 33
15471 33
15472 33
15474 33
15475 33
15476 33
15477 33
15478 33
15479 33
15480 33
15481 33
15482 33
15483 33
15484 33
15485 33
15486 33
15571 33
15572 33
15573 33
15574 33
15575 33
15576 33
15577 33
15578 33
15579 33
15580 33
15581 33
15582 33
15583 33
15584 33
15586 33
15587 33
15588 33
15591 33
15592 33
15593 33
15594 33
15595 33
15596 33
15598 33
15599 33
15600 33
15601 33
15602 33
15603 33
15689 33
15690 33
15691 33
15692 33
15693 33
15694 33
15695 33
15696 33
15697 33
15698 33
15699 33
15700 33
15701 33
15702 33
15703 33
15704 33
15705 33
15706 33
15707 33
15708 33
15709 33
15710 33
15711 33
15712 33
15714 33
15715 33
15716 33
15717 33
15718 33
15719 33
15804 33
15805 33
15806 33
15807 33
15808 33
15809 33
15810 33
15811 33
15812 33
15813 33
15814 33
15815 33
15816 33
15817 33
15818 33
15819 33
15820 33
15821 33
15822 33
15823 33
15824 33
15825 33
15826 33
15828 33
15829 33
15830 33
15831 33
15832 33
15833 33
15834 33
15918 33
15919 33
15920 33
15921 33
15922 33
15923 33
15924 33
15925 33
15926 33
15927 33
15928 33
15929 33
15930 33
15931 33
15932 33
15933 33
15934 33
15935 33
15936 33
15937 33
15938 33
15939 33
15940 33
15941 33
15942 33
15943 33
15944 33
15945 33
15946 33
15947 33
16031 33
16032 33
16033 33
16034 33
16035 33
16036 33
16037 33
16038 33
16039 33
16042 33
16043 33
16044 33
16045 33
16046 33
16047 33
16048 33
16049 33
16050 33
16051 33
16052 33
16053 33
16054 33
16055 33
16056 33
16058 33
16059 33
16143 33
16145 33
16146 33
16147 33
16148 33
16149 33
16150 33
16151 33
16154 33
16155 33
16156 33
16157 33
16158 33
16159 33
16160 33
16161 33
16162 33
16163 33
16164 33
16165 33
16166 33
16167 33
16168 33
16170 33
16171 33
16254 33
16255 33
16256 33
16257 33
16258 33
16259 33
16260 33
16261 33
16264 33
16265 33
16266 33
16267 33
16268 33
16269 33
16270 33
16271 33
16272 33
16273 33
16274 33
16275 33
16276 33
16277 33
16278 33
16279 33
16280 33
16281 33
16282 33
16363 33
16364 33
16365 33
16366 33
16367 33
16368 33
16369 33
16370 33
16371 33
16372 33
16373 33
16374 33
16375 33
16376 33
16377 33
16378 33
16379 33
16380 33
16381 33
16382 33
16383 33
16384 33
16385 33
16386 33
16387 33
16388 33
16389 33
16390 33
16392 33
16393 33
16394 33
16473 33
16474 33
16475 33
16476 33
16477 33
16478 33
16479 33
16480 33
16481 33
16483 33
16485 33
16486 33
16487 33
16488 33
16489 33
16490 33
16491 33
16492 33
16493 33
16494 33
16495 33
16496 33
16497 33
16498 33
16499 33
16500 33
16501 33
16502 33
16580 33
16581 33
16582 33
16583 33
16584 33
16585 33
16586 33
16587 33
16588 33
16589 33
16590 33
16593 33
16594 33
16595 33
16596 33
16597 33
16598 33
16599 33
16600 33
16601 33
16602 33
16603 33
16604 33
16605 33
16606 33
16607 33
16608 33
16609 33
16610 33
16611 33
16612 33
16689 33
16690 33
16691 33
16692 33
16693 33
16694 33
16695 33
16696 33
16697 33
16698 33
16699 33
16700 33
16701 33
16702 33
16703 33
16704 33
16705 33
16706 33
16707 33
16708 33
16709 33
16710 33
16711 33
16712 33
16713 33
16714 33
16715 33
16716 33
16717 33
16718 33
16719 33
16720 33
16722 33
16723 33
16796 33
16797 33
16798 33
16799 33
16800 33
16801 33
16802 33
16803 33
16804 33
16805 33
16807 33
16808 33
16809 33
16810 33
16811 33
16812 33
16813 33
16814 33
16816 33
16818 33
16819 33
16820 33
16821 33
16822 33
16823 33
16824 33
16825 33
16826 33
16827 33
16828 33
16829 33
16830 33
16831 33
16832 33
16833 33
16905 33
16906 33
16907 33
16908 33
16909 33
16910 33
16911 33
16912 33
16913 33
16914 33
16915 33
16917 33
16918 33
16919 33
16920 33
16923 33
16924 33
16928 33
16929 33
16930 33
16931 33
16932 33
16933 33
16934 33
16935 33
16936 33
16937 33
16938 33
16939 33
16940 33
16941 33
16942 33
16943 33
17015 33
17016 33
17017 33
17018 33
17019 33
17020 33
17021 33
17022 33
17023 33
17024 33
17025 33
17026 33
17029 33
17030 33
17033 33
17034 33
17036 33
17037 33
17038 33
17039 33
17040 33
17041 33
17042 33
17043 33
17044 33
17045 33
17047 33
17048 33
17049 33
17050 33
17051 33
17123 33
17124 33
17125 33
17126 33
17127 33
17128 33
17129 33
17130 33
17131 33
17132 33
17133 33
17134 33
17135 33
17137 33
17138 33
17144 33
17145 33
17146 33
17147 33
17148 33
17149 33
17150 33
17151 33
17152 33
17153 33
17155 33
17156 33
17157 33
17158 33
17159 33
17160 33
17232 33
17233 33
17234 33
17235 33
17236 33
17237 33
17238 33
17239 33
17240 33
17241 33
17242 33
17243 33
17244 33
17245 33
17246 33
17247 33
17251 33
17252 33
17253 33
17254 33
17255 33
17256 33
17257 33
17258 33
17259 33
17260 33
17262 33
17263 33
17264 33
17265 33
17266 33
17267 33
17339 33
17340 33
17341 33
17342 33
17343 33
17344 33
17345 33
17346 33
17347 33
17348 33
17349 33
17350 33
17351 33
17352 33
17353 33
17354 33
17355 33
17356 33
17357 33
17358 33
17359 33
17360 33
17361 33
17362 33
17363 33
17364 33
17365 33
17366 33
17367 33
17368 33
17369 33
17370 33
17373 33
17447 33
17448 33
17449 33
17450 33
17451 33
17452 33
17453 33
17454 33
17455 33
17456 33
17457 33
17458 33
17459 33
17460 33
17461 33
17462 33
17463 33
17464 33
17465 33
17466 33
17467 33
17468 33
17469 33
17470 33
17471 33
17472 33
17473 33
17474 33
17475 33
17476 33
17477 33
17478 33
17479 33
17552 33
17553 33
17554 33
17555 33
17556 33
17557 33
17558 33
17559 33
17560 33
17561 33
17562 33
17563 33
17564 33
17565 33
17566 33
17567 33
17569 33
17570 33
17571 33
17572 33
17573 33
17574 33
17575 33
17576 33
17577 33
17580 33
17581 33
17658 33
17659 33
17660 33
17661 33
17662 33
17663 33
17664 33
17665 33
17666 33
17667 33
17668 33
17670 33
17671 33
17672 33
17673 33
17674 33
17675 33
17676 33
17677 33
17678 33
17679 33
17680 33
17681 33
17764 33
17765 33
17766 33
17767 33
17768 33
17769 33
17771 33
17772 33
17773 33
17774 33
17775 33
17776 33
17777 33
17778 33
17779 33
17780 33
17781 33
17782 33
17864 33
17865 33
17866 33
17867 33
17868 33
17869 33
17870 33
17871 33
17872 33
17873 33
17874 33
17875 33
17876 33
17877 33
17878 33
17879 33
17880 33
17956 33
17957 33
17958 33
17959 33
17960 33
17961 33
17962 33
17963 33
17964 33
17965 33
17966 33
17967 33
17969 33
17970 33
18043 33
18044 33
18045 33
18046 33
18047 33
18048 33
18049 33
18050 33
18051 33
18052 33
18053 33
18054 33
18055 33
18056 33
18057 33
18058 33
18059 33
18060 33
18132 33
18133 33
18134 33
18135 33
18136 33
18137 33
18138 33
18139 33
18140 33
18141 33
18142 33
18144 33
18145 33
18146 33
18147 33
18148 33
18219 33
18220 33
18221 33
18222 33
18223 33
18224 33
18225 33
18226 33
18227 33
18228 33
18229 33
18230 33
18231 33
18233 33
18234 33
18303 33
18304 33
18305 33
18306 33
18307 33
18308 33
18309 33
18310 33
18311 33
18312 33
18315 33
18316 33
18317 33
18318 33
18385 33
18386 33
18387 33
18388 33
18389 33
18390 33
18391 33
18392 33
18393 33
18394 33
18395 33
18396 33
18397 33
18398 33
18399 33
18465 33
18466 33
18467 33
18468 33
18469 33
18470 33
18474 33
18475 33
18476 33
18477 33
18478 33
18479 33
18547 33
18548 33
18549 33
18553 33
18554 33
18555 33
18556 33
18626 33
18627 33
18629 33
18630 33
18631 33
18632 33
18703 33
18704 33
18705 33
18706 33
18707 33
18708 33
18709 33
18780 33
18781 33
18782 33
18783 33
18784 33
18850 33
18851 33
18852 33
18853 33
18854 33
18919 33
18920 33
18921 33
18922 33
18923 33
18986 33
18987 33
18988 33
18989 33
18990 33
18991 33
19053 33
19054 33
19055 33
19056 33
19057 33
19120 33
19121 33
19122 33
19123 33
19187 33
19188 33
19257 33
20729 33
20741 33
20743 33
20744 33
20745 33
20746 33
20748 33
20749 33
20757 33
20758 33
20759 33
20775 33
