pt_graph landings
706 22
707 22
708 22
709 22
710 22
711 22
799 22
800 22
801 22
802 22
803 22
804 22
805 22
806 22
807 22
808 22
809 22
810 22
811 22
901 22
902 22
903 22
904 22
905 22
906 22
907 22
908 22
909 22
910 22
911 22
912 22
913 22
914 22
915 22
916 22
917 22
1010 22
1011 22
1012 22
1013 22
1014 22
1015 22
1016 22
1017 22
1018 22
1019 22
1020 22
1021 22
1022 22
1023 22
1024 22
1025 22
1026 22
1027 22
1028 22
1029 22
1126 22
1127 22
1128 22
1129 22
1136 22
1137 22
1138 22
1139 22
1140 22
1141 22
1142 22
1143 22
1144 22
1145 22
1146 22
1248 22
1249 22
1250 22
1260 22
1261 22
1262 22
1263 22
1264 22
1265 22
1266 22
1267 22
1268 22
1269 22
1377 22
1389 22
1390 22
1391 22
1392 22
1393 22
1394 22
1395 22
1396 22
1397 22
1398 22
1524 22
1525 22
1526 22
1527 22
1528 22
1529 22
1530 22
1531 22
1532 22
1533 22
1534 22
1666 22
1667 22
1668 22
1669 22
1670 22
1671 22
1672 22
1673 22
1674 22
1675 22
1676 22
1798 22
1799 22
1800 22
1814 22
1815 22
1816 22
1817 22
1818 22
1819 22
1820 22
1821 22
1822 22
1823 22
1953 22
1954 22
1969 22
1970 22
1971 22
1972 22
1973 22
1974 22
1975 22
1976 22
1977 22
1978 22
2112 22
2113 22
2128 22
2129 22
2130 22
2131 22
2132 22
2133 22
2134 22
2135 22
2136 22
2137 22
2198 22
2199 22
2200 22
2201 22
2202 22
2279 22
2294 22
2295 22
2296 22
2297 22
2298 22
2299 22
2300 22
2301 22
2302 22
2303 22
2304 22
2362 22
2363 22
2364 22
2365 22
2366 22
2367 22
2368 22
2369 22
2370 22
2371 22
2372 22
2451 22
2452 22
2453 22
2454 22
2465 22
2466 22
2467 22
2468 22
2469 22
2470 22
2471 22
2472 22
2473 22
2474 22
2475 22
2476 22
2532 22
2533 22
2534 22
2535 22
2536 22
2537 22
2538 22
2539 22
2540 22
2541 22
2542 22
2543 22
2544 22
2545 22
2546 22
2547 22
2628 22
2629 22
2630 22
2631 22
2632 22
2633 22
2641 22
2642 22
2643 22
2644 22
2645 22
2646 22
2647 22
2648 22
2649 22
2650 22
2651 22
2652 22
2706 22
2707 22
2708 22
2709 22
2710 22
2711 22
2712 22
2713 22
2714 22
2715 22
2716 22
2717 22
2718 22
2719 22
2720 22
2721 22
2722 22
2723 22
2724 22
2725 22
2726 22
2805 22
2806 22
2807 22
2808 22
2809 22
2810 22
2811 22
2812 22
2817 22
2818 22
2819 22
2820 22
2821 22
2822 22
2823 22
2824 22
2825 22
2826 22
2827 22
2828 22
2878 22
2879 22
2880 22
2881 22
2882 22
2883 22
2884 22
2885 22
2886 22
2887 22
2888 22
2889 22
2890 22
2891 22
2892 22
2893 22
2894 22
2895 22
2896 22
2897 22
2898 22
2899 22
2900 22
2901 22
2902 22
2903 22
2904 22
2982 22
2983 22
2984 22
2985 22
2986 22
2987 22
2988 22
2989 22
2990 22
2991 22
2992 22
2993 22
2994 22
2995 22
2996 22
2997 22
2998 22
2999 22
3000 22
3001 22
3002 22
3003 22
3004 22
3050 22
3051 22
3052 22
3053 22
3054 22
3055 22
3056 22
3057 22
3058 22
3059 22
3060 22
3061 22
3062 22
3063 22
3064 22
3065 22
3066 22
3067 22
3068 22
3069 22
3070 22
3071 22
3072 22
3073 22
3074 22
3075 22
3076 22
3077 22
3078 22
3159 22
3160 22
3161 22
3162 22
3163 22
3164 22
3165 22
3166 22
3167 22
3168 22
3169 22
3170 22
3171 22
3172 22
3173 22
3174 22
3175 22
3176 22
3177 22
3178 22
3221 22
3222 22
3223 22
3224 22
3225 22
3226 22
3227 22
3228 22
3229 22
3230 22
3231 22
3232 22
3233 22
3234 22
3235 22
3236 22
3237 22
3238 22
3239 22
3240 22
3241 22
3242 22
3243 22
3244 22
3245 22
3246 22
3247 22
3248 22
3249 22
3250 22
3251 22
3252 22
3334 22
3335 22
3336 22
3337 22
3338 22
3339 22
3340 22
3341 22
3342 22
3343 22
3344 22
3345 22
3346 22
3347 22
3348 22
3349 22
3350 22
3351 22
3352 22
3363 22
3364 22
3365 22
3366 22
3367 22
3368 22
3369 22
3370 22
3371 22
3372 22
3391 22
3392 22
3393 22
3394 22
3395 22
3396 22
3397 22
3398 22
3399 22
3400 22
3401 22
3402 22
3403 22
3404 22
3405 22
3406 22
3407 22
3408 22
3409 22
3410 22
3411 22
3412 22
3413 22
3414 22
3415 22
3416 22
3417 22
3418 22
3419 22
3420 22
3421 22
3422 22
3423 22
3424 22
3425 22
3509 22
3510 22
3511 22
3512 22
3513 22
3514 22
3515 22
3516 22
3517 22
3518 22
3519 22
3520 22
3521 22
3522 22
3523 22
3524 22
3525 22
3526 22
3527 22
3528 22
3529 22
3534 22
3535 22
3536 22
3537 22
3538 22
3539 22
3540 22
3541 22
3542 22
3543 22
3544 22
3545 22
3546 22
3547 22
3548 22
3549 22
3550 22
3562 22
3563 22
3564 22
3565 22
3566 22
3567 22
3568 22
3569 22
3570 22
3571 22
3572 22
3573 22
3574 22
3575 22
3576 22
3577 22
3578 22
3579 22
3580 22
3581 22
3582 22
3583 22
3584 22
3585 22
3586 22
3587 22
3588 22
3589 22
3590 22
3591 22
3592 22
3593 22
3594 22
3595 22
3596 22
3597 22
3684 22
3685 22
3686 22
3687 22
3688 22
3689 22
3690 22
3691 22
3692 22
3693 22
3694 22
3695 22
3696 22
3697 22
3698 22
3699 22
3700 22
3701 22
3702 22
3703 22
3704 22
3706 22
3707 22
3708 22
3709 22
3710 22
3711 22
3712 22
3713 22
3714 22
3715 22
3716 22
3717 22
3718 22
3719 22
3720 22
3721 22
3722 22
3723 22
3724 22
3725 22
3726 22
3727 22
3728 22
3729 22
3730 22
3731 22
3732 22
3733 22
3734 22
3735 22
3736 22
3737 22
3738 22
3739 22
3740 22
3741 22
3742 22
3743 22
3744 22
3745 22
3746 22
3747 22
3748 22
3749 22
3750 22
3751 22
3752 22
3753 22
3754 22
3755 22
3756 22
3757 22
3758 22
3759 22
3760 22
3761 22
3762 22
3763 22
3764 22
3765 22
3766 22
3767 22
3768 22
3769 22
3770 22
3861 22
3864 22
3865 22
3866 22
3867 22
3868 22
3869 22
3870 22
3871 22
3872 22
3873 22
3874 22
3875 22
3876 22
3877 22
3878 22
3879 22
3880 22
3881 22
3882 22
3883 22
3884 22
3885 22
3886 22
3887 22
3888 22
3889 22
3890 22
3891 22
3892 22
3893 22
3894 22
3895 22
3896 22
3897 22
3898 22
3899 22
3900 22
3901 22
3902 22
3903 22
3904 22
3905 22
3906 22
3907 22
3908 22
3909 22
3910 22
3911 22
3912 22
3913 22
3914 22
3915 22
3916 22
3917 22
3918 22
3919 22
3920 22
3921 22
3922 22
3923 22
3924 22
3925 22
3926 22
3927 22
3928 22
3929 22
3930 22
3931 22
3932 22
3933 22
3934 22
3935 22
3936 22
3937 22
3938 22
3939 22
3940 22
3941 22
3942 22
3943 22
4035 22
4036 22
4037 22
4038 22
4039 22
4040 22
4041 22
4042 22
4043 22
4044 22
4045 22
4046 22
4047 22
4048 22
4049 22
4050 22
4051 22
4052 22
4053 22
4054 22
4055 22
4056 22
4057 22
4058 22
4059 22
4060 22
4061 22
4062 22
4063 22
4064 22
4065 22
4066 22
4067 22
4068 22
4069 22
4070 22
4071 22
4072 22
4073 22
4074 22
4075 22
4076 22
4077 22
4078 22
4079 22
4080 22
4081 22
4082 22
4083 22
4084 22
4085 22
4086 22
4087 22
4088 22
4089 22
4090 22
4091 22
4092 22
4093 22
4094 22
4095 22
4096 22
4097 22
4098 22
4099 22
4100 22
4101 22
4102 22
4103 22
4104 22
4105 22
4106 22
4107 22
4108 22
4109 22
4110 22
4111 22
4112 22
4113 22
4114 22
4207 22
4208 22
4209 22
4210 22
4211 22
4212 22
4213 22
4214 22
4215 22
4216 22
4217 22
4218 22
4219 22
4220 22
4221 22
4222 22
4223 22
4224 22
4225 22
4226 22
4227 22
4228 22
4229 22
4230 22
4231 22
4232 22
4233 22
4234 22
4235 22
4236 22
4237 22
4238 22
4239 22
4240 22
4241 22
4242 22
4243 22
4244 22
4245 22
4246 22
4247 22
4248 22
4249 22
4250 22
4251 22
4252 22
4253 22
4254 22
4255 22
4256 22
4257 22
4258 22
4259 22
4260 22
4261 22
4262 22
4263 22
4264 22
4265 22
4266 22
4267 22
4268 22
4269 22
4270 22
4271 22
4272 22
4273 22
4274 22
4275 22
4276 22
4277 22
4278 22
4279 22
4280 22
4281 22
4282 22
4283 22
4284 22
4378 22
4379 22
4380 22
4381 22
4382 22
4383 22
4384 22
4385 22
4386 22
4387 22
4388 22
4389 22
4390 22
4391 22
4392 22
4393 22
4394 22
4395 22
4396 22
4397 22
4398 22
4399 22
4400 22
4401 22
4402 22
4403 22
4404 22
4405 22
4406 22
4407 22
4408 22
4409 22
4410 22
4411 22
4412 22
4413 22
4414 22
4415 22
4416 22
4417 22
4418 22
4419 22
4420 22
4421 22
4422 22
4423 22
4424 22
4425 22
4426 22
4427 22
4428 22
4429 22
4430 22
4431 22
4432 22
4433 22
4434 22
4435 22
4436 22
4437 22
4438 22
4439 22
4440 22
4441 22
4442 22
4443 22
4444 22
4445 22
4446 22
4447 22
4448 22
4449 22
4450 22
4451 22
4452 22
4548 22
4549 22
4550 22
4551 22
4552 22
4553 22
4554 22
4555 22
4556 22
4557 22
4558 22
4559 22
4560 22
4561 22
4562 22
4563 22
4564 22
4565 22
4566 22
4567 22
4568 22
4569 22
4570 22
4571 22
4572 22
4573 22
4574 22
4575 22
4576 22
4577 22
4578 22
4579 22
4580 22
4581 22
4582 22
4583 22
4584 22
4585 22
4586 22
4587 22
4588 22
4589 22
4590 22
4591 22
4592 22
4593 22
4594 22
4595 22
4596 22
4597 22
4598 22
4599 22
4600 22
4601 22
4602 22
4603 22
4604 22
4605 22
4606 22
4607 22
4608 22
4609 22
4610 22
4611 22
4612 22
4613 22
4614 22
4615 22
4616 22
4617 22
4618 22
4619 22
4620 22
4622 22
4623 22
4717 22
4718 22
4719 22
4720 22
4721 22
4722 22
4723 22
4724 22
4725 22
4726 22
4727 22
4728 22
4729 22
4730 22
4731 22
4732 22
4733 22
4734 22
4735 22
4736 22
4737 22
4738 22
4739 22
4740 22
4741 22
4742 22
4743 22
4744 22
4745 22
4746 22
4747 22
4748 22
4749 22
4750 22
4751 22
4752 22
4753 22
4754 22
4755 22
4756 22
4757 22
4758 22
4759 22
4760 22
4761 22
4762 22
4763 22
4764 22
4765 22
4766 22
4767 22
4768 22
4769 22
4770 22
4771 22
4772 22
4773 22
4774 22
4775 22
4776 22
4777 22
4778 22
4779 22
4781 22
4782 22
4783 22
4784 22
4785 22
4786 22
4787 22
4789 22
4790 22
4791 22
4884 22
4885 22
4886 22
4887 22
4888 22
4889 22
4890 22
4891 22
4892 22
4893 22
4894 22
4895 22
4896 22
4897 22
4898 22
4899 22
4900 22
4901 22
4902 22
4903 22
4904 22
4905 22
4906 22
4907 22
4908 22
4909 22
4910 22
4911 22
4912 22
4913 22
4914 22
4915 22
4916 22
4917 22
4918 22
4919 22
4920 22
4921 22
4922 22
4923 22
4924 22
4925 22
4926 22
4927 22
4928 22
4929 22
4930 22
4931 22
4932 22
4933 22
4934 22
4935 22
4936 22
4937 22
4938 22
4939 22
4940 22
4941 22
4942 22
4943 22
4946 22
4947 22
4948 22
4949 22
4950 22
4951 22
4952 22
4954 22
4955 22
5050 22
5051 22
5052 22
5053 22
5054 22
5055 22
5056 22
5057 22
5058 22
5059 22
5060 22
5061 22
5062 22
5063 22
5064 22
5065 22
5066 22
5067 22
5068 22
5069 22
5070 22
5071 22
5072 22
5073 22
5074 22
5076 22
5077 22
5078 22
5079 22
5080 22
5081 22
5082 22
5083 22
5084 22
5085 22
5086 22
5087 22
5088 22
5089 22
5090 22
5091 22
5092 22
5093 22
5094 22
5095 22
5096 22
5097 22
5098 22
5099 22
5100 22
5101 22
5102 22
5103 22
5104 22
5107 22
5108 22
5109 22
5110 22
5111 22
5112 22
5116 22
5211 22
5212 22
5213 22
5214 22
5215 22
5216 22
5217 22
5218 22
5219 22
5220 22
5221 22
5223 22
5224 22
5225 22
5226 22
5227 22
5228 22
5229 22
5230 22
5231 22
5232 22
5233 22
5234 22
5235 22
5241 22
5242 22
5243 22
5244 22
5245 22
5246 22
5247 22
5248 22
5249 22
5250 22
5251 22
5252 22
5253 22
5254 22
5255 22
5256 22
5257 22
5258 22
5259 22
5260 22
5261 22
5265 22
5266 22
5267 22
5268 22
5269 22
5270 22
5271 22
5272 22
5275 22
5357 22
5358 22
5359 22
5360 22
5361 22
5362 22
5363 22
5364 22
5365 22
5371 22
5372 22
5373 22
5374 22
5375 22
5376 22
5377 22
5378 22
5379 22
5380 22
5381 22
5384 22
5385 22
5386 22
5387 22
5388 22
5389 22
5390 22
5391 22
5392 22
5393 22
5401 22
5403 22
5404 22
5405 22
5406 22
5407 22
5408 22
5409 22
5410 22
5411 22
5412 22
5413 22
5414 22
5415 22
5416 22
5418 22
5421 22
5422 22
5423 22
5424 22
5425 22
5426 22
5428 22
5429 22
5430 22
5431 22
5432 22
5512 22
5513 22
5514 22
5515 22
5516 22
5517 22
5518 22
5519 22
5520 22
5521 22
5522 22
5523 22
5528 22
5529 22
5530 22
5531 22
5532 22
5533 22
5534 22
5535 22
5536 22
5537 22
5538 22
5539 22
5540 22
5541 22
5542 22
5543 22
5544 22
5545 22
5546 22
5547 22
5548 22
5549 22
5550 22
5551 22
5552 22
5553 22
5554 22
5555 22
5556 22
5557 22
5558 22
5559 22
5560 22
5561 22
5562 22
5563 22
5564 22
5565 22
5566 22
5567 22
5568 22
5569 22
5570 22
5571 22
5572 22
5573 22
5574 22
5575 22
5576 22
5577 22
5578 22
5579 22
5580 22
5581 22
5582 22
5583 22
5584 22
5585 22
5586 22
5587 22
5588 22
5665 22
5666 22
5667 22
5668 22
5669 22
5670 22
5671 22
5672 22
5673 22
5674 22
5675 22
5676 22
5677 22
5678 22
5679 22
5680 22
5681 22
5684 22
5685 22
5686 22
5687 22
5688 22
5689 22
5690 22
5691 22
5692 22
5693 22
5694 22
5695 22
5696 22
5697 22
5698 22
5699 22
5700 22
5701 22
5702 22
5703 22
5704 22
5705 22
5706 22
5707 22
5708 22
5709 22
5710 22
5711 22
5712 22
5713 22
5714 22
5715 22
5716 22
5717 22
5718 22
5719 22
5720 22
5721 22
5722 22
5723 22
5724 22
5725 22
5726 22
5727 22
5728 22
5729 22
5730 22
5731 22
5732 22
5733 22
5734 22
5735 22
5736 22
5737 22
5738 22
5739 22
5740 22
5741 22
5742 22
5743 22
5819 22
5820 22
5821 22
5822 22
5823 22
5824 22
5825 22
5826 22
5827 22
5828 22
5829 22
5830 22
5831 22
5832 22
5833 22
5834 22
5835 22
5836 22
5837 22
5838 22
5839 22
5840 22
5841 22
5842 22
5843 22
5844 22
5845 22
5846 22
5847 22
5848 22
5849 22
5850 22
5851 22
5852 22
5853 22
5854 22
5855 22
5856 22
5857 22
5858 22
5859 22
5860 22
5861 22
5862 22
5863 22
5864 22
5865 22
5866 22
5867 22
5868 22
5869 22
5870 22
5871 22
5872 22
5873 22
5874 22
5875 22
5876 22
5877 22
5878 22
5879 22
5880 22
5881 22
5882 22
5883 22
5884 22
5885 22
5886 22
5887 22
5888 22
5889 22
5890 22
5891 22
5892 22
5893 22
5894 22
5895 22
5896 22
5897 22
5898 22
5899 22
5900 22
5971 22
5972 22
5973 22
5974 22
5975 22
5976 22
5977 22
5978 22
5979 22
5980 22
5981 22
5982 22
5983 22
5984 22
5985 22
5986 22
5987 22
5988 22
5989 22
5990 22
5991 22
5992 22
5993 22
5994 22
5995 22
5996 22
5997 22
5998 22
5999 22
6000 22
6001 22
6002 22
6003 22
6004 22
6005 22
6006 22
6007 22
6008 22
6009 22
6010 22
6011 22
6012 22
6013 22
6014 22
6015 22
6016 22
6017 22
6018 22
6019 22
6020 22
6021 22
6022 22
6023 22
6024 22
6025 22
6026 22
6027 22
6028 22
6029 22
6030 22
6031 22
6032 22
6033 22
6034 22
6035 22
6036 22
6037 22
6038 22
6039 22
6040 22
6041 22
6042 22
6043 22
6044 22
6045 22
6046 22
6047 22
6048 22
6049 22
6050 22
6051 22
6121 22
6122 22
6123 22
6124 22
6125 22
6126 22
6127 22
6128 22
6129 22
6130 22
6131 22
6132 22
6133 22
6134 22
6135 22
6136 22
6137 22
6138 22
6139 22
6140 22
6141 22
6142 22
6143 22
6144 22
6145 22
6146 22
6147 22
6148 22
6149 22
6150 22
6151 22
6152 22
6153 22
6154 22
6155 22
6156 22
6157 22
6158 22
6159 22
6160 22
6161 22
6162 22
6163 22
6164 22
6165 22
6166 22
6167 22
6168 22
6169 22
6170 22
6171 22
6172 22
6173 22
6174 22
6175 22
6176 22
6177 22
6178 22
6179 22
6180 22
6181 22
6182 22
6183 22
6184 22
6185 22
6186 22
6187 22
6188 22
6189 22
6190 22
6191 22
6192 22
6193 22
6194 22
6195 22
6196 22
6197 22
6198 22
6199 22
6203 22
6270 22
6271 22
6272 22
6273 22
6274 22
6275 22
6276 22
6277 22
6278 22
6279 22
6280 22
6281 22
6282 22
6283 22
6284 22
6285 22
6286 22
6287 22
6288 22
6289 22
6290 22
6291 22
6292 22
6293 22
6294 22
6295 22
6296 22
6297 22
6298 22
6299 22
6300 22
6301 22
6302 22
6303 22
6304 22
6305 22
6306 22
6307 22
6308 22
6309 22
6310 22
6311 22
6312 22
6313 22
6314 22
6315 22
6316 22
6317 22
6318 22
6319 22
6320 22
6321 22
6322 22
6323 22
6324 22
6325 22
6326 22
6327 22
6328 22
6329 22
6330 22
6331 22
6332 22
6333 22
6334 22
6335 22
6336 22
6337 22
6338 22
6339 22
6340 22
6341 22
6342 22
6343 22
6344 22
6345 22
6346 22
6347 22
6348 22
6349 22
6350 22
6351 22
6415 22
6416 22
6417 22
6418 22
6419 22
6420 22
6421 22
6422 22
6423 22
6424 22
6425 22
6426 22
6427 22
6428 22
6429 22
6430 22
6431 22
6432 22
6433 22
6434 22
6435 22
6436 22
6437 22
6438 22
6439 22
6440 22
6441 22
6442 22
6443 22
6444 22
6445 22
6446 22
6447 22
6448 22
6449 22
6450 22
6451 22
6452 22
6453 22
6454 22
6455 22
6456 22
6457 22
6458 22
6459 22
6460 22
6461 22
6462 22
6463 22
6464 22
6465 22
6466 22
6467 22
6468 22
6469 22
6470 22
6471 22
6474 22
6475 22
6476 22
6477 22
6478 22
6479 22
6480 22
6481 22
6482 22
6483 22
6484 22
6485 22
6486 22
6487 22
6488 22
6489 22
6490 22
6491 22
6492 22
6493 22
6494 22
6495 22
6496 22
6559 22
6560 22
6562 22
6563 22
6564 22
6565 22
6566 22
6567 22
6568 22
6569 22
6570 22
6571 22
6572 22
6573 22
6574 22
6575 22
6576 22
6577 22
6578 22
6579 22
6580 22
6581 22
6582 22
6583 22
6584 22
6585 22
6586 22
6587 22
6588 22
6589 22
6590 22
6591 22
6592 22
6593 22
6594 22
6595 22
6596 22
6597 22
6598 22
6599 22
6600 22
6601 22
6602 22
6603 22
6604 22
6605 22
6606 22
6607 22
6608 22
6609 22
6610 22
6611 22
6612 22
6617 22
6618 22
6619 22
6620 22
6621 22
6622 22
6624 22
6625 22
6626 22
6627 22
6689 22
6690 22
6691 22
6692 22
6693 22
6694 22
6695 22
6696 22
6697 22
6698 22
6699 22
6700 22
6701 22
6702 22
6703 22
6704 22
6705 22
6706 22
6707 22
6708 22
6709 22
6710 22
6711 22
6712 22
6713 22
6714 22
6715 22
6716 22
6717 22
6718 22
6719 22
6720 22
6721 22
6722 22
6723 22
6724 22
6725 22
6726 22
6727 22
6728 22
6729 22
6730 22
6731 22
6732 22
6733 22
6734 22
6735 22
6736 22
6737 22
6738 22
6739 22
6740 22
6741 22
6742 22
6743 22
6745 22
6746 22
6747 22
6748 22
6749 22
6750 22
6752 22
6753 22
6754 22
6755 22
6820 22
6821 22
6822 22
6823 22
6824 22
6825 22
6826 22
6827 22
6828 22
6829 22
6830 22
6831 22
6832 22
6833 22
6834 22
6835 22
6836 22
6837 22
6838 22
6839 22
6840 22
6841 22
6842 22
6843 22
6844 22
6845 22
6846 22
6847 22
6848 22
6849 22
6850 22
6851 22
6852 22
6853 22
6854 22
6855 22
6856 22
6857 22
6858 22
6859 22
6860 22
6861 22
6862 22
6863 22
6864 22
6865 22
6866 22
6867 22
6868 22
6869 22
6870 22
6871 22
6872 22
6873 22
6874 22
6875 22
6876 22
6877 22
6878 22
6880 22
6881 22
6882 22
6883 22
6948 22
6949 22
6950 22
6951 22
6952 22
6953 22
6954 22
6955 22
6956 22
6957 22
6958 22
6959 22
6960 22
6961 22
6962 22
6963 22
6964 22
6965 22
6966 22
6967 22
6968 22
6969 22
6970 22
6971 22
6972 22
6974 22
6975 22
6976 22
6977 22
6978 22
6979 22
6980 22
6981 22
6982 22
6983 22
6984 22
6985 22
6986 22
6987 22
6988 22
6989 22
6990 22
6991 22
6992 22
6993 22
6994 22
6995 22
6996 22
6997 22
7000 22
7001 22
7002 22
7003 22
7004 22
7005 22
7006 22
7007 22
7008 22
7009 22
7010 22
7011 22
7012 22
7013 22
7014 22
7018 22
7019 22
7020 22
7021 22
7022 22
7023 22
7088 22
7089 22
7090 22
7091 22
7092 22
7093 22
7094 22
7095 22
7096 22
7097 22
7098 22
7099 22
7100 22
7101 22
7102 22
7103 22
7104 22
7105 22
7106 22
7107 22
7108 22
7109 22
7110 22
7111 22
7112 22
7113 22
7114 22
7115 22
7116 22
7117 22
7118 22
7119 22
7120 22
7121 22
7122 22
7123 22
7124 22
7125 22
7126 22
7127 22
7128 22
7129 22
7130 22
7131 22
7132 22
7133 22
7134 22
7135 22
7136 22
7137 22
7138 22
7139 22
7140 22
7141 22
7142 22
7143 22
7144 22
7145 22
7146 22
7147 22
7148 22
7149 22
7150 22
7151 22
7152 22
7153 22
7154 22
7155 22
7159 22
7160 22
7161 22
7162 22
7163 22
7164 22
7165 22
7166 22
7230 22
7232 22
7233 22
7234 22
7235 22
7236 22
7237 22
7238 22
7239 22
7240 22
7241 22
7242 22
7243 22
7244 22
7245 22
7246 22
7247 22
7248 22
7249 22
7250 22
7251 22
7252 22
7253 22
7254 22
7255 22
7256 22
7257 22
7258 22
7259 22
7264 22
7265 22
7266 22
7267 22
7268 22
7269 22
7270 22
7271 22
7272 22
7273 22
7274 22
7275 22
7276 22
7277 22
7278 22
7279 22
7280 22
7281 22
7282 22
7283 22
7284 22
7285 22
7286 22
7287 22
7288 22
7289 22
7290 22
7291 22
7292 22
7293 22
7294 22
7295 22
7296 22
7297 22
7298 22
7301 22
7302 22
7303 22
7304 22
7305 22
7306 22
7307 22
7308 22
7309 22
7310 22
7380 22
7381 22
7382 22
7383 22
7384 22
7385 22
7386 22
7387 22
7388 22
7389 22
7390 22
7391 22
7392 22
7393 22
7394 22
7395 22
7396 22
7397 22
7398 22
7399 22
7400 22
7401 22
7402 22
7403 22
7404 22
7411 22
7412 22
7413 22
7414 22
7415 22
7416 22
7417 22
7418 22
7419 22
7420 22
7421 22
7422 22
7423 22
7424 22
7425 22
7426 22
7427 22
7428 22
7429 22
7430 22
7431 22
7432 22
7433 22
7434 22
7435 22
7436 22
7437 22
7438 22
7439 22
7440 22
7441 22
7442 22
7443 22
7444 22
7445 22
7446 22
7447 22
7448 22
7449 22
7450 22
7451 22
7452 22
7453 22
7454 22
7455 22
7456 22
7457 22
7458 22
7459 22
7529 22
7530 22
7531 22
7532 22
7533 22
7534 22
7535 22
7536 22
7537 22
7538 22
7539 22
7540 22
7541 22
7542 22
7543 22
7544 22
7545 22
7546 22
7547 22
7548 22
7549 22
7550 22
7551 22
7552 22
7561 22
7562 22
7563 22
7564 22
7565 22
7566 22
7567 22
7568 22
7569 22
7570 22
7571 22
7572 22
7573 22
7574 22
7575 22
7576 22
7577 22
7578 22
7579 22
7580 22
7581 22
7582 22
7583 22
7584 22
7585 22
7586 22
7587 22
7588 22
7589 22
7590 22
7591 22
7592 22
7593 22
7594 22
7595 22
7596 22
7597 22
7598 22
7599 22
7600 22
7601 22
7602 22
7603 22
7604 22
7605 22
7606 22
7607 22
7677 22
7678 22
7679 22
7680 22
7681 22
7682 22
7683 22
7684 22
7685 22
7686 22
7687 22
7688 22
7689 22
7690 22
7691 22
7692 22
7693 22
7694 22
7695 22
7696 22
7697 22
7698 22
7699 22
7700 22
7701 22
7702 22
7703 22
7704 22
7705 22
7706 22
7707 22
7708 22
7709 22
7710 22
7711 22
7712 22
7713 22
7714 22
7715 22
7716 22
7717 22
7718 22
7719 22
7720 22
7721 22
7722 22
7723 22
7724 22
7725 22
7726 22
7727 22
7728 22
7729 22
7730 22
7731 22
7732 22
7733 22
7734 22
7735 22
7736 22
7737 22
7738 22
7739 22
7740 22
7741 22
7742 22
7743 22
7744 22
7745 22
7746 22
7747 22
7748 22
7749 22
7750 22
7751 22
7752 22
7753 22
7825 22
7826 22
7827 22
7828 22
7829 22
7830 22
7831 22
7832 22
7833 22
7834 22
7835 22
7836 22
7837 22
7838 22
7839 22
7840 22
7841 22
7842 22
7843 22
7844 22
7845 22
7846 22
7847 22
7848 22
7849 22
7850 22
7851 22
7852 22
7853 22
7854 22
7855 22
7856 22
7857 22
7858 22
7859 22
7860 22
7861 22
7862 22
7863 22
7864 22
7865 22
7866 22
7867 22
7868 22
7869 22
7870 22
7871 22
7872 22
7873 22
7874 22
7875 22
7876 22
7877 22
7878 22
7879 22
7880 22
7881 22
7882 22
7883 22
7884 22
7885 22
7886 22
7887 22
7888 22
7889 22
7890 22
7891 22
7892 22
7893 22
7894 22
7895 22
7896 22
7897 22
7898 22
7899 22
7900 22
7972 22
7973 22
7974 22
7975 22
7976 22
7977 22
7978 22
7979 22
7980 22
7981 22
7982 22
7983 22
7984 22
7985 22
7986 22
7987 22
7988 22
7989 22
7990 22
7991 22
7992 22
7993 22
7994 22
7995 22
7996 22
7997 22
7998 22
7999 22
8000 22
8001 22
8002 22
8003 22
8004 22
8005 22
8006 22
8007 22
8008 22
8009 22
8010 22
8011 22
8012 22
8013 22
8014 22
8015 22
8016 22
8017 22
8018 22
8019 22
8020 22
8021 22
8022 22
8023 22
8024 22
8025 22
8026 22
8027 22
8028 22
8029 22
8030 22
8031 22
8104 22
8105 22
8106 22
8107 22
8108 22
8109 22
8110 22
8111 22
8112 22
8113 22
8114 22
8115 22
8116 22
8117 22
8118 22
8119 22
8120 22
8121 22
8122 22
8123 22
8124 22
8125 22
8126 22
8127 22
8128 22
8129 22
8130 22
8131 22
8132 22
8133 22
8134 22
8135 22
8136 22
8137 22
8138 22
8139 22
8140 22
8141 22
8142 22
8143 22
8144 22
8145 22
8146 22
8147 22
8148 22
8149 22
8150 22
8151 22
8152 22
8153 22
8154 22
8227 22
8228 22
8229 22
8230 22
8231 22
8232 22
8233 22
8234 22
8235 22
8236 22
8237 22
8238 22
8239 22
8240 22
8241 22
8242 22
8243 22
8244 22
8245 22
8246 22
8247 22
8248 22
8249 22
8250 22
8251 22
8252 22
8253 22
8254 22
8255 22
8256 22
8257 22
8258 22
8259 22
8260 22
8262 22
8264 22
8265 22
8267 22
8268 22
8269 22
8270 22
8271 22
8272 22
8273 22
8274 22
8275 22
8276 22
8277 22
8278 22
8279 22
8280 22
8281 22
8355 22
8356 22
8357 22
8358 22
8359 22
8360 22
8361 22
8362 22
8363 22
8364 22
8365 22
8366 22
8367 22
8368 22
8369 22
8370 22
8371 22
8372 22
8373 22
8374 22
8375 22
8376 22
8377 22
8378 22
8379 22
8380 22
8381 22
8382 22
8383 22
8384 22
8385 22
8386 22
8387 22
8388 22
8389 22
8390 22
8392 22
8393 22
8394 22
8395 22
8396 22
8397 22
8398 22
8399 22
8400 22
8401 22
8402 22
8403 22
8404 22
8405 22
8406 22
8407 22
8408 22
8409 22
8410 22
8487 22
8488 22
8489 22
8490 22
8491 22
8492 22
8493 22
8494 22
8495 22
8496 22
8497 22
8498 22
8499 22
8500 22
8501 22
8502 22
8503 22
8504 22
8505 22
8506 22
8507 22
8508 22
8509 22
8510 22
8511 22
8512 22
8513 22
8514 22
8515 22
8516 22
8517 22
8518 22
8519 22
8520 22
8521 22
8522 22
8523 22
8524 22
8525 22
8526 22
8527 22
8528 22
8529 22
8530 22
8531 22
8532 22
8533 22
8534 22
8535 22
8536 22
8537 22
8538 22
8539 22
8540 22
8617 22
8618 22
8619 22
8620 22
8621 22
8622 22
8623 22
8624 22
8625 22
8626 22
8627 22
8630 22
8631 22
8632 22
8633 22
8634 22
8635 22
8636 22
8637 22
8638 22
8639 22
8640 22
8641 22
8642 22
8643 22
8644 22
8645 22
8646 22
8647 22
8648 22
8649 22
8650 22
8651 22
8652 22
8653 22
8654 22
8655 22
8656 22
8657 22
8658 22
8659 22
8660 22
8661 22
8662 22
8663 22
8664 22
8665 22
8666 22
8667 22
8668 22
8669 22
8670 22
8748 22
8749 22
8761 22
8762 22
8763 22
8764 22
8765 22
8766 22
8767 22
8768 22
8769 22
8770 22
8771 22
8772 22
8773 22
8774 22
8775 22
8776 22
8777 22
8778 22
8779 22
8780 22
8781 22
8782 22
8783 22
8784 22
8785 22
8786 22
8787 22
8788 22
8789 22
8790 22
8791 22
8792 22
8793 22
8794 22
8795 22
8796 22
8797 22
8798 22
8799 22
8800 22
8801 22
8802 22
8803 22
8804 22
8805 22
8806 22
8807 22
8808 22
8899 22
8900 22
8901 22
8902 22
8903 22
8904 22
8905 22
8906 22
8907 22
8908 22
8909 22
8910 22
8911 22
8912 22
8913 22
8914 22
8915 22
8916 22
8917 22
8918 22
8919 22
8920 22
8921 22
8922 22
8923 22
8924 22
8925 22
8926 22
8927 22
8928 22
8929 22
8930 22
8931 22
8932 22
8933 22
8934 22
8935 22
8936 22
8937 22
8938 22
8939 22
8940 22
8941 22
8942 22
8943 22
8944 22
8945 22
8946 22
9037 22
9038 22
9039 22
9040 22
9041 22
9042 22
9043 22
9044 22
9045 22
9046 22
9047 22
9048 22
9049 22
9050 22
9051 22
9052 22
9053 22
9054 22
9055 22
9056 22
9057 22
9058 22
9059 22
9060 22
9061 22
9062 22
9067 22
9068 22
9069 22
9070 22
9071 22
9072 22
9073 22
9074 22
9163 22
9164 22
9165 22
9166 22
9167 22
9168 22
9169 22
9170 22
9171 22
9172 22
9173 22
9174 22
9175 22
9176 22
9177 22
9178 22
9179 22
9180 22
9181 22
9182 22
9183 22
9184 22
9185 22
9186 22
9187 22
9188 22
9190 22
9191 22
9192 22
9193 22
9194 22
9284 22
9285 22
9286 22
9287 22
9288 22
9289 22
9290 22
9291 22
9292 22
9293 22
9294 22
9295 22
9296 22
9297 22
9298 22
9299 22
9300 22
9301 22
9302 22
9303 22
9304 22
9305 22
9306 22
9307 22
9308 22
9309 22
9310 22
9311 22
9399 22
9400 22
9401 22
9402 22
9403 22
9404 22
9405 22
9406 22
9407 22
9408 22
9409 22
9410 22
9411 22
9412 22
9413 22
9414 22
9415 22
9416 22
9417 22
9418 22
9419 22
9420 22
9421 22
9424 22
9425 22
9426 22
9427 22
9428 22
9515 22
9516 22
9517 22
9518 22
9519 22
9520 22
9521 22
9522 22
9523 22
9524 22
9525 22
9526 22
9527 22
9528 22
9529 22
9530 22
9531 22
9532 22
9533 22
9534 22
9535 22
9536 22
9537 22
9538 22
9541 22
9542 22
9543 22
9544 22
9545 22
9546 22
9547 22
9548 22
9549 22
9633 22
9634 22
9635 22
9636 22
9637 22
9638 22
9639 22
9640 22
9641 22
9642 22
9643 22
9644 22
9645 22
9646 22
9647 22
9648 22
9649 22
9650 22
9651 22
9652 22
9653 22
9654 22
9655 22
9656 22
9661 22
9662 22
9663 22
9664 22
9665 22
9666 22
9667 22
9668 22
9669 22
9670 22
9671 22
9672 22
9673 22
9756 22
9757 22
9758 22
9759 22
9760 22
9761 22
9762 22
9763 22
9764 22
9765 22
9766 22
9767 22
9768 22
9769 22
9770 22
9771 22
9772 22
9773 22
9774 22
9775 22
9776 22
9777 22
9778 22
9785 22
9786 22
9787 22
9788 22
9789 22
9790 22
9791 22
9792 22
9793 22
9794 22
9795 22
9796 22
9797 22
9798 22
9799 22
9800 22
9801 22
9802 22
9803 22
9804 22
9805 22
9806 22
9807 22
9808 22
9889 22
9890 22
9891 22
9892 22
9893 22
9894 22
9895 22
9896 22
9897 22
9898 22
9899 22
9900 22
9901 22
9902 22
9903 22
9904 22
9905 22
9906 22
9907 22
9908 22
9909 22
9910 22
9911 22
9912 22
9913 22
9917 22
9918 22
9919 22
9920 22
9921 22
9922 22
9923 22
9924 22
9925 22
9926 22
9927 22
9928 22
9929 22
9930 22
9931 22
9932 22
9933 22
9934 22
9935 22
10019 22
10020 22
10021 22
10022 22
10023 22
10024 22
10025 22
10026 22
10027 22
10028 22
10029 22
10030 22
10031 22
10032 22
10033 22
10034 22
10035 22
10036 22
10037 22
10038 22
10039 22
10040 22
10041 22
10044 22
10045 22
10046 22
10047 22
10048 22
10049 22
10050 22
10051 22
10052 22
10053 22
10054 22
10055 22
10056 22
10057 22
10058 22
10059 22
10060 22
10061 22
10062 22
10063 22
10064 22
10065 22
10066 22
10143 22
10144 22
10145 22
10146 22
10147 22
10148 22
10149 22
10150 22
10151 22
10152 22
10153 22
10154 22
10155 22
10156 22
10157 22
10158 22
10159 22
10160 22
10161 22
10162 22
10163 22
10164 22
10165 22
10166 22
10167 22
10170 22
10171 22
10173 22
10174 22
10175 22
10176 22
10177 22
10178 22
10179 22
10180 22
10181 22
10182 22
10183 22
10184 22
10185 22
10186 22
10187 22
10188 22
10189 22
10190 22
10191 22
10267 22
10268 22
10269 22
10270 22
10271 22
10272 22
10273 22
10274 22
10275 22
10276 22
10277 22
10278 22
10279 22
10280 22
10281 22
10282 22
10283 22
10284 22
10285 22
10286 22
10287 22
10288 22
10289 22
10290 22
10291 22
10292 22
10293 22
10294 22
10295 22
10296 22
10297 22
10298 22
10299 22
10300 22
10301 22
10302 22
10303 22
10304 22
10305 22
10306 22
10307 22
10308 22
10309 22
10310 22
10311 22
10312 22
10313 22
10314 22
10389 22
10390 22
10391 22
10392 22
10393 22
10394 22
10395 22
10396 22
10397 22
10398 22
10399 22
10400 22
10401 22
10402 22
10403 22
10404 22
10405 22
10406 22
10407 22
10408 22
10409 22
10410 22
10411 22
10412 22
10413 22
10414 22
10415 22
10422 22
10423 22
10426 22
10430 22
10431 22
10432 22
10433 22
10434 22
10435 22
10436 22
10509 22
10510 22
10511 22
10512 22
10513 22
10514 22
10515 22
10516 22
10517 22
10518 22
10519 22
10520 22
10521 22
10522 22
10523 22
10524 22
10525 22
10526 22
10527 22
10528 22
10529 22
10530 22
10531 22
10532 22
10533 22
10534 22
10538 22
10540 22
10541 22
10545 22
10546 22
10547 22
10621 22
10622 22
10623 22
10624 22
10625 22
10626 22
10627 22
10628 22
10629 22
10630 22
10631 22
10632 22
10633 22
10634 22
10635 22
10636 22
10637 22
10638 22
10639 22
10640 22
10641 22
10642 22
10643 22
10644 22
10645 22
10646 22
10647 22
10648 22
10649 22
10652 22
10653 22
10654 22
10655 22
10656 22
10727 22
10728 22
10729 22
10730 22
10731 22
10732 22
10733 22
10734 22
10735 22
10736 22
10737 22
10738 22
10739 22
10740 22
10741 22
10742 22
10743 22
10744 22
10745 22
10746 22
10747 22
10748 22
10749 22
10750 22
10751 22
10752 22
10753 22
10754 22
10825 22
10826 22
10827 22
10828 22
10829 22
10830 22
10831 22
10832 22
10833 22
10834 22
10835 22
10836 22
10837 22
10838 22
10839 22
10840 22
10841 22
10842 22
10843 22
10844 22
10845 22
10846 22
10847 22
10848 22
10849 22
10850 22
10851 22
10852 22
10853 22
10854 22
10924 22
10925 22
10926 22
10927 22
10928 22
10929 22
10930 22
10931 22
10932 22
10933 22
10934 22
10935 22
10936 22
10937 22
10938 22
10939 22
10940 22
10941 22
10942 22
10943 22
10944 22
10945 22
10946 22
10947 22
10948 22
10949 22
10950 22
10951 22
10952 22
10953 22
11023 22
11024 22
11025 22
11026 22
11027 22
11028 22
11029 22
11030 22
11031 22
11032 22
11033 22
11034 22
11035 22
11036 22
11037 22
11038 22
11039 22
11040 22
11041 22
11042 22
11043 22
11044 22
11045 22
11046 22
11047 22
11048 22
11049 22
11050 22
11051 22
11052 22
11053 22
11054 22
11125 22
11126 22
11127 22
11128 22
11129 22
11130 22
11131 22
11132 22
11133 22
11134 22
11135 22
11136 22
11137 22
11138 22
11139 22
11140 22
11141 22
11142 22
11143 22
11144 22
11145 22
11146 22
11147 22
11148 22
11149 22
11150 22
11151 22
11152 22
11153 22
11154 22
11155 22
11156 22
11157 22
11229 22
11230 22
11231 22
11232 22
11233 22
11234 22
11235 22
11236 22
11237 22
11238 22
11239 22
11240 22
11241 22
11242 22
11243 22
11244 22
11245 22
11246 22
11247 22
11248 22
11249 22
11250 22
11251 22
11254 22
11255 22
11256 22
11257 22
11258 22
11259 22
11260 22
11261 22
11262 22
11336 22
11337 22
11338 22
11339 22
11340 22
11341 22
11342 22
11343 22
11344 22
11345 22
11346 22
11347 22
11348 22
11349 22
11350 22
11351 22
11352 22
11353 22
11354 22
11355 22
11356 22
11357 22
11358 22
11361 22
11362 22
11363 22
11364 22
11365 22
11366 22
11367 22
11368 22
11369 22
11371 22
11444 22
11445 22
11446 22
11447 22
11448 22
11449 22
11450 22
11451 22
11452 22
11453 22
11454 22
11455 22
11456 22
11457 22
11458 22
11459 22
11460 22
11461 22
11462 22
11463 22
11464 22
11465 22
11466 22
11467 22
11468 22
11469 22
11473 22
11475 22
11476 22
11478 22
11479 22
11552 22
11553 22
11554 22
11555 22
11556 22
11557 22
11558 22
11559 22
11560 22
11561 22
11562 22
11563 22
11564 22
11565 22
11566 22
11567 22
11568 22
11569 22
11570 22
11571 22
11572 22
11573 22
11574 22
11575 22
11576 22
11577 22
11578 22
11579 22
11581 22
11582 22
11583 22
11584 22
11585 22
11586 22
11587 22
11661 22
11662 22
11663 22
11664 22
11665 22
11666 22
11667 22
11668 22
11669 22
11670 22
11671 22
11672 22
11673 22
11674 22
11675 22
11676 22
11677 22
11679 22
11680 22
11682 22
11683 22
11684 22
11685 22
11686 22
11687 22
11688 22
11689 22
11690 22
11691 22
11692 22
11693 22
11695 22
11770 22
11771 22
11772 22
11773 22
11774 22
11775 22
11776 22
11777 22
11778 22
11779 22
11780 22
11781 22
11782 22
11783 22
11784 22
11785 22
11787 22
11788 22
11790 22
11791 22
11792 22
11793 22
11794 22
11795 22
11796 22
11797 22
11798 22
11799 22
11800 22
11801 22
11802 22
11803 22
11878 22
11879 22
11880 22
11881 22
11882 22
11883 22
11884 22
11885 22
11886 22
11887 22
11888 22
11889 22
11890 22
11891 22
11892 22
11893 22
11894 22
11896 22
11897 22
11898 22
11899 22
11900 22
11901 22
11902 22
11903 22
11904 22
11905 22
11906 22
11907 22
11908 22
11909 22
11987 22
11988 22
11989 22
11990 22
11991 22
11992 22
11993 22
11994 22
11995 22
11996 22
11997 22
11998 22
11999 22
12000 22
12001 22
12002 22
12003 22
12005 22
12006 22
12007 22
12008 22
12009 22
12010 22
12011 22
12012 22
12013 22
12014 22
12015 22
12017 22
12094 22
12095 22
12096 22
12097 22
12098 22
12099 22
12100 22
12101 22
12102 22
12103 22
12104 22
12105 22
12106 22
12107 22
12108 22
12110 22
12113 22
12114 22
12115 22
12116 22
12117 22
12118 22
12119 22
12120 22
12121 22
12122 22
12124 22
12201 22
12202 22
12203 22
12204 22
12205 22
12206 22
12207 22
12208 22
12209 22
12210 22
12211 22
12212 22
12213 22
12214 22
12215 22
12217 22
12219 22
12220 22
12221 22
12222 22
12223 22
12224 22
12225 22
12226 22
12227 22
12228 22
12229 22
12231 22
12307 22
12308 22
12309 22
12310 22
12311 22
12312 22
12313 22
12314 22
12315 22
12316 22
12317 22
12318 22
12319 22
12320 22
12321 22
12322 22
12323 22
12325 22
12326 22
12328 22
12329 22
12330 22
12331 22
12332 22
12333 22
12334 22
12335 22
12336 22
12338 22
12415 22
12416 22
12417 22
12418 22
12419 22
12420 22
12421 22
12422 22
12423 22
12424 22
12425 22
12426 22
12427 22
12428 22
12429 22
12430 22
12431 22
12434 22
12436 22
12437 22
12438 22
12439 22
12440 22
12441 22
12442 22
12443 22
12445 22
12523 22
12524 22
12525 22
12526 22
12527 22
12528 22
12529 22
12530 22
12531 22
12532 22
12533 22
12534 22
12535 22
12536 22
12537 22
12539 22
12543 22
12544 22
12545 22
12546 22
12547 22
12548 22
12549 22
12550 22
12551 22
12552 22
12630 22
12631 22
12632 22
12633 22
12634 22
12635 22
12636 22
12637 22
12638 22
12639 22
12640 22
12641 22
12642 22
12643 22
12644 22
12645 22
12646 22
12648 22
12650 22
12651 22
12652 22
12654 22
12655 22
12658 22
12659 22
12738 22
12739 22
12740 22
12741 22
12742 22
12743 22
12744 22
12745 22
12746 22
12747 22
12748 22
12749 22
12750 22
12751 22
12752 22
12753 22
12754 22
12755 22
12756 22
12758 22
12760 22
12761 22
12841 22
12842 22
12843 22
12844 22
12845 22
12846 22
12847 22
12848 22
12849 22
12850 22
12851 22
12852 22
12853 22
12854 22
12855 22
12856 22
12858 22
12859 22
12860 22
12861 22
12862 22
12863 22
12945 22
12946 22
12947 22
12948 22
12949 22
12950 22
12951 22
12952 22
12953 22
12954 22
12955 22
12956 22
12957 22
12958 22
12960 22
12961 22
12962 22
12963 22
12964 22
12965 22
12966 22
12968 22
13051 22
13052 22
13053 22
13054 22
13055 22
13056 22
13057 22
13058 22
13059 22
13060 22
13061 22
13062 22
13063 22
13064 22
13065 22
13066 22
13067 22
13068 22
13069 22
13070 22
13071 22
13072 22
13073 22
13157 22
13158 22
13159 22
13160 22
13161 22
13162 22
13163 22
13164 22
13165 22
13166 22
13167 22
13168 22
13169 22
13170 22
13171 22
13172 22
13173 22
13174 22
13175 22
13176 22
13177 22
13178 22
13179 22
13180 22
13182 22
13183 22
13266 22
13267 22
13268 22
13269 22
13270 22
13271 22
13272 22
13273 22
13274 22
13275 22
13276 22
13277 22
13278 22
13279 22
13280 22
13281 22
13282 22
13283 22
13284 22
13285 22
13286 22
13287 22
13288 22
13289 22
13290 22
13291 22
13292 22
13293 22
13375 22
13376 22
13377 22
13378 22
13379 22
13380 22
13381 22
13382 22
13383 22
13384 22
13385 22
13386 22
13387 22
13388 22
13389 22
13390 22
13391 22
13392 22
13393 22
13395 22
13396 22
13397 22
13398 22
13399 22
13400 22
13401 22
13485 22
13486 22
13487 22
13488 22
13489 22
13490 22
13491 22
13492 22
13493 22
13494 22
13495 22
13496 22
13497 22
13498 22
13499 22
13500 22
13501 22
13502 22
13503 22
13506 22
13507 22
13509 22
13510 22
13511 22
13594 22
13595 22
13596 22
13597 22
13598 22
13599 22
13600 22
13601 22
13602 22
13603 22
13604 22
13605 22
13606 22
13607 22
13608 22
13609 22
13610 22
13611 22
13612 22
13613 22
13614 22
13615 22
13616 22
13617 22
13618 22
13619 22
13703 22
13704 22
13705 22
13706 22
13707 22
13708 22
13709 22
13710 22
13711 22
13712 22
13713 22
13714 22
13715 22
13716 22
13717 22
13718 22
13719 22
13720 22
13721 22
13722 22
13723 22
13724 22
13725 22
13727 22
13728 22
13729 22
13812 22
13813 22
13814 22
13815 22
13816 22
13817 22
13818 22
13819 22
13820 22
13821 22
13822 22
13823 22
13824 22
13825 22
13826 22
13827 22
13828 22
13829 22
13830 22
13831 22
13832 22
13833 22
13836 22
13837 22
13838 22
13923 22
13924 22
13925 22
13926 22
13927 22
13928 22
13929 22
13930 22
13931 22
13932 22
13933 22
13934 22
13935 22
13936 22
13937 22
13938 22
13942 22
13943 22
13944 22
13945 22
13946 22
13947 22
13948 22
13949 22
13950 22
14034 22
14035 22
14036 22
14037 22
14038 22
14039 22
14040 22
14041 22
14042 22
14043 22
14044 22
14045 22
14046 22
14047 22
14048 22
14049 22
14051 22
14052 22
14057 22
14060 22
14061 22
14062 22
14063 22
14064 22
14147 22
14148 22
14149 22
14150 22
14151 22
14152 22
14153 22
14154 22
14155 22
14156 22
14157 22
14158 22
14159 22
14160 22
14161 22
14162 22
14163 22
14164 22
14167 22
14172 22
14173 22
14174 22
14175 22
14176 22
14177 22
14261 22
14262 22
14263 22
14264 22
14265 22
14266 22
14267 22
14268 22
14269 22
14270 22
14271 22
14272 22
14273 22
14274 22
14275 22
14276 22
14277 22
14278 22
14279 22
14280 22
14281 22
14282 22
14283 22
14287 22
14288 22
14289 22
14290 22
14291 22
14292 22
14375 22
14376 22
14377 22
14378 22
14379 22
14380 22
14381 22
14382 22
14383 22
14384 22
14385 22
14386 22
14387 22
14388 22
14389 22
14390 22
14391 22
14392 22
14393 22
14394 22
14395 22
14398 22
14399 22
14402 22
14403 22
14404 22
14405 22
14406 22
14407 22
14489 22
14490 22
14491 22
14492 22
14493 22
14494 22
14495 22
14496 22
14497 22
14498 22
14499 22
14500 22
14501 22
14502 22
14503 22
14504 22
14505 22
14506 22
14507 22
14511 22
14512 22
14513 22
14514 22
14516 22
14517 22
14518 22
14519 22
14520 22
14521 22
14602 22
14603 22
14604 22
14605 22
14606 22
14607 22
14608 22
14609 22
14610 22
14611 22
14612 22
14613 22
14614 22
14615 22
14616 22
14617 22
14618 22
14619 22
14620 22
14621 22
14623 22
14624 22
14625 22
14626 22
14627 22
14628 22
14630 22
14631 22
14632 22
14633 22
14634 22
14635 22
14715 22
14716 22
14717 22
14718 22
14719 22
14720 22
14721 22
14722 22
14723 22
14724 22
14725 22
14726 22
14727 22
14728 22
14729 22
14730 22
14731 22
14732 22
14733 22
14734 22
14737 22
14738 22
14739 22
14740 22
14741 22
14742 22
14744 22
14745 22
14746 22
14747 22
14748 22
14749 22
14750 22
14752 22
14831 22
14832 22
14833 22
14834 22
14835 22
14836 22
14837 22
14838 22
14839 22
14840 22
14841 22
14842 22
14843 22
14844 22
14845 22
14846 22
14847 22
14848 22
14849 22
14851 22
14852 22
14853 22
14854 22
14855 22
14856 22
14857 22
14858 22
14859 22
14861 22
14862 22
14863 22
14864 22
14866 22
14867 22
14868 22
14869 22
14870 22
14871 22
14872 22
14873 22
14874 22
14875 22
14877 22
14878 22
14879 22
14880 22
14957 22
14958 22
14959 22
14960 22
14961 22
14962 22
14963 22
14964 22
14965 22
14966 22
14967 22
14968 22
14969 22
14970 22
14971 22
14972 22
14973 22
14974 22
14975 22
14976 22
14977 22
14978 22
14979 22
14980 22
14981 22
14982 22
14983 22
14984 22
14985 22
14986 22
14987 22
14988 22
14989 22
14990 22
14995 22
14997 22
14998 22
15000 22
15001 22
15004 22
15005 22
15006 22
15007 22
15083 22
15084 22
15085 22
15086 22
15087 22
15088 22
15089 22
15090 22
15091 22
15092 22
15093 22
15094 22
15095 22
15096 22
15097 22
15098 22
15099 22
15100 22
15101 22
15103 22
15104 22
15105 22
15106 22
15107 22
15108 22
15109 22
15110 22
15111 22
15112 22
15113 22
15114 22
15116 22
15117 22
15118 22
15119 22
15120 22
15121 22
15123 22
15126 22
15128 22
15129 22
15130 22
15131 22
15132 22
15207 22
15208 22
15209 22
15210 22
15211 22
15212 22
15213 22
15214 22
15215 22
15216 22
15217 22
15218 22
15219 22
15220 22
15221 22
15222 22
15223 22
15224 22
15225 22
15227 22
15228 22
15229 22
15230 22
15231 22
15232 22
15233 22
15236 22
15237 22
15238 22
15239 22
15240 22
15241 22
15242 22
15243 22
15244 22
15245 22
15246 22
15247 22
15250 22
15251 22
15252 22
15327 22
15328 22
15329 22
15330 22
15331 22
15332 22
15333 22
15334 22
15335 22
15336 22
15337 22
15338 22
15339 22
15340 22
15341 22
15342 22
15343 22
15344 22
15345 22
15346 22
15347 22
15348 22
15349 22
15350 22
15351 22
15353 22
15357 22
15358 22
15359 22
15360 22
15361 22
15362 22
15363 22
15364 22
15365 22
15366 22
15367 22
15368 22
15369 22
15443 22
15444 22
15445 22
15446 22
15447 22
15448 22
15449 22
15450 22
15451 22
15452 22
15453 22
15454 22
15455 22
15456 22
15457 22
15458 22
15459 22
15460 22
15461 22
15462 22
15463 22
15464 22
15465 22
15466 22
15467 22
15468 22
15470 22
15471 22
15472 22
15474 22
15475 22
15476 22
15477 22
15478 22
15480 22
15481 22
15482 22
15483 22
15484 22
15485 22
15486 22
15558 22
15559 22
15560 22
15561 22
15562 22
15563 22
15564 22
15565 22
15566 22
15567 22
15568 22
15569 22
15570 22
15571 22
15572 22
15573 22
15574 22
15575 22
15576 22
15577 22
15578 22
15579 22
15580 22
15581 22
15582 22
15583 22
15584 22
15586 22
15587 22
15588 22
15591 22
15592 22
15593 22
15594 22
15595 22
15596 22
15598 22
15599 22
15600 22
15601 22
15602 22
15603 22
15675 22
15676 22
15677 22
15678 22
15679 22
15680 22
15681 22
15682 22
15683 22
15684 22
15685 22
15686 22
15687 22
15688 22
15689 22
15690 22
15691 22
15692 22
15693 22
15694 22
15695 22
15696 22
15697 22
15698 22
15699 22
15700 22
15701 22
15702 22
15703 22
15704 22
15705 22
15706 22
15707 22
15708 22
15709 22
15710 22
15711 22
15714 22
15715 22
15716 22
15717 22
15718 22
15719 22
15789 22
15790 22
15791 22
15792 22
15793 22
15794 22
15795 22
15796 22
15797 22
15798 22
15799 22
15800 22
15801 22
15802 22
15803 22
15804 22
15805 22
15806 22
15807 22
15808 22
15809 22
15810 22
15811 22
15812 22
15813 22
15814 22
15815 22
15816 22
15817 22
15818 22
15819 22
15820 22
15821 22
15822 22
15823 22
15824 22
15825 22
15826 22
15828 22
15829 22
15830 22
15831 22
15832 22
15833 22
15834 22
15903 22
15904 22
15905 22
15906 22
15907 22
15908 22
15909 22
15910 22
15911 22
15912 22
15913 22
15914 22
15915 22
15916 22
15917 22
15918 22
15919 22
15920 22
15921 22
15922 22
15923 22
15924 22
15925 22
15926 22
15927 22
15928 22
15929 22
15930 22
15931 22
15932 22
15933 22
15934 22
15935 22
15936 22
15937 22
15938 22
15939 22
15940 22
15941 22
15943 22
15944 22
15946 22
15947 22
16015 22
16016 22
16017 22
16018 22
16019 22
16020 22
16021 22
16022 22
16023 22
16024 22
16025 22
16026 22
16027 22
16028 22
16029 22
16030 22
16031 22
16032 22
16033 22
16034 22
16035 22
16036 22
16037 22
16038 22
16039 22
16042 22
16043 22
16044 22
16045 22
16046 22
16047 22
16048 22
16049 22
16050 22
16051 22
16052 22
16053 22
16054 22
16055 22
16056 22
16059 22
16126 22
16127 22
16128 22
16129 22
16130 22
16131 22
16132 22
16133 22
16134 22
16135 22
16136 22
16137 22
16138 22
16139 22
16140 22
16141 22
16142 22
16143 22
16145 22
16146 22
16147 22
16148 22
16149 22
16150 22
16151 22
16154 22
16155 22
16156 22
16157 22
16158 22
16159 22
16160 22
16161 22
16162 22
16163 22
16164 22
16165 22
16168 22
16171 22
16236 22
16237 22
16238 22
16239 22
16240 22
16241 22
16242 22
16243 22
16244 22
16245 22
16246 22
16247 22
16248 22
16249 22
16250 22
16251 22
16252 22
16253 22
16254 22
16255 22
16256 22
16257 22
16258 22
16259 22
16260 22
16261 22
16264 22
16265 22
16266 22
16267 22
16268 22
16269 22
16270 22
16271 22
16272 22
16273 22
16274 22
16275 22
16276 22
16278 22
16279 22
16280 22
16347 22
16348 22
16349 22
16350 22
16351 22
16352 22
16353 22
16354 22
16355 22
16356 22
16357 22
16358 22
16359 22
16360 22
16361 22
16362 22
16363 22
16364 22
16365 22
16366 22
16367 22
16368 22
16369 22
16370 22
16371 22
16372 22
16373 22
16374 22
16375 22
16376 22
16377 22
16378 22
16379 22
16380 22
16381 22
16382 22
16383 22
16384 22
16385 22
16386 22
16387 22
16389 22
16390 22
16457 22
16458 22
16459 22
16460 22
16461 22
16462 22
16463 22
16464 22
16465 22
16466 22
16467 22
16468 22
16469 22
16470 22
16471 22
16472 22
16473 22
16474 22
16475 22
16476 22
16477 22
16478 22
16479 22
16480 22
16481 22
16483 22
16485 22
16486 22
16487 22
16488 22
16489 22
16490 22
16491 22
16492 22
16493 22
16494 22
16495 22
16496 22
16497 22
16498 22
16500 22
16501 22
16565 22
16566 22
16567 22
16568 22
16569 22
16570 22
16571 22
16572 22
16573 22
16574 22
16575 22
16576 22
16577 22
16578 22
16579 22
16580 22
16581 22
16582 22
16583 22
16584 22
16585 22
16586 22
16587 22
16588 22
16589 22
16590 22
16593 22
16594 22
16595 22
16596 22
16597 22
16598 22
16599 22
16600 22
16601 22
16602 22
16603 22
16604 22
16605 22
16606 22
16607 22
16609 22
16610 22
16611 22
16674 22
16675 22
16676 22
16677 22
16678 22
16679 22
16680 22
16681 22
16682 22
16683 22
16684 22
16685 22
16686 22
16687 22
16688 22
16689 22
16690 22
16691 22
16692 22
16693 22
16694 22
16695 22
16696 22
16697 22
16698 22
16699 22
16700 22
16701 22
16702 22
16703 22
16704 22
16705 22
16706 22
16707 22
16708 22
16709 22
16710 22
16711 22
16712 22
16713 22
16714 22
16715 22
16717 22
16718 22
16719 22
16720 22
16722 22
16783 22
16784 22
16785 22
16786 22
16787 22
16788 22
16789 22
16790 22
16791 22
16792 22
16793 22
16794 22
16795 22
16796 22
16797 22
16798 22
16799 22
16800 22
16801 22
16802 22
16803 22
16804 22
16805 22
16807 22
16808 22
16809 22
16810 22
16811 22
16812 22
16813 22
16814 22
16816 22
16818 22
16819 22
16820 22
16821 22
16822 22
16823 22
16824 22
16826 22
16827 22
16828 22
16829 22
16830 22
16831 22
16832 22
16892 22
16893 22
16894 22
16895 22
16896 22
16897 22
16898 22
16899 22
16900 22
16901 22
16902 22
16903 22
16904 22
16905 22
16906 22
16907 22
16908 22
16909 22
16910 22
16911 22
16912 22
16913 22
16914 22
16915 22
16917 22
16918 22
16919 22
16920 22
16923 22
16924 22
16928 22
16929 22
16930 22
16931 22
16932 22
16933 22
16934 22
16935 22
16936 22
16937 22
16938 22
16939 22
16940 22
16941 22
16942 22
17002 22
17003 22
17004 22
17005 22
17006 22
17007 22
17008 22
17009 22
17010 22
17011 22
17012 22
17013 22
17014 22
17015 22
17016 22
17017 22
17018 22
17019 22
17020 22
17021 22
17022 22
17023 22
17024 22
17025 22
17026 22
17029 22
17030 22
17033 22
17034 22
17036 22
17037 22
17038 22
17039 22
17040 22
17041 22
17042 22
17043 22
17044 22
17045 22
17047 22
17048 22
17049 22
17050 22
17051 22
17110 22
17111 22
17112 22
17113 22
17114 22
17115 22
17116 22
17117 22
17118 22
17119 22
17120 22
17121 22
17122 22
17123 22
17124 22
17125 22
17126 22
17127 22
17128 22
17129 22
17130 22
17131 22
17132 22
17133 22
17134 22
17135 22
17137 22
17138 22
17144 22
17145 22
17146 22
17147 22
17148 22
17149 22
17150 22
17151 22
17152 22
17153 22
17155 22
17156 22
17157 22
17158 22
17159 22
17160 22
17217 22
17218 22
17219 22
17220 22
17221 22
17222 22
17223 22
17224 22
17225 22
17226 22
17227 22
17228 22
17229 22
17230 22
17231 22
17232 22
17233 22
17234 22
17235 22
17236 22
17237 22
17238 22
17239 22
17240 22
17241 22
17242 22
17243 22
17244 22
17245 22
17246 22
17247 22
17251 22
17252 22
17253 22
17254 22
17255 22
17256 22
17257 22
17258 22
17259 22
17260 22
17262 22
17263 22
17264 22
17265 22
17266 22
17267 22
17323 22
17324 22
17325 22
17326 22
17327 22
17328 22
17329 22
17330 22
17331 22
17332 22
17333 22
17334 22
17335 22
17336 22
17337 22
17338 22
17339 22
17340 22
17341 22
17342 22
17343 22
17344 22
17345 22
17346 22
17347 22
17348 22
17349 22
17350 22
17351 22
17352 22
17353 22
17354 22
17355 22
17356 22
17357 22
17358 22
17359 22
17362 22
17363 22
17364 22
17365 22
17366 22
17367 22
17368 22
17369 22
17370 22
17373 22
17429 22
17430 22
17431 22
17432 22
17433 22
17434 22
17435 22
17436 22
17437 22
17438 22
17439 22
17440 22
17441 22
17442 22
17443 22
17444 22
17445 22
17446 22
17447 22
17448 22
17449 22
17450 22
17451 22
17452 22
17453 22
17454 22
17455 22
17456 22
17457 22
17458 22
17459 22
17460 22
17461 22
17462 22
17463 22
17464 22
17465 22
17466 22
17469 22
17470 22
17471 22
17472 22
17473 22
17474 22
17475 22
17476 22
17477 22
17478 22
17479 22
17533 22
17534 22
17535 22
17536 22
17537 22
17538 22
17539 22
17540 22
17541 22
17542 22
17543 22
17544 22
17545 22
17546 22
17547 22
17548 22
17549 22
17550 22
17551 22
17552 22
17553 22
17554 22
17555 22
17556 22
17557 22
17558 22
17559 22
17560 22
17561 22
17562 22
17563 22
17564 22
17565 22
17566 22
17567 22
17574 22
17575 22
17576 22
17577 22
17580 22
17581 22
17634 22
17635 22
17636 22
17637 22
17638 22
17639 22
17640 22
17641 22
17642 22
17643 22
17644 22
17645 22
17646 22
17647 22
17648 22
17649 22
17651 22
17652 22
17653 22
17654 22
17655 22
17656 22
17657 22
17658 22
17659 22
17660 22
17661 22
17662 22
17663 22
17664 22
17665 22
17666 22
17667 22
17668 22
17674 22
17675 22
17676 22
17677 22
17678 22
17679 22
17680 22
17681 22
17733 22
17734 22
17735 22
17736 22
17737 22
17738 22
17739 22
17740 22
17741 22
17742 22
17743 22
17744 22
17745 22
17746 22
17747 22
17748 22
17749 22
17751 22
17752 22
17753 22
17754 22
17755 22
17756 22
17757 22
17758 22
17759 22
17760 22
17761 22
17762 22
17763 22
17764 22
17765 22
17766 22
17767 22
17768 22
17769 22
17773 22
17774 22
17775 22
17776 22
17777 22
17778 22
17779 22
17780 22
17781 22
17782 22
17830 22
17831 22
17832 22
17833 22
17834 22
17835 22
17836 22
17837 22
17838 22
17839 22
17840 22
17841 22
17842 22
17843 22
17844 22
17845 22
17848 22
17851 22
17852 22
17853 22
17854 22
17855 22
17856 22
17857 22
17858 22
17859 22
17860 22
17861 22
17862 22
17863 22
17864 22
17865 22
17866 22
17868 22
17869 22
17870 22
17871 22
17872 22
17873 22
17874 22
17875 22
17876 22
17877 22
17878 22
17879 22
17880 22
17923 22
17924 22
17925 22
17926 22
17927 22
17928 22
17929 22
17930 22
17931 22
17932 22
17933 22
17934 22
17935 22
17936 22
17937 22
17938 22
17941 22
17942 22
17943 22
17944 22
17945 22
17946 22
17947 22
17948 22
17949 22
17950 22
17951 22
17952 22
17953 22
17954 22
17956 22
17957 22
17958 22
17959 22
17960 22
17961 22
17962 22
17963 22
17964 22
17965 22
17966 22
17967 22
17969 22
17970 22
18012 22
18013 22
18014 22
18015 22
18016 22
18017 22
18018 22
18019 22
18020 22
18021 22
18022 22
18023 22
18024 22
18025 22
18026 22
18027 22
18028 22
18029 22
18030 22
18031 22
18032 22
18033 22
18034 22
18035 22
18036 22
18037 22
18038 22
18039 22
18040 22
18041 22
18042 22
18043 22
18044 22
18045 22
18046 22
18047 22
18048 22
18049 22
18050 22
18051 22
18052 22
18053 22
18054 22
18055 22
18056 22
18057 22
18058 22
18059 22
18060 22
18101 22
18102 22
18103 22
18104 22
18105 22
18106 22
18107 22
18108 22
18109 22
18110 22
18111 22
18112 22
18113 22
18114 22
18115 22
18116 22
18117 22
18118 22
18119 22
18120 22
18121 22
18122 22
18123 22
18124 22
18125 22
18126 22
18127 22
18128 22
18129 22
18130 22
18131 22
18132 22
18133 22
18134 22
18135 22
18136 22
18137 22
18138 22
18139 22
18140 22
18141 22
18142 22
18144 22
18145 22
18146 22
18147 22
18148 22
18187 22
18188 22
18189 22
18190 22
18191 22
18192 22
18193 22
18194 22
18195 22
18196 22
18197 22
18198 22
18199 22
18200 22
18202 22
18204 22
18205 22
18206 22
18207 22
18208 22
18209 22
18210 22
18211 22
18212 22
18213 22
18214 22
18215 22
18216 22
18217 22
18218 22
18219 22
18220 22
18221 22
18222 22
18223 22
18224 22
18225 22
18226 22
18227 22
18228 22
18229 22
18230 22
18231 22
18233 22
18234 22
18272 22
18273 22
18274 22
18275 22
18276 22
18277 22
18278 22
18279 22
18280 22
18281 22
18282 22
18283 22
18284 22
18285 22
18286 22
18288 22
18289 22
18290 22
18291 22
18292 22
18293 22
18294 22
18295 22
18296 22
18297 22
18298 22
18299 22
18300 22
18301 22
18302 22
18303 22
18304 22
18305 22
18306 22
18310 22
18311 22
18312 22
18315 22
18316 22
18317 22
18355 22
18356 22
18357 22
18358 22
18359 22
18360 22
18361 22
18362 22
18363 22
18364 22
18365 22
18366 22
18367 22
18368 22
18369 22
18370 22
18371 22
18372 22
18373 22
18374 22
18375 22
18376 22
18377 22
18378 22
18379 22
18380 22
18381 22
18382 22
18392 22
18393 22
18394 22
18395 22
18396 22
18397 22
18398 22
18435 22
18436 22
18437 22
18438 22
18439 22
18440 22
18441 22
18442 22
18443 22
18444 22
18445 22
18446 22
18447 22
18448 22
18449 22
18450 22
18451 22
18453 22
18454 22
18455 22
18456 22
18457 22
18458 22
18459 22
18460 22
18461 22
18474 22
18475 22
18476 22
18477 22
18515 22
18516 22
18517 22
18518 22
18519 22
18520 22
18521 22
18522 22
18523 22
18524 22
18525 22
18526 22
18527 22
18528 22
18529 22
18530 22
18531 22
18532 22
18535 22
18536 22
18537 22
18538 22
18539 22
18540 22
18541 22
18542 22
18553 22
18593 22
18594 22
18595 22
18596 22
18597 22
18598 22
18599 22
18600 22
18601 22
18602 22
18603 22
18604 22
18605 22
18606 22
18607 22
18608 22
18613 22
18614 22
18615 22
18616 22
18617 22
18618 22
18629 22
18670 22
18671 22
18672 22
18673 22
18674 22
18675 22
18676 22
18677 22
18678 22
18679 22
18680 22
18681 22
18682 22
18683 22
18684 22
18685 22
18689 22
18690 22
18691 22
18692 22
18693 22
18705 22
18706 22
18748 22
18749 22
18750 22
18751 22
18752 22
18753 22
18754 22
18755 22
18756 22
18757 22
18758 22
18759 22
18760 22
18761 22
18762 22
18763 22
18766 22
18767 22
18768 22
18769 22
18780 22
18781 22
18824 22
18825 22
18826 22
18827 22
18828 22
18829 22
18830 22
18831 22
18832 22
18833 22
18834 22
18835 22
18836 22
18837 22
18838 22
18839 22
18840 22
18841 22
18850 22
18851 22
18894 22
18895 22
18896 22
18897 22
18898 22
18899 22
18900 22
18901 22
18902 22
18903 22
18904 22
18905 22
18906 22
18908 22
18919 22
18963 22
18964 22
18965 22
18966 22
18967 22
18968 22
18969 22
18970 22
18971 22
18972 22
18973 22
18974 22
18975 22
18976 22
18986 22
18987 22
19031 22
19032 22
19033 22
19034 22
19035 22
19036 22
19037 22
19038 22
19039 22
19040 22
19041 22
19042 22
19043 22
19053 22
19099 22
19100 22
19101 22
19102 22
19103 22
19104 22
19105 22
19106 22
19107 22
19108 22
19109 22
19110 22
19120 22
19167 22
19168 22
19169 22
19170 22
19171 22
19172 22
19173 22
19174 22
19175 22
19176 22
19184 22
19185 22
19235 22
19236 22
19237 22
19238 22
19239 22
19240 22
19241 22
19242 22
19252 22
19253 22
19254 22
19255 22
19305 22
19306 22
19307 22
19308 22
19309 22
19310 22
19311 22
19312 22
19317 22
19318 22
19319 22
19320 22
19321 22
19322 22
19323 22
19324 22
19325 22
19376 22
19377 22
19378 22
19379 22
19380 22
19381 22
19382 22
19387 22
19388 22
19389 22
19390 22
19391 22
19392 22
19393 22
19394 22
19447 22
19448 22
19449 22
19450 22
19451 22
19452 22
19453 22
19456 22
19457 22
19458 22
19459 22
19460 22
19461 22
19462 22
19463 22
19464 22
19521 22
19522 22
19523 22
19524 22
19525 22
19526 22
19527 22
19528 22
19529 22
19530 22
19531 22
19532 22
19533 22
19534 22
19535 22
19592 22
19593 22
19594 22
19595 22
19596 22
19597 22
19598 22
19599 22
19600 22
19601 22
19602 22
19603 22
19604 22
19663 22
19664 22
19665 22
19666 22
19667 22
19668 22
19669 22
19670 22
19671 22
20729 22
20733 22
20736 22
20743 22
20744 22
20745 22
20746 22
20748 22
20749 22
20757 22
20758 22
20759 22
20775 22
