pt_graph landings
6153 0
6154 0
6155 0
6259 0
6260 0
6261 0
6262 0
6263 0
6366 0
6367 0
6368 0
6369 0
6370 0
6371 0
6474 0
6475 0
6476 0
6477 0
6478 0
6479 0
6581 0
6582 0
6583 0
6584 0
6585 0
6586 0
6587 0
6588 0
6689 0
6690 0
6691 0
6692 0
6693 0
6694 0
6695 0
6696 0
6697 0
6798 0
6799 0
6800 0
6801 0
6802 0
6803 0
6804 0
6805 0
6806 0
6807 0
6808 0
6905 0
6906 0
6907 0
6908 0
6909 0
6910 0
6911 0
6912 0
6913 0
6914 0
6915 0
6916 0
6917 0
7016 0
7017 0
7018 0
7019 0
7020 0
7021 0
7022 0
7023 0
7024 0
7025 0
7026 0
7127 0
7128 0
7129 0
7130 0
7131 0
7132 0
7133 0
7134 0
7135 0
7136 0
7238 0
7239 0
7240 0
7241 0
7242 0
7243 0
7244 0
7347 0
7348 0
7349 0
7350 0
12086 0
12087 0
12088 0
12089 0
12090 0
12091 0
12161 0
12162 0
12163 0
12164 0
12165 0
12166 0
12227 0
12228 0
12229 0
12230 0
12231 0
12232 0
12293 0
12294 0
12295 0
12296 0
12297 0
12298 0
12299 0
12354 0
12355 0
12356 0
12357 0
12358 0
12359 0
12360 0
12415 0
12416 0
12417 0
12418 0
12419 0
12420 0
12421 0
12476 0
12477 0
12478 0
12479 0
12480 0
12481 0
12482 0
12483 0
12537 0
12538 0
12539 0
12540 0
12541 0
12542 0
12543 0
12544 0
12598 0
12599 0
12600 0
12601 0
12602 0
12603 0
12604 0
12605 0
12660 0
12661 0
12662 0
12663 0
12664 0
12665 0
12666 0
12667 0
12721 0
12722 0
12723 0
12724 0
12725 0
12726 0
12727 0
12728 0
12782 0
12783 0
12784 0
12785 0
12786 0
12787 0
12788 0
12789 0
12790 0
12841 0
12842 0
12843 0
12844 0
12845 0
12846 0
12847 0
12848 0
12849 0
12901 0
12902 0
12903 0
12904 0
12905 0
12906 0
12907 0
12908 0
12909 0
12961 0
12962 0
12963 0
12964 0
12965 0
12966 0
12967 0
12968 0
12969 0
13018 0
13019 0
13020 0
13021 0
13022 0
13023 0
13024 0
13025 0
13834 0
13892 0
13893 0
13952 0
13953 0
13954 0
13955 0
14014 0
14015 0
14016 0
14017 0
14075 0
14076 0
14077 0
14078 0
14079 0
14136 0
14137 0
14138 0
14139 0
14140 0
14141 0
14142 0
14200 0
14201 0
14202 0
14203 0
14204 0
14205 0
14206 0
14267 0
14268 0
14269 0
14270 0
14271 0
14272 0
14273 0
14336 0
14337 0
14338 0
14339 0
14340 0
14341 0
14342 0
14343 0
14406 0
14407 0
14408 0
14409 0
14410 0
14411 0
14412 0
14413 0
14414 0
14481 0
14482 0
14483 0
14484 0
14485 0
14486 0
14487 0
14488 0
14489 0
14490 0
14552 0
14553 0
14554 0
14555 0
14556 0
14557 0
14558 0
14559 0
14560 0
14561 0
14562 0
14563 0
14623 0
14624 0
14625 0
14626 0
14627 0
14628 0
14629 0
14630 0
14631 0
14632 0
14633 0
14634 0
14692 0
14693 0
14694 0
14695 0
14696 0
14697 0
14698 0
14699 0
14700 0
14701 0
14702 0
14703 0
14704 0
14763 0
14764 0
14765 0
14766 0
14767 0
14768 0
14769 0
14770 0
14771 0
14772 0
14773 0
14774 0
14775 0
14776 0
14833 0
14834 0
14835 0
14836 0
14837 0
14838 0
14839 0
14840 0
14841 0
14842 0
14843 0
14844 0
14845 0
14846 0
14847 0
14848 0
14904 0
14905 0
14906 0
14907 0
14908 0
14909 0
14910 0
14911 0
14912 0
14913 0
14914 0
14915 0
14916 0
14917 0
14918 0
14919 0
14975 0
14976 0
14977 0
14978 0
14979 0
14980 0
14981 0
14982 0
14983 0
14984 0
14985 0
14986 0
14987 0
14988 0
14989 0
14990 0
15046 0
15047 0
15048 0
15049 0
15050 0
15051 0
15052 0
15053 0
15054 0
15055 0
15056 0
15057 0
15058 0
15059 0
15060 0
15061 0
15117 0
15118 0
15119 0
15120 0
15121 0
15122 0
15123 0
15124 0
15125 0
15126 0
15127 0
15128 0
15129 0
15130 0
15131 0
15132 0
15187 0
15188 0
15189 0
15190 0
15191 0
15192 0
15193 0
15194 0
15195 0
15196 0
15197 0
15198 0
15199 0
15200 0
15201 0
15257 0
15258 0
15259 0
15260 0
15261 0
15262 0
15263 0
15264 0
15265 0
15266 0
15267 0
15268 0
15269 0
15270 0
15326 0
15327 0
15328 0
15329 0
15330 0
15331 0
15332 0
15333 0
15334 0
15335 0
15336 0
15337 0
15338 0
15393 0
15394 0
15395 0
15396 0
15397 0
15398 0
15399 0
15400 0
15401 0
15402 0
15403 0
15404 0
15405 0
15460 0
15461 0
15462 0
15463 0
15464 0
15465 0
15466 0
15467 0
15468 0
15469 0
15470 0
15471 0
15472 0
15528 0
15529 0
15530 0
15531 0
15532 0
15533 0
15534 0
15535 0
15536 0
15537 0
15538 0
15539 0
15540 0
15596 0
15597 0
15598 0
15599 0
15600 0
15601 0
15602 0
15603 0
15604 0
15605 0
15606 0
15607 0
15608 0
15609 0
15662 0
15663 0
15664 0
15665 0
15666 0
15667 0
15668 0
15669 0
15670 0
15671 0
15672 0
15673 0
15674 0
15675 0
15676 0
15728 0
15729 0
15730 0
15731 0
15732 0
15733 0
15734 0
15735 0
15736 0
15737 0
15738 0
15739 0
15740 0
15741 0
15742 0
15743 0
15792 0
15793 0
15794 0
15795 0
15796 0
15797 0
15798 0
15799 0
15800 0
15801 0
15802 0
15803 0
15804 0
15805 0
15806 0
15855 0
15856 0
15857 0
15858 0
15859 0
15860 0
15861 0
15862 0
15863 0
15864 0
15865 0
15866 0
15867 0
15868 0
15869 0
15870 0
15923 0
15924 0
15925 0
15926 0
15927 0
15928 0
15929 0
15930 0
15931 0
15932 0
15933 0
15934 0
15935 0
15936 0
15937 0
15938 0
15988 0
15989 0
15990 0
15991 0
15992 0
15993 0
15994 0
15995 0
15996 0
15997 0
15998 0
15999 0
16000 0
16001 0
16002 0
16052 0
16053 0
16054 0
16055 0
16056 0
16057 0
16058 0
16059 0
16060 0
16061 0
16062 0
16063 0
16064 0
16065 0
16066 0
16119 0
16120 0
16121 0
16122 0
16123 0
16124 0
16125 0
16126 0
16127 0
16128 0
16129 0
16130 0
16131 0
16132 0
16133 0
16182 0
16183 0
16184 0
16185 0
16186 0
16187 0
16188 0
16189 0
16190 0
16191 0
16192 0
16193 0
16194 0
16195 0
16196 0
16247 0
16248 0
16249 0
16250 0
16251 0
16252 0
16253 0
16254 0
16255 0
16256 0
16257 0
16258 0
16259 0
16260 0
16261 0
16311 0
16312 0
16313 0
16314 0
16315 0
16316 0
16317 0
16318 0
16319 0
16320 0
16321 0
16322 0
16323 0
16324 0
16325 0
16375 0
16376 0
16377 0
16378 0
16379 0
16380 0
16381 0
16382 0
16383 0
16384 0
16385 0
16386 0
16387 0
16388 0
16389 0
16439 0
16440 0
16441 0
16442 0
16443 0
16444 0
16445 0
16446 0
16447 0
16448 0
16449 0
16450 0
16451 0
16452 0
16453 0
16500 0
16501 0
16502 0
16503 0
16504 0
16505 0
16506 0
16507 0
16508 0
16509 0
16510 0
16511 0
16512 0
16513 0
16514 0
16515 0
16556 0
16557 0
16558 0
16559 0
16560 0
16561 0
16562 0
16563 0
16564 0
16565 0
16566 0
16567 0
16568 0
16569 0
16570 0
16571 0
16609 0
16610 0
16612 0
16613 0
16614 0
16615 0
16616 0
16617 0
16618 0
16619 0
16620 0
16621 0
16622 0
16623 0
16665 0
16666 0
16667 0
16668 0
16669 0
16670 0
16671 0
16672 0
16673 0
16674 0
16675 0
16676 0
16677 0
16678 0
16717 0
16718 0
16719 0
16720 0
16721 0
16722 0
16723 0
16724 0
16725 0
16726 0
16727 0
16764 0
16765 0
16766 0
16767 0
16768 0
16769 0
16770 0
16771 0
16772 0
16773 0
16811 0
16812 0
16813 0
16814 0
16815 0
16816 0
16817 0
16818 0
16819 0
16855 0
16856 0
16857 0
16858 0
16859 0
16860 0
16861 0
16895 0
16896 0
16897 0
16898 0
16899 0
16900 0
16935 0
16936 0
16937 0
16938 0
16939 0
16940 0
16971 0
16972 0
16973 0
16974 0
16975 0
16976 0
16977 0
17012 0
17013 0
17014 0
17015 0
17016 0
17017 0
17018 0
17019 0
17054 0
17055 0
17056 0
17057 0
17058 0
17062 0
17063 0
17096 0
17097 0
17098 0
17099 0
17100 0
17104 0
17105 0
17106 0
17107 0
17136 0
17137 0
17138 0
17139 0
17140 0
17144 0
17145 0
17146 0
17147 0
17148 0
17149 0
17176 0
17177 0
17178 0
17179 0
17180 0
17185 0
17186 0
17187 0
17188 0
17189 0
17190 0
17217 0
17218 0
17219 0
17220 0
17221 0
17226 0
17227 0
17228 0
17229 0
17230 0
17231 0
17232 0
17233 0
17254 0
17255 0
17256 0
17257 0
17258 0
17264 0
17265 0
17266 0
17267 0
17268 0
17269 0
17270 0
17271 0
17289 0
17290 0
17291 0
17299 0
17300 0
17301 0
17302 0
17303 0
17304 0
17305 0
17334 0
17335 0
17336 0
17337 0
17338 0
17339 0
17370 0
17371 0
17372 0
17373 0
17374 0
17375 0
17406 0
17407 0
17408 0
17409 0
17410 0
17441 0
17442 0
17443 0
17444 0
17531 0
17565 0
17566 0
17599 0
17600 0
17601 0
17602 0
17633 0
17634 0
17635 0
17636 0
17637 0
17668 0
17669 0
17670 0
17671 0
17672 0
17673 0
17700 0
17701 0
17702 0
17703 0
17704 0
17705 0
17706 0
17707 0
17708 0
17709 0
17710 0
17734 0
17735 0
17736 0
17737 0
17738 0
17739 0
17740 0
17741 0
17742 0
17743 0
17744 0
17769 0
17770 0
17771 0
17772 0
17773 0
17774 0
17775 0
17776 0
17777 0
17778 0
17779 0
17780 0
17781 0
17803 0
17804 0
17805 0
17806 0
17807 0
17808 0
17809 0
17810 0
17811 0
17812 0
17813 0
17814 0
17833 0
17834 0
17835 0
17836 0
17837 0
17838 0
17839 0
17840 0
17841 0
17842 0
17843 0
17844 0
17857 0
17858 0
17859 0
17860 0
17861 0
17862 0
17863 0
17864 0
17865 0
17866 0
17867 0
17868 0
17874 0
17875 0
17876 0
17877 0
17878 0
17879 0
17880 0
17881 0
17882 0
17883 0
17884 0
17885 0
17889 0
17890 0
17891 0
17894 0
17895 0
17896 0
17897 0
17898 0
17899 0
17900 0
17901 0
17902 0
17906 0
17907 0
17908 0
17916 0
17917 0
17918 0
17922 0
17927 0
17931 0
17932 0
17933 0
17935 0
17940 0
17943 0
17953 0
17954 0
17961 0
17964 0
17965 0
17971 0
17974 0
18000 0
