pt_graph freq
7386 1
7387 1
7389 1
7493 1
7494 1
7495 1
7600 1
7601 1
7602 1
7603 1
7608 1
7708 1
7709 1
7710 1
7711 1
7712 1
7713 1
7716 1
7717 1
7719 1
7720 1
7721 1
7722 1
7723 1
7814 1
7821 1
7823 1
7824 1
7825 1
7826 1
7827 1
7831 1
7928 1
7929 1
7930 1
7931 1
7932 1
7933 1
7934 1
7957 1
7958 1
7959 1
8031 1
8032 1
8033 1
8034 1
8035 1
8036 1
8037 1
8038 1
8039 1
8063 1
8064 1
8065 1
8066 1
8132 1
8134 1
8135 1
8136 1
8137 1
8138 1
8139 1
8140 1
8141 1
8142 1
8143 1
8144 1
8145 1
8167 1
8168 1
8169 1
8170 1
8171 1
8172 1
8236 1
8237 1
8238 1
8239 1
8240 1
8241 1
8242 1
8243 1
8244 1
8245 1
8246 1
8247 1
8272 1
8273 1
8274 1
8275 1
8276 1
8277 1
8340 1
8341 1
8342 1
8343 1
8344 1
8345 1
8346 1
8347 1
8348 1
8349 1
8350 1
8351 1
8352 1
8376 1
8377 1
8378 1
8379 1
8380 1
8381 1
8382 1
8383 1
8445 1
8446 1
8447 1
8448 1
8449 1
8450 1
8451 1
8452 1
8453 1
8454 1
8455 1
8456 1
8457 1
8458 1
8459 1
8461 1
8465 1
8466 1
8467 1
8468 1
8469 1
8470 1
8471 1
8473 1
8474 1
8475 1
8476 1
8477 1
8478 1
8479 1
8480 1
8481 1
8482 1
8483 1
8484 1
8485 1
8486 1
8487 1
8488 1
8489 1
8549 1
8550 1
8551 1
8552 1
8553 1
8554 1
8555 1
8556 1
8557 1
8558 1
8559 1
8560 1
8561 1
8562 1
8563 1
8564 1
8565 1
8566 1
8567 1
8568 1
8570 1
8571 1
8572 1
8573 1
8574 1
8575 1
8576 1
8578 1
8582 1
8586 1
8587 1
8588 1
8589 1
8590 1
8591 1
8592 1
8593 1
8594 1
8595 1
8653 1
8654 1
8655 1
8656 1
8657 1
8658 1
8659 1
8660 1
8661 1
8662 1
8663 1
8664 1
8665 1
8666 1
8667 1
8668 1
8669 1
8670 1
8671 1
8672 1
8673 1
8674 1
8675 1
8676 1
8677 1
8678 1
8679 1
8680 1
8681 1
8682 1
8683 1
8684 1
8685 1
8686 1
8687 1
8688 1
8689 1
8690 1
8691 1
8692 1
8693 1
8694 1
8695 1
8696 1
8697 1
8698 1
8699 1
8700 1
8757 1
8758 1
8759 1
8760 1
8761 1
8762 1
8763 1
8764 1
8765 1
8766 1
8767 1
8768 1
8769 1
8770 1
8771 1
8772 1
8773 1
8774 1
8775 1
8776 1
8777 1
8779 1
8780 1
8781 1
8782 1
8783 1
8784 1
8785 1
8786 1
8787 1
8788 1
8789 1
8790 1
8793 1
8794 1
8795 1
8796 1
8797 1
8798 1
8799 1
8800 1
8801 1
8802 1
8803 1
8861 1
8862 1
8863 1
8864 1
8865 1
8866 1
8867 1
8868 1
8869 1
8870 1
8871 1
8872 1
8873 1
8874 1
8876 1
8877 1
8878 1
8879 1
8880 1
8881 1
8882 1
8883 1
8884 1
8885 1
8886 1
8887 1
8888 1
8889 1
8890 1
8891 1
8892 1
8893 1
8894 1
8895 1
8896 1
8897 1
8898 1
8899 1
8900 1
8901 1
8902 1
8903 1
8904 1
8965 1
8966 1
8967 1
8968 1
8969 1
8970 1
8971 1
8972 1
8973 1
8974 1
8975 1
8976 1
8977 1
8978 1
8979 1
8980 1
8981 1
8982 1
8983 1
8984 1
8985 1
8986 1
8987 1
8988 1
8989 1
8990 1
8991 1
8994 1
8995 1
8996 1
8997 1
8998 1
8999 1
9000 1
9001 1
9002 1
9003 1
9064 1
9065 1
9066 1
9067 1
9068 1
9069 1
9070 1
9071 1
9072 1
9073 1
9074 1
9077 1
9078 1
9079 1
9080 1
9081 1
9082 1
9083 1
9084 1
9085 1
9086 1
9087 1
9088 1
9089 1
9090 1
9092 1
9093 1
9095 1
9096 1
9098 1
9099 1
9100 1
9101 1
9164 1
9165 1
9166 1
9167 1
9168 1
9169 1
9170 1
9171 1
9174 1
9175 1
9177 1
9178 1
9180 1
9181 1
9182 1
9183 1
9184 1
9185 1
9186 1
9187 1
9188 1
9189 1
9190 1
9195 1
9197 1
9198 1
9199 1
9206 1
9262 1
9263 1
9264 1
9265 1
9266 1
9267 1
9268 1
9269 1
9270 1
9272 1
9273 1
9276 1
9277 1
9278 1
9279 1
9280 1
9281 1
9287 1
9293 1
9294 1
9295 1
9302 1
9360 1
9361 1
9362 1
9363 1
9364 1
9365 1
9366 1
9367 1
9370 1
9374 1
9375 1
9376 1
9389 1
9390 1
9396 1
9397 1
9452 1
9453 1
9454 1
9455 1
9456 1
9457 1
9458 1
9459 1
9460 1
9461 1
9463 1
9469 1
9488 1
9489 1
9490 1
9542 1
9544 1
9545 1
9546 1
9547 1
9548 1
9549 1
9550 1
9551 1
9553 1
9554 1
9555 1
9556 1
9561 1
9584 1
9585 1
9639 1
9640 1
9641 1
9642 1
9643 1
9644 1
9645 1
9646 1
9647 1
9651 1
9652 1
9653 1
9656 1
9657 1
9658 1
9659 1
9677 1
9678 1
9679 1
9734 1
9735 1
9736 1
9737 1
9738 1
9739 1
9740 1
9741 1
9742 1
9743 1
9745 1
9748 1
9749 1
9750 1
9751 1
9752 1
9753 1
9754 1
9772 1
9773 1
9774 1
9828 1
9829 1
9830 1
9831 1
9832 1
9833 1
9834 1
9835 1
9836 1
9837 1
9838 1
9839 1
9840 1
9841 1
9842 1
9843 1
9844 1
9845 1
9846 1
9847 1
9848 1
9851 1
9852 1
9853 1
9866 1
9867 1
9923 1
9924 1
9925 1
9926 1
9927 1
9928 1
9929 1
9930 1
9931 1
9932 1
9933 1
9934 1
9935 1
9936 1
9937 1
9938 1
9940 1
9941 1
9942 1
9943 1
9944 1
9961 1
9962 1
10019 1
10020 1
10021 1
10022 1
10023 1
10024 1
10025 1
10026 1
10027 1
10028 1
10029 1
10030 1
10032 1
10033 1
10034 1
10035 1
10036 1
10104 1
10105 1
10106 1
10107 1
10108 1
10109 1
10110 1
10111 1
10112 1
10113 1
10115 1
10116 1
10117 1
10118 1
10119 1
10120 1
10121 1
10122 1
10123 1
10183 1
10184 1
10185 1
10186 1
10187 1
10188 1
10189 1
10190 1
10191 1
10192 1
10193 1
10194 1
10195 1
10196 1
10197 1
10198 1
10199 1
10200 1
10201 1
10202 1
10204 1
10264 1
10265 1
10266 1
10267 1
10268 1
10269 1
10270 1
10271 1
10272 1
10273 1
10274 1
10275 1
10276 1
10277 1
10278 1
10279 1
10280 1
10281 1
10282 1
10349 1
10350 1
10351 1
10354 1
10355 1
10356 1
10357 1
10358 1
10359 1
10360 1
10361 1
10362 1
10363 1
10364 1
10365 1
10366 1
10436 1
10437 1
10439 1
10440 1
10441 1
10442 1
10443 1
10444 1
10445 1
10446 1
10447 1
10448 1
10449 1
10450 1
10452 1
10528 1
10529 1
10538 1
10539 1
10622 1
10623 1
10629 1
10712 1
10713 1
10714 1
10715 1
10719 1
10720 1
10800 1
10801 1
10802 1
10807 1
10880 1
10881 1
10882 1
10883 1
10884 1
10890 1
10961 1
10962 1
10963 1
10964 1
10965 1
10966 1
10967 1
10968 1
10969 1
11044 1
11045 1
11046 1
11047 1
11048 1
11050 1
11062 1
11063 1
11126 1
11127 1
11128 1
11129 1
11130 1
11131 1
11132 1
11141 1
11142 1
11143 1
11144 1
11145 1
11146 1
11207 1
11208 1
11209 1
11210 1
11211 1
11212 1
11227 1
11228 1
11229 1
11230 1
11231 1
11232 1
11233 1
11234 1
11235 1
11294 1
11295 1
11296 1
11297 1
11298 1
11299 1
11319 1
11320 1
11321 1
11322 1
11382 1
11383 1
11384 1
11385 1
11386 1
11387 1
11388 1
11394 1
11395 1
11461 1
11462 1
11463 1
11464 1
11466 1
11468 1
11469 1
11470 1
11471 1
11472 1
11476 1
11537 1
11538 1
11539 1
11540 1
11541 1
11543 1
11544 1
11545 1
11546 1
11550 1
11612 1
11613 1
11614 1
11615 1
11616 1
11617 1
11618 1
11619 1
11624 1
11687 1
11688 1
11689 1
11690 1
11691 1
11692 1
11699 1
11763 1
11764 1
11765 1
11766 1
11767 1
11843 1
11844 1
11847 1
11924 1
11925 1
11926 1
12003 1
12004 1
12005 1
12006 1
12007 1
12076 1
12077 1
12078 1
12079 1
12080 1
12081 1
