pt_graph scale
8677 9.09872340425532
8677 1.26553191489362
8677 25.7642553191489
8677 17.4297872340426
8677 13.0817021276596
8677 1.48936170212766
8678 9.09872340425532
8678 1.26553191489362
8678 25.7642553191489
8678 17.4297872340426
8678 13.0817021276596
8678 1.48936170212766
8679 9.09872340425532
8679 1.26553191489362
8679 25.7642553191489
8679 17.4297872340426
8679 13.0817021276596
8679 1.48936170212766
8680 9.09872340425532
8680 1.26553191489362
8680 25.7642553191489
8680 17.4297872340426
8680 13.0817021276596
8680 1.48936170212766
8681 9.09872340425532
8681 1.26553191489362
8681 25.7642553191489
8681 17.4297872340426
8681 13.0817021276596
8681 1.48936170212766
8682 9.09872340425532
8682 1.26553191489362
8682 25.7642553191489
8682 17.4297872340426
8682 13.0817021276596
8682 1.48936170212766
8683 9.09872340425532
8683 1.26553191489362
8683 25.7642553191489
8683 17.4297872340426
8683 13.0817021276596
8683 1.48936170212766
8777 9.09872340425532
8777 1.26553191489362
8777 25.7642553191489
8777 17.4297872340426
8777 13.0817021276596
8777 1.48936170212766
8684 9.09872340425532
8684 1.26553191489362
8684 25.7642553191489
8684 17.4297872340426
8684 13.0817021276596
8684 1.48936170212766
8685 9.09872340425532
8685 1.26553191489362
8685 25.7642553191489
8685 17.4297872340426
8685 13.0817021276596
8685 1.48936170212766
8779 9.09872340425532
8779 1.26553191489362
8779 25.7642553191489
8779 17.4297872340426
8779 13.0817021276596
8779 1.48936170212766
8686 9.09872340425532
8686 1.26553191489362
8686 25.7642553191489
8686 17.4297872340426
8686 13.0817021276596
8686 1.48936170212766
8780 9.09872340425532
8780 1.26553191489362
8780 25.7642553191489
8780 17.4297872340426
8780 13.0817021276596
8780 1.48936170212766
8687 9.09872340425532
8687 1.26553191489362
8687 25.7642553191489
8687 17.4297872340426
8687 13.0817021276596
8687 1.48936170212766
8781 9.09872340425532
8781 1.26553191489362
8781 25.7642553191489
8781 17.4297872340426
8781 13.0817021276596
8781 1.48936170212766
8782 9.09872340425532
8782 1.26553191489362
8782 25.7642553191489
8782 17.4297872340426
8782 13.0817021276596
8782 1.48936170212766
8783 9.09872340425532
8783 1.26553191489362
8783 25.7642553191489
8783 17.4297872340426
8783 13.0817021276596
8783 1.48936170212766
8784 9.09872340425532
8784 1.26553191489362
8784 25.7642553191489
8784 17.4297872340426
8784 13.0817021276596
8784 1.48936170212766
8878 9.09872340425532
8878 1.26553191489362
8878 25.7642553191489
8878 17.4297872340426
8878 13.0817021276596
8878 1.48936170212766
8785 9.09872340425532
8785 1.26553191489362
8785 25.7642553191489
8785 17.4297872340426
8785 13.0817021276596
8785 1.48936170212766
8879 9.09872340425532
8879 1.26553191489362
8879 25.7642553191489
8879 17.4297872340426
8879 13.0817021276596
8879 1.48936170212766
8786 9.09872340425532
8786 1.26553191489362
8786 25.7642553191489
8786 17.4297872340426
8786 13.0817021276596
8786 1.48936170212766
8880 9.09872340425532
8880 1.26553191489362
8880 25.7642553191489
8880 17.4297872340426
8880 13.0817021276596
8880 1.48936170212766
8787 9.09872340425532
8787 1.26553191489362
8787 25.7642553191489
8787 17.4297872340426
8787 13.0817021276596
8787 1.48936170212766
8881 9.09872340425532
8881 1.26553191489362
8881 25.7642553191489
8881 17.4297872340426
8881 13.0817021276596
8881 1.48936170212766
8788 9.09872340425532
8788 1.26553191489362
8788 25.7642553191489
8788 17.4297872340426
8788 13.0817021276596
8788 1.48936170212766
8882 9.09872340425532
8882 1.26553191489362
8882 25.7642553191489
8882 17.4297872340426
8882 13.0817021276596
8882 1.48936170212766
8789 9.09872340425532
8789 1.26553191489362
8789 25.7642553191489
8789 17.4297872340426
8789 13.0817021276596
8789 1.48936170212766
8883 9.09872340425532
8883 1.26553191489362
8883 25.7642553191489
8883 17.4297872340426
8883 13.0817021276596
8883 1.48936170212766
8790 9.09872340425532
8790 1.26553191489362
8790 25.7642553191489
8790 17.4297872340426
8790 13.0817021276596
8790 1.48936170212766
8884 9.09872340425532
8884 1.26553191489362
8884 25.7642553191489
8884 17.4297872340426
8884 13.0817021276596
8884 1.48936170212766
8885 9.09872340425532
8885 1.26553191489362
8885 25.7642553191489
8885 17.4297872340426
8885 13.0817021276596
8885 1.48936170212766
8886 9.09872340425532
8886 1.26553191489362
8886 25.7642553191489
8886 17.4297872340426
8886 13.0817021276596
8886 1.48936170212766
8793 9.09872340425532
8793 1.26553191489362
8793 25.7642553191489
8793 17.4297872340426
8793 13.0817021276596
8793 1.48936170212766
8979 9.09872340425532
8979 1.26553191489362
8979 25.7642553191489
8979 17.4297872340426
8979 13.0817021276596
8979 1.48936170212766
8887 9.09872340425532
8887 1.26553191489362
8887 25.7642553191489
8887 17.4297872340426
8887 13.0817021276596
8887 1.48936170212766
8980 9.09872340425532
8980 1.26553191489362
8980 25.7642553191489
8980 17.4297872340426
8980 13.0817021276596
8980 1.48936170212766
8888 9.09872340425532
8888 1.26553191489362
8888 25.7642553191489
8888 17.4297872340426
8888 13.0817021276596
8888 1.48936170212766
8981 9.09872340425532
8981 1.26553191489362
8981 25.7642553191489
8981 17.4297872340426
8981 13.0817021276596
8981 1.48936170212766
8889 9.09872340425532
8889 1.26553191489362
8889 25.7642553191489
8889 17.4297872340426
8889 13.0817021276596
8889 1.48936170212766
8982 9.09872340425532
8982 1.26553191489362
8982 25.7642553191489
8982 17.4297872340426
8982 13.0817021276596
8982 1.48936170212766
8890 9.09872340425532
8890 1.26553191489362
8890 25.7642553191489
8890 17.4297872340426
8890 13.0817021276596
8890 1.48936170212766
8983 9.09872340425532
8983 1.26553191489362
8983 25.7642553191489
8983 17.4297872340426
8983 13.0817021276596
8983 1.48936170212766
8891 9.09872340425532
8891 1.26553191489362
8891 25.7642553191489
8891 17.4297872340426
8891 13.0817021276596
8891 1.48936170212766
8984 9.09872340425532
8984 1.26553191489362
8984 25.7642553191489
8984 17.4297872340426
8984 13.0817021276596
8984 1.48936170212766
8892 9.09872340425532
8892 1.26553191489362
8892 25.7642553191489
8892 17.4297872340426
8892 13.0817021276596
8892 1.48936170212766
8985 9.09872340425532
8985 1.26553191489362
8985 25.7642553191489
8985 17.4297872340426
8985 13.0817021276596
8985 1.48936170212766
8893 9.09872340425532
8893 1.26553191489362
8893 25.7642553191489
8893 17.4297872340426
8893 13.0817021276596
8893 1.48936170212766
8986 9.09872340425532
8986 1.26553191489362
8986 25.7642553191489
8986 17.4297872340426
8986 13.0817021276596
8986 1.48936170212766
8894 9.09872340425532
8894 1.26553191489362
8894 25.7642553191489
8894 17.4297872340426
8894 13.0817021276596
8894 1.48936170212766
9077 9.09872340425532
9077 1.26553191489362
9077 25.7642553191489
9077 17.4297872340426
9077 13.0817021276596
9077 1.48936170212766
8987 9.09872340425532
8987 1.26553191489362
8987 25.7642553191489
8987 17.4297872340426
8987 13.0817021276596
8987 1.48936170212766
8895 9.09872340425532
8895 1.26553191489362
8895 25.7642553191489
8895 17.4297872340426
8895 13.0817021276596
8895 1.48936170212766
9078 9.09872340425532
9078 1.26553191489362
9078 25.7642553191489
9078 17.4297872340426
9078 13.0817021276596
9078 1.48936170212766
8988 9.09872340425532
8988 1.26553191489362
8988 25.7642553191489
8988 17.4297872340426
8988 13.0817021276596
8988 1.48936170212766
8896 9.09872340425532
8896 1.26553191489362
8896 25.7642553191489
8896 17.4297872340426
8896 13.0817021276596
8896 1.48936170212766
9079 9.09872340425532
9079 1.26553191489362
9079 25.7642553191489
9079 17.4297872340426
9079 13.0817021276596
9079 1.48936170212766
8897 9.09872340425532
8897 1.26553191489362
8897 25.7642553191489
8897 17.4297872340426
8897 13.0817021276596
8897 1.48936170212766
8989 9.09872340425532
8989 1.26553191489362
8989 25.7642553191489
8989 17.4297872340426
8989 13.0817021276596
8989 1.48936170212766
9080 9.09872340425532
9080 1.26553191489362
9080 25.7642553191489
9080 17.4297872340426
9080 13.0817021276596
9080 1.48936170212766
8898 9.09872340425532
8898 1.26553191489362
8898 25.7642553191489
8898 17.4297872340426
8898 13.0817021276596
8898 1.48936170212766
8990 9.09872340425532
8990 1.26553191489362
8990 25.7642553191489
8990 17.4297872340426
8990 13.0817021276596
8990 1.48936170212766
9081 9.09872340425532
9081 1.26553191489362
9081 25.7642553191489
9081 17.4297872340426
9081 13.0817021276596
9081 1.48936170212766
8899 9.09872340425532
8899 1.26553191489362
8899 25.7642553191489
8899 17.4297872340426
8899 13.0817021276596
8899 1.48936170212766
8991 9.09872340425532
8991 1.26553191489362
8991 25.7642553191489
8991 17.4297872340426
8991 13.0817021276596
8991 1.48936170212766
9082 9.09872340425532
9082 1.26553191489362
9082 25.7642553191489
9082 17.4297872340426
9082 13.0817021276596
9082 1.48936170212766
9083 9.09872340425532
9083 1.26553191489362
9083 25.7642553191489
9083 17.4297872340426
9083 13.0817021276596
9083 1.48936170212766
9084 9.09872340425532
9084 1.26553191489362
9084 25.7642553191489
9084 17.4297872340426
9084 13.0817021276596
9084 1.48936170212766
8994 9.09872340425532
8994 1.26553191489362
8994 25.7642553191489
8994 17.4297872340426
8994 13.0817021276596
8994 1.48936170212766
9085 9.09872340425532
9085 1.26553191489362
9085 25.7642553191489
9085 17.4297872340426
9085 13.0817021276596
9085 1.48936170212766
8995 9.09872340425532
8995 1.26553191489362
8995 25.7642553191489
8995 17.4297872340426
8995 13.0817021276596
8995 1.48936170212766
9086 9.09872340425532
9086 1.26553191489362
9086 25.7642553191489
9086 17.4297872340426
9086 13.0817021276596
9086 1.48936170212766
8996 9.09872340425532
8996 1.26553191489362
8996 25.7642553191489
8996 17.4297872340426
8996 13.0817021276596
8996 1.48936170212766
9177 9.09872340425532
9177 1.26553191489362
9177 25.7642553191489
9177 17.4297872340426
9177 13.0817021276596
9177 1.48936170212766
9087 9.09872340425532
9087 1.26553191489362
9087 25.7642553191489
9087 17.4297872340426
9087 13.0817021276596
9087 1.48936170212766
8997 9.09872340425532
8997 1.26553191489362
8997 25.7642553191489
8997 17.4297872340426
8997 13.0817021276596
8997 1.48936170212766
9178 9.09872340425532
9178 1.26553191489362
9178 25.7642553191489
9178 17.4297872340426
9178 13.0817021276596
9178 1.48936170212766
9088 9.09872340425532
9088 1.26553191489362
9088 25.7642553191489
9088 17.4297872340426
9088 13.0817021276596
9088 1.48936170212766
8998 9.09872340425532
8998 1.26553191489362
8998 25.7642553191489
8998 17.4297872340426
8998 13.0817021276596
8998 1.48936170212766
8999 9.09872340425532
8999 1.26553191489362
8999 25.7642553191489
8999 17.4297872340426
8999 13.0817021276596
8999 1.48936170212766
9089 9.09872340425532
9089 1.26553191489362
9089 25.7642553191489
9089 17.4297872340426
9089 13.0817021276596
9089 1.48936170212766
9180 9.09872340425532
9180 1.26553191489362
9180 25.7642553191489
9180 17.4297872340426
9180 13.0817021276596
9180 1.48936170212766
9000 9.09872340425532
9000 1.26553191489362
9000 25.7642553191489
9000 17.4297872340426
9000 13.0817021276596
9000 1.48936170212766
9090 9.09872340425532
9090 1.26553191489362
9090 25.7642553191489
9090 17.4297872340426
9090 13.0817021276596
9090 1.48936170212766
9181 9.09872340425532
9181 1.26553191489362
9181 25.7642553191489
9181 17.4297872340426
9181 13.0817021276596
9181 1.48936170212766
9001 9.09872340425532
9001 1.26553191489362
9001 25.7642553191489
9001 17.4297872340426
9001 13.0817021276596
9001 1.48936170212766
9182 9.09872340425532
9182 1.26553191489362
9182 25.7642553191489
9182 17.4297872340426
9182 13.0817021276596
9182 1.48936170212766
9002 9.09872340425532
9002 1.26553191489362
9002 25.7642553191489
9002 17.4297872340426
9002 13.0817021276596
9002 1.48936170212766
9092 9.09872340425532
9092 1.26553191489362
9092 25.7642553191489
9092 17.4297872340426
9092 13.0817021276596
9092 1.48936170212766
9183 9.09872340425532
9183 1.26553191489362
9183 25.7642553191489
9183 17.4297872340426
9183 13.0817021276596
9183 1.48936170212766
9003 9.09872340425532
9003 1.26553191489362
9003 25.7642553191489
9003 17.4297872340426
9003 13.0817021276596
9003 1.48936170212766
9093 9.09872340425532
9093 1.26553191489362
9093 25.7642553191489
9093 17.4297872340426
9093 13.0817021276596
9093 1.48936170212766
9184 9.09872340425532
9184 1.26553191489362
9184 25.7642553191489
9184 17.4297872340426
9184 13.0817021276596
9184 1.48936170212766
9185 9.09872340425532
9185 1.26553191489362
9185 25.7642553191489
9185 17.4297872340426
9185 13.0817021276596
9185 1.48936170212766
9273 9.09872340425532
9273 1.26553191489362
9273 25.7642553191489
9273 17.4297872340426
9273 13.0817021276596
9273 1.48936170212766
9095 9.09872340425532
9095 1.26553191489362
9095 25.7642553191489
9095 17.4297872340426
9095 13.0817021276596
9095 1.48936170212766
9186 9.09872340425532
9186 1.26553191489362
9186 25.7642553191489
9186 17.4297872340426
9186 13.0817021276596
9186 1.48936170212766
9096 9.09872340425532
9096 1.26553191489362
9096 25.7642553191489
9096 17.4297872340426
9096 13.0817021276596
9096 1.48936170212766
9187 9.09872340425532
9187 1.26553191489362
9187 25.7642553191489
9187 17.4297872340426
9187 13.0817021276596
9187 1.48936170212766
9188 9.09872340425532
9188 1.26553191489362
9188 25.7642553191489
9188 17.4297872340426
9188 13.0817021276596
9188 1.48936170212766
9098 9.09872340425532
9098 1.26553191489362
9098 25.7642553191489
9098 17.4297872340426
9098 13.0817021276596
9098 1.48936170212766
9276 9.09872340425532
9276 1.26553191489362
9276 25.7642553191489
9276 17.4297872340426
9276 13.0817021276596
9276 1.48936170212766
9189 9.09872340425532
9189 1.26553191489362
9189 25.7642553191489
9189 17.4297872340426
9189 13.0817021276596
9189 1.48936170212766
9099 9.09872340425532
9099 1.26553191489362
9099 25.7642553191489
9099 17.4297872340426
9099 13.0817021276596
9099 1.48936170212766
9277 9.09872340425532
9277 1.26553191489362
9277 25.7642553191489
9277 17.4297872340426
9277 13.0817021276596
9277 1.48936170212766
9190 9.09872340425532
9190 1.26553191489362
9190 25.7642553191489
9190 17.4297872340426
9190 13.0817021276596
9190 1.48936170212766
9100 9.09872340425532
9100 1.26553191489362
9100 25.7642553191489
9100 17.4297872340426
9100 13.0817021276596
9100 1.48936170212766
9278 9.09872340425532
9278 1.26553191489362
9278 25.7642553191489
9278 17.4297872340426
9278 13.0817021276596
9278 1.48936170212766
9101 9.09872340425532
9101 1.26553191489362
9101 25.7642553191489
9101 17.4297872340426
9101 13.0817021276596
9101 1.48936170212766
9279 9.09872340425532
9279 1.26553191489362
9279 25.7642553191489
9279 17.4297872340426
9279 13.0817021276596
9279 1.48936170212766
9280 9.09872340425532
9280 1.26553191489362
9280 25.7642553191489
9280 17.4297872340426
9280 13.0817021276596
9280 1.48936170212766
9281 9.09872340425532
9281 1.26553191489362
9281 25.7642553191489
9281 17.4297872340426
9281 13.0817021276596
9281 1.48936170212766
9195 9.09872340425532
9195 1.26553191489362
9195 25.7642553191489
9195 17.4297872340426
9195 13.0817021276596
9195 1.48936170212766
9197 9.09872340425532
9197 1.26553191489362
9197 25.7642553191489
9197 17.4297872340426
9197 13.0817021276596
9197 1.48936170212766
9374 9.09872340425532
9374 1.26553191489362
9374 25.7642553191489
9374 17.4297872340426
9374 13.0817021276596
9374 1.48936170212766
9198 9.09872340425532
9198 1.26553191489362
9198 25.7642553191489
9198 17.4297872340426
9198 13.0817021276596
9198 1.48936170212766
9375 9.09872340425532
9375 1.26553191489362
9375 25.7642553191489
9375 17.4297872340426
9375 13.0817021276596
9375 1.48936170212766
9199 9.09872340425532
9199 1.26553191489362
9199 25.7642553191489
9199 17.4297872340426
9199 13.0817021276596
9199 1.48936170212766
9376 9.09872340425532
9376 1.26553191489362
9376 25.7642553191489
9376 17.4297872340426
9376 13.0817021276596
9376 1.48936170212766
9287 9.09872340425532
9287 1.26553191489362
9287 25.7642553191489
9287 17.4297872340426
9287 13.0817021276596
9287 1.48936170212766
9463 9.09872340425532
9463 1.26553191489362
9463 25.7642553191489
9463 17.4297872340426
9463 13.0817021276596
9463 1.48936170212766
9293 9.09872340425532
9293 1.26553191489362
9293 25.7642553191489
9293 17.4297872340426
9293 13.0817021276596
9293 1.48936170212766
9294 9.09872340425532
9294 1.26553191489362
9294 25.7642553191489
9294 17.4297872340426
9294 13.0817021276596
9294 1.48936170212766
9295 9.09872340425532
9295 1.26553191489362
9295 25.7642553191489
9295 17.4297872340426
9295 13.0817021276596
9295 1.48936170212766
9469 9.09872340425532
9469 1.26553191489362
9469 25.7642553191489
9469 17.4297872340426
9469 13.0817021276596
9469 1.48936170212766
9555 9.09872340425532
9555 1.26553191489362
9555 25.7642553191489
9555 17.4297872340426
9555 13.0817021276596
9555 1.48936170212766
9556 9.09872340425532
9556 1.26553191489362
9556 25.7642553191489
9556 17.4297872340426
9556 13.0817021276596
9556 1.48936170212766
9389 9.09872340425532
9389 1.26553191489362
9389 25.7642553191489
9389 17.4297872340426
9389 13.0817021276596
9389 1.48936170212766
9390 9.09872340425532
9390 1.26553191489362
9390 25.7642553191489
9390 17.4297872340426
9390 13.0817021276596
9390 1.48936170212766
9302 9.09872340425532
9302 1.26553191489362
9302 25.7642553191489
9302 17.4297872340426
9302 13.0817021276596
9302 1.48936170212766
9561 9.09872340425532
9561 1.26553191489362
9561 25.7642553191489
9561 17.4297872340426
9561 13.0817021276596
9561 1.48936170212766
9651 9.09872340425532
9651 1.26553191489362
9651 25.7642553191489
9651 17.4297872340426
9651 13.0817021276596
9651 1.48936170212766
9652 9.09872340425532
9652 1.26553191489362
9652 25.7642553191489
9652 17.4297872340426
9652 13.0817021276596
9652 1.48936170212766
9653 9.09872340425532
9653 1.26553191489362
9653 25.7642553191489
9653 17.4297872340426
9653 13.0817021276596
9653 1.48936170212766
9396 9.09872340425532
9396 1.26553191489362
9396 25.7642553191489
9396 17.4297872340426
9396 13.0817021276596
9396 1.48936170212766
9397 9.09872340425532
9397 1.26553191489362
9397 25.7642553191489
9397 17.4297872340426
9397 13.0817021276596
9397 1.48936170212766
9656 9.09872340425532
9656 1.26553191489362
9656 25.7642553191489
9656 17.4297872340426
9656 13.0817021276596
9656 1.48936170212766
9657 9.09872340425532
9657 1.26553191489362
9657 25.7642553191489
9657 17.4297872340426
9657 13.0817021276596
9657 1.48936170212766
9658 9.09872340425532
9658 1.26553191489362
9658 25.7642553191489
9658 17.4297872340426
9658 13.0817021276596
9658 1.48936170212766
9745 9.09872340425532
9745 1.26553191489362
9745 25.7642553191489
9745 17.4297872340426
9745 13.0817021276596
9745 1.48936170212766
9659 9.09872340425532
9659 1.26553191489362
9659 25.7642553191489
9659 17.4297872340426
9659 13.0817021276596
9659 1.48936170212766
9488 9.09872340425532
9488 1.26553191489362
9488 25.7642553191489
9488 17.4297872340426
9488 13.0817021276596
9488 1.48936170212766
9748 9.09872340425532
9748 1.26553191489362
9748 25.7642553191489
9748 17.4297872340426
9748 13.0817021276596
9748 1.48936170212766
9489 9.09872340425532
9489 1.26553191489362
9489 25.7642553191489
9489 17.4297872340426
9489 13.0817021276596
9489 1.48936170212766
9490 9.09872340425532
9490 1.26553191489362
9490 25.7642553191489
9490 17.4297872340426
9490 13.0817021276596
9490 1.48936170212766
9749 9.09872340425532
9749 1.26553191489362
9749 25.7642553191489
9749 17.4297872340426
9749 13.0817021276596
9749 1.48936170212766
9750 9.09872340425532
9750 1.26553191489362
9750 25.7642553191489
9750 17.4297872340426
9750 13.0817021276596
9750 1.48936170212766
9751 9.09872340425532
9751 1.26553191489362
9751 25.7642553191489
9751 17.4297872340426
9751 13.0817021276596
9751 1.48936170212766
9752 9.09872340425532
9752 1.26553191489362
9752 25.7642553191489
9752 17.4297872340426
9752 13.0817021276596
9752 1.48936170212766
9753 9.09872340425532
9753 1.26553191489362
9753 25.7642553191489
9753 17.4297872340426
9753 13.0817021276596
9753 1.48936170212766
9754 9.09872340425532
9754 1.26553191489362
9754 25.7642553191489
9754 17.4297872340426
9754 13.0817021276596
9754 1.48936170212766
9839 9.09872340425532
9839 1.26553191489362
9839 25.7642553191489
9839 17.4297872340426
9839 13.0817021276596
9839 1.48936170212766
9840 9.09872340425532
9840 1.26553191489362
9840 25.7642553191489
9840 17.4297872340426
9840 13.0817021276596
9840 1.48936170212766
9584 9.09872340425532
9584 1.26553191489362
9584 25.7642553191489
9584 17.4297872340426
9584 13.0817021276596
9584 1.48936170212766
9841 9.09872340425532
9841 1.26553191489362
9841 25.7642553191489
9841 17.4297872340426
9841 13.0817021276596
9841 1.48936170212766
9585 9.09872340425532
9585 1.26553191489362
9585 25.7642553191489
9585 17.4297872340426
9585 13.0817021276596
9585 1.48936170212766
9842 9.09872340425532
9842 1.26553191489362
9842 25.7642553191489
9842 17.4297872340426
9842 13.0817021276596
9842 1.48936170212766
9843 9.09872340425532
9843 1.26553191489362
9843 25.7642553191489
9843 17.4297872340426
9843 13.0817021276596
9843 1.48936170212766
9844 9.09872340425532
9844 1.26553191489362
9844 25.7642553191489
9844 17.4297872340426
9844 13.0817021276596
9844 1.48936170212766
9845 9.09872340425532
9845 1.26553191489362
9845 25.7642553191489
9845 17.4297872340426
9845 13.0817021276596
9845 1.48936170212766
9846 9.09872340425532
9846 1.26553191489362
9846 25.7642553191489
9846 17.4297872340426
9846 13.0817021276596
9846 1.48936170212766
9677 9.09872340425532
9677 1.26553191489362
9677 25.7642553191489
9677 17.4297872340426
9677 13.0817021276596
9677 1.48936170212766
9933 9.09872340425532
9933 1.26553191489362
9933 25.7642553191489
9933 17.4297872340426
9933 13.0817021276596
9933 1.48936170212766
9847 9.09872340425532
9847 1.26553191489362
9847 25.7642553191489
9847 17.4297872340426
9847 13.0817021276596
9847 1.48936170212766
9678 9.09872340425532
9678 1.26553191489362
9678 25.7642553191489
9678 17.4297872340426
9678 13.0817021276596
9678 1.48936170212766
9934 9.09872340425532
9934 1.26553191489362
9934 25.7642553191489
9934 17.4297872340426
9934 13.0817021276596
9934 1.48936170212766
9848 9.09872340425532
9848 1.26553191489362
9848 25.7642553191489
9848 17.4297872340426
9848 13.0817021276596
9848 1.48936170212766
9679 9.09872340425532
9679 1.26553191489362
9679 25.7642553191489
9679 17.4297872340426
9679 13.0817021276596
9679 1.48936170212766
9935 9.09872340425532
9935 1.26553191489362
9935 25.7642553191489
9935 17.4297872340426
9935 13.0817021276596
9935 1.48936170212766
9936 9.09872340425532
9936 1.26553191489362
9936 25.7642553191489
9936 17.4297872340426
9936 13.0817021276596
9936 1.48936170212766
9851 9.09872340425532
9851 1.26553191489362
9851 25.7642553191489
9851 17.4297872340426
9851 13.0817021276596
9851 1.48936170212766
9937 9.09872340425532
9937 1.26553191489362
9937 25.7642553191489
9937 17.4297872340426
9937 13.0817021276596
9937 1.48936170212766
9852 9.09872340425532
9852 1.26553191489362
9852 25.7642553191489
9852 17.4297872340426
9852 13.0817021276596
9852 1.48936170212766
9938 9.09872340425532
9938 1.26553191489362
9938 25.7642553191489
9938 17.4297872340426
9938 13.0817021276596
9938 1.48936170212766
9853 9.09872340425532
9853 1.26553191489362
9853 25.7642553191489
9853 17.4297872340426
9853 13.0817021276596
9853 1.48936170212766
9940 9.09872340425532
9940 1.26553191489362
9940 25.7642553191489
9940 17.4297872340426
9940 13.0817021276596
9940 1.48936170212766
9941 9.09872340425532
9941 1.26553191489362
9941 25.7642553191489
9941 17.4297872340426
9941 13.0817021276596
9941 1.48936170212766
9772 9.09872340425532
9772 1.26553191489362
9772 25.7642553191489
9772 17.4297872340426
9772 13.0817021276596
9772 1.48936170212766
10026 9.09872340425532
10026 1.26553191489362
10026 25.7642553191489
10026 17.4297872340426
10026 13.0817021276596
10026 1.48936170212766
9942 9.09872340425532
9942 1.26553191489362
9942 25.7642553191489
9942 17.4297872340426
9942 13.0817021276596
9942 1.48936170212766
9773 9.09872340425532
9773 1.26553191489362
9773 25.7642553191489
9773 17.4297872340426
9773 13.0817021276596
9773 1.48936170212766
10027 9.09872340425532
10027 1.26553191489362
10027 25.7642553191489
10027 17.4297872340426
10027 13.0817021276596
10027 1.48936170212766
9943 9.09872340425532
9943 1.26553191489362
9943 25.7642553191489
9943 17.4297872340426
9943 13.0817021276596
9943 1.48936170212766
9774 9.09872340425532
9774 1.26553191489362
9774 25.7642553191489
9774 17.4297872340426
9774 13.0817021276596
9774 1.48936170212766
10028 9.09872340425532
10028 1.26553191489362
10028 25.7642553191489
10028 17.4297872340426
10028 13.0817021276596
10028 1.48936170212766
9944 9.09872340425532
9944 1.26553191489362
9944 25.7642553191489
9944 17.4297872340426
9944 13.0817021276596
9944 1.48936170212766
10029 9.09872340425532
10029 1.26553191489362
10029 25.7642553191489
10029 17.4297872340426
10029 13.0817021276596
10029 1.48936170212766
10030 9.09872340425532
10030 1.26553191489362
10030 25.7642553191489
10030 17.4297872340426
10030 13.0817021276596
10030 1.48936170212766
10032 9.09872340425532
10032 1.26553191489362
10032 25.7642553191489
10032 17.4297872340426
10032 13.0817021276596
10032 1.48936170212766
10033 9.09872340425532
10033 1.26553191489362
10033 25.7642553191489
10033 17.4297872340426
10033 13.0817021276596
10033 1.48936170212766
10034 9.09872340425532
10034 1.26553191489362
10034 25.7642553191489
10034 17.4297872340426
10034 13.0817021276596
10034 1.48936170212766
10113 9.09872340425532
10113 1.26553191489362
10113 25.7642553191489
10113 17.4297872340426
10113 13.0817021276596
10113 1.48936170212766
9866 9.09872340425532
9866 1.26553191489362
9866 25.7642553191489
9866 17.4297872340426
9866 13.0817021276596
9866 1.48936170212766
10035 9.09872340425532
10035 1.26553191489362
10035 25.7642553191489
10035 17.4297872340426
10035 13.0817021276596
10035 1.48936170212766
9867 9.09872340425532
9867 1.26553191489362
9867 25.7642553191489
9867 17.4297872340426
9867 13.0817021276596
9867 1.48936170212766
10036 9.09872340425532
10036 1.26553191489362
10036 25.7642553191489
10036 17.4297872340426
10036 13.0817021276596
10036 1.48936170212766
10115 9.09872340425532
10115 1.26553191489362
10115 25.7642553191489
10115 17.4297872340426
10115 13.0817021276596
10115 1.48936170212766
10116 9.09872340425532
10116 1.26553191489362
10116 25.7642553191489
10116 17.4297872340426
10116 13.0817021276596
10116 1.48936170212766
10117 9.09872340425532
10117 1.26553191489362
10117 25.7642553191489
10117 17.4297872340426
10117 13.0817021276596
10117 1.48936170212766
10118 9.09872340425532
10118 1.26553191489362
10118 25.7642553191489
10118 17.4297872340426
10118 13.0817021276596
10118 1.48936170212766
10119 9.09872340425532
10119 1.26553191489362
10119 25.7642553191489
10119 17.4297872340426
10119 13.0817021276596
10119 1.48936170212766
10120 9.09872340425532
10120 1.26553191489362
10120 25.7642553191489
10120 17.4297872340426
10120 13.0817021276596
10120 1.48936170212766
10121 9.09872340425532
10121 1.26553191489362
10121 25.7642553191489
10121 17.4297872340426
10121 13.0817021276596
10121 1.48936170212766
10192 9.09872340425532
10192 1.26553191489362
10192 25.7642553191489
10192 17.4297872340426
10192 13.0817021276596
10192 1.48936170212766
9961 9.09872340425532
9961 1.26553191489362
9961 25.7642553191489
9961 17.4297872340426
9961 13.0817021276596
9961 1.48936170212766
10122 9.09872340425532
10122 1.26553191489362
10122 25.7642553191489
10122 17.4297872340426
10122 13.0817021276596
10122 1.48936170212766
9962 9.09872340425532
9962 1.26553191489362
9962 25.7642553191489
9962 17.4297872340426
9962 13.0817021276596
9962 1.48936170212766
10193 9.09872340425532
10193 1.26553191489362
10193 25.7642553191489
10193 17.4297872340426
10193 13.0817021276596
10193 1.48936170212766
10123 9.09872340425532
10123 1.26553191489362
10123 25.7642553191489
10123 17.4297872340426
10123 13.0817021276596
10123 1.48936170212766
10194 9.09872340425532
10194 1.26553191489362
10194 25.7642553191489
10194 17.4297872340426
10194 13.0817021276596
10194 1.48936170212766
10195 9.09872340425532
10195 1.26553191489362
10195 25.7642553191489
10195 17.4297872340426
10195 13.0817021276596
10195 1.48936170212766
10196 9.09872340425532
10196 1.26553191489362
10196 25.7642553191489
10196 17.4297872340426
10196 13.0817021276596
10196 1.48936170212766
10197 9.09872340425532
10197 1.26553191489362
10197 25.7642553191489
10197 17.4297872340426
10197 13.0817021276596
10197 1.48936170212766
10198 9.09872340425532
10198 1.26553191489362
10198 25.7642553191489
10198 17.4297872340426
10198 13.0817021276596
10198 1.48936170212766
10199 9.09872340425532
10199 1.26553191489362
10199 25.7642553191489
10199 17.4297872340426
10199 13.0817021276596
10199 1.48936170212766
10200 9.09872340425532
10200 1.26553191489362
10200 25.7642553191489
10200 17.4297872340426
10200 13.0817021276596
10200 1.48936170212766
10272 9.09872340425532
10272 1.26553191489362
10272 25.7642553191489
10272 17.4297872340426
10272 13.0817021276596
10272 1.48936170212766
10201 9.09872340425532
10201 1.26553191489362
10201 25.7642553191489
10201 17.4297872340426
10201 13.0817021276596
10201 1.48936170212766
10273 9.09872340425532
10273 1.26553191489362
10273 25.7642553191489
10273 17.4297872340426
10273 13.0817021276596
10273 1.48936170212766
10202 9.09872340425532
10202 1.26553191489362
10202 25.7642553191489
10202 17.4297872340426
10202 13.0817021276596
10202 1.48936170212766
10274 9.09872340425532
10274 1.26553191489362
10274 25.7642553191489
10274 17.4297872340426
10274 13.0817021276596
10274 1.48936170212766
10275 9.09872340425532
10275 1.26553191489362
10275 25.7642553191489
10275 17.4297872340426
10275 13.0817021276596
10275 1.48936170212766
10204 9.09872340425532
10204 1.26553191489362
10204 25.7642553191489
10204 17.4297872340426
10204 13.0817021276596
10204 1.48936170212766
10276 9.09872340425532
10276 1.26553191489362
10276 25.7642553191489
10276 17.4297872340426
10276 13.0817021276596
10276 1.48936170212766
10277 9.09872340425532
10277 1.26553191489362
10277 25.7642553191489
10277 17.4297872340426
10277 13.0817021276596
10277 1.48936170212766
10278 9.09872340425532
10278 1.26553191489362
10278 25.7642553191489
10278 17.4297872340426
10278 13.0817021276596
10278 1.48936170212766
10279 9.09872340425532
10279 1.26553191489362
10279 25.7642553191489
10279 17.4297872340426
10279 13.0817021276596
10279 1.48936170212766
10280 9.09872340425532
10280 1.26553191489362
10280 25.7642553191489
10280 17.4297872340426
10280 13.0817021276596
10280 1.48936170212766
10357 9.09872340425532
10357 1.26553191489362
10357 25.7642553191489
10357 17.4297872340426
10357 13.0817021276596
10357 1.48936170212766
10281 9.09872340425532
10281 1.26553191489362
10281 25.7642553191489
10281 17.4297872340426
10281 13.0817021276596
10281 1.48936170212766
10358 9.09872340425532
10358 1.26553191489362
10358 25.7642553191489
10358 17.4297872340426
10358 13.0817021276596
10358 1.48936170212766
10282 9.09872340425532
10282 1.26553191489362
10282 25.7642553191489
10282 17.4297872340426
10282 13.0817021276596
10282 1.48936170212766
10359 9.09872340425532
10359 1.26553191489362
10359 25.7642553191489
10359 17.4297872340426
10359 13.0817021276596
10359 1.48936170212766
10360 9.09872340425532
10360 1.26553191489362
10360 25.7642553191489
10360 17.4297872340426
10360 13.0817021276596
10360 1.48936170212766
10361 9.09872340425532
10361 1.26553191489362
10361 25.7642553191489
10361 17.4297872340426
10361 13.0817021276596
10361 1.48936170212766
10362 9.09872340425532
10362 1.26553191489362
10362 25.7642553191489
10362 17.4297872340426
10362 13.0817021276596
10362 1.48936170212766
10363 9.09872340425532
10363 1.26553191489362
10363 25.7642553191489
10363 17.4297872340426
10363 13.0817021276596
10363 1.48936170212766
10364 9.09872340425532
10364 1.26553191489362
10364 25.7642553191489
10364 17.4297872340426
10364 13.0817021276596
10364 1.48936170212766
10365 9.09872340425532
10365 1.26553191489362
10365 25.7642553191489
10365 17.4297872340426
10365 13.0817021276596
10365 1.48936170212766
10442 9.09872340425532
10442 1.26553191489362
10442 25.7642553191489
10442 17.4297872340426
10442 13.0817021276596
10442 1.48936170212766
10366 9.09872340425532
10366 1.26553191489362
10366 25.7642553191489
10366 17.4297872340426
10366 13.0817021276596
10366 1.48936170212766
10443 9.09872340425532
10443 1.26553191489362
10443 25.7642553191489
10443 17.4297872340426
10443 13.0817021276596
10443 1.48936170212766
10444 9.09872340425532
10444 1.26553191489362
10444 25.7642553191489
10444 17.4297872340426
10444 13.0817021276596
10444 1.48936170212766
10445 9.09872340425532
10445 1.26553191489362
10445 25.7642553191489
10445 17.4297872340426
10445 13.0817021276596
10445 1.48936170212766
10446 9.09872340425532
10446 1.26553191489362
10446 25.7642553191489
10446 17.4297872340426
10446 13.0817021276596
10446 1.48936170212766
10447 9.09872340425532
10447 1.26553191489362
10447 25.7642553191489
10447 17.4297872340426
10447 13.0817021276596
10447 1.48936170212766
10448 9.09872340425532
10448 1.26553191489362
10448 25.7642553191489
10448 17.4297872340426
10448 13.0817021276596
10448 1.48936170212766
10449 9.09872340425532
10449 1.26553191489362
10449 25.7642553191489
10449 17.4297872340426
10449 13.0817021276596
10449 1.48936170212766
10450 9.09872340425532
10450 1.26553191489362
10450 25.7642553191489
10450 17.4297872340426
10450 13.0817021276596
10450 1.48936170212766
10452 9.09872340425532
10452 1.26553191489362
10452 25.7642553191489
10452 17.4297872340426
10452 13.0817021276596
10452 1.48936170212766
10538 9.09872340425532
10538 1.26553191489362
10538 25.7642553191489
10538 17.4297872340426
10538 13.0817021276596
10538 1.48936170212766
10539 9.09872340425532
10539 1.26553191489362
10539 25.7642553191489
10539 17.4297872340426
10539 13.0817021276596
10539 1.48936170212766
10629 9.09872340425532
10629 1.26553191489362
10629 25.7642553191489
10629 17.4297872340426
10629 13.0817021276596
10629 1.48936170212766
10719 9.09872340425532
10719 1.26553191489362
10719 25.7642553191489
10719 17.4297872340426
10719 13.0817021276596
10719 1.48936170212766
10720 9.09872340425532
10720 1.26553191489362
10720 25.7642553191489
10720 17.4297872340426
10720 13.0817021276596
10720 1.48936170212766
10807 9.09872340425532
10807 1.26553191489362
10807 25.7642553191489
10807 17.4297872340426
10807 13.0817021276596
10807 1.48936170212766
10884 9.09872340425532
10884 1.26553191489362
10884 25.7642553191489
10884 17.4297872340426
10884 13.0817021276596
10884 1.48936170212766
10890 9.09872340425532
10890 1.26553191489362
10890 25.7642553191489
10890 17.4297872340426
10890 13.0817021276596
10890 1.48936170212766
10965 9.09872340425532
10965 1.26553191489362
10965 25.7642553191489
10965 17.4297872340426
10965 13.0817021276596
10965 1.48936170212766
10966 9.09872340425532
10966 1.26553191489362
10966 25.7642553191489
10966 17.4297872340426
10966 13.0817021276596
10966 1.48936170212766
10967 9.09872340425532
10967 1.26553191489362
10967 25.7642553191489
10967 17.4297872340426
10967 13.0817021276596
10967 1.48936170212766
10968 9.09872340425532
10968 1.26553191489362
10968 25.7642553191489
10968 17.4297872340426
10968 13.0817021276596
10968 1.48936170212766
10969 9.09872340425532
10969 1.26553191489362
10969 25.7642553191489
10969 17.4297872340426
10969 13.0817021276596
10969 1.48936170212766
11047 9.09872340425532
11047 1.26553191489362
11047 25.7642553191489
11047 17.4297872340426
11047 13.0817021276596
11047 1.48936170212766
11048 9.09872340425532
11048 1.26553191489362
11048 25.7642553191489
11048 17.4297872340426
11048 13.0817021276596
11048 1.48936170212766
11050 9.09872340425532
11050 1.26553191489362
11050 25.7642553191489
11050 17.4297872340426
11050 13.0817021276596
11050 1.48936170212766
11129 9.09872340425532
11129 1.26553191489362
11129 25.7642553191489
11129 17.4297872340426
11129 13.0817021276596
11129 1.48936170212766
11130 9.09872340425532
11130 1.26553191489362
11130 25.7642553191489
11130 17.4297872340426
11130 13.0817021276596
11130 1.48936170212766
11131 9.09872340425532
11131 1.26553191489362
11131 25.7642553191489
11131 17.4297872340426
11131 13.0817021276596
11131 1.48936170212766
11132 9.09872340425532
11132 1.26553191489362
11132 25.7642553191489
11132 17.4297872340426
11132 13.0817021276596
11132 1.48936170212766
11210 9.09872340425532
11210 1.26553191489362
11210 25.7642553191489
11210 17.4297872340426
11210 13.0817021276596
11210 1.48936170212766
11211 9.09872340425532
11211 1.26553191489362
11211 25.7642553191489
11211 17.4297872340426
11211 13.0817021276596
11211 1.48936170212766
11212 9.09872340425532
11212 1.26553191489362
11212 25.7642553191489
11212 17.4297872340426
11212 13.0817021276596
11212 1.48936170212766
11062 9.09872340425532
11062 1.26553191489362
11062 25.7642553191489
11062 17.4297872340426
11062 13.0817021276596
11062 1.48936170212766
11063 9.09872340425532
11063 1.26553191489362
11063 25.7642553191489
11063 17.4297872340426
11063 13.0817021276596
11063 1.48936170212766
11296 9.09872340425532
11296 1.26553191489362
11296 25.7642553191489
11296 17.4297872340426
11296 13.0817021276596
11296 1.48936170212766
11141 9.09872340425532
11141 1.26553191489362
11141 25.7642553191489
11141 17.4297872340426
11141 13.0817021276596
11141 1.48936170212766
11297 9.09872340425532
11297 1.26553191489362
11297 25.7642553191489
11297 17.4297872340426
11297 13.0817021276596
11297 1.48936170212766
11142 9.09872340425532
11142 1.26553191489362
11142 25.7642553191489
11142 17.4297872340426
11142 13.0817021276596
11142 1.48936170212766
11298 9.09872340425532
11298 1.26553191489362
11298 25.7642553191489
11298 17.4297872340426
11298 13.0817021276596
11298 1.48936170212766
11143 9.09872340425532
11143 1.26553191489362
11143 25.7642553191489
11143 17.4297872340426
11143 13.0817021276596
11143 1.48936170212766
11299 9.09872340425532
11299 1.26553191489362
11299 25.7642553191489
11299 17.4297872340426
11299 13.0817021276596
11299 1.48936170212766
11144 9.09872340425532
11144 1.26553191489362
11144 25.7642553191489
11144 17.4297872340426
11144 13.0817021276596
11144 1.48936170212766
11145 9.09872340425532
11145 1.26553191489362
11145 25.7642553191489
11145 17.4297872340426
11145 13.0817021276596
11145 1.48936170212766
11146 9.09872340425532
11146 1.26553191489362
11146 25.7642553191489
11146 17.4297872340426
11146 13.0817021276596
11146 1.48936170212766
11227 9.09872340425532
11227 1.26553191489362
11227 25.7642553191489
11227 17.4297872340426
11227 13.0817021276596
11227 1.48936170212766
11384 9.09872340425532
11384 1.26553191489362
11384 25.7642553191489
11384 17.4297872340426
11384 13.0817021276596
11384 1.48936170212766
11228 9.09872340425532
11228 1.26553191489362
11228 25.7642553191489
11228 17.4297872340426
11228 13.0817021276596
11228 1.48936170212766
11385 9.09872340425532
11385 1.26553191489362
11385 25.7642553191489
11385 17.4297872340426
11385 13.0817021276596
11385 1.48936170212766
11229 9.09872340425532
11229 1.26553191489362
11229 25.7642553191489
11229 17.4297872340426
11229 13.0817021276596
11229 1.48936170212766
11386 9.09872340425532
11386 1.26553191489362
11386 25.7642553191489
11386 17.4297872340426
11386 13.0817021276596
11386 1.48936170212766
11230 9.09872340425532
11230 1.26553191489362
11230 25.7642553191489
11230 17.4297872340426
11230 13.0817021276596
11230 1.48936170212766
11387 9.09872340425532
11387 1.26553191489362
11387 25.7642553191489
11387 17.4297872340426
11387 13.0817021276596
11387 1.48936170212766
11231 9.09872340425532
11231 1.26553191489362
11231 25.7642553191489
11231 17.4297872340426
11231 13.0817021276596
11231 1.48936170212766
11388 9.09872340425532
11388 1.26553191489362
11388 25.7642553191489
11388 17.4297872340426
11388 13.0817021276596
11388 1.48936170212766
11232 9.09872340425532
11232 1.26553191489362
11232 25.7642553191489
11232 17.4297872340426
11232 13.0817021276596
11232 1.48936170212766
11233 9.09872340425532
11233 1.26553191489362
11233 25.7642553191489
11233 17.4297872340426
11233 13.0817021276596
11233 1.48936170212766
11234 9.09872340425532
11234 1.26553191489362
11234 25.7642553191489
11234 17.4297872340426
11234 13.0817021276596
11234 1.48936170212766
11235 9.09872340425532
11235 1.26553191489362
11235 25.7642553191489
11235 17.4297872340426
11235 13.0817021276596
11235 1.48936170212766
11462 9.09872340425532
11462 1.26553191489362
11462 25.7642553191489
11462 17.4297872340426
11462 13.0817021276596
11462 1.48936170212766
11463 9.09872340425532
11463 1.26553191489362
11463 25.7642553191489
11463 17.4297872340426
11463 13.0817021276596
11463 1.48936170212766
11394 9.09872340425532
11394 1.26553191489362
11394 25.7642553191489
11394 17.4297872340426
11394 13.0817021276596
11394 1.48936170212766
11464 9.09872340425532
11464 1.26553191489362
11464 25.7642553191489
11464 17.4297872340426
11464 13.0817021276596
11464 1.48936170212766
11395 9.09872340425532
11395 1.26553191489362
11395 25.7642553191489
11395 17.4297872340426
11395 13.0817021276596
11395 1.48936170212766
11466 9.09872340425532
11466 1.26553191489362
11466 25.7642553191489
11466 17.4297872340426
11466 13.0817021276596
11466 1.48936170212766
11319 9.09872340425532
11319 1.26553191489362
11319 25.7642553191489
11319 17.4297872340426
11319 13.0817021276596
11319 1.48936170212766
11320 9.09872340425532
11320 1.26553191489362
11320 25.7642553191489
11320 17.4297872340426
11320 13.0817021276596
11320 1.48936170212766
11321 9.09872340425532
11321 1.26553191489362
11321 25.7642553191489
11321 17.4297872340426
11321 13.0817021276596
11321 1.48936170212766
11468 9.09872340425532
11468 1.26553191489362
11468 25.7642553191489
11468 17.4297872340426
11468 13.0817021276596
11468 1.48936170212766
11322 9.09872340425532
11322 1.26553191489362
11322 25.7642553191489
11322 17.4297872340426
11322 13.0817021276596
11322 1.48936170212766
11469 9.09872340425532
11469 1.26553191489362
11469 25.7642553191489
11469 17.4297872340426
11469 13.0817021276596
11469 1.48936170212766
11470 9.09872340425532
11470 1.26553191489362
11470 25.7642553191489
11470 17.4297872340426
11470 13.0817021276596
11470 1.48936170212766
11537 9.09872340425532
11537 1.26553191489362
11537 25.7642553191489
11537 17.4297872340426
11537 13.0817021276596
11537 1.48936170212766
11471 9.09872340425532
11471 1.26553191489362
11471 25.7642553191489
11471 17.4297872340426
11471 13.0817021276596
11471 1.48936170212766
11538 9.09872340425532
11538 1.26553191489362
11538 25.7642553191489
11538 17.4297872340426
11538 13.0817021276596
11538 1.48936170212766
11472 9.09872340425532
11472 1.26553191489362
11472 25.7642553191489
11472 17.4297872340426
11472 13.0817021276596
11472 1.48936170212766
11539 9.09872340425532
11539 1.26553191489362
11539 25.7642553191489
11539 17.4297872340426
11539 13.0817021276596
11539 1.48936170212766
11540 9.09872340425532
11540 1.26553191489362
11540 25.7642553191489
11540 17.4297872340426
11540 13.0817021276596
11540 1.48936170212766
11541 9.09872340425532
11541 1.26553191489362
11541 25.7642553191489
11541 17.4297872340426
11541 13.0817021276596
11541 1.48936170212766
11543 9.09872340425532
11543 1.26553191489362
11543 25.7642553191489
11543 17.4297872340426
11543 13.0817021276596
11543 1.48936170212766
11544 9.09872340425532
11544 1.26553191489362
11544 25.7642553191489
11544 17.4297872340426
11544 13.0817021276596
11544 1.48936170212766
11545 9.09872340425532
11545 1.26553191489362
11545 25.7642553191489
11545 17.4297872340426
11545 13.0817021276596
11545 1.48936170212766
11546 9.09872340425532
11546 1.26553191489362
11546 25.7642553191489
11546 17.4297872340426
11546 13.0817021276596
11546 1.48936170212766
11612 9.09872340425532
11612 1.26553191489362
11612 25.7642553191489
11612 17.4297872340426
11612 13.0817021276596
11612 1.48936170212766
11613 9.09872340425532
11613 1.26553191489362
11613 25.7642553191489
11613 17.4297872340426
11613 13.0817021276596
11613 1.48936170212766
11614 9.09872340425532
11614 1.26553191489362
11614 25.7642553191489
11614 17.4297872340426
11614 13.0817021276596
11614 1.48936170212766
11615 9.09872340425532
11615 1.26553191489362
11615 25.7642553191489
11615 17.4297872340426
11615 13.0817021276596
11615 1.48936170212766
11616 9.09872340425532
11616 1.26553191489362
11616 25.7642553191489
11616 17.4297872340426
11616 13.0817021276596
11616 1.48936170212766
11476 9.09872340425532
11476 1.26553191489362
11476 25.7642553191489
11476 17.4297872340426
11476 13.0817021276596
11476 1.48936170212766
11617 9.09872340425532
11617 1.26553191489362
11617 25.7642553191489
11617 17.4297872340426
11617 13.0817021276596
11617 1.48936170212766
11618 9.09872340425532
11618 1.26553191489362
11618 25.7642553191489
11618 17.4297872340426
11618 13.0817021276596
11618 1.48936170212766
11619 9.09872340425532
11619 1.26553191489362
11619 25.7642553191489
11619 17.4297872340426
11619 13.0817021276596
11619 1.48936170212766
11686 9.09872340425532
11686 1.26553191489362
11686 25.7642553191489
11686 17.4297872340426
11686 13.0817021276596
11686 1.48936170212766
11687 9.09872340425532
11687 1.26553191489362
11687 25.7642553191489
11687 17.4297872340426
11687 13.0817021276596
11687 1.48936170212766
11688 9.09872340425532
11688 1.26553191489362
11688 25.7642553191489
11688 17.4297872340426
11688 13.0817021276596
11688 1.48936170212766
11689 9.09872340425532
11689 1.26553191489362
11689 25.7642553191489
11689 17.4297872340426
11689 13.0817021276596
11689 1.48936170212766
11690 9.09872340425532
11690 1.26553191489362
11690 25.7642553191489
11690 17.4297872340426
11690 13.0817021276596
11690 1.48936170212766
11691 9.09872340425532
11691 1.26553191489362
11691 25.7642553191489
11691 17.4297872340426
11691 13.0817021276596
11691 1.48936170212766
11550 9.09872340425532
11550 1.26553191489362
11550 25.7642553191489
11550 17.4297872340426
11550 13.0817021276596
11550 1.48936170212766
11692 9.09872340425532
11692 1.26553191489362
11692 25.7642553191489
11692 17.4297872340426
11692 13.0817021276596
11692 1.48936170212766
11761 9.09872340425532
11761 1.26553191489362
11761 25.7642553191489
11761 17.4297872340426
11761 13.0817021276596
11761 1.48936170212766
11762 9.09872340425532
11762 1.26553191489362
11762 25.7642553191489
11762 17.4297872340426
11762 13.0817021276596
11762 1.48936170212766
11763 9.09872340425532
11763 1.26553191489362
11763 25.7642553191489
11763 17.4297872340426
11763 13.0817021276596
11763 1.48936170212766
11764 9.09872340425532
11764 1.26553191489362
11764 25.7642553191489
11764 17.4297872340426
11764 13.0817021276596
11764 1.48936170212766
11765 9.09872340425532
11765 1.26553191489362
11765 25.7642553191489
11765 17.4297872340426
11765 13.0817021276596
11765 1.48936170212766
11624 9.09872340425532
11624 1.26553191489362
11624 25.7642553191489
11624 17.4297872340426
11624 13.0817021276596
11624 1.48936170212766
11766 9.09872340425532
11766 1.26553191489362
11766 25.7642553191489
11766 17.4297872340426
11766 13.0817021276596
11766 1.48936170212766
11767 9.09872340425532
11767 1.26553191489362
11767 25.7642553191489
11767 17.4297872340426
11767 13.0817021276596
11767 1.48936170212766
11841 9.09872340425532
11841 1.26553191489362
11841 25.7642553191489
11841 17.4297872340426
11841 13.0817021276596
11841 1.48936170212766
11842 9.09872340425532
11842 1.26553191489362
11842 25.7642553191489
11842 17.4297872340426
11842 13.0817021276596
11842 1.48936170212766
11843 9.09872340425532
11843 1.26553191489362
11843 25.7642553191489
11843 17.4297872340426
11843 13.0817021276596
11843 1.48936170212766
11844 9.09872340425532
11844 1.26553191489362
11844 25.7642553191489
11844 17.4297872340426
11844 13.0817021276596
11844 1.48936170212766
11699 9.09872340425532
11699 1.26553191489362
11699 25.7642553191489
11699 17.4297872340426
11699 13.0817021276596
11699 1.48936170212766
11847 9.09872340425532
11847 1.26553191489362
11847 25.7642553191489
11847 17.4297872340426
11847 13.0817021276596
11847 1.48936170212766
11919 9.09872340425532
11919 1.26553191489362
11919 25.7642553191489
11919 17.4297872340426
11919 13.0817021276596
11919 1.48936170212766
11920 9.09872340425532
11920 1.26553191489362
11920 25.7642553191489
11920 17.4297872340426
11920 13.0817021276596
11920 1.48936170212766
11924 9.09872340425532
11924 1.26553191489362
11924 25.7642553191489
11924 17.4297872340426
11924 13.0817021276596
11924 1.48936170212766
11925 9.09872340425532
11925 1.26553191489362
11925 25.7642553191489
11925 17.4297872340426
11925 13.0817021276596
11925 1.48936170212766
11997 9.09872340425532
11997 1.26553191489362
11997 25.7642553191489
11997 17.4297872340426
11997 13.0817021276596
11997 1.48936170212766
11926 9.09872340425532
11926 1.26553191489362
11926 25.7642553191489
11926 17.4297872340426
11926 13.0817021276596
11926 1.48936170212766
12003 9.09872340425532
12003 1.26553191489362
12003 25.7642553191489
12003 17.4297872340426
12003 13.0817021276596
12003 1.48936170212766
12004 9.09872340425532
12004 1.26553191489362
12004 25.7642553191489
12004 17.4297872340426
12004 13.0817021276596
12004 1.48936170212766
12005 9.09872340425532
12005 1.26553191489362
12005 25.7642553191489
12005 17.4297872340426
12005 13.0817021276596
12005 1.48936170212766
12006 9.09872340425532
12006 1.26553191489362
12006 25.7642553191489
12006 17.4297872340426
12006 13.0817021276596
12006 1.48936170212766
12007 9.09872340425532
12007 1.26553191489362
12007 25.7642553191489
12007 17.4297872340426
12007 13.0817021276596
12007 1.48936170212766
12076 9.09872340425532
12076 1.26553191489362
12076 25.7642553191489
12076 17.4297872340426
12076 13.0817021276596
12076 1.48936170212766
12077 9.09872340425532
12077 1.26553191489362
12077 25.7642553191489
12077 17.4297872340426
12077 13.0817021276596
12077 1.48936170212766
12078 9.09872340425532
12078 1.26553191489362
12078 25.7642553191489
12078 17.4297872340426
12078 13.0817021276596
12078 1.48936170212766
12079 9.09872340425532
12079 1.26553191489362
12079 25.7642553191489
12079 17.4297872340426
12079 13.0817021276596
12079 1.48936170212766
12080 9.09872340425532
12080 1.26553191489362
12080 25.7642553191489
12080 17.4297872340426
12080 13.0817021276596
12080 1.48936170212766
12081 9.09872340425532
12081 1.26553191489362
12081 25.7642553191489
12081 17.4297872340426
12081 13.0817021276596
12081 1.48936170212766
