pt_graph scale
14950 2.27468085106383
14950 0.316382978723404
14950 6.44106382978723
14950 4.35744680851064
14950 3.27042553191489
14950 0.372340425531915
14951 2.27468085106383
14951 0.316382978723404
14951 6.44106382978723
14951 4.35744680851064
14951 3.27042553191489
14951 0.372340425531915
14953 2.27468085106383
14953 0.316382978723404
14953 6.44106382978723
14953 4.35744680851064
14953 3.27042553191489
14953 0.372340425531915
14954 2.27468085106383
14954 0.316382978723404
14954 6.44106382978723
14954 4.35744680851064
14954 3.27042553191489
14954 0.372340425531915
14955 2.27468085106383
14955 0.316382978723404
14955 6.44106382978723
14955 4.35744680851064
14955 3.27042553191489
14955 0.372340425531915
15020 2.27468085106383
15020 0.316382978723404
15020 6.44106382978723
15020 4.35744680851064
15020 3.27042553191489
15020 0.372340425531915
14956 2.27468085106383
14956 0.316382978723404
14956 6.44106382978723
14956 4.35744680851064
14956 3.27042553191489
14956 0.372340425531915
15021 2.27468085106383
15021 0.316382978723404
15021 6.44106382978723
15021 4.35744680851064
15021 3.27042553191489
15021 0.372340425531915
14957 2.27468085106383
14957 0.316382978723404
14957 6.44106382978723
14957 4.35744680851064
14957 3.27042553191489
14957 0.372340425531915
14958 2.27468085106383
14958 0.316382978723404
14958 6.44106382978723
14958 4.35744680851064
14958 3.27042553191489
14958 0.372340425531915
15023 2.27468085106383
15023 0.316382978723404
15023 6.44106382978723
15023 4.35744680851064
15023 3.27042553191489
15023 0.372340425531915
15024 2.27468085106383
15024 0.316382978723404
15024 6.44106382978723
15024 4.35744680851064
15024 3.27042553191489
15024 0.372340425531915
15025 2.27468085106383
15025 0.316382978723404
15025 6.44106382978723
15025 4.35744680851064
15025 3.27042553191489
15025 0.372340425531915
15026 2.27468085106383
15026 0.316382978723404
15026 6.44106382978723
15026 4.35744680851064
15026 3.27042553191489
15026 0.372340425531915
15091 2.27468085106383
15091 0.316382978723404
15091 6.44106382978723
15091 4.35744680851064
15091 3.27042553191489
15091 0.372340425531915
15027 2.27468085106383
15027 0.316382978723404
15027 6.44106382978723
15027 4.35744680851064
15027 3.27042553191489
15027 0.372340425531915
15028 2.27468085106383
15028 0.316382978723404
15028 6.44106382978723
15028 4.35744680851064
15028 3.27042553191489
15028 0.372340425531915
15093 2.27468085106383
15093 0.316382978723404
15093 6.44106382978723
15093 4.35744680851064
15093 3.27042553191489
15093 0.372340425531915
15029 2.27468085106383
15029 0.316382978723404
15029 6.44106382978723
15029 4.35744680851064
15029 3.27042553191489
15029 0.372340425531915
15094 2.27468085106383
15094 0.316382978723404
15094 6.44106382978723
15094 4.35744680851064
15094 3.27042553191489
15094 0.372340425531915
15030 2.27468085106383
15030 0.316382978723404
15030 6.44106382978723
15030 4.35744680851064
15030 3.27042553191489
15030 0.372340425531915
15095 2.27468085106383
15095 0.316382978723404
15095 6.44106382978723
15095 4.35744680851064
15095 3.27042553191489
15095 0.372340425531915
15031 2.27468085106383
15031 0.316382978723404
15031 6.44106382978723
15031 4.35744680851064
15031 3.27042553191489
15031 0.372340425531915
15096 2.27468085106383
15096 0.316382978723404
15096 6.44106382978723
15096 4.35744680851064
15096 3.27042553191489
15096 0.372340425531915
15032 2.27468085106383
15032 0.316382978723404
15032 6.44106382978723
15032 4.35744680851064
15032 3.27042553191489
15032 0.372340425531915
15097 2.27468085106383
15097 0.316382978723404
15097 6.44106382978723
15097 4.35744680851064
15097 3.27042553191489
15097 0.372340425531915
15098 2.27468085106383
15098 0.316382978723404
15098 6.44106382978723
15098 4.35744680851064
15098 3.27042553191489
15098 0.372340425531915
15099 2.27468085106383
15099 0.316382978723404
15099 6.44106382978723
15099 4.35744680851064
15099 3.27042553191489
15099 0.372340425531915
15164 2.27468085106383
15164 0.316382978723404
15164 6.44106382978723
15164 4.35744680851064
15164 3.27042553191489
15164 0.372340425531915
15100 2.27468085106383
15100 0.316382978723404
15100 6.44106382978723
15100 4.35744680851064
15100 3.27042553191489
15100 0.372340425531915
15165 2.27468085106383
15165 0.316382978723404
15165 6.44106382978723
15165 4.35744680851064
15165 3.27042553191489
15165 0.372340425531915
15101 2.27468085106383
15101 0.316382978723404
15101 6.44106382978723
15101 4.35744680851064
15101 3.27042553191489
15101 0.372340425531915
15166 2.27468085106383
15166 0.316382978723404
15166 6.44106382978723
15166 4.35744680851064
15166 3.27042553191489
15166 0.372340425531915
15102 2.27468085106383
15102 0.316382978723404
15102 6.44106382978723
15102 4.35744680851064
15102 3.27042553191489
15102 0.372340425531915
15167 2.27468085106383
15167 0.316382978723404
15167 6.44106382978723
15167 4.35744680851064
15167 3.27042553191489
15167 0.372340425531915
15232 2.27468085106383
15232 0.316382978723404
15232 6.44106382978723
15232 4.35744680851064
15232 3.27042553191489
15232 0.372340425531915
15169 2.27468085106383
15169 0.316382978723404
15169 6.44106382978723
15169 4.35744680851064
15169 3.27042553191489
15169 0.372340425531915
15170 2.27468085106383
15170 0.316382978723404
15170 6.44106382978723
15170 4.35744680851064
15170 3.27042553191489
15170 0.372340425531915
15234 2.27468085106383
15234 0.316382978723404
15234 6.44106382978723
15234 4.35744680851064
15234 3.27042553191489
15234 0.372340425531915
15171 2.27468085106383
15171 0.316382978723404
15171 6.44106382978723
15171 4.35744680851064
15171 3.27042553191489
15171 0.372340425531915
15235 2.27468085106383
15235 0.316382978723404
15235 6.44106382978723
15235 4.35744680851064
15235 3.27042553191489
15235 0.372340425531915
15172 2.27468085106383
15172 0.316382978723404
15172 6.44106382978723
15172 4.35744680851064
15172 3.27042553191489
15172 0.372340425531915
15236 2.27468085106383
15236 0.316382978723404
15236 6.44106382978723
15236 4.35744680851064
15236 3.27042553191489
15236 0.372340425531915
15173 2.27468085106383
15173 0.316382978723404
15173 6.44106382978723
15173 4.35744680851064
15173 3.27042553191489
15173 0.372340425531915
15362 2.27468085106383
15362 0.316382978723404
15362 6.44106382978723
15362 4.35744680851064
15362 3.27042553191489
15362 0.372340425531915
15237 2.27468085106383
15237 0.316382978723404
15237 6.44106382978723
15237 4.35744680851064
15237 3.27042553191489
15237 0.372340425531915
15363 2.27468085106383
15363 0.316382978723404
15363 6.44106382978723
15363 4.35744680851064
15363 3.27042553191489
15363 0.372340425531915
15238 2.27468085106383
15238 0.316382978723404
15238 6.44106382978723
15238 4.35744680851064
15238 3.27042553191489
15238 0.372340425531915
15239 2.27468085106383
15239 0.316382978723404
15239 6.44106382978723
15239 4.35744680851064
15239 3.27042553191489
15239 0.372340425531915
15302 2.27468085106383
15302 0.316382978723404
15302 6.44106382978723
15302 4.35744680851064
15302 3.27042553191489
15302 0.372340425531915
15303 2.27468085106383
15303 0.316382978723404
15303 6.44106382978723
15303 4.35744680851064
15303 3.27042553191489
15303 0.372340425531915
15241 2.27468085106383
15241 0.316382978723404
15241 6.44106382978723
15241 4.35744680851064
15241 3.27042553191489
15241 0.372340425531915
15366 2.27468085106383
15366 0.316382978723404
15366 6.44106382978723
15366 4.35744680851064
15366 3.27042553191489
15366 0.372340425531915
15304 2.27468085106383
15304 0.316382978723404
15304 6.44106382978723
15304 4.35744680851064
15304 3.27042553191489
15304 0.372340425531915
15242 2.27468085106383
15242 0.316382978723404
15242 6.44106382978723
15242 4.35744680851064
15242 3.27042553191489
15242 0.372340425531915
15179 2.27468085106383
15179 0.316382978723404
15179 6.44106382978723
15179 4.35744680851064
15179 3.27042553191489
15179 0.372340425531915
15305 2.27468085106383
15305 0.316382978723404
15305 6.44106382978723
15305 4.35744680851064
15305 3.27042553191489
15305 0.372340425531915
15243 2.27468085106383
15243 0.316382978723404
15243 6.44106382978723
15243 4.35744680851064
15243 3.27042553191489
15243 0.372340425531915
15368 2.27468085106383
15368 0.316382978723404
15368 6.44106382978723
15368 4.35744680851064
15368 3.27042553191489
15368 0.372340425531915
15306 2.27468085106383
15306 0.316382978723404
15306 6.44106382978723
15306 4.35744680851064
15306 3.27042553191489
15306 0.372340425531915
15244 2.27468085106383
15244 0.316382978723404
15244 6.44106382978723
15244 4.35744680851064
15244 3.27042553191489
15244 0.372340425531915
15369 2.27468085106383
15369 0.316382978723404
15369 6.44106382978723
15369 4.35744680851064
15369 3.27042553191489
15369 0.372340425531915
15307 2.27468085106383
15307 0.316382978723404
15307 6.44106382978723
15307 4.35744680851064
15307 3.27042553191489
15307 0.372340425531915
15370 2.27468085106383
15370 0.316382978723404
15370 6.44106382978723
15370 4.35744680851064
15370 3.27042553191489
15370 0.372340425531915
15431 2.27468085106383
15431 0.316382978723404
15431 6.44106382978723
15431 4.35744680851064
15431 3.27042553191489
15431 0.372340425531915
15371 2.27468085106383
15371 0.316382978723404
15371 6.44106382978723
15371 4.35744680851064
15371 3.27042553191489
15371 0.372340425531915
15432 2.27468085106383
15432 0.316382978723404
15432 6.44106382978723
15432 4.35744680851064
15432 3.27042553191489
15432 0.372340425531915
15372 2.27468085106383
15372 0.316382978723404
15372 6.44106382978723
15372 4.35744680851064
15372 3.27042553191489
15372 0.372340425531915
15433 2.27468085106383
15433 0.316382978723404
15433 6.44106382978723
15433 4.35744680851064
15433 3.27042553191489
15433 0.372340425531915
15494 2.27468085106383
15494 0.316382978723404
15494 6.44106382978723
15494 4.35744680851064
15494 3.27042553191489
15494 0.372340425531915
15373 2.27468085106383
15373 0.316382978723404
15373 6.44106382978723
15373 4.35744680851064
15373 3.27042553191489
15373 0.372340425531915
15248 2.27468085106383
15248 0.316382978723404
15248 6.44106382978723
15248 4.35744680851064
15248 3.27042553191489
15248 0.372340425531915
15434 2.27468085106383
15434 0.316382978723404
15434 6.44106382978723
15434 4.35744680851064
15434 3.27042553191489
15434 0.372340425531915
15495 2.27468085106383
15495 0.316382978723404
15495 6.44106382978723
15495 4.35744680851064
15495 3.27042553191489
15495 0.372340425531915
15374 2.27468085106383
15374 0.316382978723404
15374 6.44106382978723
15374 4.35744680851064
15374 3.27042553191489
15374 0.372340425531915
15312 2.27468085106383
15312 0.316382978723404
15312 6.44106382978723
15312 4.35744680851064
15312 3.27042553191489
15312 0.372340425531915
15435 2.27468085106383
15435 0.316382978723404
15435 6.44106382978723
15435 4.35744680851064
15435 3.27042553191489
15435 0.372340425531915
15496 2.27468085106383
15496 0.316382978723404
15496 6.44106382978723
15496 4.35744680851064
15496 3.27042553191489
15496 0.372340425531915
15375 2.27468085106383
15375 0.316382978723404
15375 6.44106382978723
15375 4.35744680851064
15375 3.27042553191489
15375 0.372340425531915
15436 2.27468085106383
15436 0.316382978723404
15436 6.44106382978723
15436 4.35744680851064
15436 3.27042553191489
15436 0.372340425531915
15497 2.27468085106383
15497 0.316382978723404
15497 6.44106382978723
15497 4.35744680851064
15497 3.27042553191489
15497 0.372340425531915
15437 2.27468085106383
15437 0.316382978723404
15437 6.44106382978723
15437 4.35744680851064
15437 3.27042553191489
15437 0.372340425531915
15498 2.27468085106383
15498 0.316382978723404
15498 6.44106382978723
15498 4.35744680851064
15498 3.27042553191489
15498 0.372340425531915
15438 2.27468085106383
15438 0.316382978723404
15438 6.44106382978723
15438 4.35744680851064
15438 3.27042553191489
15438 0.372340425531915
15499 2.27468085106383
15499 0.316382978723404
15499 6.44106382978723
15499 4.35744680851064
15499 3.27042553191489
15499 0.372340425531915
15560 2.27468085106383
15560 0.316382978723404
15560 6.44106382978723
15560 4.35744680851064
15560 3.27042553191489
15560 0.372340425531915
15439 2.27468085106383
15439 0.316382978723404
15439 6.44106382978723
15439 4.35744680851064
15439 3.27042553191489
15439 0.372340425531915
15500 2.27468085106383
15500 0.316382978723404
15500 6.44106382978723
15500 4.35744680851064
15500 3.27042553191489
15500 0.372340425531915
15561 2.27468085106383
15561 0.316382978723404
15561 6.44106382978723
15561 4.35744680851064
15561 3.27042553191489
15561 0.372340425531915
15440 2.27468085106383
15440 0.316382978723404
15440 6.44106382978723
15440 4.35744680851064
15440 3.27042553191489
15440 0.372340425531915
15501 2.27468085106383
15501 0.316382978723404
15501 6.44106382978723
15501 4.35744680851064
15501 3.27042553191489
15501 0.372340425531915
15562 2.27468085106383
15562 0.316382978723404
15562 6.44106382978723
15562 4.35744680851064
15562 3.27042553191489
15562 0.372340425531915
15441 2.27468085106383
15441 0.316382978723404
15441 6.44106382978723
15441 4.35744680851064
15441 3.27042553191489
15441 0.372340425531915
15502 2.27468085106383
15502 0.316382978723404
15502 6.44106382978723
15502 4.35744680851064
15502 3.27042553191489
15502 0.372340425531915
15318 2.27468085106383
15318 0.316382978723404
15318 6.44106382978723
15318 4.35744680851064
15318 3.27042553191489
15318 0.372340425531915
15563 2.27468085106383
15563 0.316382978723404
15563 6.44106382978723
15563 4.35744680851064
15563 3.27042553191489
15563 0.372340425531915
15442 2.27468085106383
15442 0.316382978723404
15442 6.44106382978723
15442 4.35744680851064
15442 3.27042553191489
15442 0.372340425531915
15503 2.27468085106383
15503 0.316382978723404
15503 6.44106382978723
15503 4.35744680851064
15503 3.27042553191489
15503 0.372340425531915
15564 2.27468085106383
15564 0.316382978723404
15564 6.44106382978723
15564 4.35744680851064
15564 3.27042553191489
15564 0.372340425531915
15320 2.27468085106383
15320 0.316382978723404
15320 6.44106382978723
15320 4.35744680851064
15320 3.27042553191489
15320 0.372340425531915
15504 2.27468085106383
15504 0.316382978723404
15504 6.44106382978723
15504 4.35744680851064
15504 3.27042553191489
15504 0.372340425531915
15565 2.27468085106383
15565 0.316382978723404
15565 6.44106382978723
15565 4.35744680851064
15565 3.27042553191489
15565 0.372340425531915
15444 2.27468085106383
15444 0.316382978723404
15444 6.44106382978723
15444 4.35744680851064
15444 3.27042553191489
15444 0.372340425531915
15505 2.27468085106383
15505 0.316382978723404
15505 6.44106382978723
15505 4.35744680851064
15505 3.27042553191489
15505 0.372340425531915
15566 2.27468085106383
15566 0.316382978723404
15566 6.44106382978723
15566 4.35744680851064
15566 3.27042553191489
15566 0.372340425531915
15628 2.27468085106383
15628 0.316382978723404
15628 6.44106382978723
15628 4.35744680851064
15628 3.27042553191489
15628 0.372340425531915
15506 2.27468085106383
15506 0.316382978723404
15506 6.44106382978723
15506 4.35744680851064
15506 3.27042553191489
15506 0.372340425531915
15567 2.27468085106383
15567 0.316382978723404
15567 6.44106382978723
15567 4.35744680851064
15567 3.27042553191489
15567 0.372340425531915
15446 2.27468085106383
15446 0.316382978723404
15446 6.44106382978723
15446 4.35744680851064
15446 3.27042553191489
15446 0.372340425531915
15629 2.27468085106383
15629 0.316382978723404
15629 6.44106382978723
15629 4.35744680851064
15629 3.27042553191489
15629 0.372340425531915
15507 2.27468085106383
15507 0.316382978723404
15507 6.44106382978723
15507 4.35744680851064
15507 3.27042553191489
15507 0.372340425531915
15568 2.27468085106383
15568 0.316382978723404
15568 6.44106382978723
15568 4.35744680851064
15568 3.27042553191489
15568 0.372340425531915
15630 2.27468085106383
15630 0.316382978723404
15630 6.44106382978723
15630 4.35744680851064
15630 3.27042553191489
15630 0.372340425531915
15508 2.27468085106383
15508 0.316382978723404
15508 6.44106382978723
15508 4.35744680851064
15508 3.27042553191489
15508 0.372340425531915
15569 2.27468085106383
15569 0.316382978723404
15569 6.44106382978723
15569 4.35744680851064
15569 3.27042553191489
15569 0.372340425531915
15387 2.27468085106383
15387 0.316382978723404
15387 6.44106382978723
15387 4.35744680851064
15387 3.27042553191489
15387 0.372340425531915
15631 2.27468085106383
15631 0.316382978723404
15631 6.44106382978723
15631 4.35744680851064
15631 3.27042553191489
15631 0.372340425531915
15388 2.27468085106383
15388 0.316382978723404
15388 6.44106382978723
15388 4.35744680851064
15388 3.27042553191489
15388 0.372340425531915
15570 2.27468085106383
15570 0.316382978723404
15570 6.44106382978723
15570 4.35744680851064
15570 3.27042553191489
15570 0.372340425531915
15632 2.27468085106383
15632 0.316382978723404
15632 6.44106382978723
15632 4.35744680851064
15632 3.27042553191489
15632 0.372340425531915
15510 2.27468085106383
15510 0.316382978723404
15510 6.44106382978723
15510 4.35744680851064
15510 3.27042553191489
15510 0.372340425531915
15389 2.27468085106383
15389 0.316382978723404
15389 6.44106382978723
15389 4.35744680851064
15389 3.27042553191489
15389 0.372340425531915
15571 2.27468085106383
15571 0.316382978723404
15571 6.44106382978723
15571 4.35744680851064
15571 3.27042553191489
15571 0.372340425531915
15633 2.27468085106383
15633 0.316382978723404
15633 6.44106382978723
15633 4.35744680851064
15633 3.27042553191489
15633 0.372340425531915
15511 2.27468085106383
15511 0.316382978723404
15511 6.44106382978723
15511 4.35744680851064
15511 3.27042553191489
15511 0.372340425531915
15693 2.27468085106383
15693 0.316382978723404
15693 6.44106382978723
15693 4.35744680851064
15693 3.27042553191489
15693 0.372340425531915
15390 2.27468085106383
15390 0.316382978723404
15390 6.44106382978723
15390 4.35744680851064
15390 3.27042553191489
15390 0.372340425531915
15572 2.27468085106383
15572 0.316382978723404
15572 6.44106382978723
15572 4.35744680851064
15572 3.27042553191489
15572 0.372340425531915
15634 2.27468085106383
15634 0.316382978723404
15634 6.44106382978723
15634 4.35744680851064
15634 3.27042553191489
15634 0.372340425531915
15512 2.27468085106383
15512 0.316382978723404
15512 6.44106382978723
15512 4.35744680851064
15512 3.27042553191489
15512 0.372340425531915
15694 2.27468085106383
15694 0.316382978723404
15694 6.44106382978723
15694 4.35744680851064
15694 3.27042553191489
15694 0.372340425531915
15573 2.27468085106383
15573 0.316382978723404
15573 6.44106382978723
15573 4.35744680851064
15573 3.27042553191489
15573 0.372340425531915
15635 2.27468085106383
15635 0.316382978723404
15635 6.44106382978723
15635 4.35744680851064
15635 3.27042553191489
15635 0.372340425531915
15695 2.27468085106383
15695 0.316382978723404
15695 6.44106382978723
15695 4.35744680851064
15695 3.27042553191489
15695 0.372340425531915
15574 2.27468085106383
15574 0.316382978723404
15574 6.44106382978723
15574 4.35744680851064
15574 3.27042553191489
15574 0.372340425531915
15636 2.27468085106383
15636 0.316382978723404
15636 6.44106382978723
15636 4.35744680851064
15636 3.27042553191489
15636 0.372340425531915
15696 2.27468085106383
15696 0.316382978723404
15696 6.44106382978723
15696 4.35744680851064
15696 3.27042553191489
15696 0.372340425531915
15575 2.27468085106383
15575 0.316382978723404
15575 6.44106382978723
15575 4.35744680851064
15575 3.27042553191489
15575 0.372340425531915
15637 2.27468085106383
15637 0.316382978723404
15637 6.44106382978723
15637 4.35744680851064
15637 3.27042553191489
15637 0.372340425531915
15454 2.27468085106383
15454 0.316382978723404
15454 6.44106382978723
15454 4.35744680851064
15454 3.27042553191489
15454 0.372340425531915
15697 2.27468085106383
15697 0.316382978723404
15697 6.44106382978723
15697 4.35744680851064
15697 3.27042553191489
15697 0.372340425531915
15576 2.27468085106383
15576 0.316382978723404
15576 6.44106382978723
15576 4.35744680851064
15576 3.27042553191489
15576 0.372340425531915
15638 2.27468085106383
15638 0.316382978723404
15638 6.44106382978723
15638 4.35744680851064
15638 3.27042553191489
15638 0.372340425531915
15455 2.27468085106383
15455 0.316382978723404
15455 6.44106382978723
15455 4.35744680851064
15455 3.27042553191489
15455 0.372340425531915
15698 2.27468085106383
15698 0.316382978723404
15698 6.44106382978723
15698 4.35744680851064
15698 3.27042553191489
15698 0.372340425531915
15577 2.27468085106383
15577 0.316382978723404
15577 6.44106382978723
15577 4.35744680851064
15577 3.27042553191489
15577 0.372340425531915
15456 2.27468085106383
15456 0.316382978723404
15456 6.44106382978723
15456 4.35744680851064
15456 3.27042553191489
15456 0.372340425531915
15639 2.27468085106383
15639 0.316382978723404
15639 6.44106382978723
15639 4.35744680851064
15639 3.27042553191489
15639 0.372340425531915
15699 2.27468085106383
15699 0.316382978723404
15699 6.44106382978723
15699 4.35744680851064
15699 3.27042553191489
15699 0.372340425531915
15759 2.27468085106383
15759 0.316382978723404
15759 6.44106382978723
15759 4.35744680851064
15759 3.27042553191489
15759 0.372340425531915
15578 2.27468085106383
15578 0.316382978723404
15578 6.44106382978723
15578 4.35744680851064
15578 3.27042553191489
15578 0.372340425531915
15457 2.27468085106383
15457 0.316382978723404
15457 6.44106382978723
15457 4.35744680851064
15457 3.27042553191489
15457 0.372340425531915
15640 2.27468085106383
15640 0.316382978723404
15640 6.44106382978723
15640 4.35744680851064
15640 3.27042553191489
15640 0.372340425531915
15700 2.27468085106383
15700 0.316382978723404
15700 6.44106382978723
15700 4.35744680851064
15700 3.27042553191489
15700 0.372340425531915
15760 2.27468085106383
15760 0.316382978723404
15760 6.44106382978723
15760 4.35744680851064
15760 3.27042553191489
15760 0.372340425531915
15641 2.27468085106383
15641 0.316382978723404
15641 6.44106382978723
15641 4.35744680851064
15641 3.27042553191489
15641 0.372340425531915
15701 2.27468085106383
15701 0.316382978723404
15701 6.44106382978723
15701 4.35744680851064
15701 3.27042553191489
15701 0.372340425531915
15642 2.27468085106383
15642 0.316382978723404
15642 6.44106382978723
15642 4.35744680851064
15642 3.27042553191489
15642 0.372340425531915
15702 2.27468085106383
15702 0.316382978723404
15702 6.44106382978723
15702 4.35744680851064
15702 3.27042553191489
15702 0.372340425531915
15762 2.27468085106383
15762 0.316382978723404
15762 6.44106382978723
15762 4.35744680851064
15762 3.27042553191489
15762 0.372340425531915
15643 2.27468085106383
15643 0.316382978723404
15643 6.44106382978723
15643 4.35744680851064
15643 3.27042553191489
15643 0.372340425531915
15703 2.27468085106383
15703 0.316382978723404
15703 6.44106382978723
15703 4.35744680851064
15703 3.27042553191489
15703 0.372340425531915
15763 2.27468085106383
15763 0.316382978723404
15763 6.44106382978723
15763 4.35744680851064
15763 3.27042553191489
15763 0.372340425531915
15644 2.27468085106383
15644 0.316382978723404
15644 6.44106382978723
15644 4.35744680851064
15644 3.27042553191489
15644 0.372340425531915
15704 2.27468085106383
15704 0.316382978723404
15704 6.44106382978723
15704 4.35744680851064
15704 3.27042553191489
15704 0.372340425531915
15521 2.27468085106383
15521 0.316382978723404
15521 6.44106382978723
15521 4.35744680851064
15521 3.27042553191489
15521 0.372340425531915
15764 2.27468085106383
15764 0.316382978723404
15764 6.44106382978723
15764 4.35744680851064
15764 3.27042553191489
15764 0.372340425531915
15645 2.27468085106383
15645 0.316382978723404
15645 6.44106382978723
15645 4.35744680851064
15645 3.27042553191489
15645 0.372340425531915
15705 2.27468085106383
15705 0.316382978723404
15705 6.44106382978723
15705 4.35744680851064
15705 3.27042553191489
15705 0.372340425531915
15765 2.27468085106383
15765 0.316382978723404
15765 6.44106382978723
15765 4.35744680851064
15765 3.27042553191489
15765 0.372340425531915
15646 2.27468085106383
15646 0.316382978723404
15646 6.44106382978723
15646 4.35744680851064
15646 3.27042553191489
15646 0.372340425531915
15523 2.27468085106383
15523 0.316382978723404
15523 6.44106382978723
15523 4.35744680851064
15523 3.27042553191489
15523 0.372340425531915
15706 2.27468085106383
15706 0.316382978723404
15706 6.44106382978723
15706 4.35744680851064
15706 3.27042553191489
15706 0.372340425531915
15766 2.27468085106383
15766 0.316382978723404
15766 6.44106382978723
15766 4.35744680851064
15766 3.27042553191489
15766 0.372340425531915
15707 2.27468085106383
15707 0.316382978723404
15707 6.44106382978723
15707 4.35744680851064
15707 3.27042553191489
15707 0.372340425531915
15767 2.27468085106383
15767 0.316382978723404
15767 6.44106382978723
15767 4.35744680851064
15767 3.27042553191489
15767 0.372340425531915
15708 2.27468085106383
15708 0.316382978723404
15708 6.44106382978723
15708 4.35744680851064
15708 3.27042553191489
15708 0.372340425531915
15768 2.27468085106383
15768 0.316382978723404
15768 6.44106382978723
15768 4.35744680851064
15768 3.27042553191489
15768 0.372340425531915
15709 2.27468085106383
15709 0.316382978723404
15709 6.44106382978723
15709 4.35744680851064
15709 3.27042553191489
15709 0.372340425531915
15769 2.27468085106383
15769 0.316382978723404
15769 6.44106382978723
15769 4.35744680851064
15769 3.27042553191489
15769 0.372340425531915
15826 2.27468085106383
15826 0.316382978723404
15826 6.44106382978723
15826 4.35744680851064
15826 3.27042553191489
15826 0.372340425531915
15710 2.27468085106383
15710 0.316382978723404
15710 6.44106382978723
15710 4.35744680851064
15710 3.27042553191489
15710 0.372340425531915
15770 2.27468085106383
15770 0.316382978723404
15770 6.44106382978723
15770 4.35744680851064
15770 3.27042553191489
15770 0.372340425531915
15589 2.27468085106383
15589 0.316382978723404
15589 6.44106382978723
15589 4.35744680851064
15589 3.27042553191489
15589 0.372340425531915
15827 2.27468085106383
15827 0.316382978723404
15827 6.44106382978723
15827 4.35744680851064
15827 3.27042553191489
15827 0.372340425531915
15711 2.27468085106383
15711 0.316382978723404
15711 6.44106382978723
15711 4.35744680851064
15711 3.27042553191489
15711 0.372340425531915
15771 2.27468085106383
15771 0.316382978723404
15771 6.44106382978723
15771 4.35744680851064
15771 3.27042553191489
15771 0.372340425531915
15590 2.27468085106383
15590 0.316382978723404
15590 6.44106382978723
15590 4.35744680851064
15590 3.27042553191489
15590 0.372340425531915
15828 2.27468085106383
15828 0.316382978723404
15828 6.44106382978723
15828 4.35744680851064
15828 3.27042553191489
15828 0.372340425531915
15712 2.27468085106383
15712 0.316382978723404
15712 6.44106382978723
15712 4.35744680851064
15712 3.27042553191489
15712 0.372340425531915
15591 2.27468085106383
15591 0.316382978723404
15591 6.44106382978723
15591 4.35744680851064
15591 3.27042553191489
15591 0.372340425531915
15772 2.27468085106383
15772 0.316382978723404
15772 6.44106382978723
15772 4.35744680851064
15772 3.27042553191489
15772 0.372340425531915
15829 2.27468085106383
15829 0.316382978723404
15829 6.44106382978723
15829 4.35744680851064
15829 3.27042553191489
15829 0.372340425531915
15773 2.27468085106383
15773 0.316382978723404
15773 6.44106382978723
15773 4.35744680851064
15773 3.27042553191489
15773 0.372340425531915
15830 2.27468085106383
15830 0.316382978723404
15830 6.44106382978723
15830 4.35744680851064
15830 3.27042553191489
15830 0.372340425531915
15774 2.27468085106383
15774 0.316382978723404
15774 6.44106382978723
15774 4.35744680851064
15774 3.27042553191489
15774 0.372340425531915
15831 2.27468085106383
15831 0.316382978723404
15831 6.44106382978723
15831 4.35744680851064
15831 3.27042553191489
15831 0.372340425531915
15888 2.27468085106383
15888 0.316382978723404
15888 6.44106382978723
15888 4.35744680851064
15888 3.27042553191489
15888 0.372340425531915
15775 2.27468085106383
15775 0.316382978723404
15775 6.44106382978723
15775 4.35744680851064
15775 3.27042553191489
15775 0.372340425531915
15832 2.27468085106383
15832 0.316382978723404
15832 6.44106382978723
15832 4.35744680851064
15832 3.27042553191489
15832 0.372340425531915
15889 2.27468085106383
15889 0.316382978723404
15889 6.44106382978723
15889 4.35744680851064
15889 3.27042553191489
15889 0.372340425531915
15776 2.27468085106383
15776 0.316382978723404
15776 6.44106382978723
15776 4.35744680851064
15776 3.27042553191489
15776 0.372340425531915
15833 2.27468085106383
15833 0.316382978723404
15833 6.44106382978723
15833 4.35744680851064
15833 3.27042553191489
15833 0.372340425531915
15890 2.27468085106383
15890 0.316382978723404
15890 6.44106382978723
15890 4.35744680851064
15890 3.27042553191489
15890 0.372340425531915
15777 2.27468085106383
15777 0.316382978723404
15777 6.44106382978723
15777 4.35744680851064
15777 3.27042553191489
15777 0.372340425531915
15834 2.27468085106383
15834 0.316382978723404
15834 6.44106382978723
15834 4.35744680851064
15834 3.27042553191489
15834 0.372340425531915
15891 2.27468085106383
15891 0.316382978723404
15891 6.44106382978723
15891 4.35744680851064
15891 3.27042553191489
15891 0.372340425531915
15778 2.27468085106383
15778 0.316382978723404
15778 6.44106382978723
15778 4.35744680851064
15778 3.27042553191489
15778 0.372340425531915
15835 2.27468085106383
15835 0.316382978723404
15835 6.44106382978723
15835 4.35744680851064
15835 3.27042553191489
15835 0.372340425531915
15656 2.27468085106383
15656 0.316382978723404
15656 6.44106382978723
15656 4.35744680851064
15656 3.27042553191489
15656 0.372340425531915
15892 2.27468085106383
15892 0.316382978723404
15892 6.44106382978723
15892 4.35744680851064
15892 3.27042553191489
15892 0.372340425531915
15836 2.27468085106383
15836 0.316382978723404
15836 6.44106382978723
15836 4.35744680851064
15836 3.27042553191489
15836 0.372340425531915
15893 2.27468085106383
15893 0.316382978723404
15893 6.44106382978723
15893 4.35744680851064
15893 3.27042553191489
15893 0.372340425531915
15837 2.27468085106383
15837 0.316382978723404
15837 6.44106382978723
15837 4.35744680851064
15837 3.27042553191489
15837 0.372340425531915
15894 2.27468085106383
15894 0.316382978723404
15894 6.44106382978723
15894 4.35744680851064
15894 3.27042553191489
15894 0.372340425531915
15838 2.27468085106383
15838 0.316382978723404
15838 6.44106382978723
15838 4.35744680851064
15838 3.27042553191489
15838 0.372340425531915
15895 2.27468085106383
15895 0.316382978723404
15895 6.44106382978723
15895 4.35744680851064
15895 3.27042553191489
15895 0.372340425531915
15957 2.27468085106383
15957 0.316382978723404
15957 6.44106382978723
15957 4.35744680851064
15957 3.27042553191489
15957 0.372340425531915
15839 2.27468085106383
15839 0.316382978723404
15839 6.44106382978723
15839 4.35744680851064
15839 3.27042553191489
15839 0.372340425531915
15896 2.27468085106383
15896 0.316382978723404
15896 6.44106382978723
15896 4.35744680851064
15896 3.27042553191489
15896 0.372340425531915
15958 2.27468085106383
15958 0.316382978723404
15958 6.44106382978723
15958 4.35744680851064
15958 3.27042553191489
15958 0.372340425531915
15840 2.27468085106383
15840 0.316382978723404
15840 6.44106382978723
15840 4.35744680851064
15840 3.27042553191489
15840 0.372340425531915
15897 2.27468085106383
15897 0.316382978723404
15897 6.44106382978723
15897 4.35744680851064
15897 3.27042553191489
15897 0.372340425531915
15721 2.27468085106383
15721 0.316382978723404
15721 6.44106382978723
15721 4.35744680851064
15721 3.27042553191489
15721 0.372340425531915
15959 2.27468085106383
15959 0.316382978723404
15959 6.44106382978723
15959 4.35744680851064
15959 3.27042553191489
15959 0.372340425531915
15841 2.27468085106383
15841 0.316382978723404
15841 6.44106382978723
15841 4.35744680851064
15841 3.27042553191489
15841 0.372340425531915
15898 2.27468085106383
15898 0.316382978723404
15898 6.44106382978723
15898 4.35744680851064
15898 3.27042553191489
15898 0.372340425531915
15960 2.27468085106383
15960 0.316382978723404
15960 6.44106382978723
15960 4.35744680851064
15960 3.27042553191489
15960 0.372340425531915
15842 2.27468085106383
15842 0.316382978723404
15842 6.44106382978723
15842 4.35744680851064
15842 3.27042553191489
15842 0.372340425531915
15961 2.27468085106383
15961 0.316382978723404
15961 6.44106382978723
15961 4.35744680851064
15961 3.27042553191489
15961 0.372340425531915
15900 2.27468085106383
15900 0.316382978723404
15900 6.44106382978723
15900 4.35744680851064
15900 3.27042553191489
15900 0.372340425531915
15962 2.27468085106383
15962 0.316382978723404
15962 6.44106382978723
15962 4.35744680851064
15962 3.27042553191489
15962 0.372340425531915
15901 2.27468085106383
15901 0.316382978723404
15901 6.44106382978723
15901 4.35744680851064
15901 3.27042553191489
15901 0.372340425531915
15963 2.27468085106383
15963 0.316382978723404
15963 6.44106382978723
15963 4.35744680851064
15963 3.27042553191489
15963 0.372340425531915
16021 2.27468085106383
16021 0.316382978723404
16021 6.44106382978723
16021 4.35744680851064
16021 3.27042553191489
16021 0.372340425531915
15902 2.27468085106383
15902 0.316382978723404
15902 6.44106382978723
15902 4.35744680851064
15902 3.27042553191489
15902 0.372340425531915
15964 2.27468085106383
15964 0.316382978723404
15964 6.44106382978723
15964 4.35744680851064
15964 3.27042553191489
15964 0.372340425531915
16022 2.27468085106383
16022 0.316382978723404
16022 6.44106382978723
16022 4.35744680851064
16022 3.27042553191489
16022 0.372340425531915
15903 2.27468085106383
15903 0.316382978723404
15903 6.44106382978723
15903 4.35744680851064
15903 3.27042553191489
15903 0.372340425531915
15965 2.27468085106383
15965 0.316382978723404
15965 6.44106382978723
15965 4.35744680851064
15965 3.27042553191489
15965 0.372340425531915
15786 2.27468085106383
15786 0.316382978723404
15786 6.44106382978723
15786 4.35744680851064
15786 3.27042553191489
15786 0.372340425531915
16023 2.27468085106383
16023 0.316382978723404
16023 6.44106382978723
16023 4.35744680851064
16023 3.27042553191489
16023 0.372340425531915
15904 2.27468085106383
15904 0.316382978723404
15904 6.44106382978723
15904 4.35744680851064
15904 3.27042553191489
15904 0.372340425531915
15966 2.27468085106383
15966 0.316382978723404
15966 6.44106382978723
15966 4.35744680851064
15966 3.27042553191489
15966 0.372340425531915
15905 2.27468085106383
15905 0.316382978723404
15905 6.44106382978723
15905 4.35744680851064
15905 3.27042553191489
15905 0.372340425531915
15967 2.27468085106383
15967 0.316382978723404
15967 6.44106382978723
15967 4.35744680851064
15967 3.27042553191489
15967 0.372340425531915
16025 2.27468085106383
16025 0.316382978723404
16025 6.44106382978723
16025 4.35744680851064
16025 3.27042553191489
16025 0.372340425531915
15906 2.27468085106383
15906 0.316382978723404
15906 6.44106382978723
15906 4.35744680851064
15906 3.27042553191489
15906 0.372340425531915
15968 2.27468085106383
15968 0.316382978723404
15968 6.44106382978723
15968 4.35744680851064
15968 3.27042553191489
15968 0.372340425531915
16026 2.27468085106383
16026 0.316382978723404
16026 6.44106382978723
16026 4.35744680851064
16026 3.27042553191489
16026 0.372340425531915
15969 2.27468085106383
15969 0.316382978723404
15969 6.44106382978723
15969 4.35744680851064
15969 3.27042553191489
15969 0.372340425531915
16027 2.27468085106383
16027 0.316382978723404
16027 6.44106382978723
16027 4.35744680851064
16027 3.27042553191489
16027 0.372340425531915
16085 2.27468085106383
16085 0.316382978723404
16085 6.44106382978723
16085 4.35744680851064
16085 3.27042553191489
16085 0.372340425531915
15970 2.27468085106383
15970 0.316382978723404
15970 6.44106382978723
15970 4.35744680851064
15970 3.27042553191489
15970 0.372340425531915
16028 2.27468085106383
16028 0.316382978723404
16028 6.44106382978723
16028 4.35744680851064
16028 3.27042553191489
16028 0.372340425531915
16086 2.27468085106383
16086 0.316382978723404
16086 6.44106382978723
16086 4.35744680851064
16086 3.27042553191489
16086 0.372340425531915
15848 2.27468085106383
15848 0.316382978723404
15848 6.44106382978723
15848 4.35744680851064
15848 3.27042553191489
15848 0.372340425531915
15971 2.27468085106383
15971 0.316382978723404
15971 6.44106382978723
15971 4.35744680851064
15971 3.27042553191489
15971 0.372340425531915
16029 2.27468085106383
16029 0.316382978723404
16029 6.44106382978723
16029 4.35744680851064
16029 3.27042553191489
16029 0.372340425531915
15972 2.27468085106383
15972 0.316382978723404
15972 6.44106382978723
15972 4.35744680851064
15972 3.27042553191489
15972 0.372340425531915
16030 2.27468085106383
16030 0.316382978723404
16030 6.44106382978723
16030 4.35744680851064
16030 3.27042553191489
16030 0.372340425531915
16088 2.27468085106383
16088 0.316382978723404
16088 6.44106382978723
16088 4.35744680851064
16088 3.27042553191489
16088 0.372340425531915
15973 2.27468085106383
15973 0.316382978723404
15973 6.44106382978723
15973 4.35744680851064
15973 3.27042553191489
15973 0.372340425531915
16031 2.27468085106383
16031 0.316382978723404
16031 6.44106382978723
16031 4.35744680851064
16031 3.27042553191489
16031 0.372340425531915
16032 2.27468085106383
16032 0.316382978723404
16032 6.44106382978723
16032 4.35744680851064
16032 3.27042553191489
16032 0.372340425531915
16090 2.27468085106383
16090 0.316382978723404
16090 6.44106382978723
16090 4.35744680851064
16090 3.27042553191489
16090 0.372340425531915
15975 2.27468085106383
15975 0.316382978723404
15975 6.44106382978723
15975 4.35744680851064
15975 3.27042553191489
15975 0.372340425531915
15913 2.27468085106383
15913 0.316382978723404
15913 6.44106382978723
15913 4.35744680851064
15913 3.27042553191489
15913 0.372340425531915
16033 2.27468085106383
16033 0.316382978723404
16033 6.44106382978723
16033 4.35744680851064
16033 3.27042553191489
16033 0.372340425531915
16091 2.27468085106383
16091 0.316382978723404
16091 6.44106382978723
16091 4.35744680851064
16091 3.27042553191489
16091 0.372340425531915
15976 2.27468085106383
15976 0.316382978723404
15976 6.44106382978723
15976 4.35744680851064
15976 3.27042553191489
15976 0.372340425531915
16151 2.27468085106383
16151 0.316382978723404
16151 6.44106382978723
16151 4.35744680851064
16151 3.27042553191489
16151 0.372340425531915
16034 2.27468085106383
16034 0.316382978723404
16034 6.44106382978723
16034 4.35744680851064
16034 3.27042553191489
16034 0.372340425531915
16092 2.27468085106383
16092 0.316382978723404
16092 6.44106382978723
16092 4.35744680851064
16092 3.27042553191489
16092 0.372340425531915
15915 2.27468085106383
15915 0.316382978723404
15915 6.44106382978723
15915 4.35744680851064
15915 3.27042553191489
15915 0.372340425531915
16035 2.27468085106383
16035 0.316382978723404
16035 6.44106382978723
16035 4.35744680851064
16035 3.27042553191489
16035 0.372340425531915
16093 2.27468085106383
16093 0.316382978723404
16093 6.44106382978723
16093 4.35744680851064
16093 3.27042553191489
16093 0.372340425531915
16153 2.27468085106383
16153 0.316382978723404
16153 6.44106382978723
16153 4.35744680851064
16153 3.27042553191489
16153 0.372340425531915
16036 2.27468085106383
16036 0.316382978723404
16036 6.44106382978723
16036 4.35744680851064
16036 3.27042553191489
16036 0.372340425531915
16037 2.27468085106383
16037 0.316382978723404
16037 6.44106382978723
16037 4.35744680851064
16037 3.27042553191489
16037 0.372340425531915
16155 2.27468085106383
16155 0.316382978723404
16155 6.44106382978723
16155 4.35744680851064
16155 3.27042553191489
16155 0.372340425531915
16096 2.27468085106383
16096 0.316382978723404
16096 6.44106382978723
16096 4.35744680851064
16096 3.27042553191489
16096 0.372340425531915
16213 2.27468085106383
16213 0.316382978723404
16213 6.44106382978723
16213 4.35744680851064
16213 3.27042553191489
16213 0.372340425531915
16039 2.27468085106383
16039 0.316382978723404
16039 6.44106382978723
16039 4.35744680851064
16039 3.27042553191489
16039 0.372340425531915
16097 2.27468085106383
16097 0.316382978723404
16097 6.44106382978723
16097 4.35744680851064
16097 3.27042553191489
16097 0.372340425531915
16157 2.27468085106383
16157 0.316382978723404
16157 6.44106382978723
16157 4.35744680851064
16157 3.27042553191489
16157 0.372340425531915
16040 2.27468085106383
16040 0.316382978723404
16040 6.44106382978723
16040 4.35744680851064
16040 3.27042553191489
16040 0.372340425531915
16214 2.27468085106383
16214 0.316382978723404
16214 6.44106382978723
16214 4.35744680851064
16214 3.27042553191489
16214 0.372340425531915
15981 2.27468085106383
15981 0.316382978723404
15981 6.44106382978723
15981 4.35744680851064
15981 3.27042553191489
15981 0.372340425531915
16098 2.27468085106383
16098 0.316382978723404
16098 6.44106382978723
16098 4.35744680851064
16098 3.27042553191489
16098 0.372340425531915
16158 2.27468085106383
16158 0.316382978723404
16158 6.44106382978723
16158 4.35744680851064
16158 3.27042553191489
16158 0.372340425531915
16159 2.27468085106383
16159 0.316382978723404
16159 6.44106382978723
16159 4.35744680851064
16159 3.27042553191489
16159 0.372340425531915
16216 2.27468085106383
16216 0.316382978723404
16216 6.44106382978723
16216 4.35744680851064
16216 3.27042553191489
16216 0.372340425531915
15983 2.27468085106383
15983 0.316382978723404
15983 6.44106382978723
15983 4.35744680851064
15983 3.27042553191489
15983 0.372340425531915
16160 2.27468085106383
16160 0.316382978723404
16160 6.44106382978723
16160 4.35744680851064
16160 3.27042553191489
16160 0.372340425531915
16101 2.27468085106383
16101 0.316382978723404
16101 6.44106382978723
16101 4.35744680851064
16101 3.27042553191489
16101 0.372340425531915
16218 2.27468085106383
16218 0.316382978723404
16218 6.44106382978723
16218 4.35744680851064
16218 3.27042553191489
16218 0.372340425531915
16219 2.27468085106383
16219 0.316382978723404
16219 6.44106382978723
16219 4.35744680851064
16219 3.27042553191489
16219 0.372340425531915
16103 2.27468085106383
16103 0.316382978723404
16103 6.44106382978723
16103 4.35744680851064
16103 3.27042553191489
16103 0.372340425531915
16220 2.27468085106383
16220 0.316382978723404
16220 6.44106382978723
16220 4.35744680851064
16220 3.27042553191489
16220 0.372340425531915
16279 2.27468085106383
16279 0.316382978723404
16279 6.44106382978723
16279 4.35744680851064
16279 3.27042553191489
16279 0.372340425531915
16104 2.27468085106383
16104 0.316382978723404
16104 6.44106382978723
16104 4.35744680851064
16104 3.27042553191489
16104 0.372340425531915
16045 2.27468085106383
16045 0.316382978723404
16045 6.44106382978723
16045 4.35744680851064
16045 3.27042553191489
16045 0.372340425531915
16164 2.27468085106383
16164 0.316382978723404
16164 6.44106382978723
16164 4.35744680851064
16164 3.27042553191489
16164 0.372340425531915
16221 2.27468085106383
16221 0.316382978723404
16221 6.44106382978723
16221 4.35744680851064
16221 3.27042553191489
16221 0.372340425531915
16046 2.27468085106383
16046 0.316382978723404
16046 6.44106382978723
16046 4.35744680851064
16046 3.27042553191489
16046 0.372340425531915
16165 2.27468085106383
16165 0.316382978723404
16165 6.44106382978723
16165 4.35744680851064
16165 3.27042553191489
16165 0.372340425531915
16281 2.27468085106383
16281 0.316382978723404
16281 6.44106382978723
16281 4.35744680851064
16281 3.27042553191489
16281 0.372340425531915
16047 2.27468085106383
16047 0.316382978723404
16047 6.44106382978723
16047 4.35744680851064
16047 3.27042553191489
16047 0.372340425531915
16282 2.27468085106383
16282 0.316382978723404
16282 6.44106382978723
16282 4.35744680851064
16282 3.27042553191489
16282 0.372340425531915
16283 2.27468085106383
16283 0.316382978723404
16283 6.44106382978723
16283 4.35744680851064
16283 3.27042553191489
16283 0.372340425531915
16168 2.27468085106383
16168 0.316382978723404
16168 6.44106382978723
16168 4.35744680851064
16168 3.27042553191489
16168 0.372340425531915
16284 2.27468085106383
16284 0.316382978723404
16284 6.44106382978723
16284 4.35744680851064
16284 3.27042553191489
16284 0.372340425531915
16169 2.27468085106383
16169 0.316382978723404
16169 6.44106382978723
16169 4.35744680851064
16169 3.27042553191489
16169 0.372340425531915
16285 2.27468085106383
16285 0.316382978723404
16285 6.44106382978723
16285 4.35744680851064
16285 3.27042553191489
16285 0.372340425531915
16170 2.27468085106383
16170 0.316382978723404
16170 6.44106382978723
16170 4.35744680851064
16170 3.27042553191489
16170 0.372340425531915
16109 2.27468085106383
16109 0.316382978723404
16109 6.44106382978723
16109 4.35744680851064
16109 3.27042553191489
16109 0.372340425531915
16286 2.27468085106383
16286 0.316382978723404
16286 6.44106382978723
16286 4.35744680851064
16286 3.27042553191489
16286 0.372340425531915
16171 2.27468085106383
16171 0.316382978723404
16171 6.44106382978723
16171 4.35744680851064
16171 3.27042553191489
16171 0.372340425531915
16110 2.27468085106383
16110 0.316382978723404
16110 6.44106382978723
16110 4.35744680851064
16110 3.27042553191489
16110 0.372340425531915
16287 2.27468085106383
16287 0.316382978723404
16287 6.44106382978723
16287 4.35744680851064
16287 3.27042553191489
16287 0.372340425531915
16345 2.27468085106383
16345 0.316382978723404
16345 6.44106382978723
16345 4.35744680851064
16345 3.27042553191489
16345 0.372340425531915
16111 2.27468085106383
16111 0.316382978723404
16111 6.44106382978723
16111 4.35744680851064
16111 3.27042553191489
16111 0.372340425531915
16346 2.27468085106383
16346 0.316382978723404
16346 6.44106382978723
16346 4.35744680851064
16346 3.27042553191489
16346 0.372340425531915
16347 2.27468085106383
16347 0.316382978723404
16347 6.44106382978723
16347 4.35744680851064
16347 3.27042553191489
16347 0.372340425531915
16405 2.27468085106383
16405 0.316382978723404
16405 6.44106382978723
16405 4.35744680851064
16405 3.27042553191489
16405 0.372340425531915
16349 2.27468085106383
16349 0.316382978723404
16349 6.44106382978723
16349 4.35744680851064
16349 3.27042553191489
16349 0.372340425531915
16407 2.27468085106383
16407 0.316382978723404
16407 6.44106382978723
16407 4.35744680851064
16407 3.27042553191489
16407 0.372340425531915
16232 2.27468085106383
16232 0.316382978723404
16232 6.44106382978723
16232 4.35744680851064
16232 3.27042553191489
16232 0.372340425531915
16408 2.27468085106383
16408 0.316382978723404
16408 6.44106382978723
16408 4.35744680851064
16408 3.27042553191489
16408 0.372340425531915
16175 2.27468085106383
16175 0.316382978723404
16175 6.44106382978723
16175 4.35744680851064
16175 3.27042553191489
16175 0.372340425531915
16234 2.27468085106383
16234 0.316382978723404
16234 6.44106382978723
16234 4.35744680851064
16234 3.27042553191489
16234 0.372340425531915
16409 2.27468085106383
16409 0.316382978723404
16409 6.44106382978723
16409 4.35744680851064
16409 3.27042553191489
16409 0.372340425531915
16176 2.27468085106383
16176 0.316382978723404
16176 6.44106382978723
16176 4.35744680851064
16176 3.27042553191489
16176 0.372340425531915
16292 2.27468085106383
16292 0.316382978723404
16292 6.44106382978723
16292 4.35744680851064
16292 3.27042553191489
16292 0.372340425531915
16410 2.27468085106383
16410 0.316382978723404
16410 6.44106382978723
16410 4.35744680851064
16410 3.27042553191489
16410 0.372340425531915
16177 2.27468085106383
16177 0.316382978723404
16177 6.44106382978723
16177 4.35744680851064
16177 3.27042553191489
16177 0.372340425531915
16293 2.27468085106383
16293 0.316382978723404
16293 6.44106382978723
16293 4.35744680851064
16293 3.27042553191489
16293 0.372340425531915
16178 2.27468085106383
16178 0.316382978723404
16178 6.44106382978723
16178 4.35744680851064
16178 3.27042553191489
16178 0.372340425531915
16411 2.27468085106383
16411 0.316382978723404
16411 6.44106382978723
16411 4.35744680851064
16411 3.27042553191489
16411 0.372340425531915
16468 2.27468085106383
16468 0.316382978723404
16468 6.44106382978723
16468 4.35744680851064
16468 3.27042553191489
16468 0.372340425531915
16294 2.27468085106383
16294 0.316382978723404
16294 6.44106382978723
16294 4.35744680851064
16294 3.27042553191489
16294 0.372340425531915
16469 2.27468085106383
16469 0.316382978723404
16469 6.44106382978723
16469 4.35744680851064
16469 3.27042553191489
16469 0.372340425531915
16413 2.27468085106383
16413 0.316382978723404
16413 6.44106382978723
16413 4.35744680851064
16413 3.27042553191489
16413 0.372340425531915
16470 2.27468085106383
16470 0.316382978723404
16470 6.44106382978723
16470 4.35744680851064
16470 3.27042553191489
16470 0.372340425531915
16414 2.27468085106383
16414 0.316382978723404
16414 6.44106382978723
16414 4.35744680851064
16414 3.27042553191489
16414 0.372340425531915
16471 2.27468085106383
16471 0.316382978723404
16471 6.44106382978723
16471 4.35744680851064
16471 3.27042553191489
16471 0.372340425531915
16297 2.27468085106383
16297 0.316382978723404
16297 6.44106382978723
16297 4.35744680851064
16297 3.27042553191489
16297 0.372340425531915
16237 2.27468085106383
16237 0.316382978723404
16237 6.44106382978723
16237 4.35744680851064
16237 3.27042553191489
16237 0.372340425531915
16472 2.27468085106383
16472 0.316382978723404
16472 6.44106382978723
16472 4.35744680851064
16472 3.27042553191489
16472 0.372340425531915
16298 2.27468085106383
16298 0.316382978723404
16298 6.44106382978723
16298 4.35744680851064
16298 3.27042553191489
16298 0.372340425531915
16416 2.27468085106383
16416 0.316382978723404
16416 6.44106382978723
16416 4.35744680851064
16416 3.27042553191489
16416 0.372340425531915
16473 2.27468085106383
16473 0.316382978723404
16473 6.44106382978723
16473 4.35744680851064
16473 3.27042553191489
16473 0.372340425531915
16356 2.27468085106383
16356 0.316382978723404
16356 6.44106382978723
16356 4.35744680851064
16356 3.27042553191489
16356 0.372340425531915
16474 2.27468085106383
16474 0.316382978723404
16474 6.44106382978723
16474 4.35744680851064
16474 3.27042553191489
16474 0.372340425531915
16240 2.27468085106383
16240 0.316382978723404
16240 6.44106382978723
16240 4.35744680851064
16240 3.27042553191489
16240 0.372340425531915
16529 2.27468085106383
16529 0.316382978723404
16529 6.44106382978723
16529 4.35744680851064
16529 3.27042553191489
16529 0.372340425531915
16357 2.27468085106383
16357 0.316382978723404
16357 6.44106382978723
16357 4.35744680851064
16357 3.27042553191489
16357 0.372340425531915
16475 2.27468085106383
16475 0.316382978723404
16475 6.44106382978723
16475 4.35744680851064
16475 3.27042553191489
16475 0.372340425531915
16358 2.27468085106383
16358 0.316382978723404
16358 6.44106382978723
16358 4.35744680851064
16358 3.27042553191489
16358 0.372340425531915
16476 2.27468085106383
16476 0.316382978723404
16476 6.44106382978723
16476 4.35744680851064
16476 3.27042553191489
16476 0.372340425531915
16531 2.27468085106383
16531 0.316382978723404
16531 6.44106382978723
16531 4.35744680851064
16531 3.27042553191489
16531 0.372340425531915
16477 2.27468085106383
16477 0.316382978723404
16477 6.44106382978723
16477 4.35744680851064
16477 3.27042553191489
16477 0.372340425531915
16532 2.27468085106383
16532 0.316382978723404
16532 6.44106382978723
16532 4.35744680851064
16532 3.27042553191489
16532 0.372340425531915
16360 2.27468085106383
16360 0.316382978723404
16360 6.44106382978723
16360 4.35744680851064
16360 3.27042553191489
16360 0.372340425531915
16301 2.27468085106383
16301 0.316382978723404
16301 6.44106382978723
16301 4.35744680851064
16301 3.27042553191489
16301 0.372340425531915
16361 2.27468085106383
16361 0.316382978723404
16361 6.44106382978723
16361 4.35744680851064
16361 3.27042553191489
16361 0.372340425531915
16533 2.27468085106383
16533 0.316382978723404
16533 6.44106382978723
16533 4.35744680851064
16533 3.27042553191489
16533 0.372340425531915
16302 2.27468085106383
16302 0.316382978723404
16302 6.44106382978723
16302 4.35744680851064
16302 3.27042553191489
16302 0.372340425531915
16362 2.27468085106383
16362 0.316382978723404
16362 6.44106382978723
16362 4.35744680851064
16362 3.27042553191489
16362 0.372340425531915
16583 2.27468085106383
16583 0.316382978723404
16583 6.44106382978723
16583 4.35744680851064
16583 3.27042553191489
16583 0.372340425531915
16534 2.27468085106383
16534 0.316382978723404
16534 6.44106382978723
16534 4.35744680851064
16534 3.27042553191489
16534 0.372340425531915
16303 2.27468085106383
16303 0.316382978723404
16303 6.44106382978723
16303 4.35744680851064
16303 3.27042553191489
16303 0.372340425531915
16584 2.27468085106383
16584 0.316382978723404
16584 6.44106382978723
16584 4.35744680851064
16584 3.27042553191489
16584 0.372340425531915
16535 2.27468085106383
16535 0.316382978723404
16535 6.44106382978723
16535 4.35744680851064
16535 3.27042553191489
16535 0.372340425531915
16585 2.27468085106383
16585 0.316382978723404
16585 6.44106382978723
16585 4.35744680851064
16585 3.27042553191489
16585 0.372340425531915
16536 2.27468085106383
16536 0.316382978723404
16536 6.44106382978723
16536 4.35744680851064
16536 3.27042553191489
16536 0.372340425531915
16421 2.27468085106383
16421 0.316382978723404
16421 6.44106382978723
16421 4.35744680851064
16421 3.27042553191489
16421 0.372340425531915
16306 2.27468085106383
16306 0.316382978723404
16306 6.44106382978723
16306 4.35744680851064
16306 3.27042553191489
16306 0.372340425531915
16537 2.27468085106383
16537 0.316382978723404
16537 6.44106382978723
16537 4.35744680851064
16537 3.27042553191489
16537 0.372340425531915
16586 2.27468085106383
16586 0.316382978723404
16586 6.44106382978723
16586 4.35744680851064
16586 3.27042553191489
16586 0.372340425531915
16422 2.27468085106383
16422 0.316382978723404
16422 6.44106382978723
16422 4.35744680851064
16422 3.27042553191489
16422 0.372340425531915
16587 2.27468085106383
16587 0.316382978723404
16587 6.44106382978723
16587 4.35744680851064
16587 3.27042553191489
16587 0.372340425531915
16423 2.27468085106383
16423 0.316382978723404
16423 6.44106382978723
16423 4.35744680851064
16423 3.27042553191489
16423 0.372340425531915
16364 2.27468085106383
16364 0.316382978723404
16364 6.44106382978723
16364 4.35744680851064
16364 3.27042553191489
16364 0.372340425531915
16633 2.27468085106383
16633 0.316382978723404
16633 6.44106382978723
16633 4.35744680851064
16633 3.27042553191489
16633 0.372340425531915
16588 2.27468085106383
16588 0.316382978723404
16588 6.44106382978723
16588 4.35744680851064
16588 3.27042553191489
16588 0.372340425531915
16424 2.27468085106383
16424 0.316382978723404
16424 6.44106382978723
16424 4.35744680851064
16424 3.27042553191489
16424 0.372340425531915
16365 2.27468085106383
16365 0.316382978723404
16365 6.44106382978723
16365 4.35744680851064
16365 3.27042553191489
16365 0.372340425531915
16589 2.27468085106383
16589 0.316382978723404
16589 6.44106382978723
16589 4.35744680851064
16589 3.27042553191489
16589 0.372340425531915
16425 2.27468085106383
16425 0.316382978723404
16425 6.44106382978723
16425 4.35744680851064
16425 3.27042553191489
16425 0.372340425531915
16366 2.27468085106383
16366 0.316382978723404
16366 6.44106382978723
16366 4.35744680851064
16366 3.27042553191489
16366 0.372340425531915
16590 2.27468085106383
16590 0.316382978723404
16590 6.44106382978723
16590 4.35744680851064
16590 3.27042553191489
16590 0.372340425531915
16635 2.27468085106383
16635 0.316382978723404
16635 6.44106382978723
16635 4.35744680851064
16635 3.27042553191489
16635 0.372340425531915
16367 2.27468085106383
16367 0.316382978723404
16367 6.44106382978723
16367 4.35744680851064
16367 3.27042553191489
16367 0.372340425531915
16591 2.27468085106383
16591 0.316382978723404
16591 6.44106382978723
16591 4.35744680851064
16591 3.27042553191489
16591 0.372340425531915
16368 2.27468085106383
16368 0.316382978723404
16368 6.44106382978723
16368 4.35744680851064
16368 3.27042553191489
16368 0.372340425531915
16369 2.27468085106383
16369 0.316382978723404
16369 6.44106382978723
16369 4.35744680851064
16369 3.27042553191489
16369 0.372340425531915
16592 2.27468085106383
16592 0.316382978723404
16592 6.44106382978723
16592 4.35744680851064
16592 3.27042553191489
16592 0.372340425531915
16637 2.27468085106383
16637 0.316382978723404
16637 6.44106382978723
16637 4.35744680851064
16637 3.27042553191489
16637 0.372340425531915
16484 2.27468085106383
16484 0.316382978723404
16484 6.44106382978723
16484 4.35744680851064
16484 3.27042553191489
16484 0.372340425531915
16370 2.27468085106383
16370 0.316382978723404
16370 6.44106382978723
16370 4.35744680851064
16370 3.27042553191489
16370 0.372340425531915
16638 2.27468085106383
16638 0.316382978723404
16638 6.44106382978723
16638 4.35744680851064
16638 3.27042553191489
16638 0.372340425531915
16485 2.27468085106383
16485 0.316382978723404
16485 6.44106382978723
16485 4.35744680851064
16485 3.27042553191489
16485 0.372340425531915
16688 2.27468085106383
16688 0.316382978723404
16688 6.44106382978723
16688 4.35744680851064
16688 3.27042553191489
16688 0.372340425531915
16639 2.27468085106383
16639 0.316382978723404
16639 6.44106382978723
16639 4.35744680851064
16639 3.27042553191489
16639 0.372340425531915
16486 2.27468085106383
16486 0.316382978723404
16486 6.44106382978723
16486 4.35744680851064
16486 3.27042553191489
16486 0.372340425531915
16427 2.27468085106383
16427 0.316382978723404
16427 6.44106382978723
16427 4.35744680851064
16427 3.27042553191489
16427 0.372340425531915
16640 2.27468085106383
16640 0.316382978723404
16640 6.44106382978723
16640 4.35744680851064
16640 3.27042553191489
16640 0.372340425531915
16487 2.27468085106383
16487 0.316382978723404
16487 6.44106382978723
16487 4.35744680851064
16487 3.27042553191489
16487 0.372340425531915
16428 2.27468085106383
16428 0.316382978723404
16428 6.44106382978723
16428 4.35744680851064
16428 3.27042553191489
16428 0.372340425531915
16641 2.27468085106383
16641 0.316382978723404
16641 6.44106382978723
16641 4.35744680851064
16641 3.27042553191489
16641 0.372340425531915
16690 2.27468085106383
16690 0.316382978723404
16690 6.44106382978723
16690 4.35744680851064
16690 3.27042553191489
16690 0.372340425531915
16429 2.27468085106383
16429 0.316382978723404
16429 6.44106382978723
16429 4.35744680851064
16429 3.27042553191489
16429 0.372340425531915
16642 2.27468085106383
16642 0.316382978723404
16642 6.44106382978723
16642 4.35744680851064
16642 3.27042553191489
16642 0.372340425531915
16430 2.27468085106383
16430 0.316382978723404
16430 6.44106382978723
16430 4.35744680851064
16430 3.27042553191489
16430 0.372340425531915
16643 2.27468085106383
16643 0.316382978723404
16643 6.44106382978723
16643 4.35744680851064
16643 3.27042553191489
16643 0.372340425531915
16431 2.27468085106383
16431 0.316382978723404
16431 6.44106382978723
16431 4.35744680851064
16431 3.27042553191489
16431 0.372340425531915
16693 2.27468085106383
16693 0.316382978723404
16693 6.44106382978723
16693 4.35744680851064
16693 3.27042553191489
16693 0.372340425531915
16545 2.27468085106383
16545 0.316382978723404
16545 6.44106382978723
16545 4.35744680851064
16545 3.27042553191489
16545 0.372340425531915
16694 2.27468085106383
16694 0.316382978723404
16694 6.44106382978723
16694 4.35744680851064
16694 3.27042553191489
16694 0.372340425531915
16546 2.27468085106383
16546 0.316382978723404
16546 6.44106382978723
16546 4.35744680851064
16546 3.27042553191489
16546 0.372340425531915
16490 2.27468085106383
16490 0.316382978723404
16490 6.44106382978723
16490 4.35744680851064
16490 3.27042553191489
16490 0.372340425531915
16738 2.27468085106383
16738 0.316382978723404
16738 6.44106382978723
16738 4.35744680851064
16738 3.27042553191489
16738 0.372340425531915
16695 2.27468085106383
16695 0.316382978723404
16695 6.44106382978723
16695 4.35744680851064
16695 3.27042553191489
16695 0.372340425531915
16547 2.27468085106383
16547 0.316382978723404
16547 6.44106382978723
16547 4.35744680851064
16547 3.27042553191489
16547 0.372340425531915
16491 2.27468085106383
16491 0.316382978723404
16491 6.44106382978723
16491 4.35744680851064
16491 3.27042553191489
16491 0.372340425531915
16739 2.27468085106383
16739 0.316382978723404
16739 6.44106382978723
16739 4.35744680851064
16739 3.27042553191489
16739 0.372340425531915
16696 2.27468085106383
16696 0.316382978723404
16696 6.44106382978723
16696 4.35744680851064
16696 3.27042553191489
16696 0.372340425531915
16548 2.27468085106383
16548 0.316382978723404
16548 6.44106382978723
16548 4.35744680851064
16548 3.27042553191489
16548 0.372340425531915
16492 2.27468085106383
16492 0.316382978723404
16492 6.44106382978723
16492 4.35744680851064
16492 3.27042553191489
16492 0.372340425531915
16740 2.27468085106383
16740 0.316382978723404
16740 6.44106382978723
16740 4.35744680851064
16740 3.27042553191489
16740 0.372340425531915
16697 2.27468085106383
16697 0.316382978723404
16697 6.44106382978723
16697 4.35744680851064
16697 3.27042553191489
16697 0.372340425531915
16493 2.27468085106383
16493 0.316382978723404
16493 6.44106382978723
16493 4.35744680851064
16493 3.27042553191489
16493 0.372340425531915
16698 2.27468085106383
16698 0.316382978723404
16698 6.44106382978723
16698 4.35744680851064
16698 3.27042553191489
16698 0.372340425531915
16742 2.27468085106383
16742 0.316382978723404
16742 6.44106382978723
16742 4.35744680851064
16742 3.27042553191489
16742 0.372340425531915
16700 2.27468085106383
16700 0.316382978723404
16700 6.44106382978723
16700 4.35744680851064
16700 3.27042553191489
16700 0.372340425531915
16743 2.27468085106383
16743 0.316382978723404
16743 6.44106382978723
16743 4.35744680851064
16743 3.27042553191489
16743 0.372340425531915
16598 2.27468085106383
16598 0.316382978723404
16598 6.44106382978723
16598 4.35744680851064
16598 3.27042553191489
16598 0.372340425531915
16701 2.27468085106383
16701 0.316382978723404
16701 6.44106382978723
16701 4.35744680851064
16701 3.27042553191489
16701 0.372340425531915
16744 2.27468085106383
16744 0.316382978723404
16744 6.44106382978723
16744 4.35744680851064
16744 3.27042553191489
16744 0.372340425531915
16784 2.27468085106383
16784 0.316382978723404
16784 6.44106382978723
16784 4.35744680851064
16784 3.27042553191489
16784 0.372340425531915
16599 2.27468085106383
16599 0.316382978723404
16599 6.44106382978723
16599 4.35744680851064
16599 3.27042553191489
16599 0.372340425531915
16745 2.27468085106383
16745 0.316382978723404
16745 6.44106382978723
16745 4.35744680851064
16745 3.27042553191489
16745 0.372340425531915
16600 2.27468085106383
16600 0.316382978723404
16600 6.44106382978723
16600 4.35744680851064
16600 3.27042553191489
16600 0.372340425531915
16601 2.27468085106383
16601 0.316382978723404
16601 6.44106382978723
16601 4.35744680851064
16601 3.27042553191489
16601 0.372340425531915
16746 2.27468085106383
16746 0.316382978723404
16746 6.44106382978723
16746 4.35744680851064
16746 3.27042553191489
16746 0.372340425531915
16786 2.27468085106383
16786 0.316382978723404
16786 6.44106382978723
16786 4.35744680851064
16786 3.27042553191489
16786 0.372340425531915
16747 2.27468085106383
16747 0.316382978723404
16747 6.44106382978723
16747 4.35744680851064
16747 3.27042553191489
16747 0.372340425531915
16787 2.27468085106383
16787 0.316382978723404
16787 6.44106382978723
16787 4.35744680851064
16787 3.27042553191489
16787 0.372340425531915
16552 2.27468085106383
16552 0.316382978723404
16552 6.44106382978723
16552 4.35744680851064
16552 3.27042553191489
16552 0.372340425531915
16788 2.27468085106383
16788 0.316382978723404
16788 6.44106382978723
16788 4.35744680851064
16788 3.27042553191489
16788 0.372340425531915
16789 2.27468085106383
16789 0.316382978723404
16789 6.44106382978723
16789 4.35744680851064
16789 3.27042553191489
16789 0.372340425531915
16830 2.27468085106383
16830 0.316382978723404
16830 6.44106382978723
16830 4.35744680851064
16830 3.27042553191489
16830 0.372340425531915
16790 2.27468085106383
16790 0.316382978723404
16790 6.44106382978723
16790 4.35744680851064
16790 3.27042553191489
16790 0.372340425531915
16650 2.27468085106383
16650 0.316382978723404
16650 6.44106382978723
16650 4.35744680851064
16650 3.27042553191489
16650 0.372340425531915
16791 2.27468085106383
16791 0.316382978723404
16791 6.44106382978723
16791 4.35744680851064
16791 3.27042553191489
16791 0.372340425531915
16831 2.27468085106383
16831 0.316382978723404
16831 6.44106382978723
16831 4.35744680851064
16831 3.27042553191489
16831 0.372340425531915
16651 2.27468085106383
16651 0.316382978723404
16651 6.44106382978723
16651 4.35744680851064
16651 3.27042553191489
16651 0.372340425531915
16792 2.27468085106383
16792 0.316382978723404
16792 6.44106382978723
16792 4.35744680851064
16792 3.27042553191489
16792 0.372340425531915
16652 2.27468085106383
16652 0.316382978723404
16652 6.44106382978723
16652 4.35744680851064
16652 3.27042553191489
16652 0.372340425531915
16832 2.27468085106383
16832 0.316382978723404
16832 6.44106382978723
16832 4.35744680851064
16832 3.27042553191489
16832 0.372340425531915
16653 2.27468085106383
16653 0.316382978723404
16653 6.44106382978723
16653 4.35744680851064
16653 3.27042553191489
16653 0.372340425531915
16794 2.27468085106383
16794 0.316382978723404
16794 6.44106382978723
16794 4.35744680851064
16794 3.27042553191489
16794 0.372340425531915
16834 2.27468085106383
16834 0.316382978723404
16834 6.44106382978723
16834 4.35744680851064
16834 3.27042553191489
16834 0.372340425531915
16835 2.27468085106383
16835 0.316382978723404
16835 6.44106382978723
16835 4.35744680851064
16835 3.27042553191489
16835 0.372340425531915
16872 2.27468085106383
16872 0.316382978723404
16872 6.44106382978723
16872 4.35744680851064
16872 3.27042553191489
16872 0.372340425531915
16836 2.27468085106383
16836 0.316382978723404
16836 6.44106382978723
16836 4.35744680851064
16836 3.27042553191489
16836 0.372340425531915
16873 2.27468085106383
16873 0.316382978723404
16873 6.44106382978723
16873 4.35744680851064
16873 3.27042553191489
16873 0.372340425531915
16837 2.27468085106383
16837 0.316382978723404
16837 6.44106382978723
16837 4.35744680851064
16837 3.27042553191489
16837 0.372340425531915
16706 2.27468085106383
16706 0.316382978723404
16706 6.44106382978723
16706 4.35744680851064
16706 3.27042553191489
16706 0.372340425531915
16874 2.27468085106383
16874 0.316382978723404
16874 6.44106382978723
16874 4.35744680851064
16874 3.27042553191489
16874 0.372340425531915
16707 2.27468085106383
16707 0.316382978723404
16707 6.44106382978723
16707 4.35744680851064
16707 3.27042553191489
16707 0.372340425531915
16839 2.27468085106383
16839 0.316382978723404
16839 6.44106382978723
16839 4.35744680851064
16839 3.27042553191489
16839 0.372340425531915
16708 2.27468085106383
16708 0.316382978723404
16708 6.44106382978723
16708 4.35744680851064
16708 3.27042553191489
16708 0.372340425531915
16875 2.27468085106383
16875 0.316382978723404
16875 6.44106382978723
16875 4.35744680851064
16875 3.27042553191489
16875 0.372340425531915
16840 2.27468085106383
16840 0.316382978723404
16840 6.44106382978723
16840 4.35744680851064
16840 3.27042553191489
16840 0.372340425531915
16876 2.27468085106383
16876 0.316382978723404
16876 6.44106382978723
16876 4.35744680851064
16876 3.27042553191489
16876 0.372340425531915
16877 2.27468085106383
16877 0.316382978723404
16877 6.44106382978723
16877 4.35744680851064
16877 3.27042553191489
16877 0.372340425531915
16878 2.27468085106383
16878 0.316382978723404
16878 6.44106382978723
16878 4.35744680851064
16878 3.27042553191489
16878 0.372340425531915
16711 2.27468085106383
16711 0.316382978723404
16711 6.44106382978723
16711 4.35744680851064
16711 3.27042553191489
16711 0.372340425531915
16912 2.27468085106383
16912 0.316382978723404
16912 6.44106382978723
16912 4.35744680851064
16912 3.27042553191489
16912 0.372340425531915
16879 2.27468085106383
16879 0.316382978723404
16879 6.44106382978723
16879 4.35744680851064
16879 3.27042553191489
16879 0.372340425531915
16754 2.27468085106383
16754 0.316382978723404
16754 6.44106382978723
16754 4.35744680851064
16754 3.27042553191489
16754 0.372340425531915
16913 2.27468085106383
16913 0.316382978723404
16913 6.44106382978723
16913 4.35744680851064
16913 3.27042553191489
16913 0.372340425531915
16880 2.27468085106383
16880 0.316382978723404
16880 6.44106382978723
16880 4.35744680851064
16880 3.27042553191489
16880 0.372340425531915
16755 2.27468085106383
16755 0.316382978723404
16755 6.44106382978723
16755 4.35744680851064
16755 3.27042553191489
16755 0.372340425531915
16914 2.27468085106383
16914 0.316382978723404
16914 6.44106382978723
16914 4.35744680851064
16914 3.27042553191489
16914 0.372340425531915
16756 2.27468085106383
16756 0.316382978723404
16756 6.44106382978723
16756 4.35744680851064
16756 3.27042553191489
16756 0.372340425531915
16881 2.27468085106383
16881 0.316382978723404
16881 6.44106382978723
16881 4.35744680851064
16881 3.27042553191489
16881 0.372340425531915
16757 2.27468085106383
16757 0.316382978723404
16757 6.44106382978723
16757 4.35744680851064
16757 3.27042553191489
16757 0.372340425531915
16915 2.27468085106383
16915 0.316382978723404
16915 6.44106382978723
16915 4.35744680851064
16915 3.27042553191489
16915 0.372340425531915
16882 2.27468085106383
16882 0.316382978723404
16882 6.44106382978723
16882 4.35744680851064
16882 3.27042553191489
16882 0.372340425531915
16916 2.27468085106383
16916 0.316382978723404
16916 6.44106382978723
16916 4.35744680851064
16916 3.27042553191489
16916 0.372340425531915
16917 2.27468085106383
16917 0.316382978723404
16917 6.44106382978723
16917 4.35744680851064
16917 3.27042553191489
16917 0.372340425531915
16952 2.27468085106383
16952 0.316382978723404
16952 6.44106382978723
16952 4.35744680851064
16952 3.27042553191489
16952 0.372340425531915
16918 2.27468085106383
16918 0.316382978723404
16918 6.44106382978723
16918 4.35744680851064
16918 3.27042553191489
16918 0.372340425531915
16800 2.27468085106383
16800 0.316382978723404
16800 6.44106382978723
16800 4.35744680851064
16800 3.27042553191489
16800 0.372340425531915
16953 2.27468085106383
16953 0.316382978723404
16953 6.44106382978723
16953 4.35744680851064
16953 3.27042553191489
16953 0.372340425531915
16919 2.27468085106383
16919 0.316382978723404
16919 6.44106382978723
16919 4.35744680851064
16919 3.27042553191489
16919 0.372340425531915
16801 2.27468085106383
16801 0.316382978723404
16801 6.44106382978723
16801 4.35744680851064
16801 3.27042553191489
16801 0.372340425531915
16920 2.27468085106383
16920 0.316382978723404
16920 6.44106382978723
16920 4.35744680851064
16920 3.27042553191489
16920 0.372340425531915
16954 2.27468085106383
16954 0.316382978723404
16954 6.44106382978723
16954 4.35744680851064
16954 3.27042553191489
16954 0.372340425531915
16802 2.27468085106383
16802 0.316382978723404
16802 6.44106382978723
16802 4.35744680851064
16802 3.27042553191489
16802 0.372340425531915
16921 2.27468085106383
16921 0.316382978723404
16921 6.44106382978723
16921 4.35744680851064
16921 3.27042553191489
16921 0.372340425531915
16803 2.27468085106383
16803 0.316382978723404
16803 6.44106382978723
16803 4.35744680851064
16803 3.27042553191489
16803 0.372340425531915
16922 2.27468085106383
16922 0.316382978723404
16922 6.44106382978723
16922 4.35744680851064
16922 3.27042553191489
16922 0.372340425531915
16956 2.27468085106383
16956 0.316382978723404
16956 6.44106382978723
16956 4.35744680851064
16956 3.27042553191489
16956 0.372340425531915
16957 2.27468085106383
16957 0.316382978723404
16957 6.44106382978723
16957 4.35744680851064
16957 3.27042553191489
16957 0.372340425531915
16805 2.27468085106383
16805 0.316382978723404
16805 6.44106382978723
16805 4.35744680851064
16805 3.27042553191489
16805 0.372340425531915
16989 2.27468085106383
16989 0.316382978723404
16989 6.44106382978723
16989 4.35744680851064
16989 3.27042553191489
16989 0.372340425531915
16958 2.27468085106383
16958 0.316382978723404
16958 6.44106382978723
16958 4.35744680851064
16958 3.27042553191489
16958 0.372340425531915
16990 2.27468085106383
16990 0.316382978723404
16990 6.44106382978723
16990 4.35744680851064
16990 3.27042553191489
16990 0.372340425531915
16959 2.27468085106383
16959 0.316382978723404
16959 6.44106382978723
16959 4.35744680851064
16959 3.27042553191489
16959 0.372340425531915
16845 2.27468085106383
16845 0.316382978723404
16845 6.44106382978723
16845 4.35744680851064
16845 3.27042553191489
16845 0.372340425531915
16960 2.27468085106383
16960 0.316382978723404
16960 6.44106382978723
16960 4.35744680851064
16960 3.27042553191489
16960 0.372340425531915
16991 2.27468085106383
16991 0.316382978723404
16991 6.44106382978723
16991 4.35744680851064
16991 3.27042553191489
16991 0.372340425531915
16846 2.27468085106383
16846 0.316382978723404
16846 6.44106382978723
16846 4.35744680851064
16846 3.27042553191489
16846 0.372340425531915
16961 2.27468085106383
16961 0.316382978723404
16961 6.44106382978723
16961 4.35744680851064
16961 3.27042553191489
16961 0.372340425531915
16992 2.27468085106383
16992 0.316382978723404
16992 6.44106382978723
16992 4.35744680851064
16992 3.27042553191489
16992 0.372340425531915
16993 2.27468085106383
16993 0.316382978723404
16993 6.44106382978723
16993 4.35744680851064
16993 3.27042553191489
16993 0.372340425531915
16994 2.27468085106383
16994 0.316382978723404
16994 6.44106382978723
16994 4.35744680851064
16994 3.27042553191489
16994 0.372340425531915
17030 2.27468085106383
17030 0.316382978723404
17030 6.44106382978723
17030 4.35744680851064
17030 3.27042553191489
17030 0.372340425531915
16995 2.27468085106383
16995 0.316382978723404
16995 6.44106382978723
16995 4.35744680851064
16995 3.27042553191489
16995 0.372340425531915
17031 2.27468085106383
17031 0.316382978723404
17031 6.44106382978723
17031 4.35744680851064
17031 3.27042553191489
17031 0.372340425531915
16996 2.27468085106383
16996 0.316382978723404
16996 6.44106382978723
16996 4.35744680851064
16996 3.27042553191489
16996 0.372340425531915
16886 2.27468085106383
16886 0.316382978723404
16886 6.44106382978723
16886 4.35744680851064
16886 3.27042553191489
16886 0.372340425531915
17032 2.27468085106383
17032 0.316382978723404
17032 6.44106382978723
17032 4.35744680851064
17032 3.27042553191489
17032 0.372340425531915
16997 2.27468085106383
16997 0.316382978723404
16997 6.44106382978723
16997 4.35744680851064
16997 3.27042553191489
16997 0.372340425531915
16887 2.27468085106383
16887 0.316382978723404
16887 6.44106382978723
16887 4.35744680851064
16887 3.27042553191489
16887 0.372340425531915
17033 2.27468085106383
17033 0.316382978723404
17033 6.44106382978723
17033 4.35744680851064
17033 3.27042553191489
17033 0.372340425531915
16998 2.27468085106383
16998 0.316382978723404
16998 6.44106382978723
16998 4.35744680851064
16998 3.27042553191489
16998 0.372340425531915
17034 2.27468085106383
17034 0.316382978723404
17034 6.44106382978723
17034 4.35744680851064
17034 3.27042553191489
17034 0.372340425531915
16999 2.27468085106383
16999 0.316382978723404
16999 6.44106382978723
16999 4.35744680851064
16999 3.27042553191489
16999 0.372340425531915
17035 2.27468085106383
17035 0.316382978723404
17035 6.44106382978723
17035 4.35744680851064
17035 3.27042553191489
17035 0.372340425531915
17036 2.27468085106383
17036 0.316382978723404
17036 6.44106382978723
17036 4.35744680851064
17036 3.27042553191489
17036 0.372340425531915
17074 2.27468085106383
17074 0.316382978723404
17074 6.44106382978723
17074 4.35744680851064
17074 3.27042553191489
17074 0.372340425531915
17037 2.27468085106383
17037 0.316382978723404
17037 6.44106382978723
17037 4.35744680851064
17037 3.27042553191489
17037 0.372340425531915
17075 2.27468085106383
17075 0.316382978723404
17075 6.44106382978723
17075 4.35744680851064
17075 3.27042553191489
17075 0.372340425531915
17038 2.27468085106383
17038 0.316382978723404
17038 6.44106382978723
17038 4.35744680851064
17038 3.27042553191489
17038 0.372340425531915
16925 2.27468085106383
16925 0.316382978723404
16925 6.44106382978723
16925 4.35744680851064
16925 3.27042553191489
16925 0.372340425531915
17076 2.27468085106383
17076 0.316382978723404
17076 6.44106382978723
17076 4.35744680851064
17076 3.27042553191489
17076 0.372340425531915
17039 2.27468085106383
17039 0.316382978723404
17039 6.44106382978723
17039 4.35744680851064
17039 3.27042553191489
17039 0.372340425531915
17040 2.27468085106383
17040 0.316382978723404
17040 6.44106382978723
17040 4.35744680851064
17040 3.27042553191489
17040 0.372340425531915
17077 2.27468085106383
17077 0.316382978723404
17077 6.44106382978723
17077 4.35744680851064
17077 3.27042553191489
17077 0.372340425531915
17041 2.27468085106383
17041 0.316382978723404
17041 6.44106382978723
17041 4.35744680851064
17041 3.27042553191489
17041 0.372340425531915
17078 2.27468085106383
17078 0.316382978723404
17078 6.44106382978723
17078 4.35744680851064
17078 3.27042553191489
17078 0.372340425531915
17079 2.27468085106383
17079 0.316382978723404
17079 6.44106382978723
17079 4.35744680851064
17079 3.27042553191489
17079 0.372340425531915
17116 2.27468085106383
17116 0.316382978723404
17116 6.44106382978723
17116 4.35744680851064
17116 3.27042553191489
17116 0.372340425531915
17080 2.27468085106383
17080 0.316382978723404
17080 6.44106382978723
17080 4.35744680851064
17080 3.27042553191489
17080 0.372340425531915
17117 2.27468085106383
17117 0.316382978723404
17117 6.44106382978723
17117 4.35744680851064
17117 3.27042553191489
17117 0.372340425531915
17081 2.27468085106383
17081 0.316382978723404
17081 6.44106382978723
17081 4.35744680851064
17081 3.27042553191489
17081 0.372340425531915
17118 2.27468085106383
17118 0.316382978723404
17118 6.44106382978723
17118 4.35744680851064
17118 3.27042553191489
17118 0.372340425531915
17082 2.27468085106383
17082 0.316382978723404
17082 6.44106382978723
17082 4.35744680851064
17082 3.27042553191489
17082 0.372340425531915
17119 2.27468085106383
17119 0.316382978723404
17119 6.44106382978723
17119 4.35744680851064
17119 3.27042553191489
17119 0.372340425531915
17083 2.27468085106383
17083 0.316382978723404
17083 6.44106382978723
17083 4.35744680851064
17083 3.27042553191489
17083 0.372340425531915
17084 2.27468085106383
17084 0.316382978723404
17084 6.44106382978723
17084 4.35744680851064
17084 3.27042553191489
17084 0.372340425531915
17120 2.27468085106383
17120 0.316382978723404
17120 6.44106382978723
17120 4.35744680851064
17120 3.27042553191489
17120 0.372340425531915
17121 2.27468085106383
17121 0.316382978723404
17121 6.44106382978723
17121 4.35744680851064
17121 3.27042553191489
17121 0.372340425531915
17122 2.27468085106383
17122 0.316382978723404
17122 6.44106382978723
17122 4.35744680851064
17122 3.27042553191489
17122 0.372340425531915
17157 2.27468085106383
17157 0.316382978723404
17157 6.44106382978723
17157 4.35744680851064
17157 3.27042553191489
17157 0.372340425531915
17123 2.27468085106383
17123 0.316382978723404
17123 6.44106382978723
17123 4.35744680851064
17123 3.27042553191489
17123 0.372340425531915
17158 2.27468085106383
17158 0.316382978723404
17158 6.44106382978723
17158 4.35744680851064
17158 3.27042553191489
17158 0.372340425531915
17124 2.27468085106383
17124 0.316382978723404
17124 6.44106382978723
17124 4.35744680851064
17124 3.27042553191489
17124 0.372340425531915
17159 2.27468085106383
17159 0.316382978723404
17159 6.44106382978723
17159 4.35744680851064
17159 3.27042553191489
17159 0.372340425531915
17125 2.27468085106383
17125 0.316382978723404
17125 6.44106382978723
17125 4.35744680851064
17125 3.27042553191489
17125 0.372340425531915
17126 2.27468085106383
17126 0.316382978723404
17126 6.44106382978723
17126 4.35744680851064
17126 3.27042553191489
17126 0.372340425531915
17160 2.27468085106383
17160 0.316382978723404
17160 6.44106382978723
17160 4.35744680851064
17160 3.27042553191489
17160 0.372340425531915
17161 2.27468085106383
17161 0.316382978723404
17161 6.44106382978723
17161 4.35744680851064
17161 3.27042553191489
17161 0.372340425531915
17162 2.27468085106383
17162 0.316382978723404
17162 6.44106382978723
17162 4.35744680851064
17162 3.27042553191489
17162 0.372340425531915
17197 2.27468085106383
17197 0.316382978723404
17197 6.44106382978723
17197 4.35744680851064
17197 3.27042553191489
17197 0.372340425531915
17163 2.27468085106383
17163 0.316382978723404
17163 6.44106382978723
17163 4.35744680851064
17163 3.27042553191489
17163 0.372340425531915
17198 2.27468085106383
17198 0.316382978723404
17198 6.44106382978723
17198 4.35744680851064
17198 3.27042553191489
17198 0.372340425531915
17164 2.27468085106383
17164 0.316382978723404
17164 6.44106382978723
17164 4.35744680851064
17164 3.27042553191489
17164 0.372340425531915
17199 2.27468085106383
17199 0.316382978723404
17199 6.44106382978723
17199 4.35744680851064
17199 3.27042553191489
17199 0.372340425531915
17165 2.27468085106383
17165 0.316382978723404
17165 6.44106382978723
17165 4.35744680851064
17165 3.27042553191489
17165 0.372340425531915
17200 2.27468085106383
17200 0.316382978723404
17200 6.44106382978723
17200 4.35744680851064
17200 3.27042553191489
17200 0.372340425531915
17166 2.27468085106383
17166 0.316382978723404
17166 6.44106382978723
17166 4.35744680851064
17166 3.27042553191489
17166 0.372340425531915
17201 2.27468085106383
17201 0.316382978723404
17201 6.44106382978723
17201 4.35744680851064
17201 3.27042553191489
17201 0.372340425531915
17167 2.27468085106383
17167 0.316382978723404
17167 6.44106382978723
17167 4.35744680851064
17167 3.27042553191489
17167 0.372340425531915
17202 2.27468085106383
17202 0.316382978723404
17202 6.44106382978723
17202 4.35744680851064
17202 3.27042553191489
17202 0.372340425531915
17203 2.27468085106383
17203 0.316382978723404
17203 6.44106382978723
17203 4.35744680851064
17203 3.27042553191489
17203 0.372340425531915
17239 2.27468085106383
17239 0.316382978723404
17239 6.44106382978723
17239 4.35744680851064
17239 3.27042553191489
17239 0.372340425531915
17204 2.27468085106383
17204 0.316382978723404
17204 6.44106382978723
17204 4.35744680851064
17204 3.27042553191489
17204 0.372340425531915
17240 2.27468085106383
17240 0.316382978723404
17240 6.44106382978723
17240 4.35744680851064
17240 3.27042553191489
17240 0.372340425531915
17205 2.27468085106383
17205 0.316382978723404
17205 6.44106382978723
17205 4.35744680851064
17205 3.27042553191489
17205 0.372340425531915
17241 2.27468085106383
17241 0.316382978723404
17241 6.44106382978723
17241 4.35744680851064
17241 3.27042553191489
17241 0.372340425531915
17206 2.27468085106383
17206 0.316382978723404
17206 6.44106382978723
17206 4.35744680851064
17206 3.27042553191489
17206 0.372340425531915
17242 2.27468085106383
17242 0.316382978723404
17242 6.44106382978723
17242 4.35744680851064
17242 3.27042553191489
17242 0.372340425531915
17207 2.27468085106383
17207 0.316382978723404
17207 6.44106382978723
17207 4.35744680851064
17207 3.27042553191489
17207 0.372340425531915
17243 2.27468085106383
17243 0.316382978723404
17243 6.44106382978723
17243 4.35744680851064
17243 3.27042553191489
17243 0.372340425531915
17244 2.27468085106383
17244 0.316382978723404
17244 6.44106382978723
17244 4.35744680851064
17244 3.27042553191489
17244 0.372340425531915
17276 2.27468085106383
17276 0.316382978723404
17276 6.44106382978723
17276 4.35744680851064
17276 3.27042553191489
17276 0.372340425531915
17245 2.27468085106383
17245 0.316382978723404
17245 6.44106382978723
17245 4.35744680851064
17245 3.27042553191489
17245 0.372340425531915
17277 2.27468085106383
17277 0.316382978723404
17277 6.44106382978723
17277 4.35744680851064
17277 3.27042553191489
17277 0.372340425531915
17246 2.27468085106383
17246 0.316382978723404
17246 6.44106382978723
17246 4.35744680851064
17246 3.27042553191489
17246 0.372340425531915
17278 2.27468085106383
17278 0.316382978723404
17278 6.44106382978723
17278 4.35744680851064
17278 3.27042553191489
17278 0.372340425531915
17247 2.27468085106383
17247 0.316382978723404
17247 6.44106382978723
17247 4.35744680851064
17247 3.27042553191489
17247 0.372340425531915
17279 2.27468085106383
17279 0.316382978723404
17279 6.44106382978723
17279 4.35744680851064
17279 3.27042553191489
17279 0.372340425531915
17248 2.27468085106383
17248 0.316382978723404
17248 6.44106382978723
17248 4.35744680851064
17248 3.27042553191489
17248 0.372340425531915
17249 2.27468085106383
17249 0.316382978723404
17249 6.44106382978723
17249 4.35744680851064
17249 3.27042553191489
17249 0.372340425531915
17280 2.27468085106383
17280 0.316382978723404
17280 6.44106382978723
17280 4.35744680851064
17280 3.27042553191489
17280 0.372340425531915
17281 2.27468085106383
17281 0.316382978723404
17281 6.44106382978723
17281 4.35744680851064
17281 3.27042553191489
17281 0.372340425531915
17282 2.27468085106383
17282 0.316382978723404
17282 6.44106382978723
17282 4.35744680851064
17282 3.27042553191489
17282 0.372340425531915
17283 2.27468085106383
17283 0.316382978723404
17283 6.44106382978723
17283 4.35744680851064
17283 3.27042553191489
17283 0.372340425531915
17311 2.27468085106383
17311 0.316382978723404
17311 6.44106382978723
17311 4.35744680851064
17311 3.27042553191489
17311 0.372340425531915
17284 2.27468085106383
17284 0.316382978723404
17284 6.44106382978723
17284 4.35744680851064
17284 3.27042553191489
17284 0.372340425531915
17312 2.27468085106383
17312 0.316382978723404
17312 6.44106382978723
17312 4.35744680851064
17312 3.27042553191489
17312 0.372340425531915
17285 2.27468085106383
17285 0.316382978723404
17285 6.44106382978723
17285 4.35744680851064
17285 3.27042553191489
17285 0.372340425531915
17313 2.27468085106383
17313 0.316382978723404
17313 6.44106382978723
17313 4.35744680851064
17313 3.27042553191489
17313 0.372340425531915
17286 2.27468085106383
17286 0.316382978723404
17286 6.44106382978723
17286 4.35744680851064
17286 3.27042553191489
17286 0.372340425531915
17314 2.27468085106383
17314 0.316382978723404
17314 6.44106382978723
17314 4.35744680851064
17314 3.27042553191489
17314 0.372340425531915
17315 2.27468085106383
17315 0.316382978723404
17315 6.44106382978723
17315 4.35744680851064
17315 3.27042553191489
17315 0.372340425531915
17345 2.27468085106383
17345 0.316382978723404
17345 6.44106382978723
17345 4.35744680851064
17345 3.27042553191489
17345 0.372340425531915
17317 2.27468085106383
17317 0.316382978723404
17317 6.44106382978723
17317 4.35744680851064
17317 3.27042553191489
17317 0.372340425531915
17346 2.27468085106383
17346 0.316382978723404
17346 6.44106382978723
17346 4.35744680851064
17346 3.27042553191489
17346 0.372340425531915
17318 2.27468085106383
17318 0.316382978723404
17318 6.44106382978723
17318 4.35744680851064
17318 3.27042553191489
17318 0.372340425531915
17319 2.27468085106383
17319 0.316382978723404
17319 6.44106382978723
17319 4.35744680851064
17319 3.27042553191489
17319 0.372340425531915
17349 2.27468085106383
17349 0.316382978723404
17349 6.44106382978723
17349 4.35744680851064
17349 3.27042553191489
17349 0.372340425531915
17350 2.27468085106383
17350 0.316382978723404
17350 6.44106382978723
17350 4.35744680851064
17350 3.27042553191489
17350 0.372340425531915
17351 2.27468085106383
17351 0.316382978723404
17351 6.44106382978723
17351 4.35744680851064
17351 3.27042553191489
17351 0.372340425531915
17352 2.27468085106383
17352 0.316382978723404
17352 6.44106382978723
17352 4.35744680851064
17352 3.27042553191489
17352 0.372340425531915
17382 2.27468085106383
17382 0.316382978723404
17382 6.44106382978723
17382 4.35744680851064
17382 3.27042553191489
17382 0.372340425531915
17353 2.27468085106383
17353 0.316382978723404
17353 6.44106382978723
17353 4.35744680851064
17353 3.27042553191489
17353 0.372340425531915
17383 2.27468085106383
17383 0.316382978723404
17383 6.44106382978723
17383 4.35744680851064
17383 3.27042553191489
17383 0.372340425531915
17384 2.27468085106383
17384 0.316382978723404
17384 6.44106382978723
17384 4.35744680851064
17384 3.27042553191489
17384 0.372340425531915
17385 2.27468085106383
17385 0.316382978723404
17385 6.44106382978723
17385 4.35744680851064
17385 3.27042553191489
17385 0.372340425531915
17386 2.27468085106383
17386 0.316382978723404
17386 6.44106382978723
17386 4.35744680851064
17386 3.27042553191489
17386 0.372340425531915
17387 2.27468085106383
17387 0.316382978723404
17387 6.44106382978723
17387 4.35744680851064
17387 3.27042553191489
17387 0.372340425531915
17388 2.27468085106383
17388 0.316382978723404
17388 6.44106382978723
17388 4.35744680851064
17388 3.27042553191489
17388 0.372340425531915
17418 2.27468085106383
17418 0.316382978723404
17418 6.44106382978723
17418 4.35744680851064
17418 3.27042553191489
17418 0.372340425531915
17419 2.27468085106383
17419 0.316382978723404
17419 6.44106382978723
17419 4.35744680851064
17419 3.27042553191489
17419 0.372340425531915
17420 2.27468085106383
17420 0.316382978723404
17420 6.44106382978723
17420 4.35744680851064
17420 3.27042553191489
17420 0.372340425531915
17421 2.27468085106383
17421 0.316382978723404
17421 6.44106382978723
17421 4.35744680851064
17421 3.27042553191489
17421 0.372340425531915
17422 2.27468085106383
17422 0.316382978723404
17422 6.44106382978723
17422 4.35744680851064
17422 3.27042553191489
17422 0.372340425531915
17423 2.27468085106383
17423 0.316382978723404
17423 6.44106382978723
17423 4.35744680851064
17423 3.27042553191489
17423 0.372340425531915
17452 2.27468085106383
17452 0.316382978723404
17452 6.44106382978723
17452 4.35744680851064
17452 3.27042553191489
17452 0.372340425531915
17453 2.27468085106383
17453 0.316382978723404
17453 6.44106382978723
17453 4.35744680851064
17453 3.27042553191489
17453 0.372340425531915
17454 2.27468085106383
17454 0.316382978723404
17454 6.44106382978723
17454 4.35744680851064
17454 3.27042553191489
17454 0.372340425531915
17455 2.27468085106383
17455 0.316382978723404
17455 6.44106382978723
17455 4.35744680851064
17455 3.27042553191489
17455 0.372340425531915
17456 2.27468085106383
17456 0.316382978723404
17456 6.44106382978723
17456 4.35744680851064
17456 3.27042553191489
17456 0.372340425531915
17457 2.27468085106383
17457 0.316382978723404
17457 6.44106382978723
17457 4.35744680851064
17457 3.27042553191489
17457 0.372340425531915
17458 2.27468085106383
17458 0.316382978723404
17458 6.44106382978723
17458 4.35744680851064
17458 3.27042553191489
17458 0.372340425531915
17489 2.27468085106383
17489 0.316382978723404
17489 6.44106382978723
17489 4.35744680851064
17489 3.27042553191489
17489 0.372340425531915
17490 2.27468085106383
17490 0.316382978723404
17490 6.44106382978723
17490 4.35744680851064
17490 3.27042553191489
17490 0.372340425531915
17491 2.27468085106383
17491 0.316382978723404
17491 6.44106382978723
17491 4.35744680851064
17491 3.27042553191489
17491 0.372340425531915
17492 2.27468085106383
17492 0.316382978723404
17492 6.44106382978723
17492 4.35744680851064
17492 3.27042553191489
17492 0.372340425531915
17493 2.27468085106383
17493 0.316382978723404
17493 6.44106382978723
17493 4.35744680851064
17493 3.27042553191489
17493 0.372340425531915
17494 2.27468085106383
17494 0.316382978723404
17494 6.44106382978723
17494 4.35744680851064
17494 3.27042553191489
17494 0.372340425531915
17525 2.27468085106383
17525 0.316382978723404
17525 6.44106382978723
17525 4.35744680851064
17525 3.27042553191489
17525 0.372340425531915
17526 2.27468085106383
17526 0.316382978723404
17526 6.44106382978723
17526 4.35744680851064
17526 3.27042553191489
17526 0.372340425531915
17527 2.27468085106383
17527 0.316382978723404
17527 6.44106382978723
17527 4.35744680851064
17527 3.27042553191489
17527 0.372340425531915
17528 2.27468085106383
17528 0.316382978723404
17528 6.44106382978723
17528 4.35744680851064
17528 3.27042553191489
17528 0.372340425531915
17529 2.27468085106383
17529 0.316382978723404
17529 6.44106382978723
17529 4.35744680851064
17529 3.27042553191489
17529 0.372340425531915
17530 2.27468085106383
17530 0.316382978723404
17530 6.44106382978723
17530 4.35744680851064
17530 3.27042553191489
17530 0.372340425531915
17562 2.27468085106383
17562 0.316382978723404
17562 6.44106382978723
17562 4.35744680851064
17562 3.27042553191489
17562 0.372340425531915
17563 2.27468085106383
17563 0.316382978723404
17563 6.44106382978723
17563 4.35744680851064
17563 3.27042553191489
17563 0.372340425531915
17564 2.27468085106383
17564 0.316382978723404
17564 6.44106382978723
17564 4.35744680851064
17564 3.27042553191489
17564 0.372340425531915
17565 2.27468085106383
17565 0.316382978723404
17565 6.44106382978723
17565 4.35744680851064
17565 3.27042553191489
17565 0.372340425531915
17596 2.27468085106383
17596 0.316382978723404
17596 6.44106382978723
17596 4.35744680851064
17596 3.27042553191489
17596 0.372340425531915
17597 2.27468085106383
17597 0.316382978723404
17597 6.44106382978723
17597 4.35744680851064
17597 3.27042553191489
17597 0.372340425531915
17598 2.27468085106383
17598 0.316382978723404
17598 6.44106382978723
17598 4.35744680851064
17598 3.27042553191489
17598 0.372340425531915
17599 2.27468085106383
17599 0.316382978723404
17599 6.44106382978723
17599 4.35744680851064
17599 3.27042553191489
17599 0.372340425531915
17600 2.27468085106383
17600 0.316382978723404
17600 6.44106382978723
17600 4.35744680851064
17600 3.27042553191489
17600 0.372340425531915
17632 2.27468085106383
17632 0.316382978723404
17632 6.44106382978723
17632 4.35744680851064
17632 3.27042553191489
17632 0.372340425531915
17633 2.27468085106383
17633 0.316382978723404
17633 6.44106382978723
17633 4.35744680851064
17633 3.27042553191489
17633 0.372340425531915
17634 2.27468085106383
17634 0.316382978723404
17634 6.44106382978723
17634 4.35744680851064
17634 3.27042553191489
17634 0.372340425531915
17635 2.27468085106383
17635 0.316382978723404
17635 6.44106382978723
17635 4.35744680851064
17635 3.27042553191489
17635 0.372340425531915
17669 2.27468085106383
17669 0.316382978723404
17669 6.44106382978723
17669 4.35744680851064
17669 3.27042553191489
17669 0.372340425531915
17670 2.27468085106383
17670 0.316382978723404
17670 6.44106382978723
17670 4.35744680851064
17670 3.27042553191489
17670 0.372340425531915
17671 2.27468085106383
17671 0.316382978723404
17671 6.44106382978723
17671 4.35744680851064
17671 3.27042553191489
17671 0.372340425531915
17701 2.27468085106383
17701 0.316382978723404
17701 6.44106382978723
17701 4.35744680851064
17701 3.27042553191489
17701 0.372340425531915
17702 2.27468085106383
17702 0.316382978723404
17702 6.44106382978723
17702 4.35744680851064
17702 3.27042553191489
17702 0.372340425531915
17703 2.27468085106383
17703 0.316382978723404
17703 6.44106382978723
17703 4.35744680851064
17703 3.27042553191489
17703 0.372340425531915
17704 2.27468085106383
17704 0.316382978723404
17704 6.44106382978723
17704 4.35744680851064
17704 3.27042553191489
17704 0.372340425531915
17736 2.27468085106383
17736 0.316382978723404
17736 6.44106382978723
17736 4.35744680851064
17736 3.27042553191489
17736 0.372340425531915
17737 2.27468085106383
17737 0.316382978723404
17737 6.44106382978723
17737 4.35744680851064
17737 3.27042553191489
17737 0.372340425531915
17738 2.27468085106383
17738 0.316382978723404
17738 6.44106382978723
17738 4.35744680851064
17738 3.27042553191489
17738 0.372340425531915
17773 2.27468085106383
17773 0.316382978723404
17773 6.44106382978723
17773 4.35744680851064
17773 3.27042553191489
17773 0.372340425531915
