pt_graph cpue_kghour
14673 9.09872340425532
14673 1.26553191489362
14673 25.7642553191489
14673 17.4297872340426
14673 13.0817021276596
14673 1.48936170212766
14674 9.09872340425532
14674 1.26553191489362
14674 25.7642553191489
14674 17.4297872340426
14674 13.0817021276596
14674 1.48936170212766
14739 9.09872340425532
14739 1.26553191489362
14739 25.7642553191489
14739 17.4297872340426
14739 13.0817021276596
14739 1.48936170212766
14740 9.09872340425532
14740 1.26553191489362
14740 25.7642553191489
14740 17.4297872340426
14740 13.0817021276596
14740 1.48936170212766
14742 9.09872340425532
14742 1.26553191489362
14742 25.7642553191489
14742 17.4297872340426
14742 13.0817021276596
14742 1.48936170212766
14743 9.09872340425532
14743 1.26553191489362
14743 25.7642553191489
14743 17.4297872340426
14743 13.0817021276596
14743 1.48936170212766
14744 9.09872340425532
14744 1.26553191489362
14744 25.7642553191489
14744 17.4297872340426
14744 13.0817021276596
14744 1.48936170212766
14809 9.09872340425532
14809 1.26553191489362
14809 25.7642553191489
14809 17.4297872340426
14809 13.0817021276596
14809 1.48936170212766
14745 9.09872340425532
14745 1.26553191489362
14745 25.7642553191489
14745 17.4297872340426
14745 13.0817021276596
14745 1.48936170212766
14812 9.09872340425532
14812 1.26553191489362
14812 25.7642553191489
14812 17.4297872340426
14812 13.0817021276596
14812 1.48936170212766
14813 9.09872340425532
14813 1.26553191489362
14813 25.7642553191489
14813 17.4297872340426
14813 13.0817021276596
14813 1.48936170212766
14814 9.09872340425532
14814 1.26553191489362
14814 25.7642553191489
14814 17.4297872340426
14814 13.0817021276596
14814 1.48936170212766
14815 9.09872340425532
14815 1.26553191489362
14815 25.7642553191489
14815 17.4297872340426
14815 13.0817021276596
14815 1.48936170212766
14880 9.09872340425532
14880 1.26553191489362
14880 25.7642553191489
14880 17.4297872340426
14880 13.0817021276596
14880 1.48936170212766
14816 9.09872340425532
14816 1.26553191489362
14816 25.7642553191489
14816 17.4297872340426
14816 13.0817021276596
14816 1.48936170212766
14881 9.09872340425532
14881 1.26553191489362
14881 25.7642553191489
14881 17.4297872340426
14881 13.0817021276596
14881 1.48936170212766
14817 9.09872340425532
14817 1.26553191489362
14817 25.7642553191489
14817 17.4297872340426
14817 13.0817021276596
14817 1.48936170212766
14883 9.09872340425532
14883 1.26553191489362
14883 25.7642553191489
14883 17.4297872340426
14883 13.0817021276596
14883 1.48936170212766
14884 9.09872340425532
14884 1.26553191489362
14884 25.7642553191489
14884 17.4297872340426
14884 13.0817021276596
14884 1.48936170212766
14885 9.09872340425532
14885 1.26553191489362
14885 25.7642553191489
14885 17.4297872340426
14885 13.0817021276596
14885 1.48936170212766
14950 9.09872340425532
14950 1.26553191489362
14950 25.7642553191489
14950 17.4297872340426
14950 13.0817021276596
14950 1.48936170212766
14951 9.09872340425532
14951 1.26553191489362
14951 25.7642553191489
14951 17.4297872340426
14951 13.0817021276596
14951 1.48936170212766
14887 9.09872340425532
14887 1.26553191489362
14887 25.7642553191489
14887 17.4297872340426
14887 13.0817021276596
14887 1.48936170212766
14888 9.09872340425532
14888 1.26553191489362
14888 25.7642553191489
14888 17.4297872340426
14888 13.0817021276596
14888 1.48936170212766
14953 9.09872340425532
14953 1.26553191489362
14953 25.7642553191489
14953 17.4297872340426
14953 13.0817021276596
14953 1.48936170212766
14954 9.09872340425532
14954 1.26553191489362
14954 25.7642553191489
14954 17.4297872340426
14954 13.0817021276596
14954 1.48936170212766
14955 9.09872340425532
14955 1.26553191489362
14955 25.7642553191489
14955 17.4297872340426
14955 13.0817021276596
14955 1.48936170212766
15020 9.09872340425532
15020 1.26553191489362
15020 25.7642553191489
15020 17.4297872340426
15020 13.0817021276596
15020 1.48936170212766
14956 9.09872340425532
14956 1.26553191489362
14956 25.7642553191489
14956 17.4297872340426
14956 13.0817021276596
14956 1.48936170212766
15021 9.09872340425532
15021 1.26553191489362
15021 25.7642553191489
15021 17.4297872340426
15021 13.0817021276596
15021 1.48936170212766
14957 9.09872340425532
14957 1.26553191489362
14957 25.7642553191489
14957 17.4297872340426
14957 13.0817021276596
14957 1.48936170212766
14958 9.09872340425532
14958 1.26553191489362
14958 25.7642553191489
14958 17.4297872340426
14958 13.0817021276596
14958 1.48936170212766
15023 9.09872340425532
15023 1.26553191489362
15023 25.7642553191489
15023 17.4297872340426
15023 13.0817021276596
15023 1.48936170212766
14959 9.09872340425532
14959 1.26553191489362
14959 25.7642553191489
14959 17.4297872340426
14959 13.0817021276596
14959 1.48936170212766
15024 9.09872340425532
15024 1.26553191489362
15024 25.7642553191489
15024 17.4297872340426
15024 13.0817021276596
15024 1.48936170212766
14960 9.09872340425532
14960 1.26553191489362
14960 25.7642553191489
14960 17.4297872340426
14960 13.0817021276596
14960 1.48936170212766
15025 9.09872340425532
15025 1.26553191489362
15025 25.7642553191489
15025 17.4297872340426
15025 13.0817021276596
15025 1.48936170212766
15026 9.09872340425532
15026 1.26553191489362
15026 25.7642553191489
15026 17.4297872340426
15026 13.0817021276596
15026 1.48936170212766
15091 9.09872340425532
15091 1.26553191489362
15091 25.7642553191489
15091 17.4297872340426
15091 13.0817021276596
15091 1.48936170212766
15027 9.09872340425532
15027 1.26553191489362
15027 25.7642553191489
15027 17.4297872340426
15027 13.0817021276596
15027 1.48936170212766
15028 9.09872340425532
15028 1.26553191489362
15028 25.7642553191489
15028 17.4297872340426
15028 13.0817021276596
15028 1.48936170212766
15093 9.09872340425532
15093 1.26553191489362
15093 25.7642553191489
15093 17.4297872340426
15093 13.0817021276596
15093 1.48936170212766
15029 9.09872340425532
15029 1.26553191489362
15029 25.7642553191489
15029 17.4297872340426
15029 13.0817021276596
15029 1.48936170212766
15094 9.09872340425532
15094 1.26553191489362
15094 25.7642553191489
15094 17.4297872340426
15094 13.0817021276596
15094 1.48936170212766
15030 9.09872340425532
15030 1.26553191489362
15030 25.7642553191489
15030 17.4297872340426
15030 13.0817021276596
15030 1.48936170212766
15095 9.09872340425532
15095 1.26553191489362
15095 25.7642553191489
15095 17.4297872340426
15095 13.0817021276596
15095 1.48936170212766
15031 9.09872340425532
15031 1.26553191489362
15031 25.7642553191489
15031 17.4297872340426
15031 13.0817021276596
15031 1.48936170212766
15096 9.09872340425532
15096 1.26553191489362
15096 25.7642553191489
15096 17.4297872340426
15096 13.0817021276596
15096 1.48936170212766
15032 9.09872340425532
15032 1.26553191489362
15032 25.7642553191489
15032 17.4297872340426
15032 13.0817021276596
15032 1.48936170212766
15097 9.09872340425532
15097 1.26553191489362
15097 25.7642553191489
15097 17.4297872340426
15097 13.0817021276596
15097 1.48936170212766
15098 9.09872340425532
15098 1.26553191489362
15098 25.7642553191489
15098 17.4297872340426
15098 13.0817021276596
15098 1.48936170212766
15099 9.09872340425532
15099 1.26553191489362
15099 25.7642553191489
15099 17.4297872340426
15099 13.0817021276596
15099 1.48936170212766
15164 9.09872340425532
15164 1.26553191489362
15164 25.7642553191489
15164 17.4297872340426
15164 13.0817021276596
15164 1.48936170212766
15100 9.09872340425532
15100 1.26553191489362
15100 25.7642553191489
15100 17.4297872340426
15100 13.0817021276596
15100 1.48936170212766
15165 9.09872340425532
15165 1.26553191489362
15165 25.7642553191489
15165 17.4297872340426
15165 13.0817021276596
15165 1.48936170212766
15101 9.09872340425532
15101 1.26553191489362
15101 25.7642553191489
15101 17.4297872340426
15101 13.0817021276596
15101 1.48936170212766
15166 9.09872340425532
15166 1.26553191489362
15166 25.7642553191489
15166 17.4297872340426
15166 13.0817021276596
15166 1.48936170212766
15102 9.09872340425532
15102 1.26553191489362
15102 25.7642553191489
15102 17.4297872340426
15102 13.0817021276596
15102 1.48936170212766
15167 9.09872340425532
15167 1.26553191489362
15167 25.7642553191489
15167 17.4297872340426
15167 13.0817021276596
15167 1.48936170212766
15232 9.09872340425532
15232 1.26553191489362
15232 25.7642553191489
15232 17.4297872340426
15232 13.0817021276596
15232 1.48936170212766
15169 9.09872340425532
15169 1.26553191489362
15169 25.7642553191489
15169 17.4297872340426
15169 13.0817021276596
15169 1.48936170212766
15170 9.09872340425532
15170 1.26553191489362
15170 25.7642553191489
15170 17.4297872340426
15170 13.0817021276596
15170 1.48936170212766
15234 9.09872340425532
15234 1.26553191489362
15234 25.7642553191489
15234 17.4297872340426
15234 13.0817021276596
15234 1.48936170212766
15171 9.09872340425532
15171 1.26553191489362
15171 25.7642553191489
15171 17.4297872340426
15171 13.0817021276596
15171 1.48936170212766
15235 9.09872340425532
15235 1.26553191489362
15235 25.7642553191489
15235 17.4297872340426
15235 13.0817021276596
15235 1.48936170212766
15172 9.09872340425532
15172 1.26553191489362
15172 25.7642553191489
15172 17.4297872340426
15172 13.0817021276596
15172 1.48936170212766
15236 9.09872340425532
15236 1.26553191489362
15236 25.7642553191489
15236 17.4297872340426
15236 13.0817021276596
15236 1.48936170212766
15173 9.09872340425532
15173 1.26553191489362
15173 25.7642553191489
15173 17.4297872340426
15173 13.0817021276596
15173 1.48936170212766
15362 9.09872340425532
15362 1.26553191489362
15362 25.7642553191489
15362 17.4297872340426
15362 13.0817021276596
15362 1.48936170212766
15237 9.09872340425532
15237 1.26553191489362
15237 25.7642553191489
15237 17.4297872340426
15237 13.0817021276596
15237 1.48936170212766
15363 9.09872340425532
15363 1.26553191489362
15363 25.7642553191489
15363 17.4297872340426
15363 13.0817021276596
15363 1.48936170212766
15238 9.09872340425532
15238 1.26553191489362
15238 25.7642553191489
15238 17.4297872340426
15238 13.0817021276596
15238 1.48936170212766
15239 9.09872340425532
15239 1.26553191489362
15239 25.7642553191489
15239 17.4297872340426
15239 13.0817021276596
15239 1.48936170212766
15302 9.09872340425532
15302 1.26553191489362
15302 25.7642553191489
15302 17.4297872340426
15302 13.0817021276596
15302 1.48936170212766
15303 9.09872340425532
15303 1.26553191489362
15303 25.7642553191489
15303 17.4297872340426
15303 13.0817021276596
15303 1.48936170212766
15241 9.09872340425532
15241 1.26553191489362
15241 25.7642553191489
15241 17.4297872340426
15241 13.0817021276596
15241 1.48936170212766
15366 9.09872340425532
15366 1.26553191489362
15366 25.7642553191489
15366 17.4297872340426
15366 13.0817021276596
15366 1.48936170212766
15304 9.09872340425532
15304 1.26553191489362
15304 25.7642553191489
15304 17.4297872340426
15304 13.0817021276596
15304 1.48936170212766
15242 9.09872340425532
15242 1.26553191489362
15242 25.7642553191489
15242 17.4297872340426
15242 13.0817021276596
15242 1.48936170212766
15179 9.09872340425532
15179 1.26553191489362
15179 25.7642553191489
15179 17.4297872340426
15179 13.0817021276596
15179 1.48936170212766
15305 9.09872340425532
15305 1.26553191489362
15305 25.7642553191489
15305 17.4297872340426
15305 13.0817021276596
15305 1.48936170212766
15243 9.09872340425532
15243 1.26553191489362
15243 25.7642553191489
15243 17.4297872340426
15243 13.0817021276596
15243 1.48936170212766
15368 9.09872340425532
15368 1.26553191489362
15368 25.7642553191489
15368 17.4297872340426
15368 13.0817021276596
15368 1.48936170212766
15306 9.09872340425532
15306 1.26553191489362
15306 25.7642553191489
15306 17.4297872340426
15306 13.0817021276596
15306 1.48936170212766
15244 9.09872340425532
15244 1.26553191489362
15244 25.7642553191489
15244 17.4297872340426
15244 13.0817021276596
15244 1.48936170212766
15369 9.09872340425532
15369 1.26553191489362
15369 25.7642553191489
15369 17.4297872340426
15369 13.0817021276596
15369 1.48936170212766
15307 9.09872340425532
15307 1.26553191489362
15307 25.7642553191489
15307 17.4297872340426
15307 13.0817021276596
15307 1.48936170212766
15370 9.09872340425532
15370 1.26553191489362
15370 25.7642553191489
15370 17.4297872340426
15370 13.0817021276596
15370 1.48936170212766
15431 9.09872340425532
15431 1.26553191489362
15431 25.7642553191489
15431 17.4297872340426
15431 13.0817021276596
15431 1.48936170212766
15492 9.09872340425532
15492 1.26553191489362
15492 25.7642553191489
15492 17.4297872340426
15492 13.0817021276596
15492 1.48936170212766
15371 9.09872340425532
15371 1.26553191489362
15371 25.7642553191489
15371 17.4297872340426
15371 13.0817021276596
15371 1.48936170212766
15432 9.09872340425532
15432 1.26553191489362
15432 25.7642553191489
15432 17.4297872340426
15432 13.0817021276596
15432 1.48936170212766
15372 9.09872340425532
15372 1.26553191489362
15372 25.7642553191489
15372 17.4297872340426
15372 13.0817021276596
15372 1.48936170212766
15433 9.09872340425532
15433 1.26553191489362
15433 25.7642553191489
15433 17.4297872340426
15433 13.0817021276596
15433 1.48936170212766
15494 9.09872340425532
15494 1.26553191489362
15494 25.7642553191489
15494 17.4297872340426
15494 13.0817021276596
15494 1.48936170212766
15373 9.09872340425532
15373 1.26553191489362
15373 25.7642553191489
15373 17.4297872340426
15373 13.0817021276596
15373 1.48936170212766
15248 9.09872340425532
15248 1.26553191489362
15248 25.7642553191489
15248 17.4297872340426
15248 13.0817021276596
15248 1.48936170212766
15434 9.09872340425532
15434 1.26553191489362
15434 25.7642553191489
15434 17.4297872340426
15434 13.0817021276596
15434 1.48936170212766
15495 9.09872340425532
15495 1.26553191489362
15495 25.7642553191489
15495 17.4297872340426
15495 13.0817021276596
15495 1.48936170212766
15374 9.09872340425532
15374 1.26553191489362
15374 25.7642553191489
15374 17.4297872340426
15374 13.0817021276596
15374 1.48936170212766
15312 9.09872340425532
15312 1.26553191489362
15312 25.7642553191489
15312 17.4297872340426
15312 13.0817021276596
15312 1.48936170212766
15435 9.09872340425532
15435 1.26553191489362
15435 25.7642553191489
15435 17.4297872340426
15435 13.0817021276596
15435 1.48936170212766
15496 9.09872340425532
15496 1.26553191489362
15496 25.7642553191489
15496 17.4297872340426
15496 13.0817021276596
15496 1.48936170212766
15375 9.09872340425532
15375 1.26553191489362
15375 25.7642553191489
15375 17.4297872340426
15375 13.0817021276596
15375 1.48936170212766
15436 9.09872340425532
15436 1.26553191489362
15436 25.7642553191489
15436 17.4297872340426
15436 13.0817021276596
15436 1.48936170212766
15497 9.09872340425532
15497 1.26553191489362
15497 25.7642553191489
15497 17.4297872340426
15497 13.0817021276596
15497 1.48936170212766
15558 9.09872340425532
15558 1.26553191489362
15558 25.7642553191489
15558 17.4297872340426
15558 13.0817021276596
15558 1.48936170212766
15437 9.09872340425532
15437 1.26553191489362
15437 25.7642553191489
15437 17.4297872340426
15437 13.0817021276596
15437 1.48936170212766
15498 9.09872340425532
15498 1.26553191489362
15498 25.7642553191489
15498 17.4297872340426
15498 13.0817021276596
15498 1.48936170212766
15559 9.09872340425532
15559 1.26553191489362
15559 25.7642553191489
15559 17.4297872340426
15559 13.0817021276596
15559 1.48936170212766
15438 9.09872340425532
15438 1.26553191489362
15438 25.7642553191489
15438 17.4297872340426
15438 13.0817021276596
15438 1.48936170212766
15499 9.09872340425532
15499 1.26553191489362
15499 25.7642553191489
15499 17.4297872340426
15499 13.0817021276596
15499 1.48936170212766
15560 9.09872340425532
15560 1.26553191489362
15560 25.7642553191489
15560 17.4297872340426
15560 13.0817021276596
15560 1.48936170212766
15439 9.09872340425532
15439 1.26553191489362
15439 25.7642553191489
15439 17.4297872340426
15439 13.0817021276596
15439 1.48936170212766
15500 9.09872340425532
15500 1.26553191489362
15500 25.7642553191489
15500 17.4297872340426
15500 13.0817021276596
15500 1.48936170212766
15561 9.09872340425532
15561 1.26553191489362
15561 25.7642553191489
15561 17.4297872340426
15561 13.0817021276596
15561 1.48936170212766
15440 9.09872340425532
15440 1.26553191489362
15440 25.7642553191489
15440 17.4297872340426
15440 13.0817021276596
15440 1.48936170212766
15501 9.09872340425532
15501 1.26553191489362
15501 25.7642553191489
15501 17.4297872340426
15501 13.0817021276596
15501 1.48936170212766
15562 9.09872340425532
15562 1.26553191489362
15562 25.7642553191489
15562 17.4297872340426
15562 13.0817021276596
15562 1.48936170212766
15441 9.09872340425532
15441 1.26553191489362
15441 25.7642553191489
15441 17.4297872340426
15441 13.0817021276596
15441 1.48936170212766
15502 9.09872340425532
15502 1.26553191489362
15502 25.7642553191489
15502 17.4297872340426
15502 13.0817021276596
15502 1.48936170212766
15318 9.09872340425532
15318 1.26553191489362
15318 25.7642553191489
15318 17.4297872340426
15318 13.0817021276596
15318 1.48936170212766
15563 9.09872340425532
15563 1.26553191489362
15563 25.7642553191489
15563 17.4297872340426
15563 13.0817021276596
15563 1.48936170212766
15442 9.09872340425532
15442 1.26553191489362
15442 25.7642553191489
15442 17.4297872340426
15442 13.0817021276596
15442 1.48936170212766
15503 9.09872340425532
15503 1.26553191489362
15503 25.7642553191489
15503 17.4297872340426
15503 13.0817021276596
15503 1.48936170212766
15564 9.09872340425532
15564 1.26553191489362
15564 25.7642553191489
15564 17.4297872340426
15564 13.0817021276596
15564 1.48936170212766
15504 9.09872340425532
15504 1.26553191489362
15504 25.7642553191489
15504 17.4297872340426
15504 13.0817021276596
15504 1.48936170212766
15565 9.09872340425532
15565 1.26553191489362
15565 25.7642553191489
15565 17.4297872340426
15565 13.0817021276596
15565 1.48936170212766
15444 9.09872340425532
15444 1.26553191489362
15444 25.7642553191489
15444 17.4297872340426
15444 13.0817021276596
15444 1.48936170212766
15627 9.09872340425532
15627 1.26553191489362
15627 25.7642553191489
15627 17.4297872340426
15627 13.0817021276596
15627 1.48936170212766
15505 9.09872340425532
15505 1.26553191489362
15505 25.7642553191489
15505 17.4297872340426
15505 13.0817021276596
15505 1.48936170212766
15566 9.09872340425532
15566 1.26553191489362
15566 25.7642553191489
15566 17.4297872340426
15566 13.0817021276596
15566 1.48936170212766
15628 9.09872340425532
15628 1.26553191489362
15628 25.7642553191489
15628 17.4297872340426
15628 13.0817021276596
15628 1.48936170212766
15506 9.09872340425532
15506 1.26553191489362
15506 25.7642553191489
15506 17.4297872340426
15506 13.0817021276596
15506 1.48936170212766
15567 9.09872340425532
15567 1.26553191489362
15567 25.7642553191489
15567 17.4297872340426
15567 13.0817021276596
15567 1.48936170212766
15446 9.09872340425532
15446 1.26553191489362
15446 25.7642553191489
15446 17.4297872340426
15446 13.0817021276596
15446 1.48936170212766
15629 9.09872340425532
15629 1.26553191489362
15629 25.7642553191489
15629 17.4297872340426
15629 13.0817021276596
15629 1.48936170212766
15507 9.09872340425532
15507 1.26553191489362
15507 25.7642553191489
15507 17.4297872340426
15507 13.0817021276596
15507 1.48936170212766
15568 9.09872340425532
15568 1.26553191489362
15568 25.7642553191489
15568 17.4297872340426
15568 13.0817021276596
15568 1.48936170212766
15630 9.09872340425532
15630 1.26553191489362
15630 25.7642553191489
15630 17.4297872340426
15630 13.0817021276596
15630 1.48936170212766
15508 9.09872340425532
15508 1.26553191489362
15508 25.7642553191489
15508 17.4297872340426
15508 13.0817021276596
15508 1.48936170212766
15569 9.09872340425532
15569 1.26553191489362
15569 25.7642553191489
15569 17.4297872340426
15569 13.0817021276596
15569 1.48936170212766
15387 9.09872340425532
15387 1.26553191489362
15387 25.7642553191489
15387 17.4297872340426
15387 13.0817021276596
15387 1.48936170212766
15631 9.09872340425532
15631 1.26553191489362
15631 25.7642553191489
15631 17.4297872340426
15631 13.0817021276596
15631 1.48936170212766
15388 9.09872340425532
15388 1.26553191489362
15388 25.7642553191489
15388 17.4297872340426
15388 13.0817021276596
15388 1.48936170212766
15570 9.09872340425532
15570 1.26553191489362
15570 25.7642553191489
15570 17.4297872340426
15570 13.0817021276596
15570 1.48936170212766
15632 9.09872340425532
15632 1.26553191489362
15632 25.7642553191489
15632 17.4297872340426
15632 13.0817021276596
15632 1.48936170212766
15510 9.09872340425532
15510 1.26553191489362
15510 25.7642553191489
15510 17.4297872340426
15510 13.0817021276596
15510 1.48936170212766
15571 9.09872340425532
15571 1.26553191489362
15571 25.7642553191489
15571 17.4297872340426
15571 13.0817021276596
15571 1.48936170212766
15633 9.09872340425532
15633 1.26553191489362
15633 25.7642553191489
15633 17.4297872340426
15633 13.0817021276596
15633 1.48936170212766
15511 9.09872340425532
15511 1.26553191489362
15511 25.7642553191489
15511 17.4297872340426
15511 13.0817021276596
15511 1.48936170212766
15693 9.09872340425532
15693 1.26553191489362
15693 25.7642553191489
15693 17.4297872340426
15693 13.0817021276596
15693 1.48936170212766
15572 9.09872340425532
15572 1.26553191489362
15572 25.7642553191489
15572 17.4297872340426
15572 13.0817021276596
15572 1.48936170212766
15634 9.09872340425532
15634 1.26553191489362
15634 25.7642553191489
15634 17.4297872340426
15634 13.0817021276596
15634 1.48936170212766
15512 9.09872340425532
15512 1.26553191489362
15512 25.7642553191489
15512 17.4297872340426
15512 13.0817021276596
15512 1.48936170212766
15694 9.09872340425532
15694 1.26553191489362
15694 25.7642553191489
15694 17.4297872340426
15694 13.0817021276596
15694 1.48936170212766
15573 9.09872340425532
15573 1.26553191489362
15573 25.7642553191489
15573 17.4297872340426
15573 13.0817021276596
15573 1.48936170212766
15635 9.09872340425532
15635 1.26553191489362
15635 25.7642553191489
15635 17.4297872340426
15635 13.0817021276596
15635 1.48936170212766
15695 9.09872340425532
15695 1.26553191489362
15695 25.7642553191489
15695 17.4297872340426
15695 13.0817021276596
15695 1.48936170212766
15574 9.09872340425532
15574 1.26553191489362
15574 25.7642553191489
15574 17.4297872340426
15574 13.0817021276596
15574 1.48936170212766
15636 9.09872340425532
15636 1.26553191489362
15636 25.7642553191489
15636 17.4297872340426
15636 13.0817021276596
15636 1.48936170212766
15696 9.09872340425532
15696 1.26553191489362
15696 25.7642553191489
15696 17.4297872340426
15696 13.0817021276596
15696 1.48936170212766
15575 9.09872340425532
15575 1.26553191489362
15575 25.7642553191489
15575 17.4297872340426
15575 13.0817021276596
15575 1.48936170212766
15637 9.09872340425532
15637 1.26553191489362
15637 25.7642553191489
15637 17.4297872340426
15637 13.0817021276596
15637 1.48936170212766
15454 9.09872340425532
15454 1.26553191489362
15454 25.7642553191489
15454 17.4297872340426
15454 13.0817021276596
15454 1.48936170212766
15697 9.09872340425532
15697 1.26553191489362
15697 25.7642553191489
15697 17.4297872340426
15697 13.0817021276596
15697 1.48936170212766
15576 9.09872340425532
15576 1.26553191489362
15576 25.7642553191489
15576 17.4297872340426
15576 13.0817021276596
15576 1.48936170212766
15638 9.09872340425532
15638 1.26553191489362
15638 25.7642553191489
15638 17.4297872340426
15638 13.0817021276596
15638 1.48936170212766
15455 9.09872340425532
15455 1.26553191489362
15455 25.7642553191489
15455 17.4297872340426
15455 13.0817021276596
15455 1.48936170212766
15698 9.09872340425532
15698 1.26553191489362
15698 25.7642553191489
15698 17.4297872340426
15698 13.0817021276596
15698 1.48936170212766
15577 9.09872340425532
15577 1.26553191489362
15577 25.7642553191489
15577 17.4297872340426
15577 13.0817021276596
15577 1.48936170212766
15456 9.09872340425532
15456 1.26553191489362
15456 25.7642553191489
15456 17.4297872340426
15456 13.0817021276596
15456 1.48936170212766
15639 9.09872340425532
15639 1.26553191489362
15639 25.7642553191489
15639 17.4297872340426
15639 13.0817021276596
15639 1.48936170212766
15699 9.09872340425532
15699 1.26553191489362
15699 25.7642553191489
15699 17.4297872340426
15699 13.0817021276596
15699 1.48936170212766
15759 9.09872340425532
15759 1.26553191489362
15759 25.7642553191489
15759 17.4297872340426
15759 13.0817021276596
15759 1.48936170212766
15578 9.09872340425532
15578 1.26553191489362
15578 25.7642553191489
15578 17.4297872340426
15578 13.0817021276596
15578 1.48936170212766
15640 9.09872340425532
15640 1.26553191489362
15640 25.7642553191489
15640 17.4297872340426
15640 13.0817021276596
15640 1.48936170212766
15700 9.09872340425532
15700 1.26553191489362
15700 25.7642553191489
15700 17.4297872340426
15700 13.0817021276596
15700 1.48936170212766
15760 9.09872340425532
15760 1.26553191489362
15760 25.7642553191489
15760 17.4297872340426
15760 13.0817021276596
15760 1.48936170212766
15641 9.09872340425532
15641 1.26553191489362
15641 25.7642553191489
15641 17.4297872340426
15641 13.0817021276596
15641 1.48936170212766
15701 9.09872340425532
15701 1.26553191489362
15701 25.7642553191489
15701 17.4297872340426
15701 13.0817021276596
15701 1.48936170212766
15642 9.09872340425532
15642 1.26553191489362
15642 25.7642553191489
15642 17.4297872340426
15642 13.0817021276596
15642 1.48936170212766
15702 9.09872340425532
15702 1.26553191489362
15702 25.7642553191489
15702 17.4297872340426
15702 13.0817021276596
15702 1.48936170212766
15762 9.09872340425532
15762 1.26553191489362
15762 25.7642553191489
15762 17.4297872340426
15762 13.0817021276596
15762 1.48936170212766
15643 9.09872340425532
15643 1.26553191489362
15643 25.7642553191489
15643 17.4297872340426
15643 13.0817021276596
15643 1.48936170212766
15703 9.09872340425532
15703 1.26553191489362
15703 25.7642553191489
15703 17.4297872340426
15703 13.0817021276596
15703 1.48936170212766
15763 9.09872340425532
15763 1.26553191489362
15763 25.7642553191489
15763 17.4297872340426
15763 13.0817021276596
15763 1.48936170212766
15644 9.09872340425532
15644 1.26553191489362
15644 25.7642553191489
15644 17.4297872340426
15644 13.0817021276596
15644 1.48936170212766
15704 9.09872340425532
15704 1.26553191489362
15704 25.7642553191489
15704 17.4297872340426
15704 13.0817021276596
15704 1.48936170212766
15521 9.09872340425532
15521 1.26553191489362
15521 25.7642553191489
15521 17.4297872340426
15521 13.0817021276596
15521 1.48936170212766
15764 9.09872340425532
15764 1.26553191489362
15764 25.7642553191489
15764 17.4297872340426
15764 13.0817021276596
15764 1.48936170212766
15645 9.09872340425532
15645 1.26553191489362
15645 25.7642553191489
15645 17.4297872340426
15645 13.0817021276596
15645 1.48936170212766
15705 9.09872340425532
15705 1.26553191489362
15705 25.7642553191489
15705 17.4297872340426
15705 13.0817021276596
15705 1.48936170212766
15765 9.09872340425532
15765 1.26553191489362
15765 25.7642553191489
15765 17.4297872340426
15765 13.0817021276596
15765 1.48936170212766
15646 9.09872340425532
15646 1.26553191489362
15646 25.7642553191489
15646 17.4297872340426
15646 13.0817021276596
15646 1.48936170212766
15523 9.09872340425532
15523 1.26553191489362
15523 25.7642553191489
15523 17.4297872340426
15523 13.0817021276596
15523 1.48936170212766
15706 9.09872340425532
15706 1.26553191489362
15706 25.7642553191489
15706 17.4297872340426
15706 13.0817021276596
15706 1.48936170212766
15766 9.09872340425532
15766 1.26553191489362
15766 25.7642553191489
15766 17.4297872340426
15766 13.0817021276596
15766 1.48936170212766
15707 9.09872340425532
15707 1.26553191489362
15707 25.7642553191489
15707 17.4297872340426
15707 13.0817021276596
15707 1.48936170212766
15767 9.09872340425532
15767 1.26553191489362
15767 25.7642553191489
15767 17.4297872340426
15767 13.0817021276596
15767 1.48936170212766
15708 9.09872340425532
15708 1.26553191489362
15708 25.7642553191489
15708 17.4297872340426
15708 13.0817021276596
15708 1.48936170212766
15768 9.09872340425532
15768 1.26553191489362
15768 25.7642553191489
15768 17.4297872340426
15768 13.0817021276596
15768 1.48936170212766
15709 9.09872340425532
15709 1.26553191489362
15709 25.7642553191489
15709 17.4297872340426
15709 13.0817021276596
15709 1.48936170212766
15769 9.09872340425532
15769 1.26553191489362
15769 25.7642553191489
15769 17.4297872340426
15769 13.0817021276596
15769 1.48936170212766
15826 9.09872340425532
15826 1.26553191489362
15826 25.7642553191489
15826 17.4297872340426
15826 13.0817021276596
15826 1.48936170212766
15710 9.09872340425532
15710 1.26553191489362
15710 25.7642553191489
15710 17.4297872340426
15710 13.0817021276596
15710 1.48936170212766
15770 9.09872340425532
15770 1.26553191489362
15770 25.7642553191489
15770 17.4297872340426
15770 13.0817021276596
15770 1.48936170212766
15589 9.09872340425532
15589 1.26553191489362
15589 25.7642553191489
15589 17.4297872340426
15589 13.0817021276596
15589 1.48936170212766
15827 9.09872340425532
15827 1.26553191489362
15827 25.7642553191489
15827 17.4297872340426
15827 13.0817021276596
15827 1.48936170212766
15711 9.09872340425532
15711 1.26553191489362
15711 25.7642553191489
15711 17.4297872340426
15711 13.0817021276596
15711 1.48936170212766
15771 9.09872340425532
15771 1.26553191489362
15771 25.7642553191489
15771 17.4297872340426
15771 13.0817021276596
15771 1.48936170212766
15590 9.09872340425532
15590 1.26553191489362
15590 25.7642553191489
15590 17.4297872340426
15590 13.0817021276596
15590 1.48936170212766
15828 9.09872340425532
15828 1.26553191489362
15828 25.7642553191489
15828 17.4297872340426
15828 13.0817021276596
15828 1.48936170212766
15712 9.09872340425532
15712 1.26553191489362
15712 25.7642553191489
15712 17.4297872340426
15712 13.0817021276596
15712 1.48936170212766
15591 9.09872340425532
15591 1.26553191489362
15591 25.7642553191489
15591 17.4297872340426
15591 13.0817021276596
15591 1.48936170212766
15772 9.09872340425532
15772 1.26553191489362
15772 25.7642553191489
15772 17.4297872340426
15772 13.0817021276596
15772 1.48936170212766
15829 9.09872340425532
15829 1.26553191489362
15829 25.7642553191489
15829 17.4297872340426
15829 13.0817021276596
15829 1.48936170212766
15773 9.09872340425532
15773 1.26553191489362
15773 25.7642553191489
15773 17.4297872340426
15773 13.0817021276596
15773 1.48936170212766
15830 9.09872340425532
15830 1.26553191489362
15830 25.7642553191489
15830 17.4297872340426
15830 13.0817021276596
15830 1.48936170212766
15774 9.09872340425532
15774 1.26553191489362
15774 25.7642553191489
15774 17.4297872340426
15774 13.0817021276596
15774 1.48936170212766
15831 9.09872340425532
15831 1.26553191489362
15831 25.7642553191489
15831 17.4297872340426
15831 13.0817021276596
15831 1.48936170212766
15888 9.09872340425532
15888 1.26553191489362
15888 25.7642553191489
15888 17.4297872340426
15888 13.0817021276596
15888 1.48936170212766
15775 9.09872340425532
15775 1.26553191489362
15775 25.7642553191489
15775 17.4297872340426
15775 13.0817021276596
15775 1.48936170212766
15832 9.09872340425532
15832 1.26553191489362
15832 25.7642553191489
15832 17.4297872340426
15832 13.0817021276596
15832 1.48936170212766
15889 9.09872340425532
15889 1.26553191489362
15889 25.7642553191489
15889 17.4297872340426
15889 13.0817021276596
15889 1.48936170212766
15776 9.09872340425532
15776 1.26553191489362
15776 25.7642553191489
15776 17.4297872340426
15776 13.0817021276596
15776 1.48936170212766
15833 9.09872340425532
15833 1.26553191489362
15833 25.7642553191489
15833 17.4297872340426
15833 13.0817021276596
15833 1.48936170212766
15890 9.09872340425532
15890 1.26553191489362
15890 25.7642553191489
15890 17.4297872340426
15890 13.0817021276596
15890 1.48936170212766
15777 9.09872340425532
15777 1.26553191489362
15777 25.7642553191489
15777 17.4297872340426
15777 13.0817021276596
15777 1.48936170212766
15834 9.09872340425532
15834 1.26553191489362
15834 25.7642553191489
15834 17.4297872340426
15834 13.0817021276596
15834 1.48936170212766
15891 9.09872340425532
15891 1.26553191489362
15891 25.7642553191489
15891 17.4297872340426
15891 13.0817021276596
15891 1.48936170212766
15778 9.09872340425532
15778 1.26553191489362
15778 25.7642553191489
15778 17.4297872340426
15778 13.0817021276596
15778 1.48936170212766
15835 9.09872340425532
15835 1.26553191489362
15835 25.7642553191489
15835 17.4297872340426
15835 13.0817021276596
15835 1.48936170212766
15656 9.09872340425532
15656 1.26553191489362
15656 25.7642553191489
15656 17.4297872340426
15656 13.0817021276596
15656 1.48936170212766
15892 9.09872340425532
15892 1.26553191489362
15892 25.7642553191489
15892 17.4297872340426
15892 13.0817021276596
15892 1.48936170212766
15836 9.09872340425532
15836 1.26553191489362
15836 25.7642553191489
15836 17.4297872340426
15836 13.0817021276596
15836 1.48936170212766
15893 9.09872340425532
15893 1.26553191489362
15893 25.7642553191489
15893 17.4297872340426
15893 13.0817021276596
15893 1.48936170212766
15837 9.09872340425532
15837 1.26553191489362
15837 25.7642553191489
15837 17.4297872340426
15837 13.0817021276596
15837 1.48936170212766
15894 9.09872340425532
15894 1.26553191489362
15894 25.7642553191489
15894 17.4297872340426
15894 13.0817021276596
15894 1.48936170212766
15838 9.09872340425532
15838 1.26553191489362
15838 25.7642553191489
15838 17.4297872340426
15838 13.0817021276596
15838 1.48936170212766
15895 9.09872340425532
15895 1.26553191489362
15895 25.7642553191489
15895 17.4297872340426
15895 13.0817021276596
15895 1.48936170212766
15957 9.09872340425532
15957 1.26553191489362
15957 25.7642553191489
15957 17.4297872340426
15957 13.0817021276596
15957 1.48936170212766
15839 9.09872340425532
15839 1.26553191489362
15839 25.7642553191489
15839 17.4297872340426
15839 13.0817021276596
15839 1.48936170212766
15896 9.09872340425532
15896 1.26553191489362
15896 25.7642553191489
15896 17.4297872340426
15896 13.0817021276596
15896 1.48936170212766
15958 9.09872340425532
15958 1.26553191489362
15958 25.7642553191489
15958 17.4297872340426
15958 13.0817021276596
15958 1.48936170212766
15840 9.09872340425532
15840 1.26553191489362
15840 25.7642553191489
15840 17.4297872340426
15840 13.0817021276596
15840 1.48936170212766
15897 9.09872340425532
15897 1.26553191489362
15897 25.7642553191489
15897 17.4297872340426
15897 13.0817021276596
15897 1.48936170212766
15721 9.09872340425532
15721 1.26553191489362
15721 25.7642553191489
15721 17.4297872340426
15721 13.0817021276596
15721 1.48936170212766
15959 9.09872340425532
15959 1.26553191489362
15959 25.7642553191489
15959 17.4297872340426
15959 13.0817021276596
15959 1.48936170212766
15841 9.09872340425532
15841 1.26553191489362
15841 25.7642553191489
15841 17.4297872340426
15841 13.0817021276596
15841 1.48936170212766
15898 9.09872340425532
15898 1.26553191489362
15898 25.7642553191489
15898 17.4297872340426
15898 13.0817021276596
15898 1.48936170212766
15960 9.09872340425532
15960 1.26553191489362
15960 25.7642553191489
15960 17.4297872340426
15960 13.0817021276596
15960 1.48936170212766
15842 9.09872340425532
15842 1.26553191489362
15842 25.7642553191489
15842 17.4297872340426
15842 13.0817021276596
15842 1.48936170212766
15961 9.09872340425532
15961 1.26553191489362
15961 25.7642553191489
15961 17.4297872340426
15961 13.0817021276596
15961 1.48936170212766
15900 9.09872340425532
15900 1.26553191489362
15900 25.7642553191489
15900 17.4297872340426
15900 13.0817021276596
15900 1.48936170212766
15962 9.09872340425532
15962 1.26553191489362
15962 25.7642553191489
15962 17.4297872340426
15962 13.0817021276596
15962 1.48936170212766
15901 9.09872340425532
15901 1.26553191489362
15901 25.7642553191489
15901 17.4297872340426
15901 13.0817021276596
15901 1.48936170212766
15963 9.09872340425532
15963 1.26553191489362
15963 25.7642553191489
15963 17.4297872340426
15963 13.0817021276596
15963 1.48936170212766
16021 9.09872340425532
16021 1.26553191489362
16021 25.7642553191489
16021 17.4297872340426
16021 13.0817021276596
16021 1.48936170212766
15902 9.09872340425532
15902 1.26553191489362
15902 25.7642553191489
15902 17.4297872340426
15902 13.0817021276596
15902 1.48936170212766
15964 9.09872340425532
15964 1.26553191489362
15964 25.7642553191489
15964 17.4297872340426
15964 13.0817021276596
15964 1.48936170212766
16022 9.09872340425532
16022 1.26553191489362
16022 25.7642553191489
16022 17.4297872340426
16022 13.0817021276596
16022 1.48936170212766
15903 9.09872340425532
15903 1.26553191489362
15903 25.7642553191489
15903 17.4297872340426
15903 13.0817021276596
15903 1.48936170212766
15965 9.09872340425532
15965 1.26553191489362
15965 25.7642553191489
15965 17.4297872340426
15965 13.0817021276596
15965 1.48936170212766
15786 9.09872340425532
15786 1.26553191489362
15786 25.7642553191489
15786 17.4297872340426
15786 13.0817021276596
15786 1.48936170212766
16023 9.09872340425532
16023 1.26553191489362
16023 25.7642553191489
16023 17.4297872340426
16023 13.0817021276596
16023 1.48936170212766
15904 9.09872340425532
15904 1.26553191489362
15904 25.7642553191489
15904 17.4297872340426
15904 13.0817021276596
15904 1.48936170212766
15966 9.09872340425532
15966 1.26553191489362
15966 25.7642553191489
15966 17.4297872340426
15966 13.0817021276596
15966 1.48936170212766
15905 9.09872340425532
15905 1.26553191489362
15905 25.7642553191489
15905 17.4297872340426
15905 13.0817021276596
15905 1.48936170212766
15967 9.09872340425532
15967 1.26553191489362
15967 25.7642553191489
15967 17.4297872340426
15967 13.0817021276596
15967 1.48936170212766
16025 9.09872340425532
16025 1.26553191489362
16025 25.7642553191489
16025 17.4297872340426
16025 13.0817021276596
16025 1.48936170212766
15906 9.09872340425532
15906 1.26553191489362
15906 25.7642553191489
15906 17.4297872340426
15906 13.0817021276596
15906 1.48936170212766
15968 9.09872340425532
15968 1.26553191489362
15968 25.7642553191489
15968 17.4297872340426
15968 13.0817021276596
15968 1.48936170212766
16026 9.09872340425532
16026 1.26553191489362
16026 25.7642553191489
16026 17.4297872340426
16026 13.0817021276596
16026 1.48936170212766
15969 9.09872340425532
15969 1.26553191489362
15969 25.7642553191489
15969 17.4297872340426
15969 13.0817021276596
15969 1.48936170212766
16027 9.09872340425532
16027 1.26553191489362
16027 25.7642553191489
16027 17.4297872340426
16027 13.0817021276596
16027 1.48936170212766
16085 9.09872340425532
16085 1.26553191489362
16085 25.7642553191489
16085 17.4297872340426
16085 13.0817021276596
16085 1.48936170212766
15970 9.09872340425532
15970 1.26553191489362
15970 25.7642553191489
15970 17.4297872340426
15970 13.0817021276596
15970 1.48936170212766
16028 9.09872340425532
16028 1.26553191489362
16028 25.7642553191489
16028 17.4297872340426
16028 13.0817021276596
16028 1.48936170212766
16086 9.09872340425532
16086 1.26553191489362
16086 25.7642553191489
16086 17.4297872340426
16086 13.0817021276596
16086 1.48936170212766
15848 9.09872340425532
15848 1.26553191489362
15848 25.7642553191489
15848 17.4297872340426
15848 13.0817021276596
15848 1.48936170212766
15971 9.09872340425532
15971 1.26553191489362
15971 25.7642553191489
15971 17.4297872340426
15971 13.0817021276596
15971 1.48936170212766
16029 9.09872340425532
16029 1.26553191489362
16029 25.7642553191489
16029 17.4297872340426
16029 13.0817021276596
16029 1.48936170212766
15972 9.09872340425532
15972 1.26553191489362
15972 25.7642553191489
15972 17.4297872340426
15972 13.0817021276596
15972 1.48936170212766
16030 9.09872340425532
16030 1.26553191489362
16030 25.7642553191489
16030 17.4297872340426
16030 13.0817021276596
16030 1.48936170212766
16088 9.09872340425532
16088 1.26553191489362
16088 25.7642553191489
16088 17.4297872340426
16088 13.0817021276596
16088 1.48936170212766
15973 9.09872340425532
15973 1.26553191489362
15973 25.7642553191489
15973 17.4297872340426
15973 13.0817021276596
15973 1.48936170212766
16031 9.09872340425532
16031 1.26553191489362
16031 25.7642553191489
16031 17.4297872340426
16031 13.0817021276596
16031 1.48936170212766
16032 9.09872340425532
16032 1.26553191489362
16032 25.7642553191489
16032 17.4297872340426
16032 13.0817021276596
16032 1.48936170212766
16090 9.09872340425532
16090 1.26553191489362
16090 25.7642553191489
16090 17.4297872340426
16090 13.0817021276596
16090 1.48936170212766
15975 9.09872340425532
15975 1.26553191489362
15975 25.7642553191489
15975 17.4297872340426
15975 13.0817021276596
15975 1.48936170212766
15913 9.09872340425532
15913 1.26553191489362
15913 25.7642553191489
15913 17.4297872340426
15913 13.0817021276596
15913 1.48936170212766
16033 9.09872340425532
16033 1.26553191489362
16033 25.7642553191489
16033 17.4297872340426
16033 13.0817021276596
16033 1.48936170212766
16091 9.09872340425532
16091 1.26553191489362
16091 25.7642553191489
16091 17.4297872340426
16091 13.0817021276596
16091 1.48936170212766
15976 9.09872340425532
15976 1.26553191489362
15976 25.7642553191489
15976 17.4297872340426
15976 13.0817021276596
15976 1.48936170212766
16151 9.09872340425532
16151 1.26553191489362
16151 25.7642553191489
16151 17.4297872340426
16151 13.0817021276596
16151 1.48936170212766
16034 9.09872340425532
16034 1.26553191489362
16034 25.7642553191489
16034 17.4297872340426
16034 13.0817021276596
16034 1.48936170212766
16092 9.09872340425532
16092 1.26553191489362
16092 25.7642553191489
16092 17.4297872340426
16092 13.0817021276596
16092 1.48936170212766
15915 9.09872340425532
15915 1.26553191489362
15915 25.7642553191489
15915 17.4297872340426
15915 13.0817021276596
15915 1.48936170212766
16035 9.09872340425532
16035 1.26553191489362
16035 25.7642553191489
16035 17.4297872340426
16035 13.0817021276596
16035 1.48936170212766
16093 9.09872340425532
16093 1.26553191489362
16093 25.7642553191489
16093 17.4297872340426
16093 13.0817021276596
16093 1.48936170212766
16153 9.09872340425532
16153 1.26553191489362
16153 25.7642553191489
16153 17.4297872340426
16153 13.0817021276596
16153 1.48936170212766
16036 9.09872340425532
16036 1.26553191489362
16036 25.7642553191489
16036 17.4297872340426
16036 13.0817021276596
16036 1.48936170212766
16037 9.09872340425532
16037 1.26553191489362
16037 25.7642553191489
16037 17.4297872340426
16037 13.0817021276596
16037 1.48936170212766
16155 9.09872340425532
16155 1.26553191489362
16155 25.7642553191489
16155 17.4297872340426
16155 13.0817021276596
16155 1.48936170212766
16096 9.09872340425532
16096 1.26553191489362
16096 25.7642553191489
16096 17.4297872340426
16096 13.0817021276596
16096 1.48936170212766
16213 9.09872340425532
16213 1.26553191489362
16213 25.7642553191489
16213 17.4297872340426
16213 13.0817021276596
16213 1.48936170212766
16039 9.09872340425532
16039 1.26553191489362
16039 25.7642553191489
16039 17.4297872340426
16039 13.0817021276596
16039 1.48936170212766
16097 9.09872340425532
16097 1.26553191489362
16097 25.7642553191489
16097 17.4297872340426
16097 13.0817021276596
16097 1.48936170212766
16157 9.09872340425532
16157 1.26553191489362
16157 25.7642553191489
16157 17.4297872340426
16157 13.0817021276596
16157 1.48936170212766
16040 9.09872340425532
16040 1.26553191489362
16040 25.7642553191489
16040 17.4297872340426
16040 13.0817021276596
16040 1.48936170212766
16214 9.09872340425532
16214 1.26553191489362
16214 25.7642553191489
16214 17.4297872340426
16214 13.0817021276596
16214 1.48936170212766
15981 9.09872340425532
15981 1.26553191489362
15981 25.7642553191489
15981 17.4297872340426
15981 13.0817021276596
15981 1.48936170212766
16098 9.09872340425532
16098 1.26553191489362
16098 25.7642553191489
16098 17.4297872340426
16098 13.0817021276596
16098 1.48936170212766
16158 9.09872340425532
16158 1.26553191489362
16158 25.7642553191489
16158 17.4297872340426
16158 13.0817021276596
16158 1.48936170212766
16159 9.09872340425532
16159 1.26553191489362
16159 25.7642553191489
16159 17.4297872340426
16159 13.0817021276596
16159 1.48936170212766
16216 9.09872340425532
16216 1.26553191489362
16216 25.7642553191489
16216 17.4297872340426
16216 13.0817021276596
16216 1.48936170212766
15983 9.09872340425532
15983 1.26553191489362
15983 25.7642553191489
15983 17.4297872340426
15983 13.0817021276596
15983 1.48936170212766
16160 9.09872340425532
16160 1.26553191489362
16160 25.7642553191489
16160 17.4297872340426
16160 13.0817021276596
16160 1.48936170212766
16101 9.09872340425532
16101 1.26553191489362
16101 25.7642553191489
16101 17.4297872340426
16101 13.0817021276596
16101 1.48936170212766
16218 9.09872340425532
16218 1.26553191489362
16218 25.7642553191489
16218 17.4297872340426
16218 13.0817021276596
16218 1.48936170212766
16219 9.09872340425532
16219 1.26553191489362
16219 25.7642553191489
16219 17.4297872340426
16219 13.0817021276596
16219 1.48936170212766
16103 9.09872340425532
16103 1.26553191489362
16103 25.7642553191489
16103 17.4297872340426
16103 13.0817021276596
16103 1.48936170212766
16220 9.09872340425532
16220 1.26553191489362
16220 25.7642553191489
16220 17.4297872340426
16220 13.0817021276596
16220 1.48936170212766
16279 9.09872340425532
16279 1.26553191489362
16279 25.7642553191489
16279 17.4297872340426
16279 13.0817021276596
16279 1.48936170212766
16104 9.09872340425532
16104 1.26553191489362
16104 25.7642553191489
16104 17.4297872340426
16104 13.0817021276596
16104 1.48936170212766
16045 9.09872340425532
16045 1.26553191489362
16045 25.7642553191489
16045 17.4297872340426
16045 13.0817021276596
16045 1.48936170212766
16164 9.09872340425532
16164 1.26553191489362
16164 25.7642553191489
16164 17.4297872340426
16164 13.0817021276596
16164 1.48936170212766
16221 9.09872340425532
16221 1.26553191489362
16221 25.7642553191489
16221 17.4297872340426
16221 13.0817021276596
16221 1.48936170212766
16046 9.09872340425532
16046 1.26553191489362
16046 25.7642553191489
16046 17.4297872340426
16046 13.0817021276596
16046 1.48936170212766
16165 9.09872340425532
16165 1.26553191489362
16165 25.7642553191489
16165 17.4297872340426
16165 13.0817021276596
16165 1.48936170212766
16281 9.09872340425532
16281 1.26553191489362
16281 25.7642553191489
16281 17.4297872340426
16281 13.0817021276596
16281 1.48936170212766
16047 9.09872340425532
16047 1.26553191489362
16047 25.7642553191489
16047 17.4297872340426
16047 13.0817021276596
16047 1.48936170212766
16282 9.09872340425532
16282 1.26553191489362
16282 25.7642553191489
16282 17.4297872340426
16282 13.0817021276596
16282 1.48936170212766
16283 9.09872340425532
16283 1.26553191489362
16283 25.7642553191489
16283 17.4297872340426
16283 13.0817021276596
16283 1.48936170212766
16168 9.09872340425532
16168 1.26553191489362
16168 25.7642553191489
16168 17.4297872340426
16168 13.0817021276596
16168 1.48936170212766
16284 9.09872340425532
16284 1.26553191489362
16284 25.7642553191489
16284 17.4297872340426
16284 13.0817021276596
16284 1.48936170212766
16169 9.09872340425532
16169 1.26553191489362
16169 25.7642553191489
16169 17.4297872340426
16169 13.0817021276596
16169 1.48936170212766
16285 9.09872340425532
16285 1.26553191489362
16285 25.7642553191489
16285 17.4297872340426
16285 13.0817021276596
16285 1.48936170212766
16170 9.09872340425532
16170 1.26553191489362
16170 25.7642553191489
16170 17.4297872340426
16170 13.0817021276596
16170 1.48936170212766
16109 9.09872340425532
16109 1.26553191489362
16109 25.7642553191489
16109 17.4297872340426
16109 13.0817021276596
16109 1.48936170212766
16286 9.09872340425532
16286 1.26553191489362
16286 25.7642553191489
16286 17.4297872340426
16286 13.0817021276596
16286 1.48936170212766
16171 9.09872340425532
16171 1.26553191489362
16171 25.7642553191489
16171 17.4297872340426
16171 13.0817021276596
16171 1.48936170212766
16110 9.09872340425532
16110 1.26553191489362
16110 25.7642553191489
16110 17.4297872340426
16110 13.0817021276596
16110 1.48936170212766
16287 9.09872340425532
16287 1.26553191489362
16287 25.7642553191489
16287 17.4297872340426
16287 13.0817021276596
16287 1.48936170212766
16345 9.09872340425532
16345 1.26553191489362
16345 25.7642553191489
16345 17.4297872340426
16345 13.0817021276596
16345 1.48936170212766
16111 9.09872340425532
16111 1.26553191489362
16111 25.7642553191489
16111 17.4297872340426
16111 13.0817021276596
16111 1.48936170212766
16346 9.09872340425532
16346 1.26553191489362
16346 25.7642553191489
16346 17.4297872340426
16346 13.0817021276596
16346 1.48936170212766
16347 9.09872340425532
16347 1.26553191489362
16347 25.7642553191489
16347 17.4297872340426
16347 13.0817021276596
16347 1.48936170212766
16405 9.09872340425532
16405 1.26553191489362
16405 25.7642553191489
16405 17.4297872340426
16405 13.0817021276596
16405 1.48936170212766
16349 9.09872340425532
16349 1.26553191489362
16349 25.7642553191489
16349 17.4297872340426
16349 13.0817021276596
16349 1.48936170212766
16407 9.09872340425532
16407 1.26553191489362
16407 25.7642553191489
16407 17.4297872340426
16407 13.0817021276596
16407 1.48936170212766
16232 9.09872340425532
16232 1.26553191489362
16232 25.7642553191489
16232 17.4297872340426
16232 13.0817021276596
16232 1.48936170212766
16408 9.09872340425532
16408 1.26553191489362
16408 25.7642553191489
16408 17.4297872340426
16408 13.0817021276596
16408 1.48936170212766
16175 9.09872340425532
16175 1.26553191489362
16175 25.7642553191489
16175 17.4297872340426
16175 13.0817021276596
16175 1.48936170212766
16234 9.09872340425532
16234 1.26553191489362
16234 25.7642553191489
16234 17.4297872340426
16234 13.0817021276596
16234 1.48936170212766
16409 9.09872340425532
16409 1.26553191489362
16409 25.7642553191489
16409 17.4297872340426
16409 13.0817021276596
16409 1.48936170212766
16176 9.09872340425532
16176 1.26553191489362
16176 25.7642553191489
16176 17.4297872340426
16176 13.0817021276596
16176 1.48936170212766
16292 9.09872340425532
16292 1.26553191489362
16292 25.7642553191489
16292 17.4297872340426
16292 13.0817021276596
16292 1.48936170212766
16410 9.09872340425532
16410 1.26553191489362
16410 25.7642553191489
16410 17.4297872340426
16410 13.0817021276596
16410 1.48936170212766
16177 9.09872340425532
16177 1.26553191489362
16177 25.7642553191489
16177 17.4297872340426
16177 13.0817021276596
16177 1.48936170212766
16293 9.09872340425532
16293 1.26553191489362
16293 25.7642553191489
16293 17.4297872340426
16293 13.0817021276596
16293 1.48936170212766
16178 9.09872340425532
16178 1.26553191489362
16178 25.7642553191489
16178 17.4297872340426
16178 13.0817021276596
16178 1.48936170212766
16411 9.09872340425532
16411 1.26553191489362
16411 25.7642553191489
16411 17.4297872340426
16411 13.0817021276596
16411 1.48936170212766
16468 9.09872340425532
16468 1.26553191489362
16468 25.7642553191489
16468 17.4297872340426
16468 13.0817021276596
16468 1.48936170212766
16294 9.09872340425532
16294 1.26553191489362
16294 25.7642553191489
16294 17.4297872340426
16294 13.0817021276596
16294 1.48936170212766
16469 9.09872340425532
16469 1.26553191489362
16469 25.7642553191489
16469 17.4297872340426
16469 13.0817021276596
16469 1.48936170212766
16413 9.09872340425532
16413 1.26553191489362
16413 25.7642553191489
16413 17.4297872340426
16413 13.0817021276596
16413 1.48936170212766
16470 9.09872340425532
16470 1.26553191489362
16470 25.7642553191489
16470 17.4297872340426
16470 13.0817021276596
16470 1.48936170212766
16414 9.09872340425532
16414 1.26553191489362
16414 25.7642553191489
16414 17.4297872340426
16414 13.0817021276596
16414 1.48936170212766
16471 9.09872340425532
16471 1.26553191489362
16471 25.7642553191489
16471 17.4297872340426
16471 13.0817021276596
16471 1.48936170212766
16297 9.09872340425532
16297 1.26553191489362
16297 25.7642553191489
16297 17.4297872340426
16297 13.0817021276596
16297 1.48936170212766
16237 9.09872340425532
16237 1.26553191489362
16237 25.7642553191489
16237 17.4297872340426
16237 13.0817021276596
16237 1.48936170212766
16472 9.09872340425532
16472 1.26553191489362
16472 25.7642553191489
16472 17.4297872340426
16472 13.0817021276596
16472 1.48936170212766
16298 9.09872340425532
16298 1.26553191489362
16298 25.7642553191489
16298 17.4297872340426
16298 13.0817021276596
16298 1.48936170212766
16416 9.09872340425532
16416 1.26553191489362
16416 25.7642553191489
16416 17.4297872340426
16416 13.0817021276596
16416 1.48936170212766
16473 9.09872340425532
16473 1.26553191489362
16473 25.7642553191489
16473 17.4297872340426
16473 13.0817021276596
16473 1.48936170212766
16356 9.09872340425532
16356 1.26553191489362
16356 25.7642553191489
16356 17.4297872340426
16356 13.0817021276596
16356 1.48936170212766
16474 9.09872340425532
16474 1.26553191489362
16474 25.7642553191489
16474 17.4297872340426
16474 13.0817021276596
16474 1.48936170212766
16240 9.09872340425532
16240 1.26553191489362
16240 25.7642553191489
16240 17.4297872340426
16240 13.0817021276596
16240 1.48936170212766
16529 9.09872340425532
16529 1.26553191489362
16529 25.7642553191489
16529 17.4297872340426
16529 13.0817021276596
16529 1.48936170212766
16357 9.09872340425532
16357 1.26553191489362
16357 25.7642553191489
16357 17.4297872340426
16357 13.0817021276596
16357 1.48936170212766
16475 9.09872340425532
16475 1.26553191489362
16475 25.7642553191489
16475 17.4297872340426
16475 13.0817021276596
16475 1.48936170212766
16358 9.09872340425532
16358 1.26553191489362
16358 25.7642553191489
16358 17.4297872340426
16358 13.0817021276596
16358 1.48936170212766
16476 9.09872340425532
16476 1.26553191489362
16476 25.7642553191489
16476 17.4297872340426
16476 13.0817021276596
16476 1.48936170212766
16531 9.09872340425532
16531 1.26553191489362
16531 25.7642553191489
16531 17.4297872340426
16531 13.0817021276596
16531 1.48936170212766
16477 9.09872340425532
16477 1.26553191489362
16477 25.7642553191489
16477 17.4297872340426
16477 13.0817021276596
16477 1.48936170212766
16532 9.09872340425532
16532 1.26553191489362
16532 25.7642553191489
16532 17.4297872340426
16532 13.0817021276596
16532 1.48936170212766
16360 9.09872340425532
16360 1.26553191489362
16360 25.7642553191489
16360 17.4297872340426
16360 13.0817021276596
16360 1.48936170212766
16301 9.09872340425532
16301 1.26553191489362
16301 25.7642553191489
16301 17.4297872340426
16301 13.0817021276596
16301 1.48936170212766
16361 9.09872340425532
16361 1.26553191489362
16361 25.7642553191489
16361 17.4297872340426
16361 13.0817021276596
16361 1.48936170212766
16533 9.09872340425532
16533 1.26553191489362
16533 25.7642553191489
16533 17.4297872340426
16533 13.0817021276596
16533 1.48936170212766
16302 9.09872340425532
16302 1.26553191489362
16302 25.7642553191489
16302 17.4297872340426
16302 13.0817021276596
16302 1.48936170212766
16362 9.09872340425532
16362 1.26553191489362
16362 25.7642553191489
16362 17.4297872340426
16362 13.0817021276596
16362 1.48936170212766
16583 9.09872340425532
16583 1.26553191489362
16583 25.7642553191489
16583 17.4297872340426
16583 13.0817021276596
16583 1.48936170212766
16534 9.09872340425532
16534 1.26553191489362
16534 25.7642553191489
16534 17.4297872340426
16534 13.0817021276596
16534 1.48936170212766
16303 9.09872340425532
16303 1.26553191489362
16303 25.7642553191489
16303 17.4297872340426
16303 13.0817021276596
16303 1.48936170212766
16584 9.09872340425532
16584 1.26553191489362
16584 25.7642553191489
16584 17.4297872340426
16584 13.0817021276596
16584 1.48936170212766
16535 9.09872340425532
16535 1.26553191489362
16535 25.7642553191489
16535 17.4297872340426
16535 13.0817021276596
16535 1.48936170212766
16585 9.09872340425532
16585 1.26553191489362
16585 25.7642553191489
16585 17.4297872340426
16585 13.0817021276596
16585 1.48936170212766
16536 9.09872340425532
16536 1.26553191489362
16536 25.7642553191489
16536 17.4297872340426
16536 13.0817021276596
16536 1.48936170212766
16421 9.09872340425532
16421 1.26553191489362
16421 25.7642553191489
16421 17.4297872340426
16421 13.0817021276596
16421 1.48936170212766
16306 9.09872340425532
16306 1.26553191489362
16306 25.7642553191489
16306 17.4297872340426
16306 13.0817021276596
16306 1.48936170212766
16537 9.09872340425532
16537 1.26553191489362
16537 25.7642553191489
16537 17.4297872340426
16537 13.0817021276596
16537 1.48936170212766
16586 9.09872340425532
16586 1.26553191489362
16586 25.7642553191489
16586 17.4297872340426
16586 13.0817021276596
16586 1.48936170212766
16422 9.09872340425532
16422 1.26553191489362
16422 25.7642553191489
16422 17.4297872340426
16422 13.0817021276596
16422 1.48936170212766
16587 9.09872340425532
16587 1.26553191489362
16587 25.7642553191489
16587 17.4297872340426
16587 13.0817021276596
16587 1.48936170212766
16423 9.09872340425532
16423 1.26553191489362
16423 25.7642553191489
16423 17.4297872340426
16423 13.0817021276596
16423 1.48936170212766
16364 9.09872340425532
16364 1.26553191489362
16364 25.7642553191489
16364 17.4297872340426
16364 13.0817021276596
16364 1.48936170212766
16633 9.09872340425532
16633 1.26553191489362
16633 25.7642553191489
16633 17.4297872340426
16633 13.0817021276596
16633 1.48936170212766
16588 9.09872340425532
16588 1.26553191489362
16588 25.7642553191489
16588 17.4297872340426
16588 13.0817021276596
16588 1.48936170212766
16424 9.09872340425532
16424 1.26553191489362
16424 25.7642553191489
16424 17.4297872340426
16424 13.0817021276596
16424 1.48936170212766
16365 9.09872340425532
16365 1.26553191489362
16365 25.7642553191489
16365 17.4297872340426
16365 13.0817021276596
16365 1.48936170212766
16589 9.09872340425532
16589 1.26553191489362
16589 25.7642553191489
16589 17.4297872340426
16589 13.0817021276596
16589 1.48936170212766
16425 9.09872340425532
16425 1.26553191489362
16425 25.7642553191489
16425 17.4297872340426
16425 13.0817021276596
16425 1.48936170212766
16366 9.09872340425532
16366 1.26553191489362
16366 25.7642553191489
16366 17.4297872340426
16366 13.0817021276596
16366 1.48936170212766
16590 9.09872340425532
16590 1.26553191489362
16590 25.7642553191489
16590 17.4297872340426
16590 13.0817021276596
16590 1.48936170212766
16635 9.09872340425532
16635 1.26553191489362
16635 25.7642553191489
16635 17.4297872340426
16635 13.0817021276596
16635 1.48936170212766
16367 9.09872340425532
16367 1.26553191489362
16367 25.7642553191489
16367 17.4297872340426
16367 13.0817021276596
16367 1.48936170212766
16591 9.09872340425532
16591 1.26553191489362
16591 25.7642553191489
16591 17.4297872340426
16591 13.0817021276596
16591 1.48936170212766
16368 9.09872340425532
16368 1.26553191489362
16368 25.7642553191489
16368 17.4297872340426
16368 13.0817021276596
16368 1.48936170212766
16369 9.09872340425532
16369 1.26553191489362
16369 25.7642553191489
16369 17.4297872340426
16369 13.0817021276596
16369 1.48936170212766
16592 9.09872340425532
16592 1.26553191489362
16592 25.7642553191489
16592 17.4297872340426
16592 13.0817021276596
16592 1.48936170212766
16637 9.09872340425532
16637 1.26553191489362
16637 25.7642553191489
16637 17.4297872340426
16637 13.0817021276596
16637 1.48936170212766
16484 9.09872340425532
16484 1.26553191489362
16484 25.7642553191489
16484 17.4297872340426
16484 13.0817021276596
16484 1.48936170212766
16370 9.09872340425532
16370 1.26553191489362
16370 25.7642553191489
16370 17.4297872340426
16370 13.0817021276596
16370 1.48936170212766
16638 9.09872340425532
16638 1.26553191489362
16638 25.7642553191489
16638 17.4297872340426
16638 13.0817021276596
16638 1.48936170212766
16485 9.09872340425532
16485 1.26553191489362
16485 25.7642553191489
16485 17.4297872340426
16485 13.0817021276596
16485 1.48936170212766
16688 9.09872340425532
16688 1.26553191489362
16688 25.7642553191489
16688 17.4297872340426
16688 13.0817021276596
16688 1.48936170212766
16639 9.09872340425532
16639 1.26553191489362
16639 25.7642553191489
16639 17.4297872340426
16639 13.0817021276596
16639 1.48936170212766
16486 9.09872340425532
16486 1.26553191489362
16486 25.7642553191489
16486 17.4297872340426
16486 13.0817021276596
16486 1.48936170212766
16427 9.09872340425532
16427 1.26553191489362
16427 25.7642553191489
16427 17.4297872340426
16427 13.0817021276596
16427 1.48936170212766
16640 9.09872340425532
16640 1.26553191489362
16640 25.7642553191489
16640 17.4297872340426
16640 13.0817021276596
16640 1.48936170212766
16487 9.09872340425532
16487 1.26553191489362
16487 25.7642553191489
16487 17.4297872340426
16487 13.0817021276596
16487 1.48936170212766
16428 9.09872340425532
16428 1.26553191489362
16428 25.7642553191489
16428 17.4297872340426
16428 13.0817021276596
16428 1.48936170212766
16641 9.09872340425532
16641 1.26553191489362
16641 25.7642553191489
16641 17.4297872340426
16641 13.0817021276596
16641 1.48936170212766
16690 9.09872340425532
16690 1.26553191489362
16690 25.7642553191489
16690 17.4297872340426
16690 13.0817021276596
16690 1.48936170212766
16429 9.09872340425532
16429 1.26553191489362
16429 25.7642553191489
16429 17.4297872340426
16429 13.0817021276596
16429 1.48936170212766
16642 9.09872340425532
16642 1.26553191489362
16642 25.7642553191489
16642 17.4297872340426
16642 13.0817021276596
16642 1.48936170212766
16430 9.09872340425532
16430 1.26553191489362
16430 25.7642553191489
16430 17.4297872340426
16430 13.0817021276596
16430 1.48936170212766
16643 9.09872340425532
16643 1.26553191489362
16643 25.7642553191489
16643 17.4297872340426
16643 13.0817021276596
16643 1.48936170212766
16431 9.09872340425532
16431 1.26553191489362
16431 25.7642553191489
16431 17.4297872340426
16431 13.0817021276596
16431 1.48936170212766
16693 9.09872340425532
16693 1.26553191489362
16693 25.7642553191489
16693 17.4297872340426
16693 13.0817021276596
16693 1.48936170212766
16545 9.09872340425532
16545 1.26553191489362
16545 25.7642553191489
16545 17.4297872340426
16545 13.0817021276596
16545 1.48936170212766
16694 9.09872340425532
16694 1.26553191489362
16694 25.7642553191489
16694 17.4297872340426
16694 13.0817021276596
16694 1.48936170212766
16546 9.09872340425532
16546 1.26553191489362
16546 25.7642553191489
16546 17.4297872340426
16546 13.0817021276596
16546 1.48936170212766
16490 9.09872340425532
16490 1.26553191489362
16490 25.7642553191489
16490 17.4297872340426
16490 13.0817021276596
16490 1.48936170212766
16738 9.09872340425532
16738 1.26553191489362
16738 25.7642553191489
16738 17.4297872340426
16738 13.0817021276596
16738 1.48936170212766
16695 9.09872340425532
16695 1.26553191489362
16695 25.7642553191489
16695 17.4297872340426
16695 13.0817021276596
16695 1.48936170212766
16547 9.09872340425532
16547 1.26553191489362
16547 25.7642553191489
16547 17.4297872340426
16547 13.0817021276596
16547 1.48936170212766
16491 9.09872340425532
16491 1.26553191489362
16491 25.7642553191489
16491 17.4297872340426
16491 13.0817021276596
16491 1.48936170212766
16739 9.09872340425532
16739 1.26553191489362
16739 25.7642553191489
16739 17.4297872340426
16739 13.0817021276596
16739 1.48936170212766
16696 9.09872340425532
16696 1.26553191489362
16696 25.7642553191489
16696 17.4297872340426
16696 13.0817021276596
16696 1.48936170212766
16548 9.09872340425532
16548 1.26553191489362
16548 25.7642553191489
16548 17.4297872340426
16548 13.0817021276596
16548 1.48936170212766
16492 9.09872340425532
16492 1.26553191489362
16492 25.7642553191489
16492 17.4297872340426
16492 13.0817021276596
16492 1.48936170212766
16740 9.09872340425532
16740 1.26553191489362
16740 25.7642553191489
16740 17.4297872340426
16740 13.0817021276596
16740 1.48936170212766
16697 9.09872340425532
16697 1.26553191489362
16697 25.7642553191489
16697 17.4297872340426
16697 13.0817021276596
16697 1.48936170212766
16493 9.09872340425532
16493 1.26553191489362
16493 25.7642553191489
16493 17.4297872340426
16493 13.0817021276596
16493 1.48936170212766
16698 9.09872340425532
16698 1.26553191489362
16698 25.7642553191489
16698 17.4297872340426
16698 13.0817021276596
16698 1.48936170212766
16742 9.09872340425532
16742 1.26553191489362
16742 25.7642553191489
16742 17.4297872340426
16742 13.0817021276596
16742 1.48936170212766
16700 9.09872340425532
16700 1.26553191489362
16700 25.7642553191489
16700 17.4297872340426
16700 13.0817021276596
16700 1.48936170212766
16743 9.09872340425532
16743 1.26553191489362
16743 25.7642553191489
16743 17.4297872340426
16743 13.0817021276596
16743 1.48936170212766
16598 9.09872340425532
16598 1.26553191489362
16598 25.7642553191489
16598 17.4297872340426
16598 13.0817021276596
16598 1.48936170212766
16701 9.09872340425532
16701 1.26553191489362
16701 25.7642553191489
16701 17.4297872340426
16701 13.0817021276596
16701 1.48936170212766
16744 9.09872340425532
16744 1.26553191489362
16744 25.7642553191489
16744 17.4297872340426
16744 13.0817021276596
16744 1.48936170212766
16784 9.09872340425532
16784 1.26553191489362
16784 25.7642553191489
16784 17.4297872340426
16784 13.0817021276596
16784 1.48936170212766
16599 9.09872340425532
16599 1.26553191489362
16599 25.7642553191489
16599 17.4297872340426
16599 13.0817021276596
16599 1.48936170212766
16745 9.09872340425532
16745 1.26553191489362
16745 25.7642553191489
16745 17.4297872340426
16745 13.0817021276596
16745 1.48936170212766
16600 9.09872340425532
16600 1.26553191489362
16600 25.7642553191489
16600 17.4297872340426
16600 13.0817021276596
16600 1.48936170212766
16601 9.09872340425532
16601 1.26553191489362
16601 25.7642553191489
16601 17.4297872340426
16601 13.0817021276596
16601 1.48936170212766
16746 9.09872340425532
16746 1.26553191489362
16746 25.7642553191489
16746 17.4297872340426
16746 13.0817021276596
16746 1.48936170212766
16786 9.09872340425532
16786 1.26553191489362
16786 25.7642553191489
16786 17.4297872340426
16786 13.0817021276596
16786 1.48936170212766
16747 9.09872340425532
16747 1.26553191489362
16747 25.7642553191489
16747 17.4297872340426
16747 13.0817021276596
16747 1.48936170212766
16787 9.09872340425532
16787 1.26553191489362
16787 25.7642553191489
16787 17.4297872340426
16787 13.0817021276596
16787 1.48936170212766
16552 9.09872340425532
16552 1.26553191489362
16552 25.7642553191489
16552 17.4297872340426
16552 13.0817021276596
16552 1.48936170212766
16788 9.09872340425532
16788 1.26553191489362
16788 25.7642553191489
16788 17.4297872340426
16788 13.0817021276596
16788 1.48936170212766
16789 9.09872340425532
16789 1.26553191489362
16789 25.7642553191489
16789 17.4297872340426
16789 13.0817021276596
16789 1.48936170212766
16830 9.09872340425532
16830 1.26553191489362
16830 25.7642553191489
16830 17.4297872340426
16830 13.0817021276596
16830 1.48936170212766
16790 9.09872340425532
16790 1.26553191489362
16790 25.7642553191489
16790 17.4297872340426
16790 13.0817021276596
16790 1.48936170212766
16650 9.09872340425532
16650 1.26553191489362
16650 25.7642553191489
16650 17.4297872340426
16650 13.0817021276596
16650 1.48936170212766
16791 9.09872340425532
16791 1.26553191489362
16791 25.7642553191489
16791 17.4297872340426
16791 13.0817021276596
16791 1.48936170212766
16831 9.09872340425532
16831 1.26553191489362
16831 25.7642553191489
16831 17.4297872340426
16831 13.0817021276596
16831 1.48936170212766
16651 9.09872340425532
16651 1.26553191489362
16651 25.7642553191489
16651 17.4297872340426
16651 13.0817021276596
16651 1.48936170212766
16792 9.09872340425532
16792 1.26553191489362
16792 25.7642553191489
16792 17.4297872340426
16792 13.0817021276596
16792 1.48936170212766
16652 9.09872340425532
16652 1.26553191489362
16652 25.7642553191489
16652 17.4297872340426
16652 13.0817021276596
16652 1.48936170212766
16832 9.09872340425532
16832 1.26553191489362
16832 25.7642553191489
16832 17.4297872340426
16832 13.0817021276596
16832 1.48936170212766
16653 9.09872340425532
16653 1.26553191489362
16653 25.7642553191489
16653 17.4297872340426
16653 13.0817021276596
16653 1.48936170212766
16794 9.09872340425532
16794 1.26553191489362
16794 25.7642553191489
16794 17.4297872340426
16794 13.0817021276596
16794 1.48936170212766
16834 9.09872340425532
16834 1.26553191489362
16834 25.7642553191489
16834 17.4297872340426
16834 13.0817021276596
16834 1.48936170212766
16835 9.09872340425532
16835 1.26553191489362
16835 25.7642553191489
16835 17.4297872340426
16835 13.0817021276596
16835 1.48936170212766
16872 9.09872340425532
16872 1.26553191489362
16872 25.7642553191489
16872 17.4297872340426
16872 13.0817021276596
16872 1.48936170212766
16836 9.09872340425532
16836 1.26553191489362
16836 25.7642553191489
16836 17.4297872340426
16836 13.0817021276596
16836 1.48936170212766
16873 9.09872340425532
16873 1.26553191489362
16873 25.7642553191489
16873 17.4297872340426
16873 13.0817021276596
16873 1.48936170212766
16837 9.09872340425532
16837 1.26553191489362
16837 25.7642553191489
16837 17.4297872340426
16837 13.0817021276596
16837 1.48936170212766
16706 9.09872340425532
16706 1.26553191489362
16706 25.7642553191489
16706 17.4297872340426
16706 13.0817021276596
16706 1.48936170212766
16874 9.09872340425532
16874 1.26553191489362
16874 25.7642553191489
16874 17.4297872340426
16874 13.0817021276596
16874 1.48936170212766
16707 9.09872340425532
16707 1.26553191489362
16707 25.7642553191489
16707 17.4297872340426
16707 13.0817021276596
16707 1.48936170212766
16839 9.09872340425532
16839 1.26553191489362
16839 25.7642553191489
16839 17.4297872340426
16839 13.0817021276596
16839 1.48936170212766
16708 9.09872340425532
16708 1.26553191489362
16708 25.7642553191489
16708 17.4297872340426
16708 13.0817021276596
16708 1.48936170212766
16875 9.09872340425532
16875 1.26553191489362
16875 25.7642553191489
16875 17.4297872340426
16875 13.0817021276596
16875 1.48936170212766
16840 9.09872340425532
16840 1.26553191489362
16840 25.7642553191489
16840 17.4297872340426
16840 13.0817021276596
16840 1.48936170212766
16876 9.09872340425532
16876 1.26553191489362
16876 25.7642553191489
16876 17.4297872340426
16876 13.0817021276596
16876 1.48936170212766
16877 9.09872340425532
16877 1.26553191489362
16877 25.7642553191489
16877 17.4297872340426
16877 13.0817021276596
16877 1.48936170212766
16878 9.09872340425532
16878 1.26553191489362
16878 25.7642553191489
16878 17.4297872340426
16878 13.0817021276596
16878 1.48936170212766
16711 9.09872340425532
16711 1.26553191489362
16711 25.7642553191489
16711 17.4297872340426
16711 13.0817021276596
16711 1.48936170212766
16912 9.09872340425532
16912 1.26553191489362
16912 25.7642553191489
16912 17.4297872340426
16912 13.0817021276596
16912 1.48936170212766
16879 9.09872340425532
16879 1.26553191489362
16879 25.7642553191489
16879 17.4297872340426
16879 13.0817021276596
16879 1.48936170212766
16754 9.09872340425532
16754 1.26553191489362
16754 25.7642553191489
16754 17.4297872340426
16754 13.0817021276596
16754 1.48936170212766
16913 9.09872340425532
16913 1.26553191489362
16913 25.7642553191489
16913 17.4297872340426
16913 13.0817021276596
16913 1.48936170212766
16880 9.09872340425532
16880 1.26553191489362
16880 25.7642553191489
16880 17.4297872340426
16880 13.0817021276596
16880 1.48936170212766
16755 9.09872340425532
16755 1.26553191489362
16755 25.7642553191489
16755 17.4297872340426
16755 13.0817021276596
16755 1.48936170212766
16914 9.09872340425532
16914 1.26553191489362
16914 25.7642553191489
16914 17.4297872340426
16914 13.0817021276596
16914 1.48936170212766
16756 9.09872340425532
16756 1.26553191489362
16756 25.7642553191489
16756 17.4297872340426
16756 13.0817021276596
16756 1.48936170212766
16881 9.09872340425532
16881 1.26553191489362
16881 25.7642553191489
16881 17.4297872340426
16881 13.0817021276596
16881 1.48936170212766
16757 9.09872340425532
16757 1.26553191489362
16757 25.7642553191489
16757 17.4297872340426
16757 13.0817021276596
16757 1.48936170212766
16915 9.09872340425532
16915 1.26553191489362
16915 25.7642553191489
16915 17.4297872340426
16915 13.0817021276596
16915 1.48936170212766
16882 9.09872340425532
16882 1.26553191489362
16882 25.7642553191489
16882 17.4297872340426
16882 13.0817021276596
16882 1.48936170212766
16916 9.09872340425532
16916 1.26553191489362
16916 25.7642553191489
16916 17.4297872340426
16916 13.0817021276596
16916 1.48936170212766
16917 9.09872340425532
16917 1.26553191489362
16917 25.7642553191489
16917 17.4297872340426
16917 13.0817021276596
16917 1.48936170212766
16952 9.09872340425532
16952 1.26553191489362
16952 25.7642553191489
16952 17.4297872340426
16952 13.0817021276596
16952 1.48936170212766
16918 9.09872340425532
16918 1.26553191489362
16918 25.7642553191489
16918 17.4297872340426
16918 13.0817021276596
16918 1.48936170212766
16800 9.09872340425532
16800 1.26553191489362
16800 25.7642553191489
16800 17.4297872340426
16800 13.0817021276596
16800 1.48936170212766
16953 9.09872340425532
16953 1.26553191489362
16953 25.7642553191489
16953 17.4297872340426
16953 13.0817021276596
16953 1.48936170212766
16919 9.09872340425532
16919 1.26553191489362
16919 25.7642553191489
16919 17.4297872340426
16919 13.0817021276596
16919 1.48936170212766
16801 9.09872340425532
16801 1.26553191489362
16801 25.7642553191489
16801 17.4297872340426
16801 13.0817021276596
16801 1.48936170212766
16920 9.09872340425532
16920 1.26553191489362
16920 25.7642553191489
16920 17.4297872340426
16920 13.0817021276596
16920 1.48936170212766
16954 9.09872340425532
16954 1.26553191489362
16954 25.7642553191489
16954 17.4297872340426
16954 13.0817021276596
16954 1.48936170212766
16802 9.09872340425532
16802 1.26553191489362
16802 25.7642553191489
16802 17.4297872340426
16802 13.0817021276596
16802 1.48936170212766
16921 9.09872340425532
16921 1.26553191489362
16921 25.7642553191489
16921 17.4297872340426
16921 13.0817021276596
16921 1.48936170212766
16803 9.09872340425532
16803 1.26553191489362
16803 25.7642553191489
16803 17.4297872340426
16803 13.0817021276596
16803 1.48936170212766
16922 9.09872340425532
16922 1.26553191489362
16922 25.7642553191489
16922 17.4297872340426
16922 13.0817021276596
16922 1.48936170212766
16956 9.09872340425532
16956 1.26553191489362
16956 25.7642553191489
16956 17.4297872340426
16956 13.0817021276596
16956 1.48936170212766
16957 9.09872340425532
16957 1.26553191489362
16957 25.7642553191489
16957 17.4297872340426
16957 13.0817021276596
16957 1.48936170212766
16805 9.09872340425532
16805 1.26553191489362
16805 25.7642553191489
16805 17.4297872340426
16805 13.0817021276596
16805 1.48936170212766
16989 9.09872340425532
16989 1.26553191489362
16989 25.7642553191489
16989 17.4297872340426
16989 13.0817021276596
16989 1.48936170212766
16958 9.09872340425532
16958 1.26553191489362
16958 25.7642553191489
16958 17.4297872340426
16958 13.0817021276596
16958 1.48936170212766
16990 9.09872340425532
16990 1.26553191489362
16990 25.7642553191489
16990 17.4297872340426
16990 13.0817021276596
16990 1.48936170212766
16959 9.09872340425532
16959 1.26553191489362
16959 25.7642553191489
16959 17.4297872340426
16959 13.0817021276596
16959 1.48936170212766
16845 9.09872340425532
16845 1.26553191489362
16845 25.7642553191489
16845 17.4297872340426
16845 13.0817021276596
16845 1.48936170212766
16960 9.09872340425532
16960 1.26553191489362
16960 25.7642553191489
16960 17.4297872340426
16960 13.0817021276596
16960 1.48936170212766
16991 9.09872340425532
16991 1.26553191489362
16991 25.7642553191489
16991 17.4297872340426
16991 13.0817021276596
16991 1.48936170212766
16846 9.09872340425532
16846 1.26553191489362
16846 25.7642553191489
16846 17.4297872340426
16846 13.0817021276596
16846 1.48936170212766
16961 9.09872340425532
16961 1.26553191489362
16961 25.7642553191489
16961 17.4297872340426
16961 13.0817021276596
16961 1.48936170212766
16992 9.09872340425532
16992 1.26553191489362
16992 25.7642553191489
16992 17.4297872340426
16992 13.0817021276596
16992 1.48936170212766
16993 9.09872340425532
16993 1.26553191489362
16993 25.7642553191489
16993 17.4297872340426
16993 13.0817021276596
16993 1.48936170212766
16994 9.09872340425532
16994 1.26553191489362
16994 25.7642553191489
16994 17.4297872340426
16994 13.0817021276596
16994 1.48936170212766
17030 9.09872340425532
17030 1.26553191489362
17030 25.7642553191489
17030 17.4297872340426
17030 13.0817021276596
17030 1.48936170212766
16995 9.09872340425532
16995 1.26553191489362
16995 25.7642553191489
16995 17.4297872340426
16995 13.0817021276596
16995 1.48936170212766
17031 9.09872340425532
17031 1.26553191489362
17031 25.7642553191489
17031 17.4297872340426
17031 13.0817021276596
17031 1.48936170212766
16996 9.09872340425532
16996 1.26553191489362
16996 25.7642553191489
16996 17.4297872340426
16996 13.0817021276596
16996 1.48936170212766
16886 9.09872340425532
16886 1.26553191489362
16886 25.7642553191489
16886 17.4297872340426
16886 13.0817021276596
16886 1.48936170212766
17032 9.09872340425532
17032 1.26553191489362
17032 25.7642553191489
17032 17.4297872340426
17032 13.0817021276596
17032 1.48936170212766
16997 9.09872340425532
16997 1.26553191489362
16997 25.7642553191489
16997 17.4297872340426
16997 13.0817021276596
16997 1.48936170212766
16887 9.09872340425532
16887 1.26553191489362
16887 25.7642553191489
16887 17.4297872340426
16887 13.0817021276596
16887 1.48936170212766
17033 9.09872340425532
17033 1.26553191489362
17033 25.7642553191489
17033 17.4297872340426
17033 13.0817021276596
17033 1.48936170212766
16998 9.09872340425532
16998 1.26553191489362
16998 25.7642553191489
16998 17.4297872340426
16998 13.0817021276596
16998 1.48936170212766
17034 9.09872340425532
17034 1.26553191489362
17034 25.7642553191489
17034 17.4297872340426
17034 13.0817021276596
17034 1.48936170212766
16999 9.09872340425532
16999 1.26553191489362
16999 25.7642553191489
16999 17.4297872340426
16999 13.0817021276596
16999 1.48936170212766
17035 9.09872340425532
17035 1.26553191489362
17035 25.7642553191489
17035 17.4297872340426
17035 13.0817021276596
17035 1.48936170212766
17073 9.09872340425532
17073 1.26553191489362
17073 25.7642553191489
17073 17.4297872340426
17073 13.0817021276596
17073 1.48936170212766
17036 9.09872340425532
17036 1.26553191489362
17036 25.7642553191489
17036 17.4297872340426
17036 13.0817021276596
17036 1.48936170212766
17074 9.09872340425532
17074 1.26553191489362
17074 25.7642553191489
17074 17.4297872340426
17074 13.0817021276596
17074 1.48936170212766
17037 9.09872340425532
17037 1.26553191489362
17037 25.7642553191489
17037 17.4297872340426
17037 13.0817021276596
17037 1.48936170212766
17075 9.09872340425532
17075 1.26553191489362
17075 25.7642553191489
17075 17.4297872340426
17075 13.0817021276596
17075 1.48936170212766
17038 9.09872340425532
17038 1.26553191489362
17038 25.7642553191489
17038 17.4297872340426
17038 13.0817021276596
17038 1.48936170212766
16925 9.09872340425532
16925 1.26553191489362
16925 25.7642553191489
16925 17.4297872340426
16925 13.0817021276596
16925 1.48936170212766
17076 9.09872340425532
17076 1.26553191489362
17076 25.7642553191489
17076 17.4297872340426
17076 13.0817021276596
17076 1.48936170212766
17039 9.09872340425532
17039 1.26553191489362
17039 25.7642553191489
17039 17.4297872340426
17039 13.0817021276596
17039 1.48936170212766
17040 9.09872340425532
17040 1.26553191489362
17040 25.7642553191489
17040 17.4297872340426
17040 13.0817021276596
17040 1.48936170212766
17077 9.09872340425532
17077 1.26553191489362
17077 25.7642553191489
17077 17.4297872340426
17077 13.0817021276596
17077 1.48936170212766
17041 9.09872340425532
17041 1.26553191489362
17041 25.7642553191489
17041 17.4297872340426
17041 13.0817021276596
17041 1.48936170212766
17078 9.09872340425532
17078 1.26553191489362
17078 25.7642553191489
17078 17.4297872340426
17078 13.0817021276596
17078 1.48936170212766
17079 9.09872340425532
17079 1.26553191489362
17079 25.7642553191489
17079 17.4297872340426
17079 13.0817021276596
17079 1.48936170212766
17116 9.09872340425532
17116 1.26553191489362
17116 25.7642553191489
17116 17.4297872340426
17116 13.0817021276596
17116 1.48936170212766
17080 9.09872340425532
17080 1.26553191489362
17080 25.7642553191489
17080 17.4297872340426
17080 13.0817021276596
17080 1.48936170212766
17117 9.09872340425532
17117 1.26553191489362
17117 25.7642553191489
17117 17.4297872340426
17117 13.0817021276596
17117 1.48936170212766
17081 9.09872340425532
17081 1.26553191489362
17081 25.7642553191489
17081 17.4297872340426
17081 13.0817021276596
17081 1.48936170212766
17118 9.09872340425532
17118 1.26553191489362
17118 25.7642553191489
17118 17.4297872340426
17118 13.0817021276596
17118 1.48936170212766
17082 9.09872340425532
17082 1.26553191489362
17082 25.7642553191489
17082 17.4297872340426
17082 13.0817021276596
17082 1.48936170212766
17119 9.09872340425532
17119 1.26553191489362
17119 25.7642553191489
17119 17.4297872340426
17119 13.0817021276596
17119 1.48936170212766
17083 9.09872340425532
17083 1.26553191489362
17083 25.7642553191489
17083 17.4297872340426
17083 13.0817021276596
17083 1.48936170212766
17084 9.09872340425532
17084 1.26553191489362
17084 25.7642553191489
17084 17.4297872340426
17084 13.0817021276596
17084 1.48936170212766
17120 9.09872340425532
17120 1.26553191489362
17120 25.7642553191489
17120 17.4297872340426
17120 13.0817021276596
17120 1.48936170212766
17121 9.09872340425532
17121 1.26553191489362
17121 25.7642553191489
17121 17.4297872340426
17121 13.0817021276596
17121 1.48936170212766
17156 9.09872340425532
17156 1.26553191489362
17156 25.7642553191489
17156 17.4297872340426
17156 13.0817021276596
17156 1.48936170212766
17122 9.09872340425532
17122 1.26553191489362
17122 25.7642553191489
17122 17.4297872340426
17122 13.0817021276596
17122 1.48936170212766
17157 9.09872340425532
17157 1.26553191489362
17157 25.7642553191489
17157 17.4297872340426
17157 13.0817021276596
17157 1.48936170212766
17123 9.09872340425532
17123 1.26553191489362
17123 25.7642553191489
17123 17.4297872340426
17123 13.0817021276596
17123 1.48936170212766
17158 9.09872340425532
17158 1.26553191489362
17158 25.7642553191489
17158 17.4297872340426
17158 13.0817021276596
17158 1.48936170212766
17124 9.09872340425532
17124 1.26553191489362
17124 25.7642553191489
17124 17.4297872340426
17124 13.0817021276596
17124 1.48936170212766
17159 9.09872340425532
17159 1.26553191489362
17159 25.7642553191489
17159 17.4297872340426
17159 13.0817021276596
17159 1.48936170212766
17125 9.09872340425532
17125 1.26553191489362
17125 25.7642553191489
17125 17.4297872340426
17125 13.0817021276596
17125 1.48936170212766
17126 9.09872340425532
17126 1.26553191489362
17126 25.7642553191489
17126 17.4297872340426
17126 13.0817021276596
17126 1.48936170212766
17160 9.09872340425532
17160 1.26553191489362
17160 25.7642553191489
17160 17.4297872340426
17160 13.0817021276596
17160 1.48936170212766
17161 9.09872340425532
17161 1.26553191489362
17161 25.7642553191489
17161 17.4297872340426
17161 13.0817021276596
17161 1.48936170212766
17162 9.09872340425532
17162 1.26553191489362
17162 25.7642553191489
17162 17.4297872340426
17162 13.0817021276596
17162 1.48936170212766
17197 9.09872340425532
17197 1.26553191489362
17197 25.7642553191489
17197 17.4297872340426
17197 13.0817021276596
17197 1.48936170212766
17163 9.09872340425532
17163 1.26553191489362
17163 25.7642553191489
17163 17.4297872340426
17163 13.0817021276596
17163 1.48936170212766
17198 9.09872340425532
17198 1.26553191489362
17198 25.7642553191489
17198 17.4297872340426
17198 13.0817021276596
17198 1.48936170212766
17164 9.09872340425532
17164 1.26553191489362
17164 25.7642553191489
17164 17.4297872340426
17164 13.0817021276596
17164 1.48936170212766
17199 9.09872340425532
17199 1.26553191489362
17199 25.7642553191489
17199 17.4297872340426
17199 13.0817021276596
17199 1.48936170212766
17165 9.09872340425532
17165 1.26553191489362
17165 25.7642553191489
17165 17.4297872340426
17165 13.0817021276596
17165 1.48936170212766
17200 9.09872340425532
17200 1.26553191489362
17200 25.7642553191489
17200 17.4297872340426
17200 13.0817021276596
17200 1.48936170212766
17166 9.09872340425532
17166 1.26553191489362
17166 25.7642553191489
17166 17.4297872340426
17166 13.0817021276596
17166 1.48936170212766
17201 9.09872340425532
17201 1.26553191489362
17201 25.7642553191489
17201 17.4297872340426
17201 13.0817021276596
17201 1.48936170212766
17167 9.09872340425532
17167 1.26553191489362
17167 25.7642553191489
17167 17.4297872340426
17167 13.0817021276596
17167 1.48936170212766
17202 9.09872340425532
17202 1.26553191489362
17202 25.7642553191489
17202 17.4297872340426
17202 13.0817021276596
17202 1.48936170212766
17203 9.09872340425532
17203 1.26553191489362
17203 25.7642553191489
17203 17.4297872340426
17203 13.0817021276596
17203 1.48936170212766
17239 9.09872340425532
17239 1.26553191489362
17239 25.7642553191489
17239 17.4297872340426
17239 13.0817021276596
17239 1.48936170212766
17204 9.09872340425532
17204 1.26553191489362
17204 25.7642553191489
17204 17.4297872340426
17204 13.0817021276596
17204 1.48936170212766
17240 9.09872340425532
17240 1.26553191489362
17240 25.7642553191489
17240 17.4297872340426
17240 13.0817021276596
17240 1.48936170212766
17205 9.09872340425532
17205 1.26553191489362
17205 25.7642553191489
17205 17.4297872340426
17205 13.0817021276596
17205 1.48936170212766
17241 9.09872340425532
17241 1.26553191489362
17241 25.7642553191489
17241 17.4297872340426
17241 13.0817021276596
17241 1.48936170212766
17206 9.09872340425532
17206 1.26553191489362
17206 25.7642553191489
17206 17.4297872340426
17206 13.0817021276596
17206 1.48936170212766
17242 9.09872340425532
17242 1.26553191489362
17242 25.7642553191489
17242 17.4297872340426
17242 13.0817021276596
17242 1.48936170212766
17207 9.09872340425532
17207 1.26553191489362
17207 25.7642553191489
17207 17.4297872340426
17207 13.0817021276596
17207 1.48936170212766
17243 9.09872340425532
17243 1.26553191489362
17243 25.7642553191489
17243 17.4297872340426
17243 13.0817021276596
17243 1.48936170212766
17244 9.09872340425532
17244 1.26553191489362
17244 25.7642553191489
17244 17.4297872340426
17244 13.0817021276596
17244 1.48936170212766
17276 9.09872340425532
17276 1.26553191489362
17276 25.7642553191489
17276 17.4297872340426
17276 13.0817021276596
17276 1.48936170212766
17245 9.09872340425532
17245 1.26553191489362
17245 25.7642553191489
17245 17.4297872340426
17245 13.0817021276596
17245 1.48936170212766
17277 9.09872340425532
17277 1.26553191489362
17277 25.7642553191489
17277 17.4297872340426
17277 13.0817021276596
17277 1.48936170212766
17246 9.09872340425532
17246 1.26553191489362
17246 25.7642553191489
17246 17.4297872340426
17246 13.0817021276596
17246 1.48936170212766
17278 9.09872340425532
17278 1.26553191489362
17278 25.7642553191489
17278 17.4297872340426
17278 13.0817021276596
17278 1.48936170212766
17247 9.09872340425532
17247 1.26553191489362
17247 25.7642553191489
17247 17.4297872340426
17247 13.0817021276596
17247 1.48936170212766
17279 9.09872340425532
17279 1.26553191489362
17279 25.7642553191489
17279 17.4297872340426
17279 13.0817021276596
17279 1.48936170212766
17248 9.09872340425532
17248 1.26553191489362
17248 25.7642553191489
17248 17.4297872340426
17248 13.0817021276596
17248 1.48936170212766
17249 9.09872340425532
17249 1.26553191489362
17249 25.7642553191489
17249 17.4297872340426
17249 13.0817021276596
17249 1.48936170212766
17280 9.09872340425532
17280 1.26553191489362
17280 25.7642553191489
17280 17.4297872340426
17280 13.0817021276596
17280 1.48936170212766
17281 9.09872340425532
17281 1.26553191489362
17281 25.7642553191489
17281 17.4297872340426
17281 13.0817021276596
17281 1.48936170212766
17282 9.09872340425532
17282 1.26553191489362
17282 25.7642553191489
17282 17.4297872340426
17282 13.0817021276596
17282 1.48936170212766
17283 9.09872340425532
17283 1.26553191489362
17283 25.7642553191489
17283 17.4297872340426
17283 13.0817021276596
17283 1.48936170212766
17311 9.09872340425532
17311 1.26553191489362
17311 25.7642553191489
17311 17.4297872340426
17311 13.0817021276596
17311 1.48936170212766
17284 9.09872340425532
17284 1.26553191489362
17284 25.7642553191489
17284 17.4297872340426
17284 13.0817021276596
17284 1.48936170212766
17312 9.09872340425532
17312 1.26553191489362
17312 25.7642553191489
17312 17.4297872340426
17312 13.0817021276596
17312 1.48936170212766
17285 9.09872340425532
17285 1.26553191489362
17285 25.7642553191489
17285 17.4297872340426
17285 13.0817021276596
17285 1.48936170212766
17313 9.09872340425532
17313 1.26553191489362
17313 25.7642553191489
17313 17.4297872340426
17313 13.0817021276596
17313 1.48936170212766
17286 9.09872340425532
17286 1.26553191489362
17286 25.7642553191489
17286 17.4297872340426
17286 13.0817021276596
17286 1.48936170212766
17314 9.09872340425532
17314 1.26553191489362
17314 25.7642553191489
17314 17.4297872340426
17314 13.0817021276596
17314 1.48936170212766
17315 9.09872340425532
17315 1.26553191489362
17315 25.7642553191489
17315 17.4297872340426
17315 13.0817021276596
17315 1.48936170212766
17345 9.09872340425532
17345 1.26553191489362
17345 25.7642553191489
17345 17.4297872340426
17345 13.0817021276596
17345 1.48936170212766
17317 9.09872340425532
17317 1.26553191489362
17317 25.7642553191489
17317 17.4297872340426
17317 13.0817021276596
17317 1.48936170212766
17346 9.09872340425532
17346 1.26553191489362
17346 25.7642553191489
17346 17.4297872340426
17346 13.0817021276596
17346 1.48936170212766
17318 9.09872340425532
17318 1.26553191489362
17318 25.7642553191489
17318 17.4297872340426
17318 13.0817021276596
17318 1.48936170212766
17319 9.09872340425532
17319 1.26553191489362
17319 25.7642553191489
17319 17.4297872340426
17319 13.0817021276596
17319 1.48936170212766
17349 9.09872340425532
17349 1.26553191489362
17349 25.7642553191489
17349 17.4297872340426
17349 13.0817021276596
17349 1.48936170212766
17350 9.09872340425532
17350 1.26553191489362
17350 25.7642553191489
17350 17.4297872340426
17350 13.0817021276596
17350 1.48936170212766
17351 9.09872340425532
17351 1.26553191489362
17351 25.7642553191489
17351 17.4297872340426
17351 13.0817021276596
17351 1.48936170212766
17352 9.09872340425532
17352 1.26553191489362
17352 25.7642553191489
17352 17.4297872340426
17352 13.0817021276596
17352 1.48936170212766
17382 9.09872340425532
17382 1.26553191489362
17382 25.7642553191489
17382 17.4297872340426
17382 13.0817021276596
17382 1.48936170212766
17353 9.09872340425532
17353 1.26553191489362
17353 25.7642553191489
17353 17.4297872340426
17353 13.0817021276596
17353 1.48936170212766
17383 9.09872340425532
17383 1.26553191489362
17383 25.7642553191489
17383 17.4297872340426
17383 13.0817021276596
17383 1.48936170212766
17384 9.09872340425532
17384 1.26553191489362
17384 25.7642553191489
17384 17.4297872340426
17384 13.0817021276596
17384 1.48936170212766
17385 9.09872340425532
17385 1.26553191489362
17385 25.7642553191489
17385 17.4297872340426
17385 13.0817021276596
17385 1.48936170212766
17386 9.09872340425532
17386 1.26553191489362
17386 25.7642553191489
17386 17.4297872340426
17386 13.0817021276596
17386 1.48936170212766
17387 9.09872340425532
17387 1.26553191489362
17387 25.7642553191489
17387 17.4297872340426
17387 13.0817021276596
17387 1.48936170212766
17388 9.09872340425532
17388 1.26553191489362
17388 25.7642553191489
17388 17.4297872340426
17388 13.0817021276596
17388 1.48936170212766
17418 9.09872340425532
17418 1.26553191489362
17418 25.7642553191489
17418 17.4297872340426
17418 13.0817021276596
17418 1.48936170212766
17419 9.09872340425532
17419 1.26553191489362
17419 25.7642553191489
17419 17.4297872340426
17419 13.0817021276596
17419 1.48936170212766
17420 9.09872340425532
17420 1.26553191489362
17420 25.7642553191489
17420 17.4297872340426
17420 13.0817021276596
17420 1.48936170212766
17421 9.09872340425532
17421 1.26553191489362
17421 25.7642553191489
17421 17.4297872340426
17421 13.0817021276596
17421 1.48936170212766
17422 9.09872340425532
17422 1.26553191489362
17422 25.7642553191489
17422 17.4297872340426
17422 13.0817021276596
17422 1.48936170212766
17423 9.09872340425532
17423 1.26553191489362
17423 25.7642553191489
17423 17.4297872340426
17423 13.0817021276596
17423 1.48936170212766
17452 9.09872340425532
17452 1.26553191489362
17452 25.7642553191489
17452 17.4297872340426
17452 13.0817021276596
17452 1.48936170212766
17453 9.09872340425532
17453 1.26553191489362
17453 25.7642553191489
17453 17.4297872340426
17453 13.0817021276596
17453 1.48936170212766
17454 9.09872340425532
17454 1.26553191489362
17454 25.7642553191489
17454 17.4297872340426
17454 13.0817021276596
17454 1.48936170212766
17455 9.09872340425532
17455 1.26553191489362
17455 25.7642553191489
17455 17.4297872340426
17455 13.0817021276596
17455 1.48936170212766
17456 9.09872340425532
17456 1.26553191489362
17456 25.7642553191489
17456 17.4297872340426
17456 13.0817021276596
17456 1.48936170212766
17457 9.09872340425532
17457 1.26553191489362
17457 25.7642553191489
17457 17.4297872340426
17457 13.0817021276596
17457 1.48936170212766
17458 9.09872340425532
17458 1.26553191489362
17458 25.7642553191489
17458 17.4297872340426
17458 13.0817021276596
17458 1.48936170212766
17489 9.09872340425532
17489 1.26553191489362
17489 25.7642553191489
17489 17.4297872340426
17489 13.0817021276596
17489 1.48936170212766
17490 9.09872340425532
17490 1.26553191489362
17490 25.7642553191489
17490 17.4297872340426
17490 13.0817021276596
17490 1.48936170212766
17491 9.09872340425532
17491 1.26553191489362
17491 25.7642553191489
17491 17.4297872340426
17491 13.0817021276596
17491 1.48936170212766
17492 9.09872340425532
17492 1.26553191489362
17492 25.7642553191489
17492 17.4297872340426
17492 13.0817021276596
17492 1.48936170212766
17493 9.09872340425532
17493 1.26553191489362
17493 25.7642553191489
17493 17.4297872340426
17493 13.0817021276596
17493 1.48936170212766
17494 9.09872340425532
17494 1.26553191489362
17494 25.7642553191489
17494 17.4297872340426
17494 13.0817021276596
17494 1.48936170212766
17525 9.09872340425532
17525 1.26553191489362
17525 25.7642553191489
17525 17.4297872340426
17525 13.0817021276596
17525 1.48936170212766
17526 9.09872340425532
17526 1.26553191489362
17526 25.7642553191489
17526 17.4297872340426
17526 13.0817021276596
17526 1.48936170212766
17527 9.09872340425532
17527 1.26553191489362
17527 25.7642553191489
17527 17.4297872340426
17527 13.0817021276596
17527 1.48936170212766
17528 9.09872340425532
17528 1.26553191489362
17528 25.7642553191489
17528 17.4297872340426
17528 13.0817021276596
17528 1.48936170212766
17529 9.09872340425532
17529 1.26553191489362
17529 25.7642553191489
17529 17.4297872340426
17529 13.0817021276596
17529 1.48936170212766
17530 9.09872340425532
17530 1.26553191489362
17530 25.7642553191489
17530 17.4297872340426
17530 13.0817021276596
17530 1.48936170212766
17562 9.09872340425532
17562 1.26553191489362
17562 25.7642553191489
17562 17.4297872340426
17562 13.0817021276596
17562 1.48936170212766
17563 9.09872340425532
17563 1.26553191489362
17563 25.7642553191489
17563 17.4297872340426
17563 13.0817021276596
17563 1.48936170212766
17564 9.09872340425532
17564 1.26553191489362
17564 25.7642553191489
17564 17.4297872340426
17564 13.0817021276596
17564 1.48936170212766
17565 9.09872340425532
17565 1.26553191489362
17565 25.7642553191489
17565 17.4297872340426
17565 13.0817021276596
17565 1.48936170212766
17595 9.09872340425532
17595 1.26553191489362
17595 25.7642553191489
17595 17.4297872340426
17595 13.0817021276596
17595 1.48936170212766
17596 9.09872340425532
17596 1.26553191489362
17596 25.7642553191489
17596 17.4297872340426
17596 13.0817021276596
17596 1.48936170212766
17597 9.09872340425532
17597 1.26553191489362
17597 25.7642553191489
17597 17.4297872340426
17597 13.0817021276596
17597 1.48936170212766
17598 9.09872340425532
17598 1.26553191489362
17598 25.7642553191489
17598 17.4297872340426
17598 13.0817021276596
17598 1.48936170212766
17599 9.09872340425532
17599 1.26553191489362
17599 25.7642553191489
17599 17.4297872340426
17599 13.0817021276596
17599 1.48936170212766
17600 9.09872340425532
17600 1.26553191489362
17600 25.7642553191489
17600 17.4297872340426
17600 13.0817021276596
17600 1.48936170212766
17631 9.09872340425532
17631 1.26553191489362
17631 25.7642553191489
17631 17.4297872340426
17631 13.0817021276596
17631 1.48936170212766
17632 9.09872340425532
17632 1.26553191489362
17632 25.7642553191489
17632 17.4297872340426
17632 13.0817021276596
17632 1.48936170212766
17633 9.09872340425532
17633 1.26553191489362
17633 25.7642553191489
17633 17.4297872340426
17633 13.0817021276596
17633 1.48936170212766
17634 9.09872340425532
17634 1.26553191489362
17634 25.7642553191489
17634 17.4297872340426
17634 13.0817021276596
17634 1.48936170212766
17635 9.09872340425532
17635 1.26553191489362
17635 25.7642553191489
17635 17.4297872340426
17635 13.0817021276596
17635 1.48936170212766
17669 9.09872340425532
17669 1.26553191489362
17669 25.7642553191489
17669 17.4297872340426
17669 13.0817021276596
17669 1.48936170212766
17670 9.09872340425532
17670 1.26553191489362
17670 25.7642553191489
17670 17.4297872340426
17670 13.0817021276596
17670 1.48936170212766
17671 9.09872340425532
17671 1.26553191489362
17671 25.7642553191489
17671 17.4297872340426
17671 13.0817021276596
17671 1.48936170212766
17703 9.09872340425532
17703 1.26553191489362
17703 25.7642553191489
17703 17.4297872340426
17703 13.0817021276596
17703 1.48936170212766
17704 9.09872340425532
17704 1.26553191489362
17704 25.7642553191489
17704 17.4297872340426
17704 13.0817021276596
17704 1.48936170212766
