pt_graph shape
7814 1
7814 1
7814 1
7814 1
7814 1
7814 1
7915 1
7915 1
7915 1
7915 1
7915 1
7915 1
7916 1
7916 1
7916 1
7916 1
7916 1
7916 1
8022 1
8022 1
8022 1
8022 1
8022 1
8022 1
7928 1
7928 1
7928 1
7928 1
7928 1
7928 1
7929 1
7929 1
7929 1
7929 1
7929 1
7929 1
8031 1
8031 1
8031 1
8031 1
8031 1
8031 1
8032 1
8032 1
8032 1
8032 1
8032 1
8032 1
8033 1
8033 1
8033 1
8033 1
8033 1
8033 1
8034 1
8034 1
8034 1
8034 1
8034 1
8034 1
8035 1
8035 1
8035 1
8035 1
8035 1
8035 1
8132 1
8132 1
8132 1
8132 1
8132 1
8132 1
8036 1
8036 1
8036 1
8036 1
8036 1
8036 1
8037 1
8037 1
8037 1
8037 1
8037 1
8037 1
8134 1
8134 1
8134 1
8134 1
8134 1
8134 1
8038 1
8038 1
8038 1
8038 1
8038 1
8038 1
8135 1
8135 1
8135 1
8135 1
8135 1
8135 1
8136 1
8136 1
8136 1
8136 1
8136 1
8136 1
8137 1
8137 1
8137 1
8137 1
8137 1
8137 1
8138 1
8138 1
8138 1
8138 1
8138 1
8138 1
8139 1
8139 1
8139 1
8139 1
8139 1
8139 1
8140 1
8140 1
8140 1
8140 1
8140 1
8140 1
8236 1
8236 1
8236 1
8236 1
8236 1
8236 1
8141 1
8141 1
8141 1
8141 1
8141 1
8141 1
8237 1
8237 1
8237 1
8237 1
8237 1
8237 1
8142 1
8142 1
8142 1
8142 1
8142 1
8142 1
8143 1
8143 1
8143 1
8143 1
8143 1
8143 1
8238 1
8238 1
8238 1
8238 1
8238 1
8238 1
8144 1
8144 1
8144 1
8144 1
8144 1
8144 1
8239 1
8239 1
8239 1
8239 1
8239 1
8239 1
8145 1
8145 1
8145 1
8145 1
8145 1
8145 1
8240 1
8240 1
8240 1
8240 1
8240 1
8240 1
8241 1
8241 1
8241 1
8241 1
8241 1
8241 1
8242 1
8242 1
8242 1
8242 1
8242 1
8242 1
8243 1
8243 1
8243 1
8243 1
8243 1
8243 1
8340 1
8340 1
8340 1
8340 1
8340 1
8340 1
8244 1
8244 1
8244 1
8244 1
8244 1
8244 1
8341 1
8341 1
8341 1
8341 1
8341 1
8341 1
8245 1
8245 1
8245 1
8245 1
8245 1
8245 1
8342 1
8342 1
8342 1
8342 1
8342 1
8342 1
8246 1
8246 1
8246 1
8246 1
8246 1
8246 1
8247 1
8247 1
8247 1
8247 1
8247 1
8247 1
8343 1
8343 1
8343 1
8343 1
8343 1
8343 1
8344 1
8344 1
8344 1
8344 1
8344 1
8344 1
8345 1
8345 1
8345 1
8345 1
8345 1
8345 1
8346 1
8346 1
8346 1
8346 1
8346 1
8346 1
8347 1
8347 1
8347 1
8347 1
8347 1
8347 1
8348 1
8348 1
8348 1
8348 1
8348 1
8348 1
8445 1
8445 1
8445 1
8445 1
8445 1
8445 1
8349 1
8349 1
8349 1
8349 1
8349 1
8349 1
8446 1
8446 1
8446 1
8446 1
8446 1
8446 1
8350 1
8350 1
8350 1
8350 1
8350 1
8350 1
8447 1
8447 1
8447 1
8447 1
8447 1
8447 1
8351 1
8351 1
8351 1
8351 1
8351 1
8351 1
8448 1
8448 1
8448 1
8448 1
8448 1
8448 1
8352 1
8352 1
8352 1
8352 1
8352 1
8352 1
8449 1
8449 1
8449 1
8449 1
8449 1
8449 1
8450 1
8450 1
8450 1
8450 1
8450 1
8450 1
8451 1
8451 1
8451 1
8451 1
8451 1
8451 1
8452 1
8452 1
8452 1
8452 1
8452 1
8452 1
8549 1
8549 1
8549 1
8549 1
8549 1
8549 1
8453 1
8453 1
8453 1
8453 1
8453 1
8453 1
8550 1
8550 1
8550 1
8550 1
8550 1
8550 1
8454 1
8454 1
8454 1
8454 1
8454 1
8454 1
8551 1
8551 1
8551 1
8551 1
8551 1
8551 1
8455 1
8455 1
8455 1
8455 1
8455 1
8455 1
8552 1
8552 1
8552 1
8552 1
8552 1
8552 1
8456 1
8456 1
8456 1
8456 1
8456 1
8456 1
8553 1
8553 1
8553 1
8553 1
8553 1
8553 1
8457 1
8457 1
8457 1
8457 1
8457 1
8457 1
8554 1
8554 1
8554 1
8554 1
8554 1
8554 1
8458 1
8458 1
8458 1
8458 1
8458 1
8458 1
8459 1
8459 1
8459 1
8459 1
8459 1
8459 1
8555 1
8555 1
8555 1
8555 1
8555 1
8555 1
8556 1
8556 1
8556 1
8556 1
8556 1
8556 1
8461 1
8461 1
8461 1
8461 1
8461 1
8461 1
8557 1
8557 1
8557 1
8557 1
8557 1
8557 1
8653 1
8653 1
8653 1
8653 1
8653 1
8653 1
8558 1
8558 1
8558 1
8558 1
8558 1
8558 1
8654 1
8654 1
8654 1
8654 1
8654 1
8654 1
8559 1
8559 1
8559 1
8559 1
8559 1
8559 1
8655 1
8655 1
8655 1
8655 1
8655 1
8655 1
8560 1
8560 1
8560 1
8560 1
8560 1
8560 1
8465 1
8465 1
8465 1
8465 1
8465 1
8465 1
8656 1
8656 1
8656 1
8656 1
8656 1
8656 1
8561 1
8561 1
8561 1
8561 1
8561 1
8561 1
8657 1
8657 1
8657 1
8657 1
8657 1
8657 1
8562 1
8562 1
8562 1
8562 1
8562 1
8562 1
8658 1
8658 1
8658 1
8658 1
8658 1
8658 1
8563 1
8563 1
8563 1
8563 1
8563 1
8563 1
8564 1
8564 1
8564 1
8564 1
8564 1
8564 1
8659 1
8659 1
8659 1
8659 1
8659 1
8659 1
8565 1
8565 1
8565 1
8565 1
8565 1
8565 1
8660 1
8660 1
8660 1
8660 1
8660 1
8660 1
8566 1
8566 1
8566 1
8566 1
8566 1
8566 1
8661 1
8661 1
8661 1
8661 1
8661 1
8661 1
8567 1
8567 1
8567 1
8567 1
8567 1
8567 1
8662 1
8662 1
8662 1
8662 1
8662 1
8662 1
8568 1
8568 1
8568 1
8568 1
8568 1
8568 1
8757 1
8757 1
8757 1
8757 1
8757 1
8757 1
8663 1
8663 1
8663 1
8663 1
8663 1
8663 1
8758 1
8758 1
8758 1
8758 1
8758 1
8758 1
8664 1
8664 1
8664 1
8664 1
8664 1
8664 1
8570 1
8570 1
8570 1
8570 1
8570 1
8570 1
8759 1
8759 1
8759 1
8759 1
8759 1
8759 1
8665 1
8665 1
8665 1
8665 1
8665 1
8665 1
8571 1
8571 1
8571 1
8571 1
8571 1
8571 1
8760 1
8760 1
8760 1
8760 1
8760 1
8760 1
8666 1
8666 1
8666 1
8666 1
8666 1
8666 1
8761 1
8761 1
8761 1
8761 1
8761 1
8761 1
8667 1
8667 1
8667 1
8667 1
8667 1
8667 1
8668 1
8668 1
8668 1
8668 1
8668 1
8668 1
8762 1
8762 1
8762 1
8762 1
8762 1
8762 1
8669 1
8669 1
8669 1
8669 1
8669 1
8669 1
8763 1
8763 1
8763 1
8763 1
8763 1
8763 1
8670 1
8670 1
8670 1
8670 1
8670 1
8670 1
8764 1
8764 1
8764 1
8764 1
8764 1
8764 1
8671 1
8671 1
8671 1
8671 1
8671 1
8671 1
8765 1
8765 1
8765 1
8765 1
8765 1
8765 1
8672 1
8672 1
8672 1
8672 1
8672 1
8672 1
8766 1
8766 1
8766 1
8766 1
8766 1
8766 1
8861 1
8861 1
8861 1
8861 1
8861 1
8861 1
8673 1
8673 1
8673 1
8673 1
8673 1
8673 1
8767 1
8767 1
8767 1
8767 1
8767 1
8767 1
8862 1
8862 1
8862 1
8862 1
8862 1
8862 1
8674 1
8674 1
8674 1
8674 1
8674 1
8674 1
8768 1
8768 1
8768 1
8768 1
8768 1
8768 1
8675 1
8675 1
8675 1
8675 1
8675 1
8675 1
8863 1
8863 1
8863 1
8863 1
8863 1
8863 1
8769 1
8769 1
8769 1
8769 1
8769 1
8769 1
8676 1
8676 1
8676 1
8676 1
8676 1
8676 1
8864 1
8864 1
8864 1
8864 1
8864 1
8864 1
8770 1
8770 1
8770 1
8770 1
8770 1
8770 1
8865 1
8865 1
8865 1
8865 1
8865 1
8865 1
8771 1
8771 1
8771 1
8771 1
8771 1
8771 1
8866 1
8866 1
8866 1
8866 1
8866 1
8866 1
8772 1
8772 1
8772 1
8772 1
8772 1
8772 1
8867 1
8867 1
8867 1
8867 1
8867 1
8867 1
8773 1
8773 1
8773 1
8773 1
8773 1
8773 1
8868 1
8868 1
8868 1
8868 1
8868 1
8868 1
8774 1
8774 1
8774 1
8774 1
8774 1
8774 1
8775 1
8775 1
8775 1
8775 1
8775 1
8775 1
8869 1
8869 1
8869 1
8869 1
8869 1
8869 1
8776 1
8776 1
8776 1
8776 1
8776 1
8776 1
8870 1
8870 1
8870 1
8870 1
8870 1
8870 1
8777 1
8777 1
8777 1
8777 1
8777 1
8777 1
8871 1
8871 1
8871 1
8871 1
8871 1
8871 1
8965 1
8965 1
8965 1
8965 1
8965 1
8965 1
8872 1
8872 1
8872 1
8872 1
8872 1
8872 1
8779 1
8779 1
8779 1
8779 1
8779 1
8779 1
8966 1
8966 1
8966 1
8966 1
8966 1
8966 1
8873 1
8873 1
8873 1
8873 1
8873 1
8873 1
8780 1
8780 1
8780 1
8780 1
8780 1
8780 1
8967 1
8967 1
8967 1
8967 1
8967 1
8967 1
8874 1
8874 1
8874 1
8874 1
8874 1
8874 1
8968 1
8968 1
8968 1
8968 1
8968 1
8968 1
8876 1
8876 1
8876 1
8876 1
8876 1
8876 1
8969 1
8969 1
8969 1
8969 1
8969 1
8969 1
8877 1
8877 1
8877 1
8877 1
8877 1
8877 1
8970 1
8970 1
8970 1
8970 1
8970 1
8970 1
8878 1
8878 1
8878 1
8878 1
8878 1
8878 1
8971 1
8971 1
8971 1
8971 1
8971 1
8971 1
8879 1
8879 1
8879 1
8879 1
8879 1
8879 1
8972 1
8972 1
8972 1
8972 1
8972 1
8972 1
8880 1
8880 1
8880 1
8880 1
8880 1
8880 1
9064 1
9064 1
9064 1
9064 1
9064 1
9064 1
8973 1
8973 1
8973 1
8973 1
8973 1
8973 1
8881 1
8881 1
8881 1
8881 1
8881 1
8881 1
9065 1
9065 1
9065 1
9065 1
9065 1
9065 1
8974 1
8974 1
8974 1
8974 1
8974 1
8974 1
8882 1
8882 1
8882 1
8882 1
8882 1
8882 1
9066 1
9066 1
9066 1
9066 1
9066 1
9066 1
8975 1
8975 1
8975 1
8975 1
8975 1
8975 1
8883 1
8883 1
8883 1
8883 1
8883 1
8883 1
9067 1
9067 1
9067 1
9067 1
9067 1
9067 1
8976 1
8976 1
8976 1
8976 1
8976 1
8976 1
8884 1
8884 1
8884 1
8884 1
8884 1
8884 1
9068 1
9068 1
9068 1
9068 1
9068 1
9068 1
8977 1
8977 1
8977 1
8977 1
8977 1
8977 1
8885 1
8885 1
8885 1
8885 1
8885 1
8885 1
8978 1
8978 1
8978 1
8978 1
8978 1
8978 1
9069 1
9069 1
9069 1
9069 1
9069 1
9069 1
8979 1
8979 1
8979 1
8979 1
8979 1
8979 1
9070 1
9070 1
9070 1
9070 1
9070 1
9070 1
8980 1
8980 1
8980 1
8980 1
8980 1
8980 1
9071 1
9071 1
9071 1
9071 1
9071 1
9071 1
8981 1
8981 1
8981 1
8981 1
8981 1
8981 1
9072 1
9072 1
9072 1
9072 1
9072 1
9072 1
9164 1
9164 1
9164 1
9164 1
9164 1
9164 1
8982 1
8982 1
8982 1
8982 1
8982 1
8982 1
9073 1
9073 1
9073 1
9073 1
9073 1
9073 1
9165 1
9165 1
9165 1
9165 1
9165 1
9165 1
8983 1
8983 1
8983 1
8983 1
8983 1
8983 1
9074 1
9074 1
9074 1
9074 1
9074 1
9074 1
8984 1
8984 1
8984 1
8984 1
8984 1
8984 1
9166 1
9166 1
9166 1
9166 1
9166 1
9166 1
8985 1
8985 1
8985 1
8985 1
8985 1
8985 1
9167 1
9167 1
9167 1
9167 1
9167 1
9167 1
8986 1
8986 1
8986 1
8986 1
8986 1
8986 1
9168 1
9168 1
9168 1
9168 1
9168 1
9168 1
9077 1
9077 1
9077 1
9077 1
9077 1
9077 1
8987 1
8987 1
8987 1
8987 1
8987 1
8987 1
9169 1
9169 1
9169 1
9169 1
9169 1
9169 1
9078 1
9078 1
9078 1
9078 1
9078 1
9078 1
8988 1
8988 1
8988 1
8988 1
8988 1
8988 1
9170 1
9170 1
9170 1
9170 1
9170 1
9170 1
9079 1
9079 1
9079 1
9079 1
9079 1
9079 1
9171 1
9171 1
9171 1
9171 1
9171 1
9171 1
9080 1
9080 1
9080 1
9080 1
9080 1
9080 1
9081 1
9081 1
9081 1
9081 1
9081 1
9081 1
9082 1
9082 1
9082 1
9082 1
9082 1
9082 1
9262 1
9262 1
9262 1
9262 1
9262 1
9262 1
9083 1
9083 1
9083 1
9083 1
9083 1
9083 1
9174 1
9174 1
9174 1
9174 1
9174 1
9174 1
9084 1
9084 1
9084 1
9084 1
9084 1
9084 1
9263 1
9263 1
9263 1
9263 1
9263 1
9263 1
9175 1
9175 1
9175 1
9175 1
9175 1
9175 1
9085 1
9085 1
9085 1
9085 1
9085 1
9085 1
9264 1
9264 1
9264 1
9264 1
9264 1
9264 1
9086 1
9086 1
9086 1
9086 1
9086 1
9086 1
9265 1
9265 1
9265 1
9265 1
9265 1
9265 1
9177 1
9177 1
9177 1
9177 1
9177 1
9177 1
9087 1
9087 1
9087 1
9087 1
9087 1
9087 1
9266 1
9266 1
9266 1
9266 1
9266 1
9266 1
9178 1
9178 1
9178 1
9178 1
9178 1
9178 1
9088 1
9088 1
9088 1
9088 1
9088 1
9088 1
9267 1
9267 1
9267 1
9267 1
9267 1
9267 1
9089 1
9089 1
9089 1
9089 1
9089 1
9089 1
9180 1
9180 1
9180 1
9180 1
9180 1
9180 1
9268 1
9268 1
9268 1
9268 1
9268 1
9268 1
9181 1
9181 1
9181 1
9181 1
9181 1
9181 1
9269 1
9269 1
9269 1
9269 1
9269 1
9269 1
9360 1
9360 1
9360 1
9360 1
9360 1
9360 1
9182 1
9182 1
9182 1
9182 1
9182 1
9182 1
9270 1
9270 1
9270 1
9270 1
9270 1
9270 1
9361 1
9361 1
9361 1
9361 1
9361 1
9361 1
9183 1
9183 1
9183 1
9183 1
9183 1
9183 1
9184 1
9184 1
9184 1
9184 1
9184 1
9184 1
9362 1
9362 1
9362 1
9362 1
9362 1
9362 1
9272 1
9272 1
9272 1
9272 1
9272 1
9272 1
9185 1
9185 1
9185 1
9185 1
9185 1
9185 1
9363 1
9363 1
9363 1
9363 1
9363 1
9363 1
9273 1
9273 1
9273 1
9273 1
9273 1
9273 1
9186 1
9186 1
9186 1
9186 1
9186 1
9186 1
9364 1
9364 1
9364 1
9364 1
9364 1
9364 1
9187 1
9187 1
9187 1
9187 1
9187 1
9187 1
9365 1
9365 1
9365 1
9365 1
9365 1
9365 1
9188 1
9188 1
9188 1
9188 1
9188 1
9188 1
9276 1
9276 1
9276 1
9276 1
9276 1
9276 1
9366 1
9366 1
9366 1
9366 1
9366 1
9366 1
9189 1
9189 1
9189 1
9189 1
9189 1
9189 1
9277 1
9277 1
9277 1
9277 1
9277 1
9277 1
9367 1
9367 1
9367 1
9367 1
9367 1
9367 1
9190 1
9190 1
9190 1
9190 1
9190 1
9190 1
9452 1
9452 1
9452 1
9452 1
9452 1
9452 1
9278 1
9278 1
9278 1
9278 1
9278 1
9278 1
9453 1
9453 1
9453 1
9453 1
9453 1
9453 1
9279 1
9279 1
9279 1
9279 1
9279 1
9279 1
9454 1
9454 1
9454 1
9454 1
9454 1
9454 1
9280 1
9280 1
9280 1
9280 1
9280 1
9280 1
9370 1
9370 1
9370 1
9370 1
9370 1
9370 1
9455 1
9455 1
9455 1
9455 1
9455 1
9455 1
9281 1
9281 1
9281 1
9281 1
9281 1
9281 1
9456 1
9456 1
9456 1
9456 1
9456 1
9456 1
9457 1
9457 1
9457 1
9457 1
9457 1
9457 1
9458 1
9458 1
9458 1
9458 1
9458 1
9458 1
9374 1
9374 1
9374 1
9374 1
9374 1
9374 1
9542 1
9542 1
9542 1
9542 1
9542 1
9542 1
9459 1
9459 1
9459 1
9459 1
9459 1
9459 1
9375 1
9375 1
9375 1
9375 1
9375 1
9375 1
9460 1
9460 1
9460 1
9460 1
9460 1
9460 1
9376 1
9376 1
9376 1
9376 1
9376 1
9376 1
9287 1
9287 1
9287 1
9287 1
9287 1
9287 1
9544 1
9544 1
9544 1
9544 1
9544 1
9544 1
9461 1
9461 1
9461 1
9461 1
9461 1
9461 1
9545 1
9545 1
9545 1
9545 1
9545 1
9545 1
9546 1
9546 1
9546 1
9546 1
9546 1
9546 1
9463 1
9463 1
9463 1
9463 1
9463 1
9463 1
9547 1
9547 1
9547 1
9547 1
9547 1
9547 1
9548 1
9548 1
9548 1
9548 1
9548 1
9548 1
9549 1
9549 1
9549 1
9549 1
9549 1
9549 1
9637 1
9637 1
9637 1
9637 1
9637 1
9637 1
9550 1
9550 1
9550 1
9550 1
9550 1
9550 1
9638 1
9638 1
9638 1
9638 1
9638 1
9638 1
9551 1
9551 1
9551 1
9551 1
9551 1
9551 1
9639 1
9639 1
9639 1
9639 1
9639 1
9639 1
9469 1
9469 1
9469 1
9469 1
9469 1
9469 1
9640 1
9640 1
9640 1
9640 1
9640 1
9640 1
9727 1
9727 1
9727 1
9727 1
9727 1
9727 1
9553 1
9553 1
9553 1
9553 1
9553 1
9553 1
9641 1
9641 1
9641 1
9641 1
9641 1
9641 1
9554 1
9554 1
9554 1
9554 1
9554 1
9554 1
9642 1
9642 1
9642 1
9642 1
9642 1
9642 1
9555 1
9555 1
9555 1
9555 1
9555 1
9555 1
9643 1
9643 1
9643 1
9643 1
9643 1
9643 1
9556 1
9556 1
9556 1
9556 1
9556 1
9556 1
9644 1
9644 1
9644 1
9644 1
9644 1
9644 1
9731 1
9731 1
9731 1
9731 1
9731 1
9731 1
9645 1
9645 1
9645 1
9645 1
9645 1
9645 1
9732 1
9732 1
9732 1
9732 1
9732 1
9732 1
9646 1
9646 1
9646 1
9646 1
9646 1
9646 1
9733 1
9733 1
9733 1
9733 1
9733 1
9733 1
9647 1
9647 1
9647 1
9647 1
9647 1
9647 1
9734 1
9734 1
9734 1
9734 1
9734 1
9734 1
9820 1
9820 1
9820 1
9820 1
9820 1
9820 1
9561 1
9561 1
9561 1
9561 1
9561 1
9561 1
9735 1
9735 1
9735 1
9735 1
9735 1
9735 1
9821 1
9821 1
9821 1
9821 1
9821 1
9821 1
9736 1
9736 1
9736 1
9736 1
9736 1
9736 1
9822 1
9822 1
9822 1
9822 1
9822 1
9822 1
9737 1
9737 1
9737 1
9737 1
9737 1
9737 1
9823 1
9823 1
9823 1
9823 1
9823 1
9823 1
9651 1
9651 1
9651 1
9651 1
9651 1
9651 1
9738 1
9738 1
9738 1
9738 1
9738 1
9738 1
9652 1
9652 1
9652 1
9652 1
9652 1
9652 1
9824 1
9824 1
9824 1
9824 1
9824 1
9824 1
9739 1
9739 1
9739 1
9739 1
9739 1
9739 1
9653 1
9653 1
9653 1
9653 1
9653 1
9653 1
9825 1
9825 1
9825 1
9825 1
9825 1
9825 1
9740 1
9740 1
9740 1
9740 1
9740 1
9740 1
9826 1
9826 1
9826 1
9826 1
9826 1
9826 1
9741 1
9741 1
9741 1
9741 1
9741 1
9741 1
9827 1
9827 1
9827 1
9827 1
9827 1
9827 1
9914 1
9914 1
9914 1
9914 1
9914 1
9914 1
9742 1
9742 1
9742 1
9742 1
9742 1
9742 1
9656 1
9656 1
9656 1
9656 1
9656 1
9656 1
9828 1
9828 1
9828 1
9828 1
9828 1
9828 1
9915 1
9915 1
9915 1
9915 1
9915 1
9915 1
9743 1
9743 1
9743 1
9743 1
9743 1
9743 1
9657 1
9657 1
9657 1
9657 1
9657 1
9657 1
9829 1
9829 1
9829 1
9829 1
9829 1
9829 1
9916 1
9916 1
9916 1
9916 1
9916 1
9916 1
9658 1
9658 1
9658 1
9658 1
9658 1
9658 1
9830 1
9830 1
9830 1
9830 1
9830 1
9830 1
9917 1
9917 1
9917 1
9917 1
9917 1
9917 1
9745 1
9745 1
9745 1
9745 1
9745 1
9745 1
9659 1
9659 1
9659 1
9659 1
9659 1
9659 1
9831 1
9831 1
9831 1
9831 1
9831 1
9831 1
9918 1
9918 1
9918 1
9918 1
9918 1
9918 1
9832 1
9832 1
9832 1
9832 1
9832 1
9832 1
9919 1
9919 1
9919 1
9919 1
9919 1
9919 1
9833 1
9833 1
9833 1
9833 1
9833 1
9833 1
9748 1
9748 1
9748 1
9748 1
9748 1
9748 1
9920 1
9920 1
9920 1
9920 1
9920 1
9920 1
9834 1
9834 1
9834 1
9834 1
9834 1
9834 1
9749 1
9749 1
9749 1
9749 1
9749 1
9749 1
10006 1
10006 1
10006 1
10006 1
10006 1
10006 1
9921 1
9921 1
9921 1
9921 1
9921 1
9921 1
9835 1
9835 1
9835 1
9835 1
9835 1
9835 1
9750 1
9750 1
9750 1
9750 1
9750 1
9750 1
9922 1
9922 1
9922 1
9922 1
9922 1
9922 1
10007 1
10007 1
10007 1
10007 1
10007 1
10007 1
9836 1
9836 1
9836 1
9836 1
9836 1
9836 1
9751 1
9751 1
9751 1
9751 1
9751 1
9751 1
9923 1
9923 1
9923 1
9923 1
9923 1
9923 1
10008 1
10008 1
10008 1
10008 1
10008 1
10008 1
9837 1
9837 1
9837 1
9837 1
9837 1
9837 1
9752 1
9752 1
9752 1
9752 1
9752 1
9752 1
9924 1
9924 1
9924 1
9924 1
9924 1
9924 1
10009 1
10009 1
10009 1
10009 1
10009 1
10009 1
9838 1
9838 1
9838 1
9838 1
9838 1
9838 1
9753 1
9753 1
9753 1
9753 1
9753 1
9753 1
9925 1
9925 1
9925 1
9925 1
9925 1
9925 1
10010 1
10010 1
10010 1
10010 1
10010 1
10010 1
9754 1
9754 1
9754 1
9754 1
9754 1
9754 1
9839 1
9839 1
9839 1
9839 1
9839 1
9839 1
9926 1
9926 1
9926 1
9926 1
9926 1
9926 1
10011 1
10011 1
10011 1
10011 1
10011 1
10011 1
9840 1
9840 1
9840 1
9840 1
9840 1
9840 1
9927 1
9927 1
9927 1
9927 1
9927 1
9927 1
10012 1
10012 1
10012 1
10012 1
10012 1
10012 1
9841 1
9841 1
9841 1
9841 1
9841 1
9841 1
9928 1
9928 1
9928 1
9928 1
9928 1
9928 1
9842 1
9842 1
9842 1
9842 1
9842 1
9842 1
10013 1
10013 1
10013 1
10013 1
10013 1
10013 1
10092 1
10092 1
10092 1
10092 1
10092 1
10092 1
9929 1
9929 1
9929 1
9929 1
9929 1
9929 1
9843 1
9843 1
9843 1
9843 1
9843 1
9843 1
10014 1
10014 1
10014 1
10014 1
10014 1
10014 1
10093 1
10093 1
10093 1
10093 1
10093 1
10093 1
9930 1
9930 1
9930 1
9930 1
9930 1
9930 1
9844 1
9844 1
9844 1
9844 1
9844 1
9844 1
10015 1
10015 1
10015 1
10015 1
10015 1
10015 1
10094 1
10094 1
10094 1
10094 1
10094 1
10094 1
9931 1
9931 1
9931 1
9931 1
9931 1
9931 1
9845 1
9845 1
9845 1
9845 1
9845 1
9845 1
10095 1
10095 1
10095 1
10095 1
10095 1
10095 1
9932 1
9932 1
9932 1
9932 1
9932 1
9932 1
9846 1
9846 1
9846 1
9846 1
9846 1
9846 1
10096 1
10096 1
10096 1
10096 1
10096 1
10096 1
9933 1
9933 1
9933 1
9933 1
9933 1
9933 1
9847 1
9847 1
9847 1
9847 1
9847 1
9847 1
10097 1
10097 1
10097 1
10097 1
10097 1
10097 1
9934 1
9934 1
9934 1
9934 1
9934 1
9934 1
9848 1
9848 1
9848 1
9848 1
9848 1
9848 1
10019 1
10019 1
10019 1
10019 1
10019 1
10019 1
10169 1
10169 1
10169 1
10169 1
10169 1
10169 1
10098 1
10098 1
10098 1
10098 1
10098 1
10098 1
9935 1
9935 1
9935 1
9935 1
9935 1
9935 1
10020 1
10020 1
10020 1
10020 1
10020 1
10020 1
10170 1
10170 1
10170 1
10170 1
10170 1
10170 1
10099 1
10099 1
10099 1
10099 1
10099 1
10099 1
9936 1
9936 1
9936 1
9936 1
9936 1
9936 1
10021 1
10021 1
10021 1
10021 1
10021 1
10021 1
9851 1
9851 1
9851 1
9851 1
9851 1
9851 1
10100 1
10100 1
10100 1
10100 1
10100 1
10100 1
9937 1
9937 1
9937 1
9937 1
9937 1
9937 1
10171 1
10171 1
10171 1
10171 1
10171 1
10171 1
10022 1
10022 1
10022 1
10022 1
10022 1
10022 1
9852 1
9852 1
9852 1
9852 1
9852 1
9852 1
9938 1
9938 1
9938 1
9938 1
9938 1
9938 1
10101 1
10101 1
10101 1
10101 1
10101 1
10101 1
10172 1
10172 1
10172 1
10172 1
10172 1
10172 1
10023 1
10023 1
10023 1
10023 1
10023 1
10023 1
9853 1
9853 1
9853 1
9853 1
9853 1
9853 1
10102 1
10102 1
10102 1
10102 1
10102 1
10102 1
10173 1
10173 1
10173 1
10173 1
10173 1
10173 1
10024 1
10024 1
10024 1
10024 1
10024 1
10024 1
9940 1
9940 1
9940 1
9940 1
9940 1
9940 1
10103 1
10103 1
10103 1
10103 1
10103 1
10103 1
10174 1
10174 1
10174 1
10174 1
10174 1
10174 1
10025 1
10025 1
10025 1
10025 1
10025 1
10025 1
9941 1
9941 1
9941 1
9941 1
9941 1
9941 1
10104 1
10104 1
10104 1
10104 1
10104 1
10104 1
10175 1
10175 1
10175 1
10175 1
10175 1
10175 1
10026 1
10026 1
10026 1
10026 1
10026 1
10026 1
9942 1
9942 1
9942 1
9942 1
9942 1
9942 1
10105 1
10105 1
10105 1
10105 1
10105 1
10105 1
10248 1
10248 1
10248 1
10248 1
10248 1
10248 1
10176 1
10176 1
10176 1
10176 1
10176 1
10176 1
10027 1
10027 1
10027 1
10027 1
10027 1
10027 1
9943 1
9943 1
9943 1
9943 1
9943 1
9943 1
10106 1
10106 1
10106 1
10106 1
10106 1
10106 1
10249 1
10249 1
10249 1
10249 1
10249 1
10249 1
10177 1
10177 1
10177 1
10177 1
10177 1
10177 1
10028 1
10028 1
10028 1
10028 1
10028 1
10028 1
9944 1
9944 1
9944 1
9944 1
9944 1
9944 1
10107 1
10107 1
10107 1
10107 1
10107 1
10107 1
10250 1
10250 1
10250 1
10250 1
10250 1
10250 1
10178 1
10178 1
10178 1
10178 1
10178 1
10178 1
10029 1
10029 1
10029 1
10029 1
10029 1
10029 1
10108 1
10108 1
10108 1
10108 1
10108 1
10108 1
10251 1
10251 1
10251 1
10251 1
10251 1
10251 1
10030 1
10030 1
10030 1
10030 1
10030 1
10030 1
10179 1
10179 1
10179 1
10179 1
10179 1
10179 1
10109 1
10109 1
10109 1
10109 1
10109 1
10109 1
10252 1
10252 1
10252 1
10252 1
10252 1
10252 1
10180 1
10180 1
10180 1
10180 1
10180 1
10180 1
10110 1
10110 1
10110 1
10110 1
10110 1
10110 1
10032 1
10032 1
10032 1
10032 1
10032 1
10032 1
10253 1
10253 1
10253 1
10253 1
10253 1
10253 1
10181 1
10181 1
10181 1
10181 1
10181 1
10181 1
10111 1
10111 1
10111 1
10111 1
10111 1
10111 1
10033 1
10033 1
10033 1
10033 1
10033 1
10033 1
10254 1
10254 1
10254 1
10254 1
10254 1
10254 1
10182 1
10182 1
10182 1
10182 1
10182 1
10182 1
10112 1
10112 1
10112 1
10112 1
10112 1
10112 1
10034 1
10034 1
10034 1
10034 1
10034 1
10034 1
10332 1
10332 1
10332 1
10332 1
10332 1
10332 1
10183 1
10183 1
10183 1
10183 1
10183 1
10183 1
10255 1
10255 1
10255 1
10255 1
10255 1
10255 1
10113 1
10113 1
10113 1
10113 1
10113 1
10113 1
10035 1
10035 1
10035 1
10035 1
10035 1
10035 1
10333 1
10333 1
10333 1
10333 1
10333 1
10333 1
10184 1
10184 1
10184 1
10184 1
10184 1
10184 1
10256 1
10256 1
10256 1
10256 1
10256 1
10256 1
10036 1
10036 1
10036 1
10036 1
10036 1
10036 1
10185 1
10185 1
10185 1
10185 1
10185 1
10185 1
10334 1
10334 1
10334 1
10334 1
10334 1
10334 1
10257 1
10257 1
10257 1
10257 1
10257 1
10257 1
10115 1
10115 1
10115 1
10115 1
10115 1
10115 1
10186 1
10186 1
10186 1
10186 1
10186 1
10186 1
10335 1
10335 1
10335 1
10335 1
10335 1
10335 1
10258 1
10258 1
10258 1
10258 1
10258 1
10258 1
10116 1
10116 1
10116 1
10116 1
10116 1
10116 1
10187 1
10187 1
10187 1
10187 1
10187 1
10187 1
10336 1
10336 1
10336 1
10336 1
10336 1
10336 1
10259 1
10259 1
10259 1
10259 1
10259 1
10259 1
10117 1
10117 1
10117 1
10117 1
10117 1
10117 1
10188 1
10188 1
10188 1
10188 1
10188 1
10188 1
10260 1
10260 1
10260 1
10260 1
10260 1
10260 1
10118 1
10118 1
10118 1
10118 1
10118 1
10118 1
10337 1
10337 1
10337 1
10337 1
10337 1
10337 1
10189 1
10189 1
10189 1
10189 1
10189 1
10189 1
10119 1
10119 1
10119 1
10119 1
10119 1
10119 1
10261 1
10261 1
10261 1
10261 1
10261 1
10261 1
10338 1
10338 1
10338 1
10338 1
10338 1
10338 1
10190 1
10190 1
10190 1
10190 1
10190 1
10190 1
10120 1
10120 1
10120 1
10120 1
10120 1
10120 1
10262 1
10262 1
10262 1
10262 1
10262 1
10262 1
10339 1
10339 1
10339 1
10339 1
10339 1
10339 1
10191 1
10191 1
10191 1
10191 1
10191 1
10191 1
10121 1
10121 1
10121 1
10121 1
10121 1
10121 1
10418 1
10418 1
10418 1
10418 1
10418 1
10418 1
10263 1
10263 1
10263 1
10263 1
10263 1
10263 1
10340 1
10340 1
10340 1
10340 1
10340 1
10340 1
10192 1
10192 1
10192 1
10192 1
10192 1
10192 1
10122 1
10122 1
10122 1
10122 1
10122 1
10122 1
10264 1
10264 1
10264 1
10264 1
10264 1
10264 1
10419 1
10419 1
10419 1
10419 1
10419 1
10419 1
10341 1
10341 1
10341 1
10341 1
10341 1
10341 1
10193 1
10193 1
10193 1
10193 1
10193 1
10193 1
10123 1
10123 1
10123 1
10123 1
10123 1
10123 1
10265 1
10265 1
10265 1
10265 1
10265 1
10265 1
10420 1
10420 1
10420 1
10420 1
10420 1
10420 1
10342 1
10342 1
10342 1
10342 1
10342 1
10342 1
10194 1
10194 1
10194 1
10194 1
10194 1
10194 1
10266 1
10266 1
10266 1
10266 1
10266 1
10266 1
10421 1
10421 1
10421 1
10421 1
10421 1
10421 1
10343 1
10343 1
10343 1
10343 1
10343 1
10343 1
10195 1
10195 1
10195 1
10195 1
10195 1
10195 1
10267 1
10267 1
10267 1
10267 1
10267 1
10267 1
10422 1
10422 1
10422 1
10422 1
10422 1
10422 1
10344 1
10344 1
10344 1
10344 1
10344 1
10344 1
10196 1
10196 1
10196 1
10196 1
10196 1
10196 1
10268 1
10268 1
10268 1
10268 1
10268 1
10268 1
10345 1
10345 1
10345 1
10345 1
10345 1
10345 1
10423 1
10423 1
10423 1
10423 1
10423 1
10423 1
10197 1
10197 1
10197 1
10197 1
10197 1
10197 1
10269 1
10269 1
10269 1
10269 1
10269 1
10269 1
10198 1
10198 1
10198 1
10198 1
10198 1
10198 1
10346 1
10346 1
10346 1
10346 1
10346 1
10346 1
10424 1
10424 1
10424 1
10424 1
10424 1
10424 1
10270 1
10270 1
10270 1
10270 1
10270 1
10270 1
10199 1
10199 1
10199 1
10199 1
10199 1
10199 1
10347 1
10347 1
10347 1
10347 1
10347 1
10347 1
10425 1
10425 1
10425 1
10425 1
10425 1
10425 1
10271 1
10271 1
10271 1
10271 1
10271 1
10271 1
10200 1
10200 1
10200 1
10200 1
10200 1
10200 1
10510 1
10510 1
10510 1
10510 1
10510 1
10510 1
10348 1
10348 1
10348 1
10348 1
10348 1
10348 1
10426 1
10426 1
10426 1
10426 1
10426 1
10426 1
10272 1
10272 1
10272 1
10272 1
10272 1
10272 1
10201 1
10201 1
10201 1
10201 1
10201 1
10201 1
10511 1
10511 1
10511 1
10511 1
10511 1
10511 1
10349 1
10349 1
10349 1
10349 1
10349 1
10349 1
10427 1
10427 1
10427 1
10427 1
10427 1
10427 1
10273 1
10273 1
10273 1
10273 1
10273 1
10273 1
10202 1
10202 1
10202 1
10202 1
10202 1
10202 1
10512 1
10512 1
10512 1
10512 1
10512 1
10512 1
10350 1
10350 1
10350 1
10350 1
10350 1
10350 1
10428 1
10428 1
10428 1
10428 1
10428 1
10428 1
10274 1
10274 1
10274 1
10274 1
10274 1
10274 1
10351 1
10351 1
10351 1
10351 1
10351 1
10351 1
10513 1
10513 1
10513 1
10513 1
10513 1
10513 1
10429 1
10429 1
10429 1
10429 1
10429 1
10429 1
10275 1
10275 1
10275 1
10275 1
10275 1
10275 1
10204 1
10204 1
10204 1
10204 1
10204 1
10204 1
10514 1
10514 1
10514 1
10514 1
10514 1
10514 1
10430 1
10430 1
10430 1
10430 1
10430 1
10430 1
10276 1
10276 1
10276 1
10276 1
10276 1
10276 1
10515 1
10515 1
10515 1
10515 1
10515 1
10515 1
10277 1
10277 1
10277 1
10277 1
10277 1
10277 1
10431 1
10431 1
10431 1
10431 1
10431 1
10431 1
10354 1
10354 1
10354 1
10354 1
10354 1
10354 1
10278 1
10278 1
10278 1
10278 1
10278 1
10278 1
10516 1
10516 1
10516 1
10516 1
10516 1
10516 1
10432 1
10432 1
10432 1
10432 1
10432 1
10432 1
10355 1
10355 1
10355 1
10355 1
10355 1
10355 1
10279 1
10279 1
10279 1
10279 1
10279 1
10279 1
10517 1
10517 1
10517 1
10517 1
10517 1
10517 1
10433 1
10433 1
10433 1
10433 1
10433 1
10433 1
10356 1
10356 1
10356 1
10356 1
10356 1
10356 1
10280 1
10280 1
10280 1
10280 1
10280 1
10280 1
10603 1
10603 1
10603 1
10603 1
10603 1
10603 1
10518 1
10518 1
10518 1
10518 1
10518 1
10518 1
10434 1
10434 1
10434 1
10434 1
10434 1
10434 1
10357 1
10357 1
10357 1
10357 1
10357 1
10357 1
10281 1
10281 1
10281 1
10281 1
10281 1
10281 1
10604 1
10604 1
10604 1
10604 1
10604 1
10604 1
10435 1
10435 1
10435 1
10435 1
10435 1
10435 1
10519 1
10519 1
10519 1
10519 1
10519 1
10519 1
10358 1
10358 1
10358 1
10358 1
10358 1
10358 1
10282 1
10282 1
10282 1
10282 1
10282 1
10282 1
10605 1
10605 1
10605 1
10605 1
10605 1
10605 1
10436 1
10436 1
10436 1
10436 1
10436 1
10436 1
10520 1
10520 1
10520 1
10520 1
10520 1
10520 1
10359 1
10359 1
10359 1
10359 1
10359 1
10359 1
10437 1
10437 1
10437 1
10437 1
10437 1
10437 1
10606 1
10606 1
10606 1
10606 1
10606 1
10606 1
10521 1
10521 1
10521 1
10521 1
10521 1
10521 1
10360 1
10360 1
10360 1
10360 1
10360 1
10360 1
10607 1
10607 1
10607 1
10607 1
10607 1
10607 1
10522 1
10522 1
10522 1
10522 1
10522 1
10522 1
10361 1
10361 1
10361 1
10361 1
10361 1
10361 1
10608 1
10608 1
10608 1
10608 1
10608 1
10608 1
10523 1
10523 1
10523 1
10523 1
10523 1
10523 1
10362 1
10362 1
10362 1
10362 1
10362 1
10362 1
10439 1
10439 1
10439 1
10439 1
10439 1
10439 1
10524 1
10524 1
10524 1
10524 1
10524 1
10524 1
10609 1
10609 1
10609 1
10609 1
10609 1
10609 1
10363 1
10363 1
10363 1
10363 1
10363 1
10363 1
10440 1
10440 1
10440 1
10440 1
10440 1
10440 1
10364 1
10364 1
10364 1
10364 1
10364 1
10364 1
10525 1
10525 1
10525 1
10525 1
10525 1
10525 1
10610 1
10610 1
10610 1
10610 1
10610 1
10610 1
10441 1
10441 1
10441 1
10441 1
10441 1
10441 1
10365 1
10365 1
10365 1
10365 1
10365 1
10365 1
10611 1
10611 1
10611 1
10611 1
10611 1
10611 1
10442 1
10442 1
10442 1
10442 1
10442 1
10442 1
10366 1
10366 1
10366 1
10366 1
10366 1
10366 1
10694 1
10694 1
10694 1
10694 1
10694 1
10694 1
10527 1
10527 1
10527 1
10527 1
10527 1
10527 1
10612 1
10612 1
10612 1
10612 1
10612 1
10612 1
10443 1
10443 1
10443 1
10443 1
10443 1
10443 1
10528 1
10528 1
10528 1
10528 1
10528 1
10528 1
10695 1
10695 1
10695 1
10695 1
10695 1
10695 1
10613 1
10613 1
10613 1
10613 1
10613 1
10613 1
10444 1
10444 1
10444 1
10444 1
10444 1
10444 1
10529 1
10529 1
10529 1
10529 1
10529 1
10529 1
10696 1
10696 1
10696 1
10696 1
10696 1
10696 1
10614 1
10614 1
10614 1
10614 1
10614 1
10614 1
10445 1
10445 1
10445 1
10445 1
10445 1
10445 1
10697 1
10697 1
10697 1
10697 1
10697 1
10697 1
10615 1
10615 1
10615 1
10615 1
10615 1
10615 1
10446 1
10446 1
10446 1
10446 1
10446 1
10446 1
10698 1
10698 1
10698 1
10698 1
10698 1
10698 1
10616 1
10616 1
10616 1
10616 1
10616 1
10616 1
10447 1
10447 1
10447 1
10447 1
10447 1
10447 1
10699 1
10699 1
10699 1
10699 1
10699 1
10699 1
10448 1
10448 1
10448 1
10448 1
10448 1
10448 1
10449 1
10449 1
10449 1
10449 1
10449 1
10449 1
10700 1
10700 1
10700 1
10700 1
10700 1
10700 1
10450 1
10450 1
10450 1
10450 1
10450 1
10450 1
10701 1
10701 1
10701 1
10701 1
10701 1
10701 1
10781 1
10781 1
10781 1
10781 1
10781 1
10781 1
10702 1
10702 1
10702 1
10702 1
10702 1
10702 1
10452 1
10452 1
10452 1
10452 1
10452 1
10452 1
10782 1
10782 1
10782 1
10782 1
10782 1
10782 1
10621 1
10621 1
10621 1
10621 1
10621 1
10621 1
10703 1
10703 1
10703 1
10703 1
10703 1
10703 1
10622 1
10622 1
10622 1
10622 1
10622 1
10622 1
10783 1
10783 1
10783 1
10783 1
10783 1
10783 1
10704 1
10704 1
10704 1
10704 1
10704 1
10704 1
10623 1
10623 1
10623 1
10623 1
10623 1
10623 1
10784 1
10784 1
10784 1
10784 1
10784 1
10784 1
10705 1
10705 1
10705 1
10705 1
10705 1
10705 1
10538 1
10538 1
10538 1
10538 1
10538 1
10538 1
10785 1
10785 1
10785 1
10785 1
10785 1
10785 1
10539 1
10539 1
10539 1
10539 1
10539 1
10539 1
10786 1
10786 1
10786 1
10786 1
10786 1
10786 1
10787 1
10787 1
10787 1
10787 1
10787 1
10787 1
10788 1
10788 1
10788 1
10788 1
10788 1
10788 1
10860 1
10860 1
10860 1
10860 1
10860 1
10860 1
10789 1
10789 1
10789 1
10789 1
10789 1
10789 1
10861 1
10861 1
10861 1
10861 1
10861 1
10861 1
10711 1
10711 1
10711 1
10711 1
10711 1
10711 1
10790 1
10790 1
10790 1
10790 1
10790 1
10790 1
10862 1
10862 1
10862 1
10862 1
10862 1
10862 1
10712 1
10712 1
10712 1
10712 1
10712 1
10712 1
10791 1
10791 1
10791 1
10791 1
10791 1
10791 1
10863 1
10863 1
10863 1
10863 1
10863 1
10863 1
10713 1
10713 1
10713 1
10713 1
10713 1
10713 1
10792 1
10792 1
10792 1
10792 1
10792 1
10792 1
10714 1
10714 1
10714 1
10714 1
10714 1
10714 1
10864 1
10864 1
10864 1
10864 1
10864 1
10864 1
10793 1
10793 1
10793 1
10793 1
10793 1
10793 1
10629 1
10629 1
10629 1
10629 1
10629 1
10629 1
10715 1
10715 1
10715 1
10715 1
10715 1
10715 1
10865 1
10865 1
10865 1
10865 1
10865 1
10865 1
10866 1
10866 1
10866 1
10866 1
10866 1
10866 1
10867 1
10867 1
10867 1
10867 1
10867 1
10867 1
10796 1
10796 1
10796 1
10796 1
10796 1
10796 1
10868 1
10868 1
10868 1
10868 1
10868 1
10868 1
10797 1
10797 1
10797 1
10797 1
10797 1
10797 1
10942 1
10942 1
10942 1
10942 1
10942 1
10942 1
10869 1
10869 1
10869 1
10869 1
10869 1
10869 1
10798 1
10798 1
10798 1
10798 1
10798 1
10798 1
10943 1
10943 1
10943 1
10943 1
10943 1
10943 1
10799 1
10799 1
10799 1
10799 1
10799 1
10799 1
10870 1
10870 1
10870 1
10870 1
10870 1
10870 1
10944 1
10944 1
10944 1
10944 1
10944 1
10944 1
10800 1
10800 1
10800 1
10800 1
10800 1
10800 1
10871 1
10871 1
10871 1
10871 1
10871 1
10871 1
10801 1
10801 1
10801 1
10801 1
10801 1
10801 1
10945 1
10945 1
10945 1
10945 1
10945 1
10945 1
10872 1
10872 1
10872 1
10872 1
10872 1
10872 1
10719 1
10719 1
10719 1
10719 1
10719 1
10719 1
10802 1
10802 1
10802 1
10802 1
10802 1
10802 1
10946 1
10946 1
10946 1
10946 1
10946 1
10946 1
10873 1
10873 1
10873 1
10873 1
10873 1
10873 1
10720 1
10720 1
10720 1
10720 1
10720 1
10720 1
10947 1
10947 1
10947 1
10947 1
10947 1
10947 1
10874 1
10874 1
10874 1
10874 1
10874 1
10874 1
10875 1
10875 1
10875 1
10875 1
10875 1
10875 1
10876 1
10876 1
10876 1
10876 1
10876 1
10876 1
11024 1
11024 1
11024 1
11024 1
11024 1
11024 1
10877 1
10877 1
10877 1
10877 1
10877 1
10877 1
11025 1
11025 1
11025 1
11025 1
11025 1
11025 1
10878 1
10878 1
10878 1
10878 1
10878 1
10878 1
10951 1
10951 1
10951 1
10951 1
10951 1
10951 1
10879 1
10879 1
10879 1
10879 1
10879 1
10879 1
11026 1
11026 1
11026 1
11026 1
11026 1
11026 1
10952 1
10952 1
10952 1
10952 1
10952 1
10952 1
10880 1
10880 1
10880 1
10880 1
10880 1
10880 1
11027 1
11027 1
11027 1
11027 1
11027 1
11027 1
10953 1
10953 1
10953 1
10953 1
10953 1
10953 1
10881 1
10881 1
10881 1
10881 1
10881 1
10881 1
11028 1
11028 1
11028 1
11028 1
11028 1
11028 1
10954 1
10954 1
10954 1
10954 1
10954 1
10954 1
10807 1
10807 1
10807 1
10807 1
10807 1
10807 1
10882 1
10882 1
10882 1
10882 1
10882 1
10882 1
11029 1
11029 1
11029 1
11029 1
11029 1
11029 1
10955 1
10955 1
10955 1
10955 1
10955 1
10955 1
10883 1
10883 1
10883 1
10883 1
10883 1
10883 1
10956 1
10956 1
10956 1
10956 1
10956 1
10956 1
10884 1
10884 1
10884 1
10884 1
10884 1
10884 1
10957 1
10957 1
10957 1
10957 1
10957 1
10957 1
10958 1
10958 1
10958 1
10958 1
10958 1
10958 1
11106 1
11106 1
11106 1
11106 1
11106 1
11106 1
10959 1
10959 1
10959 1
10959 1
10959 1
10959 1
11033 1
11033 1
11033 1
11033 1
11033 1
11033 1
11107 1
11107 1
11107 1
11107 1
11107 1
11107 1
10960 1
10960 1
10960 1
10960 1
10960 1
10960 1
11034 1
11034 1
11034 1
11034 1
11034 1
11034 1
11108 1
11108 1
11108 1
11108 1
11108 1
11108 1
10961 1
10961 1
10961 1
10961 1
10961 1
10961 1
11035 1
11035 1
11035 1
11035 1
11035 1
11035 1
10962 1
10962 1
10962 1
10962 1
10962 1
10962 1
11109 1
11109 1
11109 1
11109 1
11109 1
11109 1
11036 1
11036 1
11036 1
11036 1
11036 1
11036 1
10890 1
10890 1
10890 1
10890 1
10890 1
10890 1
10963 1
10963 1
10963 1
10963 1
10963 1
10963 1
11110 1
11110 1
11110 1
11110 1
11110 1
11110 1
11037 1
11037 1
11037 1
11037 1
11037 1
11037 1
10964 1
10964 1
10964 1
10964 1
10964 1
10964 1
11038 1
11038 1
11038 1
11038 1
11038 1
11038 1
10965 1
10965 1
10965 1
10965 1
10965 1
10965 1
11039 1
11039 1
11039 1
11039 1
11039 1
11039 1
10966 1
10966 1
10966 1
10966 1
10966 1
10966 1
11040 1
11040 1
11040 1
11040 1
11040 1
11040 1
10967 1
10967 1
10967 1
10967 1
10967 1
10967 1
11187 1
11187 1
11187 1
11187 1
11187 1
11187 1
11114 1
11114 1
11114 1
11114 1
11114 1
11114 1
11041 1
11041 1
11041 1
11041 1
11041 1
11041 1
10968 1
10968 1
10968 1
10968 1
10968 1
10968 1
11188 1
11188 1
11188 1
11188 1
11188 1
11188 1
11115 1
11115 1
11115 1
11115 1
11115 1
11115 1
11042 1
11042 1
11042 1
11042 1
11042 1
11042 1
10969 1
10969 1
10969 1
10969 1
10969 1
10969 1
11189 1
11189 1
11189 1
11189 1
11189 1
11189 1
11043 1
11043 1
11043 1
11043 1
11043 1
11043 1
11116 1
11116 1
11116 1
11116 1
11116 1
11116 1
11190 1
11190 1
11190 1
11190 1
11190 1
11190 1
11044 1
11044 1
11044 1
11044 1
11044 1
11044 1
11117 1
11117 1
11117 1
11117 1
11117 1
11117 1
11045 1
11045 1
11045 1
11045 1
11045 1
11045 1
11191 1
11191 1
11191 1
11191 1
11191 1
11191 1
11118 1
11118 1
11118 1
11118 1
11118 1
11118 1
11046 1
11046 1
11046 1
11046 1
11046 1
11046 1
11192 1
11192 1
11192 1
11192 1
11192 1
11192 1
11119 1
11119 1
11119 1
11119 1
11119 1
11119 1
11047 1
11047 1
11047 1
11047 1
11047 1
11047 1
11120 1
11120 1
11120 1
11120 1
11120 1
11120 1
11048 1
11048 1
11048 1
11048 1
11048 1
11048 1
11121 1
11121 1
11121 1
11121 1
11121 1
11121 1
11194 1
11194 1
11194 1
11194 1
11194 1
11194 1
11122 1
11122 1
11122 1
11122 1
11122 1
11122 1
11195 1
11195 1
11195 1
11195 1
11195 1
11195 1
11050 1
11050 1
11050 1
11050 1
11050 1
11050 1
11274 1
11274 1
11274 1
11274 1
11274 1
11274 1
11123 1
11123 1
11123 1
11123 1
11123 1
11123 1
11196 1
11196 1
11196 1
11196 1
11196 1
11196 1
11275 1
11275 1
11275 1
11275 1
11275 1
11275 1
11124 1
11124 1
11124 1
11124 1
11124 1
11124 1
11197 1
11197 1
11197 1
11197 1
11197 1
11197 1
11125 1
11125 1
11125 1
11125 1
11125 1
11125 1
11276 1
11276 1
11276 1
11276 1
11276 1
11276 1
11198 1
11198 1
11198 1
11198 1
11198 1
11198 1
11126 1
11126 1
11126 1
11126 1
11126 1
11126 1
11277 1
11277 1
11277 1
11277 1
11277 1
11277 1
11199 1
11199 1
11199 1
11199 1
11199 1
11199 1
11127 1
11127 1
11127 1
11127 1
11127 1
11127 1
11278 1
11278 1
11278 1
11278 1
11278 1
11278 1
11200 1
11200 1
11200 1
11200 1
11200 1
11200 1
11128 1
11128 1
11128 1
11128 1
11128 1
11128 1
11279 1
11279 1
11279 1
11279 1
11279 1
11279 1
11201 1
11201 1
11201 1
11201 1
11201 1
11201 1
11129 1
11129 1
11129 1
11129 1
11129 1
11129 1
11202 1
11202 1
11202 1
11202 1
11202 1
11202 1
11280 1
11280 1
11280 1
11280 1
11280 1
11280 1
11130 1
11130 1
11130 1
11130 1
11130 1
11130 1
11203 1
11203 1
11203 1
11203 1
11203 1
11203 1
11281 1
11281 1
11281 1
11281 1
11281 1
11281 1
11131 1
11131 1
11131 1
11131 1
11131 1
11131 1
11361 1
11361 1
11361 1
11361 1
11361 1
11361 1
11204 1
11204 1
11204 1
11204 1
11204 1
11204 1
11282 1
11282 1
11282 1
11282 1
11282 1
11282 1
11132 1
11132 1
11132 1
11132 1
11132 1
11132 1
11362 1
11362 1
11362 1
11362 1
11362 1
11362 1
11283 1
11283 1
11283 1
11283 1
11283 1
11283 1
11363 1
11363 1
11363 1
11363 1
11363 1
11363 1
11206 1
11206 1
11206 1
11206 1
11206 1
11206 1
11284 1
11284 1
11284 1
11284 1
11284 1
11284 1
11364 1
11364 1
11364 1
11364 1
11364 1
11364 1
11207 1
11207 1
11207 1
11207 1
11207 1
11207 1
11285 1
11285 1
11285 1
11285 1
11285 1
11285 1
11208 1
11208 1
11208 1
11208 1
11208 1
11208 1
11365 1
11365 1
11365 1
11365 1
11365 1
11365 1
11286 1
11286 1
11286 1
11286 1
11286 1
11286 1
11209 1
11209 1
11209 1
11209 1
11209 1
11209 1
11366 1
11366 1
11366 1
11366 1
11366 1
11366 1
11287 1
11287 1
11287 1
11287 1
11287 1
11287 1
11210 1
11210 1
11210 1
11210 1
11210 1
11210 1
11367 1
11367 1
11367 1
11367 1
11367 1
11367 1
11288 1
11288 1
11288 1
11288 1
11288 1
11288 1
11211 1
11211 1
11211 1
11211 1
11211 1
11211 1
11368 1
11368 1
11368 1
11368 1
11368 1
11368 1
11289 1
11289 1
11289 1
11289 1
11289 1
11289 1
11212 1
11212 1
11212 1
11212 1
11212 1
11212 1
11369 1
11369 1
11369 1
11369 1
11369 1
11369 1
11290 1
11290 1
11290 1
11290 1
11290 1
11290 1
11062 1
11062 1
11062 1
11062 1
11062 1
11062 1
11440 1
11440 1
11440 1
11440 1
11440 1
11440 1
11370 1
11370 1
11370 1
11370 1
11370 1
11370 1
11291 1
11291 1
11291 1
11291 1
11291 1
11291 1
11063 1
11063 1
11063 1
11063 1
11063 1
11063 1
11441 1
11441 1
11441 1
11441 1
11441 1
11441 1
11292 1
11292 1
11292 1
11292 1
11292 1
11292 1
11371 1
11371 1
11371 1
11371 1
11371 1
11371 1
11442 1
11442 1
11442 1
11442 1
11442 1
11442 1
11293 1
11293 1
11293 1
11293 1
11293 1
11293 1
11372 1
11372 1
11372 1
11372 1
11372 1
11372 1
11443 1
11443 1
11443 1
11443 1
11443 1
11443 1
11294 1
11294 1
11294 1
11294 1
11294 1
11294 1
11373 1
11373 1
11373 1
11373 1
11373 1
11373 1
11295 1
11295 1
11295 1
11295 1
11295 1
11295 1
11444 1
11444 1
11444 1
11444 1
11444 1
11444 1
11374 1
11374 1
11374 1
11374 1
11374 1
11374 1
11296 1
11296 1
11296 1
11296 1
11296 1
11296 1
11445 1
11445 1
11445 1
11445 1
11445 1
11445 1
11375 1
11375 1
11375 1
11375 1
11375 1
11375 1
11141 1
11141 1
11141 1
11141 1
11141 1
11141 1
11297 1
11297 1
11297 1
11297 1
11297 1
11297 1
11142 1
11142 1
11142 1
11142 1
11142 1
11142 1
11376 1
11376 1
11376 1
11376 1
11376 1
11376 1
11446 1
11446 1
11446 1
11446 1
11446 1
11446 1
11298 1
11298 1
11298 1
11298 1
11298 1
11298 1
11143 1
11143 1
11143 1
11143 1
11143 1
11143 1
11377 1
11377 1
11377 1
11377 1
11377 1
11377 1
11447 1
11447 1
11447 1
11447 1
11447 1
11447 1
11299 1
11299 1
11299 1
11299 1
11299 1
11299 1
11144 1
11144 1
11144 1
11144 1
11144 1
11144 1
11515 1
11515 1
11515 1
11515 1
11515 1
11515 1
11378 1
11378 1
11378 1
11378 1
11378 1
11378 1
11448 1
11448 1
11448 1
11448 1
11448 1
11448 1
11145 1
11145 1
11145 1
11145 1
11145 1
11145 1
11516 1
11516 1
11516 1
11516 1
11516 1
11516 1
11379 1
11379 1
11379 1
11379 1
11379 1
11379 1
11449 1
11449 1
11449 1
11449 1
11449 1
11449 1
11146 1
11146 1
11146 1
11146 1
11146 1
11146 1
11380 1
11380 1
11380 1
11380 1
11380 1
11380 1
11517 1
11517 1
11517 1
11517 1
11517 1
11517 1
11450 1
11450 1
11450 1
11450 1
11450 1
11450 1
11381 1
11381 1
11381 1
11381 1
11381 1
11381 1
11518 1
11518 1
11518 1
11518 1
11518 1
11518 1
11451 1
11451 1
11451 1
11451 1
11451 1
11451 1
11382 1
11382 1
11382 1
11382 1
11382 1
11382 1
11519 1
11519 1
11519 1
11519 1
11519 1
11519 1
11452 1
11452 1
11452 1
11452 1
11452 1
11452 1
11383 1
11383 1
11383 1
11383 1
11383 1
11383 1
11520 1
11520 1
11520 1
11520 1
11520 1
11520 1
11453 1
11453 1
11453 1
11453 1
11453 1
11453 1
11227 1
11227 1
11227 1
11227 1
11227 1
11227 1
11384 1
11384 1
11384 1
11384 1
11384 1
11384 1
11521 1
11521 1
11521 1
11521 1
11521 1
11521 1
11454 1
11454 1
11454 1
11454 1
11454 1
11454 1
11228 1
11228 1
11228 1
11228 1
11228 1
11228 1
11385 1
11385 1
11385 1
11385 1
11385 1
11385 1
11229 1
11229 1
11229 1
11229 1
11229 1
11229 1
11455 1
11455 1
11455 1
11455 1
11455 1
11455 1
11522 1
11522 1
11522 1
11522 1
11522 1
11522 1
11386 1
11386 1
11386 1
11386 1
11386 1
11386 1
11230 1
11230 1
11230 1
11230 1
11230 1
11230 1
11456 1
11456 1
11456 1
11456 1
11456 1
11456 1
11523 1
11523 1
11523 1
11523 1
11523 1
11523 1
11387 1
11387 1
11387 1
11387 1
11387 1
11387 1
11231 1
11231 1
11231 1
11231 1
11231 1
11231 1
11590 1
11590 1
11590 1
11590 1
11590 1
11590 1
11457 1
11457 1
11457 1
11457 1
11457 1
11457 1
11524 1
11524 1
11524 1
11524 1
11524 1
11524 1
11388 1
11388 1
11388 1
11388 1
11388 1
11388 1
11232 1
11232 1
11232 1
11232 1
11232 1
11232 1
11591 1
11591 1
11591 1
11591 1
11591 1
11591 1
11458 1
11458 1
11458 1
11458 1
11458 1
11458 1
11525 1
11525 1
11525 1
11525 1
11525 1
11525 1
11233 1
11233 1
11233 1
11233 1
11233 1
11233 1
11592 1
11592 1
11592 1
11592 1
11592 1
11592 1
11459 1
11459 1
11459 1
11459 1
11459 1
11459 1
11526 1
11526 1
11526 1
11526 1
11526 1
11526 1
11234 1
11234 1
11234 1
11234 1
11234 1
11234 1
11593 1
11593 1
11593 1
11593 1
11593 1
11593 1
11460 1
11460 1
11460 1
11460 1
11460 1
11460 1
11235 1
11235 1
11235 1
11235 1
11235 1
11235 1
11527 1
11527 1
11527 1
11527 1
11527 1
11527 1
11461 1
11461 1
11461 1
11461 1
11461 1
11461 1
11594 1
11594 1
11594 1
11594 1
11594 1
11594 1
11528 1
11528 1
11528 1
11528 1
11528 1
11528 1
11462 1
11462 1
11462 1
11462 1
11462 1
11462 1
11595 1
11595 1
11595 1
11595 1
11595 1
11595 1
11529 1
11529 1
11529 1
11529 1
11529 1
11529 1
11463 1
11463 1
11463 1
11463 1
11463 1
11463 1
11596 1
11596 1
11596 1
11596 1
11596 1
11596 1
11394 1
11394 1
11394 1
11394 1
11394 1
11394 1
11530 1
11530 1
11530 1
11530 1
11530 1
11530 1
11464 1
11464 1
11464 1
11464 1
11464 1
11464 1
11395 1
11395 1
11395 1
11395 1
11395 1
11395 1
11597 1
11597 1
11597 1
11597 1
11597 1
11597 1
11531 1
11531 1
11531 1
11531 1
11531 1
11531 1
11598 1
11598 1
11598 1
11598 1
11598 1
11598 1
11532 1
11532 1
11532 1
11532 1
11532 1
11532 1
11466 1
11466 1
11466 1
11466 1
11466 1
11466 1
11319 1
11319 1
11319 1
11319 1
11319 1
11319 1
11665 1
11665 1
11665 1
11665 1
11665 1
11665 1
11533 1
11533 1
11533 1
11533 1
11533 1
11533 1
11599 1
11599 1
11599 1
11599 1
11599 1
11599 1
11320 1
11320 1
11320 1
11320 1
11320 1
11320 1
11666 1
11666 1
11666 1
11666 1
11666 1
11666 1
11534 1
11534 1
11534 1
11534 1
11534 1
11534 1
11600 1
11600 1
11600 1
11600 1
11600 1
11600 1
11321 1
11321 1
11321 1
11321 1
11321 1
11321 1
11468 1
11468 1
11468 1
11468 1
11468 1
11468 1
11667 1
11667 1
11667 1
11667 1
11667 1
11667 1
11535 1
11535 1
11535 1
11535 1
11535 1
11535 1
11601 1
11601 1
11601 1
11601 1
11601 1
11601 1
11322 1
11322 1
11322 1
11322 1
11322 1
11322 1
11469 1
11469 1
11469 1
11469 1
11469 1
11469 1
11536 1
11536 1
11536 1
11536 1
11536 1
11536 1
11668 1
11668 1
11668 1
11668 1
11668 1
11668 1
11602 1
11602 1
11602 1
11602 1
11602 1
11602 1
11470 1
11470 1
11470 1
11470 1
11470 1
11470 1
11537 1
11537 1
11537 1
11537 1
11537 1
11537 1
11669 1
11669 1
11669 1
11669 1
11669 1
11669 1
11603 1
11603 1
11603 1
11603 1
11603 1
11603 1
11471 1
11471 1
11471 1
11471 1
11471 1
11471 1
11538 1
11538 1
11538 1
11538 1
11538 1
11538 1
11670 1
11670 1
11670 1
11670 1
11670 1
11670 1
11604 1
11604 1
11604 1
11604 1
11604 1
11604 1
11472 1
11472 1
11472 1
11472 1
11472 1
11472 1
11539 1
11539 1
11539 1
11539 1
11539 1
11539 1
11605 1
11605 1
11605 1
11605 1
11605 1
11605 1
11671 1
11671 1
11671 1
11671 1
11671 1
11671 1
11540 1
11540 1
11540 1
11540 1
11540 1
11540 1
11606 1
11606 1
11606 1
11606 1
11606 1
11606 1
11672 1
11672 1
11672 1
11672 1
11672 1
11672 1
11541 1
11541 1
11541 1
11541 1
11541 1
11541 1
11740 1
11740 1
11740 1
11740 1
11740 1
11740 1
11607 1
11607 1
11607 1
11607 1
11607 1
11607 1
11673 1
11673 1
11673 1
11673 1
11673 1
11673 1
11741 1
11741 1
11741 1
11741 1
11741 1
11741 1
11608 1
11608 1
11608 1
11608 1
11608 1
11608 1
11674 1
11674 1
11674 1
11674 1
11674 1
11674 1
11543 1
11543 1
11543 1
11543 1
11543 1
11543 1
11609 1
11609 1
11609 1
11609 1
11609 1
11609 1
11742 1
11742 1
11742 1
11742 1
11742 1
11742 1
11675 1
11675 1
11675 1
11675 1
11675 1
11675 1
11544 1
11544 1
11544 1
11544 1
11544 1
11544 1
11610 1
11610 1
11610 1
11610 1
11610 1
11610 1
11743 1
11743 1
11743 1
11743 1
11743 1
11743 1
11676 1
11676 1
11676 1
11676 1
11676 1
11676 1
11545 1
11545 1
11545 1
11545 1
11545 1
11545 1
11611 1
11611 1
11611 1
11611 1
11611 1
11611 1
11744 1
11744 1
11744 1
11744 1
11744 1
11744 1
11677 1
11677 1
11677 1
11677 1
11677 1
11677 1
11546 1
11546 1
11546 1
11546 1
11546 1
11546 1
11612 1
11612 1
11612 1
11612 1
11612 1
11612 1
11745 1
11745 1
11745 1
11745 1
11745 1
11745 1
11678 1
11678 1
11678 1
11678 1
11678 1
11678 1
11613 1
11613 1
11613 1
11613 1
11613 1
11613 1
11746 1
11746 1
11746 1
11746 1
11746 1
11746 1
11679 1
11679 1
11679 1
11679 1
11679 1
11679 1
11614 1
11614 1
11614 1
11614 1
11614 1
11614 1
11680 1
11680 1
11680 1
11680 1
11680 1
11680 1
11747 1
11747 1
11747 1
11747 1
11747 1
11747 1
11615 1
11615 1
11615 1
11615 1
11615 1
11615 1
11681 1
11681 1
11681 1
11681 1
11681 1
11681 1
11748 1
11748 1
11748 1
11748 1
11748 1
11748 1
11616 1
11616 1
11616 1
11616 1
11616 1
11616 1
11820 1
11820 1
11820 1
11820 1
11820 1
11820 1
11682 1
11682 1
11682 1
11682 1
11682 1
11682 1
11749 1
11749 1
11749 1
11749 1
11749 1
11749 1
11476 1
11476 1
11476 1
11476 1
11476 1
11476 1
11617 1
11617 1
11617 1
11617 1
11617 1
11617 1
11821 1
11821 1
11821 1
11821 1
11821 1
11821 1
11683 1
11683 1
11683 1
11683 1
11683 1
11683 1
11750 1
11750 1
11750 1
11750 1
11750 1
11750 1
11618 1
11618 1
11618 1
11618 1
11618 1
11618 1
11822 1
11822 1
11822 1
11822 1
11822 1
11822 1
11684 1
11684 1
11684 1
11684 1
11684 1
11684 1
11751 1
11751 1
11751 1
11751 1
11751 1
11751 1
11619 1
11619 1
11619 1
11619 1
11619 1
11619 1
11685 1
11685 1
11685 1
11685 1
11685 1
11685 1
11823 1
11823 1
11823 1
11823 1
11823 1
11823 1
11752 1
11752 1
11752 1
11752 1
11752 1
11752 1
11686 1
11686 1
11686 1
11686 1
11686 1
11686 1
11824 1
11824 1
11824 1
11824 1
11824 1
11824 1
11753 1
11753 1
11753 1
11753 1
11753 1
11753 1
11687 1
11687 1
11687 1
11687 1
11687 1
11687 1
11825 1
11825 1
11825 1
11825 1
11825 1
11825 1
11754 1
11754 1
11754 1
11754 1
11754 1
11754 1
11688 1
11688 1
11688 1
11688 1
11688 1
11688 1
11826 1
11826 1
11826 1
11826 1
11826 1
11826 1
11755 1
11755 1
11755 1
11755 1
11755 1
11755 1
11689 1
11689 1
11689 1
11689 1
11689 1
11689 1
11827 1
11827 1
11827 1
11827 1
11827 1
11827 1
11756 1
11756 1
11756 1
11756 1
11756 1
11756 1
11690 1
11690 1
11690 1
11690 1
11690 1
11690 1
11828 1
11828 1
11828 1
11828 1
11828 1
11828 1
11757 1
11757 1
11757 1
11757 1
11757 1
11757 1
11691 1
11691 1
11691 1
11691 1
11691 1
11691 1
11550 1
11550 1
11550 1
11550 1
11550 1
11550 1
11898 1
11898 1
11898 1
11898 1
11898 1
11898 1
11829 1
11829 1
11829 1
11829 1
11829 1
11829 1
11758 1
11758 1
11758 1
11758 1
11758 1
11758 1
11692 1
11692 1
11692 1
11692 1
11692 1
11692 1
11899 1
11899 1
11899 1
11899 1
11899 1
11899 1
11759 1
11759 1
11759 1
11759 1
11759 1
11759 1
11830 1
11830 1
11830 1
11830 1
11830 1
11830 1
11760 1
11760 1
11760 1
11760 1
11760 1
11760 1
11900 1
11900 1
11900 1
11900 1
11900 1
11900 1
11831 1
11831 1
11831 1
11831 1
11831 1
11831 1
11761 1
11761 1
11761 1
11761 1
11761 1
11761 1
11901 1
11901 1
11901 1
11901 1
11901 1
11901 1
11832 1
11832 1
11832 1
11832 1
11832 1
11832 1
11762 1
11762 1
11762 1
11762 1
11762 1
11762 1
11902 1
11902 1
11902 1
11902 1
11902 1
11902 1
11833 1
11833 1
11833 1
11833 1
11833 1
11833 1
11763 1
11763 1
11763 1
11763 1
11763 1
11763 1
11903 1
11903 1
11903 1
11903 1
11903 1
11903 1
11834 1
11834 1
11834 1
11834 1
11834 1
11834 1
11764 1
11764 1
11764 1
11764 1
11764 1
11764 1
11835 1
11835 1
11835 1
11835 1
11835 1
11835 1
11904 1
11904 1
11904 1
11904 1
11904 1
11904 1
11765 1
11765 1
11765 1
11765 1
11765 1
11765 1
11836 1
11836 1
11836 1
11836 1
11836 1
11836 1
11905 1
11905 1
11905 1
11905 1
11905 1
11905 1
11624 1
11624 1
11624 1
11624 1
11624 1
11624 1
11766 1
11766 1
11766 1
11766 1
11766 1
11766 1
11976 1
11976 1
11976 1
11976 1
11976 1
11976 1
11837 1
11837 1
11837 1
11837 1
11837 1
11837 1
11906 1
11906 1
11906 1
11906 1
11906 1
11906 1
11767 1
11767 1
11767 1
11767 1
11767 1
11767 1
11838 1
11838 1
11838 1
11838 1
11838 1
11838 1
11977 1
11977 1
11977 1
11977 1
11977 1
11977 1
11907 1
11907 1
11907 1
11907 1
11907 1
11907 1
11839 1
11839 1
11839 1
11839 1
11839 1
11839 1
11978 1
11978 1
11978 1
11978 1
11978 1
11978 1
11908 1
11908 1
11908 1
11908 1
11908 1
11908 1
11840 1
11840 1
11840 1
11840 1
11840 1
11840 1
11979 1
11979 1
11979 1
11979 1
11979 1
11979 1
11909 1
11909 1
11909 1
11909 1
11909 1
11909 1
11841 1
11841 1
11841 1
11841 1
11841 1
11841 1
11980 1
11980 1
11980 1
11980 1
11980 1
11980 1
11910 1
11910 1
11910 1
11910 1
11910 1
11910 1
11842 1
11842 1
11842 1
11842 1
11842 1
11842 1
11981 1
11981 1
11981 1
11981 1
11981 1
11981 1
11911 1
11911 1
11911 1
11911 1
11911 1
11911 1
11843 1
11843 1
11843 1
11843 1
11843 1
11843 1
11912 1
11912 1
11912 1
11912 1
11912 1
11912 1
11982 1
11982 1
11982 1
11982 1
11982 1
11982 1
11844 1
11844 1
11844 1
11844 1
11844 1
11844 1
11699 1
11699 1
11699 1
11699 1
11699 1
11699 1
11913 1
11913 1
11913 1
11913 1
11913 1
11913 1
11983 1
11983 1
11983 1
11983 1
11983 1
11983 1
11914 1
11914 1
11914 1
11914 1
11914 1
11914 1
11984 1
11984 1
11984 1
11984 1
11984 1
11984 1
12054 1
12054 1
12054 1
12054 1
12054 1
12054 1
11915 1
11915 1
11915 1
11915 1
11915 1
11915 1
11985 1
11985 1
11985 1
11985 1
11985 1
11985 1
11916 1
11916 1
11916 1
11916 1
11916 1
11916 1
12055 1
12055 1
12055 1
12055 1
12055 1
12055 1
11986 1
11986 1
11986 1
11986 1
11986 1
11986 1
11917 1
11917 1
11917 1
11917 1
11917 1
11917 1
12056 1
12056 1
12056 1
12056 1
12056 1
12056 1
11987 1
11987 1
11987 1
11987 1
11987 1
11987 1
11918 1
11918 1
11918 1
11918 1
11918 1
11918 1
12057 1
12057 1
12057 1
12057 1
12057 1
12057 1
11988 1
11988 1
11988 1
11988 1
11988 1
11988 1
11847 1
11847 1
11847 1
11847 1
11847 1
11847 1
11919 1
11919 1
11919 1
11919 1
11919 1
11919 1
12058 1
12058 1
12058 1
12058 1
12058 1
12058 1
11989 1
11989 1
11989 1
11989 1
11989 1
11989 1
11920 1
11920 1
11920 1
11920 1
11920 1
11920 1
11990 1
11990 1
11990 1
11990 1
11990 1
11990 1
12059 1
12059 1
12059 1
12059 1
12059 1
12059 1
11991 1
11991 1
11991 1
11991 1
11991 1
11991 1
12060 1
12060 1
12060 1
12060 1
12060 1
12060 1
11992 1
11992 1
11992 1
11992 1
11992 1
11992 1
12061 1
12061 1
12061 1
12061 1
12061 1
12061 1
11993 1
11993 1
11993 1
11993 1
11993 1
11993 1
12062 1
12062 1
12062 1
12062 1
12062 1
12062 1
12128 1
12128 1
12128 1
12128 1
12128 1
12128 1
11994 1
11994 1
11994 1
11994 1
11994 1
11994 1
12063 1
12063 1
12063 1
12063 1
12063 1
12063 1
12129 1
12129 1
12129 1
12129 1
12129 1
12129 1
11995 1
11995 1
11995 1
11995 1
11995 1
11995 1
12064 1
12064 1
12064 1
12064 1
12064 1
12064 1
11924 1
11924 1
11924 1
11924 1
11924 1
11924 1
11996 1
11996 1
11996 1
11996 1
11996 1
11996 1
12130 1
12130 1
12130 1
12130 1
12130 1
12130 1
12065 1
12065 1
12065 1
12065 1
12065 1
12065 1
11925 1
11925 1
11925 1
11925 1
11925 1
11925 1
11997 1
11997 1
11997 1
11997 1
11997 1
11997 1
12131 1
12131 1
12131 1
12131 1
12131 1
12131 1
12066 1
12066 1
12066 1
12066 1
12066 1
12066 1
11926 1
11926 1
11926 1
11926 1
11926 1
11926 1
12132 1
12132 1
12132 1
12132 1
12132 1
12132 1
12067 1
12067 1
12067 1
12067 1
12067 1
12067 1
12133 1
12133 1
12133 1
12133 1
12133 1
12133 1
12068 1
12068 1
12068 1
12068 1
12068 1
12068 1
12134 1
12134 1
12134 1
12134 1
12134 1
12134 1
12069 1
12069 1
12069 1
12069 1
12069 1
12069 1
12135 1
12135 1
12135 1
12135 1
12135 1
12135 1
12070 1
12070 1
12070 1
12070 1
12070 1
12070 1
12071 1
12071 1
12071 1
12071 1
12071 1
12071 1
12136 1
12136 1
12136 1
12136 1
12136 1
12136 1
12003 1
12003 1
12003 1
12003 1
12003 1
12003 1
12204 1
12204 1
12204 1
12204 1
12204 1
12204 1
12072 1
12072 1
12072 1
12072 1
12072 1
12072 1
12137 1
12137 1
12137 1
12137 1
12137 1
12137 1
12004 1
12004 1
12004 1
12004 1
12004 1
12004 1
12205 1
12205 1
12205 1
12205 1
12205 1
12205 1
12073 1
12073 1
12073 1
12073 1
12073 1
12073 1
12138 1
12138 1
12138 1
12138 1
12138 1
12138 1
12005 1
12005 1
12005 1
12005 1
12005 1
12005 1
12074 1
12074 1
12074 1
12074 1
12074 1
12074 1
12206 1
12206 1
12206 1
12206 1
12206 1
12206 1
12139 1
12139 1
12139 1
12139 1
12139 1
12139 1
12006 1
12006 1
12006 1
12006 1
12006 1
12006 1
12207 1
12207 1
12207 1
12207 1
12207 1
12207 1
12140 1
12140 1
12140 1
12140 1
12140 1
12140 1
12007 1
12007 1
12007 1
12007 1
12007 1
12007 1
12141 1
12141 1
12141 1
12141 1
12141 1
12141 1
12208 1
12208 1
12208 1
12208 1
12208 1
12208 1
12142 1
12142 1
12142 1
12142 1
12142 1
12142 1
12209 1
12209 1
12209 1
12209 1
12209 1
12209 1
12143 1
12143 1
12143 1
12143 1
12143 1
12143 1
12210 1
12210 1
12210 1
12210 1
12210 1
12210 1
12076 1
12076 1
12076 1
12076 1
12076 1
12076 1
12144 1
12144 1
12144 1
12144 1
12144 1
12144 1
12211 1
12211 1
12211 1
12211 1
12211 1
12211 1
12077 1
12077 1
12077 1
12077 1
12077 1
12077 1
12145 1
12145 1
12145 1
12145 1
12145 1
12145 1
12212 1
12212 1
12212 1
12212 1
12212 1
12212 1
12078 1
12078 1
12078 1
12078 1
12078 1
12078 1
12146 1
12146 1
12146 1
12146 1
12146 1
12146 1
12271 1
12271 1
12271 1
12271 1
12271 1
12271 1
12213 1
12213 1
12213 1
12213 1
12213 1
12213 1
12079 1
12079 1
12079 1
12079 1
12079 1
12079 1
12272 1
12272 1
12272 1
12272 1
12272 1
12272 1
12214 1
12214 1
12214 1
12214 1
12214 1
12214 1
12080 1
12080 1
12080 1
12080 1
12080 1
12080 1
12273 1
12273 1
12273 1
12273 1
12273 1
12273 1
12215 1
12215 1
12215 1
12215 1
12215 1
12215 1
12081 1
12081 1
12081 1
12081 1
12081 1
12081 1
12274 1
12274 1
12274 1
12274 1
12274 1
12274 1
12216 1
12216 1
12216 1
12216 1
12216 1
12216 1
12275 1
12275 1
12275 1
12275 1
12275 1
12275 1
12217 1
12217 1
12217 1
12217 1
12217 1
12217 1
12218 1
12218 1
12218 1
12218 1
12218 1
12218 1
12276 1
12276 1
12276 1
12276 1
12276 1
12276 1
12219 1
12219 1
12219 1
12219 1
12219 1
12219 1
12277 1
12277 1
12277 1
12277 1
12277 1
12277 1
12220 1
12220 1
12220 1
12220 1
12220 1
12220 1
12278 1
12278 1
12278 1
12278 1
12278 1
12278 1
12279 1
12279 1
12279 1
12279 1
12279 1
12279 1
12338 1
12338 1
12338 1
12338 1
12338 1
12338 1
12280 1
12280 1
12280 1
12280 1
12280 1
12280 1
12339 1
12339 1
12339 1
12339 1
12339 1
12339 1
12281 1
12281 1
12281 1
12281 1
12281 1
12281 1
12340 1
12340 1
12340 1
12340 1
12340 1
12340 1
12282 1
12282 1
12282 1
12282 1
12282 1
12282 1
12341 1
12341 1
12341 1
12341 1
12341 1
12341 1
12283 1
12283 1
12283 1
12283 1
12283 1
12283 1
12342 1
12342 1
12342 1
12342 1
12342 1
12342 1
12284 1
12284 1
12284 1
12284 1
12284 1
12284 1
12343 1
12343 1
12343 1
12343 1
12343 1
12343 1
12285 1
12285 1
12285 1
12285 1
12285 1
12285 1
12344 1
12344 1
12344 1
12344 1
12344 1
12344 1
12345 1
12345 1
12345 1
12345 1
12345 1
12345 1
12346 1
12346 1
12346 1
12346 1
12346 1
12346 1
12400 1
12400 1
12400 1
12400 1
12400 1
12400 1
12347 1
12347 1
12347 1
12347 1
12347 1
12347 1
12401 1
12401 1
12401 1
12401 1
12401 1
12401 1
12348 1
12348 1
12348 1
12348 1
12348 1
12348 1
12402 1
12402 1
12402 1
12402 1
12402 1
12402 1
12349 1
12349 1
12349 1
12349 1
12349 1
12349 1
12350 1
12350 1
12350 1
12350 1
12350 1
12350 1
12403 1
12403 1
12403 1
12403 1
12403 1
12403 1
12351 1
12351 1
12351 1
12351 1
12351 1
12351 1
12404 1
12404 1
12404 1
12404 1
12404 1
12404 1
12405 1
12405 1
12405 1
12405 1
12405 1
12405 1
12406 1
12406 1
12406 1
12406 1
12406 1
12406 1
12407 1
12407 1
12407 1
12407 1
12407 1
12407 1
12408 1
12408 1
12408 1
12408 1
12408 1
12408 1
12409 1
12409 1
12409 1
12409 1
12409 1
12409 1
12463 1
12463 1
12463 1
12463 1
12463 1
12463 1
12410 1
12410 1
12410 1
12410 1
12410 1
12410 1
12411 1
12411 1
12411 1
12411 1
12411 1
12411 1
12464 1
12464 1
12464 1
12464 1
12464 1
12464 1
12412 1
12412 1
12412 1
12412 1
12412 1
12412 1
12465 1
12465 1
12465 1
12465 1
12465 1
12465 1
12466 1
12466 1
12466 1
12466 1
12466 1
12466 1
12467 1
12467 1
12467 1
12467 1
12467 1
12467 1
12468 1
12468 1
12468 1
12468 1
12468 1
12468 1
12469 1
12469 1
12469 1
12469 1
12469 1
12469 1
12470 1
12470 1
12470 1
12470 1
12470 1
12470 1
12471 1
12471 1
12471 1
12471 1
12471 1
12471 1
12525 1
12525 1
12525 1
12525 1
12525 1
12525 1
12472 1
12472 1
12472 1
12472 1
12472 1
12472 1
12526 1
12526 1
12526 1
12526 1
12526 1
12526 1
12473 1
12473 1
12473 1
12473 1
12473 1
12473 1
12527 1
12527 1
12527 1
12527 1
12527 1
12527 1
12528 1
12528 1
12528 1
12528 1
12528 1
12528 1
12529 1
12529 1
12529 1
12529 1
12529 1
12529 1
12530 1
12530 1
12530 1
12530 1
12530 1
12530 1
12531 1
12531 1
12531 1
12531 1
12531 1
12531 1
12532 1
12532 1
12532 1
12532 1
12532 1
12532 1
12533 1
12533 1
12533 1
12533 1
12533 1
12533 1
12534 1
12534 1
12534 1
12534 1
12534 1
12534 1
12587 1
12587 1
12587 1
12587 1
12587 1
12587 1
12588 1
12588 1
12588 1
12588 1
12588 1
12588 1
12589 1
12589 1
12589 1
12589 1
12589 1
12589 1
12590 1
12590 1
12590 1
12590 1
12590 1
12590 1
12591 1
12591 1
12591 1
12591 1
12591 1
12591 1
12592 1
12592 1
12592 1
12592 1
12592 1
12592 1
12593 1
12593 1
12593 1
12593 1
12593 1
12593 1
12594 1
12594 1
12594 1
12594 1
12594 1
12594 1
12650 1
12650 1
12650 1
12650 1
12650 1
12650 1
