pt_graph cpue_kghour
12051 9.09872340425532
12051 1.26553191489362
12051 25.7642553191489
12051 17.4297872340426
12051 13.0817021276596
12051 1.48936170212766
12052 9.09872340425532
12052 1.26553191489362
12052 25.7642553191489
12052 17.4297872340426
12052 13.0817021276596
12052 1.48936170212766
12053 9.09872340425532
12053 1.26553191489362
12053 25.7642553191489
12053 17.4297872340426
12053 13.0817021276596
12053 1.48936170212766
12054 9.09872340425532
12054 1.26553191489362
12054 25.7642553191489
12054 17.4297872340426
12054 13.0817021276596
12054 1.48936170212766
12055 9.09872340425532
12055 1.26553191489362
12055 25.7642553191489
12055 17.4297872340426
12055 13.0817021276596
12055 1.48936170212766
12056 9.09872340425532
12056 1.26553191489362
12056 25.7642553191489
12056 17.4297872340426
12056 13.0817021276596
12056 1.48936170212766
12057 9.09872340425532
12057 1.26553191489362
12057 25.7642553191489
12057 17.4297872340426
12057 13.0817021276596
12057 1.48936170212766
12058 9.09872340425532
12058 1.26553191489362
12058 25.7642553191489
12058 17.4297872340426
12058 13.0817021276596
12058 1.48936170212766
12059 9.09872340425532
12059 1.26553191489362
12059 25.7642553191489
12059 17.4297872340426
12059 13.0817021276596
12059 1.48936170212766
12060 9.09872340425532
12060 1.26553191489362
12060 25.7642553191489
12060 17.4297872340426
12060 13.0817021276596
12060 1.48936170212766
12126 9.09872340425532
12126 1.26553191489362
12126 25.7642553191489
12126 17.4297872340426
12126 13.0817021276596
12126 1.48936170212766
12127 9.09872340425532
12127 1.26553191489362
12127 25.7642553191489
12127 17.4297872340426
12127 13.0817021276596
12127 1.48936170212766
12128 9.09872340425532
12128 1.26553191489362
12128 25.7642553191489
12128 17.4297872340426
12128 13.0817021276596
12128 1.48936170212766
12129 9.09872340425532
12129 1.26553191489362
12129 25.7642553191489
12129 17.4297872340426
12129 13.0817021276596
12129 1.48936170212766
12130 9.09872340425532
12130 1.26553191489362
12130 25.7642553191489
12130 17.4297872340426
12130 13.0817021276596
12130 1.48936170212766
12131 9.09872340425532
12131 1.26553191489362
12131 25.7642553191489
12131 17.4297872340426
12131 13.0817021276596
12131 1.48936170212766
12132 9.09872340425532
12132 1.26553191489362
12132 25.7642553191489
12132 17.4297872340426
12132 13.0817021276596
12132 1.48936170212766
12133 9.09872340425532
12133 1.26553191489362
12133 25.7642553191489
12133 17.4297872340426
12133 13.0817021276596
12133 1.48936170212766
12134 9.09872340425532
12134 1.26553191489362
12134 25.7642553191489
12134 17.4297872340426
12134 13.0817021276596
12134 1.48936170212766
12202 9.09872340425532
12202 1.26553191489362
12202 25.7642553191489
12202 17.4297872340426
12202 13.0817021276596
12202 1.48936170212766
12135 9.09872340425532
12135 1.26553191489362
12135 25.7642553191489
12135 17.4297872340426
12135 13.0817021276596
12135 1.48936170212766
12203 9.09872340425532
12203 1.26553191489362
12203 25.7642553191489
12203 17.4297872340426
12203 13.0817021276596
12203 1.48936170212766
12136 9.09872340425532
12136 1.26553191489362
12136 25.7642553191489
12136 17.4297872340426
12136 13.0817021276596
12136 1.48936170212766
12204 9.09872340425532
12204 1.26553191489362
12204 25.7642553191489
12204 17.4297872340426
12204 13.0817021276596
12204 1.48936170212766
12137 9.09872340425532
12137 1.26553191489362
12137 25.7642553191489
12137 17.4297872340426
12137 13.0817021276596
12137 1.48936170212766
12205 9.09872340425532
12205 1.26553191489362
12205 25.7642553191489
12205 17.4297872340426
12205 13.0817021276596
12205 1.48936170212766
12206 9.09872340425532
12206 1.26553191489362
12206 25.7642553191489
12206 17.4297872340426
12206 13.0817021276596
12206 1.48936170212766
12207 9.09872340425532
12207 1.26553191489362
12207 25.7642553191489
12207 17.4297872340426
12207 13.0817021276596
12207 1.48936170212766
12208 9.09872340425532
12208 1.26553191489362
12208 25.7642553191489
12208 17.4297872340426
12208 13.0817021276596
12208 1.48936170212766
12267 9.09872340425532
12267 1.26553191489362
12267 25.7642553191489
12267 17.4297872340426
12267 13.0817021276596
12267 1.48936170212766
12209 9.09872340425532
12209 1.26553191489362
12209 25.7642553191489
12209 17.4297872340426
12209 13.0817021276596
12209 1.48936170212766
12210 9.09872340425532
12210 1.26553191489362
12210 25.7642553191489
12210 17.4297872340426
12210 13.0817021276596
12210 1.48936170212766
12211 9.09872340425532
12211 1.26553191489362
12211 25.7642553191489
12211 17.4297872340426
12211 13.0817021276596
12211 1.48936170212766
12270 9.09872340425532
12270 1.26553191489362
12270 25.7642553191489
12270 17.4297872340426
12270 13.0817021276596
12270 1.48936170212766
12212 9.09872340425532
12212 1.26553191489362
12212 25.7642553191489
12212 17.4297872340426
12212 13.0817021276596
12212 1.48936170212766
12271 9.09872340425532
12271 1.26553191489362
12271 25.7642553191489
12271 17.4297872340426
12271 13.0817021276596
12271 1.48936170212766
12213 9.09872340425532
12213 1.26553191489362
12213 25.7642553191489
12213 17.4297872340426
12213 13.0817021276596
12213 1.48936170212766
12272 9.09872340425532
12272 1.26553191489362
12272 25.7642553191489
12272 17.4297872340426
12272 13.0817021276596
12272 1.48936170212766
12214 9.09872340425532
12214 1.26553191489362
12214 25.7642553191489
12214 17.4297872340426
12214 13.0817021276596
12214 1.48936170212766
12273 9.09872340425532
12273 1.26553191489362
12273 25.7642553191489
12273 17.4297872340426
12273 13.0817021276596
12273 1.48936170212766
12215 9.09872340425532
12215 1.26553191489362
12215 25.7642553191489
12215 17.4297872340426
12215 13.0817021276596
12215 1.48936170212766
12332 9.09872340425532
12332 1.26553191489362
12332 25.7642553191489
12332 17.4297872340426
12332 13.0817021276596
12332 1.48936170212766
12274 9.09872340425532
12274 1.26553191489362
12274 25.7642553191489
12274 17.4297872340426
12274 13.0817021276596
12274 1.48936170212766
12333 9.09872340425532
12333 1.26553191489362
12333 25.7642553191489
12333 17.4297872340426
12333 13.0817021276596
12333 1.48936170212766
12275 9.09872340425532
12275 1.26553191489362
12275 25.7642553191489
12275 17.4297872340426
12275 13.0817021276596
12275 1.48936170212766
12334 9.09872340425532
12334 1.26553191489362
12334 25.7642553191489
12334 17.4297872340426
12334 13.0817021276596
12334 1.48936170212766
12276 9.09872340425532
12276 1.26553191489362
12276 25.7642553191489
12276 17.4297872340426
12276 13.0817021276596
12276 1.48936170212766
12335 9.09872340425532
12335 1.26553191489362
12335 25.7642553191489
12335 17.4297872340426
12335 13.0817021276596
12335 1.48936170212766
12277 9.09872340425532
12277 1.26553191489362
12277 25.7642553191489
12277 17.4297872340426
12277 13.0817021276596
12277 1.48936170212766
12336 9.09872340425532
12336 1.26553191489362
12336 25.7642553191489
12336 17.4297872340426
12336 13.0817021276596
12336 1.48936170212766
12278 9.09872340425532
12278 1.26553191489362
12278 25.7642553191489
12278 17.4297872340426
12278 13.0817021276596
12278 1.48936170212766
12337 9.09872340425532
12337 1.26553191489362
12337 25.7642553191489
12337 17.4297872340426
12337 13.0817021276596
12337 1.48936170212766
12279 9.09872340425532
12279 1.26553191489362
12279 25.7642553191489
12279 17.4297872340426
12279 13.0817021276596
12279 1.48936170212766
12338 9.09872340425532
12338 1.26553191489362
12338 25.7642553191489
12338 17.4297872340426
12338 13.0817021276596
12338 1.48936170212766
12280 9.09872340425532
12280 1.26553191489362
12280 25.7642553191489
12280 17.4297872340426
12280 13.0817021276596
12280 1.48936170212766
12339 9.09872340425532
12339 1.26553191489362
12339 25.7642553191489
12339 17.4297872340426
12339 13.0817021276596
12339 1.48936170212766
12281 9.09872340425532
12281 1.26553191489362
12281 25.7642553191489
12281 17.4297872340426
12281 13.0817021276596
12281 1.48936170212766
12393 9.09872340425532
12393 1.26553191489362
12393 25.7642553191489
12393 17.4297872340426
12393 13.0817021276596
12393 1.48936170212766
12340 9.09872340425532
12340 1.26553191489362
12340 25.7642553191489
12340 17.4297872340426
12340 13.0817021276596
12340 1.48936170212766
12282 9.09872340425532
12282 1.26553191489362
12282 25.7642553191489
12282 17.4297872340426
12282 13.0817021276596
12282 1.48936170212766
12394 9.09872340425532
12394 1.26553191489362
12394 25.7642553191489
12394 17.4297872340426
12394 13.0817021276596
12394 1.48936170212766
12341 9.09872340425532
12341 1.26553191489362
12341 25.7642553191489
12341 17.4297872340426
12341 13.0817021276596
12341 1.48936170212766
12283 9.09872340425532
12283 1.26553191489362
12283 25.7642553191489
12283 17.4297872340426
12283 13.0817021276596
12283 1.48936170212766
12395 9.09872340425532
12395 1.26553191489362
12395 25.7642553191489
12395 17.4297872340426
12395 13.0817021276596
12395 1.48936170212766
12342 9.09872340425532
12342 1.26553191489362
12342 25.7642553191489
12342 17.4297872340426
12342 13.0817021276596
12342 1.48936170212766
12396 9.09872340425532
12396 1.26553191489362
12396 25.7642553191489
12396 17.4297872340426
12396 13.0817021276596
12396 1.48936170212766
12343 9.09872340425532
12343 1.26553191489362
12343 25.7642553191489
12343 17.4297872340426
12343 13.0817021276596
12343 1.48936170212766
12397 9.09872340425532
12397 1.26553191489362
12397 25.7642553191489
12397 17.4297872340426
12397 13.0817021276596
12397 1.48936170212766
12344 9.09872340425532
12344 1.26553191489362
12344 25.7642553191489
12344 17.4297872340426
12344 13.0817021276596
12344 1.48936170212766
12398 9.09872340425532
12398 1.26553191489362
12398 25.7642553191489
12398 17.4297872340426
12398 13.0817021276596
12398 1.48936170212766
12345 9.09872340425532
12345 1.26553191489362
12345 25.7642553191489
12345 17.4297872340426
12345 13.0817021276596
12345 1.48936170212766
12399 9.09872340425532
12399 1.26553191489362
12399 25.7642553191489
12399 17.4297872340426
12399 13.0817021276596
12399 1.48936170212766
12346 9.09872340425532
12346 1.26553191489362
12346 25.7642553191489
12346 17.4297872340426
12346 13.0817021276596
12346 1.48936170212766
12400 9.09872340425532
12400 1.26553191489362
12400 25.7642553191489
12400 17.4297872340426
12400 13.0817021276596
12400 1.48936170212766
12347 9.09872340425532
12347 1.26553191489362
12347 25.7642553191489
12347 17.4297872340426
12347 13.0817021276596
12347 1.48936170212766
12454 9.09872340425532
12454 1.26553191489362
12454 25.7642553191489
12454 17.4297872340426
12454 13.0817021276596
12454 1.48936170212766
12401 9.09872340425532
12401 1.26553191489362
12401 25.7642553191489
12401 17.4297872340426
12401 13.0817021276596
12401 1.48936170212766
12348 9.09872340425532
12348 1.26553191489362
12348 25.7642553191489
12348 17.4297872340426
12348 13.0817021276596
12348 1.48936170212766
12455 9.09872340425532
12455 1.26553191489362
12455 25.7642553191489
12455 17.4297872340426
12455 13.0817021276596
12455 1.48936170212766
12402 9.09872340425532
12402 1.26553191489362
12402 25.7642553191489
12402 17.4297872340426
12402 13.0817021276596
12402 1.48936170212766
12349 9.09872340425532
12349 1.26553191489362
12349 25.7642553191489
12349 17.4297872340426
12349 13.0817021276596
12349 1.48936170212766
12456 9.09872340425532
12456 1.26553191489362
12456 25.7642553191489
12456 17.4297872340426
12456 13.0817021276596
12456 1.48936170212766
12350 9.09872340425532
12350 1.26553191489362
12350 25.7642553191489
12350 17.4297872340426
12350 13.0817021276596
12350 1.48936170212766
12403 9.09872340425532
12403 1.26553191489362
12403 25.7642553191489
12403 17.4297872340426
12403 13.0817021276596
12403 1.48936170212766
12457 9.09872340425532
12457 1.26553191489362
12457 25.7642553191489
12457 17.4297872340426
12457 13.0817021276596
12457 1.48936170212766
12404 9.09872340425532
12404 1.26553191489362
12404 25.7642553191489
12404 17.4297872340426
12404 13.0817021276596
12404 1.48936170212766
12458 9.09872340425532
12458 1.26553191489362
12458 25.7642553191489
12458 17.4297872340426
12458 13.0817021276596
12458 1.48936170212766
12405 9.09872340425532
12405 1.26553191489362
12405 25.7642553191489
12405 17.4297872340426
12405 13.0817021276596
12405 1.48936170212766
12459 9.09872340425532
12459 1.26553191489362
12459 25.7642553191489
12459 17.4297872340426
12459 13.0817021276596
12459 1.48936170212766
12406 9.09872340425532
12406 1.26553191489362
12406 25.7642553191489
12406 17.4297872340426
12406 13.0817021276596
12406 1.48936170212766
12460 9.09872340425532
12460 1.26553191489362
12460 25.7642553191489
12460 17.4297872340426
12460 13.0817021276596
12460 1.48936170212766
12407 9.09872340425532
12407 1.26553191489362
12407 25.7642553191489
12407 17.4297872340426
12407 13.0817021276596
12407 1.48936170212766
12461 9.09872340425532
12461 1.26553191489362
12461 25.7642553191489
12461 17.4297872340426
12461 13.0817021276596
12461 1.48936170212766
12408 9.09872340425532
12408 1.26553191489362
12408 25.7642553191489
12408 17.4297872340426
12408 13.0817021276596
12408 1.48936170212766
12515 9.09872340425532
12515 1.26553191489362
12515 25.7642553191489
12515 17.4297872340426
12515 13.0817021276596
12515 1.48936170212766
12462 9.09872340425532
12462 1.26553191489362
12462 25.7642553191489
12462 17.4297872340426
12462 13.0817021276596
12462 1.48936170212766
12409 9.09872340425532
12409 1.26553191489362
12409 25.7642553191489
12409 17.4297872340426
12409 13.0817021276596
12409 1.48936170212766
12516 9.09872340425532
12516 1.26553191489362
12516 25.7642553191489
12516 17.4297872340426
12516 13.0817021276596
12516 1.48936170212766
12463 9.09872340425532
12463 1.26553191489362
12463 25.7642553191489
12463 17.4297872340426
12463 13.0817021276596
12463 1.48936170212766
12410 9.09872340425532
12410 1.26553191489362
12410 25.7642553191489
12410 17.4297872340426
12410 13.0817021276596
12410 1.48936170212766
12517 9.09872340425532
12517 1.26553191489362
12517 25.7642553191489
12517 17.4297872340426
12517 13.0817021276596
12517 1.48936170212766
12411 9.09872340425532
12411 1.26553191489362
12411 25.7642553191489
12411 17.4297872340426
12411 13.0817021276596
12411 1.48936170212766
12464 9.09872340425532
12464 1.26553191489362
12464 25.7642553191489
12464 17.4297872340426
12464 13.0817021276596
12464 1.48936170212766
12518 9.09872340425532
12518 1.26553191489362
12518 25.7642553191489
12518 17.4297872340426
12518 13.0817021276596
12518 1.48936170212766
12412 9.09872340425532
12412 1.26553191489362
12412 25.7642553191489
12412 17.4297872340426
12412 13.0817021276596
12412 1.48936170212766
12465 9.09872340425532
12465 1.26553191489362
12465 25.7642553191489
12465 17.4297872340426
12465 13.0817021276596
12465 1.48936170212766
12519 9.09872340425532
12519 1.26553191489362
12519 25.7642553191489
12519 17.4297872340426
12519 13.0817021276596
12519 1.48936170212766
12466 9.09872340425532
12466 1.26553191489362
12466 25.7642553191489
12466 17.4297872340426
12466 13.0817021276596
12466 1.48936170212766
12520 9.09872340425532
12520 1.26553191489362
12520 25.7642553191489
12520 17.4297872340426
12520 13.0817021276596
12520 1.48936170212766
12467 9.09872340425532
12467 1.26553191489362
12467 25.7642553191489
12467 17.4297872340426
12467 13.0817021276596
12467 1.48936170212766
12521 9.09872340425532
12521 1.26553191489362
12521 25.7642553191489
12521 17.4297872340426
12521 13.0817021276596
12521 1.48936170212766
12468 9.09872340425532
12468 1.26553191489362
12468 25.7642553191489
12468 17.4297872340426
12468 13.0817021276596
12468 1.48936170212766
12522 9.09872340425532
12522 1.26553191489362
12522 25.7642553191489
12522 17.4297872340426
12522 13.0817021276596
12522 1.48936170212766
12469 9.09872340425532
12469 1.26553191489362
12469 25.7642553191489
12469 17.4297872340426
12469 13.0817021276596
12469 1.48936170212766
12523 9.09872340425532
12523 1.26553191489362
12523 25.7642553191489
12523 17.4297872340426
12523 13.0817021276596
12523 1.48936170212766
12470 9.09872340425532
12470 1.26553191489362
12470 25.7642553191489
12470 17.4297872340426
12470 13.0817021276596
12470 1.48936170212766
12577 9.09872340425532
12577 1.26553191489362
12577 25.7642553191489
12577 17.4297872340426
12577 13.0817021276596
12577 1.48936170212766
12524 9.09872340425532
12524 1.26553191489362
12524 25.7642553191489
12524 17.4297872340426
12524 13.0817021276596
12524 1.48936170212766
12471 9.09872340425532
12471 1.26553191489362
12471 25.7642553191489
12471 17.4297872340426
12471 13.0817021276596
12471 1.48936170212766
12578 9.09872340425532
12578 1.26553191489362
12578 25.7642553191489
12578 17.4297872340426
12578 13.0817021276596
12578 1.48936170212766
12525 9.09872340425532
12525 1.26553191489362
12525 25.7642553191489
12525 17.4297872340426
12525 13.0817021276596
12525 1.48936170212766
12472 9.09872340425532
12472 1.26553191489362
12472 25.7642553191489
12472 17.4297872340426
12472 13.0817021276596
12472 1.48936170212766
12579 9.09872340425532
12579 1.26553191489362
12579 25.7642553191489
12579 17.4297872340426
12579 13.0817021276596
12579 1.48936170212766
12526 9.09872340425532
12526 1.26553191489362
12526 25.7642553191489
12526 17.4297872340426
12526 13.0817021276596
12526 1.48936170212766
12473 9.09872340425532
12473 1.26553191489362
12473 25.7642553191489
12473 17.4297872340426
12473 13.0817021276596
12473 1.48936170212766
12580 9.09872340425532
12580 1.26553191489362
12580 25.7642553191489
12580 17.4297872340426
12580 13.0817021276596
12580 1.48936170212766
12527 9.09872340425532
12527 1.26553191489362
12527 25.7642553191489
12527 17.4297872340426
12527 13.0817021276596
12527 1.48936170212766
12581 9.09872340425532
12581 1.26553191489362
12581 25.7642553191489
12581 17.4297872340426
12581 13.0817021276596
12581 1.48936170212766
12528 9.09872340425532
12528 1.26553191489362
12528 25.7642553191489
12528 17.4297872340426
12528 13.0817021276596
12528 1.48936170212766
12582 9.09872340425532
12582 1.26553191489362
12582 25.7642553191489
12582 17.4297872340426
12582 13.0817021276596
12582 1.48936170212766
12529 9.09872340425532
12529 1.26553191489362
12529 25.7642553191489
12529 17.4297872340426
12529 13.0817021276596
12529 1.48936170212766
12583 9.09872340425532
12583 1.26553191489362
12583 25.7642553191489
12583 17.4297872340426
12583 13.0817021276596
12583 1.48936170212766
12530 9.09872340425532
12530 1.26553191489362
12530 25.7642553191489
12530 17.4297872340426
12530 13.0817021276596
12530 1.48936170212766
12637 9.09872340425532
12637 1.26553191489362
12637 25.7642553191489
12637 17.4297872340426
12637 13.0817021276596
12637 1.48936170212766
12584 9.09872340425532
12584 1.26553191489362
12584 25.7642553191489
12584 17.4297872340426
12584 13.0817021276596
12584 1.48936170212766
12531 9.09872340425532
12531 1.26553191489362
12531 25.7642553191489
12531 17.4297872340426
12531 13.0817021276596
12531 1.48936170212766
12585 9.09872340425532
12585 1.26553191489362
12585 25.7642553191489
12585 17.4297872340426
12585 13.0817021276596
12585 1.48936170212766
12532 9.09872340425532
12532 1.26553191489362
12532 25.7642553191489
12532 17.4297872340426
12532 13.0817021276596
12532 1.48936170212766
12639 9.09872340425532
12639 1.26553191489362
12639 25.7642553191489
12639 17.4297872340426
12639 13.0817021276596
12639 1.48936170212766
12586 9.09872340425532
12586 1.26553191489362
12586 25.7642553191489
12586 17.4297872340426
12586 13.0817021276596
12586 1.48936170212766
12533 9.09872340425532
12533 1.26553191489362
12533 25.7642553191489
12533 17.4297872340426
12533 13.0817021276596
12533 1.48936170212766
12640 9.09872340425532
12640 1.26553191489362
12640 25.7642553191489
12640 17.4297872340426
12640 13.0817021276596
12640 1.48936170212766
12534 9.09872340425532
12534 1.26553191489362
12534 25.7642553191489
12534 17.4297872340426
12534 13.0817021276596
12534 1.48936170212766
12587 9.09872340425532
12587 1.26553191489362
12587 25.7642553191489
12587 17.4297872340426
12587 13.0817021276596
12587 1.48936170212766
12641 9.09872340425532
12641 1.26553191489362
12641 25.7642553191489
12641 17.4297872340426
12641 13.0817021276596
12641 1.48936170212766
12588 9.09872340425532
12588 1.26553191489362
12588 25.7642553191489
12588 17.4297872340426
12588 13.0817021276596
12588 1.48936170212766
12642 9.09872340425532
12642 1.26553191489362
12642 25.7642553191489
12642 17.4297872340426
12642 13.0817021276596
12642 1.48936170212766
12589 9.09872340425532
12589 1.26553191489362
12589 25.7642553191489
12589 17.4297872340426
12589 13.0817021276596
12589 1.48936170212766
12643 9.09872340425532
12643 1.26553191489362
12643 25.7642553191489
12643 17.4297872340426
12643 13.0817021276596
12643 1.48936170212766
12590 9.09872340425532
12590 1.26553191489362
12590 25.7642553191489
12590 17.4297872340426
12590 13.0817021276596
12590 1.48936170212766
12697 9.09872340425532
12697 1.26553191489362
12697 25.7642553191489
12697 17.4297872340426
12697 13.0817021276596
12697 1.48936170212766
12644 9.09872340425532
12644 1.26553191489362
12644 25.7642553191489
12644 17.4297872340426
12644 13.0817021276596
12644 1.48936170212766
12591 9.09872340425532
12591 1.26553191489362
12591 25.7642553191489
12591 17.4297872340426
12591 13.0817021276596
12591 1.48936170212766
12698 9.09872340425532
12698 1.26553191489362
12698 25.7642553191489
12698 17.4297872340426
12698 13.0817021276596
12698 1.48936170212766
12645 9.09872340425532
12645 1.26553191489362
12645 25.7642553191489
12645 17.4297872340426
12645 13.0817021276596
12645 1.48936170212766
12592 9.09872340425532
12592 1.26553191489362
12592 25.7642553191489
12592 17.4297872340426
12592 13.0817021276596
12592 1.48936170212766
12699 9.09872340425532
12699 1.26553191489362
12699 25.7642553191489
12699 17.4297872340426
12699 13.0817021276596
12699 1.48936170212766
12646 9.09872340425532
12646 1.26553191489362
12646 25.7642553191489
12646 17.4297872340426
12646 13.0817021276596
12646 1.48936170212766
12593 9.09872340425532
12593 1.26553191489362
12593 25.7642553191489
12593 17.4297872340426
12593 13.0817021276596
12593 1.48936170212766
12700 9.09872340425532
12700 1.26553191489362
12700 25.7642553191489
12700 17.4297872340426
12700 13.0817021276596
12700 1.48936170212766
12647 9.09872340425532
12647 1.26553191489362
12647 25.7642553191489
12647 17.4297872340426
12647 13.0817021276596
12647 1.48936170212766
12594 9.09872340425532
12594 1.26553191489362
12594 25.7642553191489
12594 17.4297872340426
12594 13.0817021276596
12594 1.48936170212766
12701 9.09872340425532
12701 1.26553191489362
12701 25.7642553191489
12701 17.4297872340426
12701 13.0817021276596
12701 1.48936170212766
12648 9.09872340425532
12648 1.26553191489362
12648 25.7642553191489
12648 17.4297872340426
12648 13.0817021276596
12648 1.48936170212766
12702 9.09872340425532
12702 1.26553191489362
12702 25.7642553191489
12702 17.4297872340426
12702 13.0817021276596
12702 1.48936170212766
12649 9.09872340425532
12649 1.26553191489362
12649 25.7642553191489
12649 17.4297872340426
12649 13.0817021276596
12649 1.48936170212766
12703 9.09872340425532
12703 1.26553191489362
12703 25.7642553191489
12703 17.4297872340426
12703 13.0817021276596
12703 1.48936170212766
12650 9.09872340425532
12650 1.26553191489362
12650 25.7642553191489
12650 17.4297872340426
12650 13.0817021276596
12650 1.48936170212766
12704 9.09872340425532
12704 1.26553191489362
12704 25.7642553191489
12704 17.4297872340426
12704 13.0817021276596
12704 1.48936170212766
12758 9.09872340425532
12758 1.26553191489362
12758 25.7642553191489
12758 17.4297872340426
12758 13.0817021276596
12758 1.48936170212766
12705 9.09872340425532
12705 1.26553191489362
12705 25.7642553191489
12705 17.4297872340426
12705 13.0817021276596
12705 1.48936170212766
12706 9.09872340425532
12706 1.26553191489362
12706 25.7642553191489
12706 17.4297872340426
12706 13.0817021276596
12706 1.48936170212766
12760 9.09872340425532
12760 1.26553191489362
12760 25.7642553191489
12760 17.4297872340426
12760 13.0817021276596
12760 1.48936170212766
12707 9.09872340425532
12707 1.26553191489362
12707 25.7642553191489
12707 17.4297872340426
12707 13.0817021276596
12707 1.48936170212766
12761 9.09872340425532
12761 1.26553191489362
12761 25.7642553191489
12761 17.4297872340426
12761 13.0817021276596
12761 1.48936170212766
12708 9.09872340425532
12708 1.26553191489362
12708 25.7642553191489
12708 17.4297872340426
12708 13.0817021276596
12708 1.48936170212766
12762 9.09872340425532
12762 1.26553191489362
12762 25.7642553191489
12762 17.4297872340426
12762 13.0817021276596
12762 1.48936170212766
12709 9.09872340425532
12709 1.26553191489362
12709 25.7642553191489
12709 17.4297872340426
12709 13.0817021276596
12709 1.48936170212766
12763 9.09872340425532
12763 1.26553191489362
12763 25.7642553191489
12763 17.4297872340426
12763 13.0817021276596
12763 1.48936170212766
12710 9.09872340425532
12710 1.26553191489362
12710 25.7642553191489
12710 17.4297872340426
12710 13.0817021276596
12710 1.48936170212766
12764 9.09872340425532
12764 1.26553191489362
12764 25.7642553191489
12764 17.4297872340426
12764 13.0817021276596
12764 1.48936170212766
12765 9.09872340425532
12765 1.26553191489362
12765 25.7642553191489
12765 17.4297872340426
12765 13.0817021276596
12765 1.48936170212766
12819 9.09872340425532
12819 1.26553191489362
12819 25.7642553191489
12819 17.4297872340426
12819 13.0817021276596
12819 1.48936170212766
12766 9.09872340425532
12766 1.26553191489362
12766 25.7642553191489
12766 17.4297872340426
12766 13.0817021276596
12766 1.48936170212766
12820 9.09872340425532
12820 1.26553191489362
12820 25.7642553191489
12820 17.4297872340426
12820 13.0817021276596
12820 1.48936170212766
12767 9.09872340425532
12767 1.26553191489362
12767 25.7642553191489
12767 17.4297872340426
12767 13.0817021276596
12767 1.48936170212766
12821 9.09872340425532
12821 1.26553191489362
12821 25.7642553191489
12821 17.4297872340426
12821 13.0817021276596
12821 1.48936170212766
12768 9.09872340425532
12768 1.26553191489362
12768 25.7642553191489
12768 17.4297872340426
12768 13.0817021276596
12768 1.48936170212766
12822 9.09872340425532
12822 1.26553191489362
12822 25.7642553191489
12822 17.4297872340426
12822 13.0817021276596
12822 1.48936170212766
12769 9.09872340425532
12769 1.26553191489362
12769 25.7642553191489
12769 17.4297872340426
12769 13.0817021276596
12769 1.48936170212766
12823 9.09872340425532
12823 1.26553191489362
12823 25.7642553191489
12823 17.4297872340426
12823 13.0817021276596
12823 1.48936170212766
12770 9.09872340425532
12770 1.26553191489362
12770 25.7642553191489
12770 17.4297872340426
12770 13.0817021276596
12770 1.48936170212766
12824 9.09872340425532
12824 1.26553191489362
12824 25.7642553191489
12824 17.4297872340426
12824 13.0817021276596
12824 1.48936170212766
12771 9.09872340425532
12771 1.26553191489362
12771 25.7642553191489
12771 17.4297872340426
12771 13.0817021276596
12771 1.48936170212766
12876 9.09872340425532
12876 1.26553191489362
12876 25.7642553191489
12876 17.4297872340426
12876 13.0817021276596
12876 1.48936170212766
12825 9.09872340425532
12825 1.26553191489362
12825 25.7642553191489
12825 17.4297872340426
12825 13.0817021276596
12825 1.48936170212766
12877 9.09872340425532
12877 1.26553191489362
12877 25.7642553191489
12877 17.4297872340426
12877 13.0817021276596
12877 1.48936170212766
12826 9.09872340425532
12826 1.26553191489362
12826 25.7642553191489
12826 17.4297872340426
12826 13.0817021276596
12826 1.48936170212766
12878 9.09872340425532
12878 1.26553191489362
12878 25.7642553191489
12878 17.4297872340426
12878 13.0817021276596
12878 1.48936170212766
12827 9.09872340425532
12827 1.26553191489362
12827 25.7642553191489
12827 17.4297872340426
12827 13.0817021276596
12827 1.48936170212766
12879 9.09872340425532
12879 1.26553191489362
12879 25.7642553191489
12879 17.4297872340426
12879 13.0817021276596
12879 1.48936170212766
12828 9.09872340425532
12828 1.26553191489362
12828 25.7642553191489
12828 17.4297872340426
12828 13.0817021276596
12828 1.48936170212766
12880 9.09872340425532
12880 1.26553191489362
12880 25.7642553191489
12880 17.4297872340426
12880 13.0817021276596
12880 1.48936170212766
12829 9.09872340425532
12829 1.26553191489362
12829 25.7642553191489
12829 17.4297872340426
12829 13.0817021276596
12829 1.48936170212766
12881 9.09872340425532
12881 1.26553191489362
12881 25.7642553191489
12881 17.4297872340426
12881 13.0817021276596
12881 1.48936170212766
12830 9.09872340425532
12830 1.26553191489362
12830 25.7642553191489
12830 17.4297872340426
12830 13.0817021276596
12830 1.48936170212766
12882 9.09872340425532
12882 1.26553191489362
12882 25.7642553191489
12882 17.4297872340426
12882 13.0817021276596
12882 1.48936170212766
12831 9.09872340425532
12831 1.26553191489362
12831 25.7642553191489
12831 17.4297872340426
12831 13.0817021276596
12831 1.48936170212766
12883 9.09872340425532
12883 1.26553191489362
12883 25.7642553191489
12883 17.4297872340426
12883 13.0817021276596
12883 1.48936170212766
12884 9.09872340425532
12884 1.26553191489362
12884 25.7642553191489
12884 17.4297872340426
12884 13.0817021276596
12884 1.48936170212766
12937 9.09872340425532
12937 1.26553191489362
12937 25.7642553191489
12937 17.4297872340426
12937 13.0817021276596
12937 1.48936170212766
12885 9.09872340425532
12885 1.26553191489362
12885 25.7642553191489
12885 17.4297872340426
12885 13.0817021276596
12885 1.48936170212766
12938 9.09872340425532
12938 1.26553191489362
12938 25.7642553191489
12938 17.4297872340426
12938 13.0817021276596
12938 1.48936170212766
12886 9.09872340425532
12886 1.26553191489362
12886 25.7642553191489
12886 17.4297872340426
12886 13.0817021276596
12886 1.48936170212766
12887 9.09872340425532
12887 1.26553191489362
12887 25.7642553191489
12887 17.4297872340426
12887 13.0817021276596
12887 1.48936170212766
12940 9.09872340425532
12940 1.26553191489362
12940 25.7642553191489
12940 17.4297872340426
12940 13.0817021276596
12940 1.48936170212766
12888 9.09872340425532
12888 1.26553191489362
12888 25.7642553191489
12888 17.4297872340426
12888 13.0817021276596
12888 1.48936170212766
12941 9.09872340425532
12941 1.26553191489362
12941 25.7642553191489
12941 17.4297872340426
12941 13.0817021276596
12941 1.48936170212766
12889 9.09872340425532
12889 1.26553191489362
12889 25.7642553191489
12889 17.4297872340426
12889 13.0817021276596
12889 1.48936170212766
12942 9.09872340425532
12942 1.26553191489362
12942 25.7642553191489
12942 17.4297872340426
12942 13.0817021276596
12942 1.48936170212766
12943 9.09872340425532
12943 1.26553191489362
12943 25.7642553191489
12943 17.4297872340426
12943 13.0817021276596
12943 1.48936170212766
12944 9.09872340425532
12944 1.26553191489362
12944 25.7642553191489
12944 17.4297872340426
12944 13.0817021276596
12944 1.48936170212766
12997 9.09872340425532
12997 1.26553191489362
12997 25.7642553191489
12997 17.4297872340426
12997 13.0817021276596
12997 1.48936170212766
12945 9.09872340425532
12945 1.26553191489362
12945 25.7642553191489
12945 17.4297872340426
12945 13.0817021276596
12945 1.48936170212766
12946 9.09872340425532
12946 1.26553191489362
12946 25.7642553191489
12946 17.4297872340426
12946 13.0817021276596
12946 1.48936170212766
12947 9.09872340425532
12947 1.26553191489362
12947 25.7642553191489
12947 17.4297872340426
12947 13.0817021276596
12947 1.48936170212766
13000 9.09872340425532
13000 1.26553191489362
13000 25.7642553191489
13000 17.4297872340426
13000 13.0817021276596
13000 1.48936170212766
12948 9.09872340425532
12948 1.26553191489362
12948 25.7642553191489
12948 17.4297872340426
12948 13.0817021276596
12948 1.48936170212766
13002 9.09872340425532
13002 1.26553191489362
13002 25.7642553191489
13002 17.4297872340426
13002 13.0817021276596
13002 1.48936170212766
13003 9.09872340425532
13003 1.26553191489362
13003 25.7642553191489
13003 17.4297872340426
13003 13.0817021276596
13003 1.48936170212766
13053 9.09872340425532
13053 1.26553191489362
13053 25.7642553191489
13053 17.4297872340426
13053 13.0817021276596
13053 1.48936170212766
13004 9.09872340425532
13004 1.26553191489362
13004 25.7642553191489
13004 17.4297872340426
13004 13.0817021276596
13004 1.48936170212766
13054 9.09872340425532
13054 1.26553191489362
13054 25.7642553191489
13054 17.4297872340426
13054 13.0817021276596
13054 1.48936170212766
13005 9.09872340425532
13005 1.26553191489362
13005 25.7642553191489
13005 17.4297872340426
13005 13.0817021276596
13005 1.48936170212766
13006 9.09872340425532
13006 1.26553191489362
13006 25.7642553191489
13006 17.4297872340426
13006 13.0817021276596
13006 1.48936170212766
13056 9.09872340425532
13056 1.26553191489362
13056 25.7642553191489
13056 17.4297872340426
13056 13.0817021276596
13056 1.48936170212766
13007 9.09872340425532
13007 1.26553191489362
13007 25.7642553191489
13007 17.4297872340426
13007 13.0817021276596
13007 1.48936170212766
13057 9.09872340425532
13057 1.26553191489362
13057 25.7642553191489
13057 17.4297872340426
13057 13.0817021276596
13057 1.48936170212766
13008 9.09872340425532
13008 1.26553191489362
13008 25.7642553191489
13008 17.4297872340426
13008 13.0817021276596
13008 1.48936170212766
13059 9.09872340425532
13059 1.26553191489362
13059 25.7642553191489
13059 17.4297872340426
13059 13.0817021276596
13059 1.48936170212766
13060 9.09872340425532
13060 1.26553191489362
13060 25.7642553191489
13060 17.4297872340426
13060 13.0817021276596
13060 1.48936170212766
13113 9.09872340425532
13113 1.26553191489362
13113 25.7642553191489
13113 17.4297872340426
13113 13.0817021276596
13113 1.48936170212766
13061 9.09872340425532
13061 1.26553191489362
13061 25.7642553191489
13061 17.4297872340426
13061 13.0817021276596
13061 1.48936170212766
13114 9.09872340425532
13114 1.26553191489362
13114 25.7642553191489
13114 17.4297872340426
13114 13.0817021276596
13114 1.48936170212766
13011 9.09872340425532
13011 1.26553191489362
13011 25.7642553191489
13011 17.4297872340426
13011 13.0817021276596
13011 1.48936170212766
13062 9.09872340425532
13062 1.26553191489362
13062 25.7642553191489
13062 17.4297872340426
13062 13.0817021276596
13062 1.48936170212766
13063 9.09872340425532
13063 1.26553191489362
13063 25.7642553191489
13063 17.4297872340426
13063 13.0817021276596
13063 1.48936170212766
13116 9.09872340425532
13116 1.26553191489362
13116 25.7642553191489
13116 17.4297872340426
13116 13.0817021276596
13116 1.48936170212766
13064 9.09872340425532
13064 1.26553191489362
13064 25.7642553191489
13064 17.4297872340426
13064 13.0817021276596
13064 1.48936170212766
13117 9.09872340425532
13117 1.26553191489362
13117 25.7642553191489
13117 17.4297872340426
13117 13.0817021276596
13117 1.48936170212766
13118 9.09872340425532
13118 1.26553191489362
13118 25.7642553191489
13118 17.4297872340426
13118 13.0817021276596
13118 1.48936170212766
13119 9.09872340425532
13119 1.26553191489362
13119 25.7642553191489
13119 17.4297872340426
13119 13.0817021276596
13119 1.48936170212766
13171 9.09872340425532
13171 1.26553191489362
13171 25.7642553191489
13171 17.4297872340426
13171 13.0817021276596
13171 1.48936170212766
13120 9.09872340425532
13120 1.26553191489362
13120 25.7642553191489
13120 17.4297872340426
13120 13.0817021276596
13120 1.48936170212766
13121 9.09872340425532
13121 1.26553191489362
13121 25.7642553191489
13121 17.4297872340426
13121 13.0817021276596
13121 1.48936170212766
13068 9.09872340425532
13068 1.26553191489362
13068 25.7642553191489
13068 17.4297872340426
13068 13.0817021276596
13068 1.48936170212766
13122 9.09872340425532
13122 1.26553191489362
13122 25.7642553191489
13122 17.4297872340426
13122 13.0817021276596
13122 1.48936170212766
13174 9.09872340425532
13174 1.26553191489362
13174 25.7642553191489
13174 17.4297872340426
13174 13.0817021276596
13174 1.48936170212766
13069 9.09872340425532
13069 1.26553191489362
13069 25.7642553191489
13069 17.4297872340426
13069 13.0817021276596
13069 1.48936170212766
13123 9.09872340425532
13123 1.26553191489362
13123 25.7642553191489
13123 17.4297872340426
13123 13.0817021276596
13123 1.48936170212766
13175 9.09872340425532
13175 1.26553191489362
13175 25.7642553191489
13175 17.4297872340426
13175 13.0817021276596
13175 1.48936170212766
13124 9.09872340425532
13124 1.26553191489362
13124 25.7642553191489
13124 17.4297872340426
13124 13.0817021276596
13124 1.48936170212766
13176 9.09872340425532
13176 1.26553191489362
13176 25.7642553191489
13176 17.4297872340426
13176 13.0817021276596
13176 1.48936170212766
13177 9.09872340425532
13177 1.26553191489362
13177 25.7642553191489
13177 17.4297872340426
13177 13.0817021276596
13177 1.48936170212766
13178 9.09872340425532
13178 1.26553191489362
13178 25.7642553191489
13178 17.4297872340426
13178 13.0817021276596
13178 1.48936170212766
13230 9.09872340425532
13230 1.26553191489362
13230 25.7642553191489
13230 17.4297872340426
13230 13.0817021276596
13230 1.48936170212766
13179 9.09872340425532
13179 1.26553191489362
13179 25.7642553191489
13179 17.4297872340426
13179 13.0817021276596
13179 1.48936170212766
13180 9.09872340425532
13180 1.26553191489362
13180 25.7642553191489
13180 17.4297872340426
13180 13.0817021276596
13180 1.48936170212766
13181 9.09872340425532
13181 1.26553191489362
13181 25.7642553191489
13181 17.4297872340426
13181 13.0817021276596
13181 1.48936170212766
13233 9.09872340425532
13233 1.26553191489362
13233 25.7642553191489
13233 17.4297872340426
13233 13.0817021276596
13233 1.48936170212766
13182 9.09872340425532
13182 1.26553191489362
13182 25.7642553191489
13182 17.4297872340426
13182 13.0817021276596
13182 1.48936170212766
13234 9.09872340425532
13234 1.26553191489362
13234 25.7642553191489
13234 17.4297872340426
13234 13.0817021276596
13234 1.48936170212766
13235 9.09872340425532
13235 1.26553191489362
13235 25.7642553191489
13235 17.4297872340426
13235 13.0817021276596
13235 1.48936170212766
13236 9.09872340425532
13236 1.26553191489362
13236 25.7642553191489
13236 17.4297872340426
13236 13.0817021276596
13236 1.48936170212766
13237 9.09872340425532
13237 1.26553191489362
13237 25.7642553191489
13237 17.4297872340426
13237 13.0817021276596
13237 1.48936170212766
13238 9.09872340425532
13238 1.26553191489362
13238 25.7642553191489
13238 17.4297872340426
13238 13.0817021276596
13238 1.48936170212766
13290 9.09872340425532
13290 1.26553191489362
13290 25.7642553191489
13290 17.4297872340426
13290 13.0817021276596
13290 1.48936170212766
13239 9.09872340425532
13239 1.26553191489362
13239 25.7642553191489
13239 17.4297872340426
13239 13.0817021276596
13239 1.48936170212766
13240 9.09872340425532
13240 1.26553191489362
13240 25.7642553191489
13240 17.4297872340426
13240 13.0817021276596
13240 1.48936170212766
13292 9.09872340425532
13292 1.26553191489362
13292 25.7642553191489
13292 17.4297872340426
13292 13.0817021276596
13292 1.48936170212766
13241 9.09872340425532
13241 1.26553191489362
13241 25.7642553191489
13241 17.4297872340426
13241 13.0817021276596
13241 1.48936170212766
13293 9.09872340425532
13293 1.26553191489362
13293 25.7642553191489
13293 17.4297872340426
13293 13.0817021276596
13293 1.48936170212766
13294 9.09872340425532
13294 1.26553191489362
13294 25.7642553191489
13294 17.4297872340426
13294 13.0817021276596
13294 1.48936170212766
13295 9.09872340425532
13295 1.26553191489362
13295 25.7642553191489
13295 17.4297872340426
13295 13.0817021276596
13295 1.48936170212766
13296 9.09872340425532
13296 1.26553191489362
13296 25.7642553191489
13296 17.4297872340426
13296 13.0817021276596
13296 1.48936170212766
13297 9.09872340425532
13297 1.26553191489362
13297 25.7642553191489
13297 17.4297872340426
13297 13.0817021276596
13297 1.48936170212766
13350 9.09872340425532
13350 1.26553191489362
13350 25.7642553191489
13350 17.4297872340426
13350 13.0817021276596
13350 1.48936170212766
13298 9.09872340425532
13298 1.26553191489362
13298 25.7642553191489
13298 17.4297872340426
13298 13.0817021276596
13298 1.48936170212766
13351 9.09872340425532
13351 1.26553191489362
13351 25.7642553191489
13351 17.4297872340426
13351 13.0817021276596
13351 1.48936170212766
13245 9.09872340425532
13245 1.26553191489362
13245 25.7642553191489
13245 17.4297872340426
13245 13.0817021276596
13245 1.48936170212766
13299 9.09872340425532
13299 1.26553191489362
13299 25.7642553191489
13299 17.4297872340426
13299 13.0817021276596
13299 1.48936170212766
13352 9.09872340425532
13352 1.26553191489362
13352 25.7642553191489
13352 17.4297872340426
13352 13.0817021276596
13352 1.48936170212766
13300 9.09872340425532
13300 1.26553191489362
13300 25.7642553191489
13300 17.4297872340426
13300 13.0817021276596
13300 1.48936170212766
13353 9.09872340425532
13353 1.26553191489362
13353 25.7642553191489
13353 17.4297872340426
13353 13.0817021276596
13353 1.48936170212766
13354 9.09872340425532
13354 1.26553191489362
13354 25.7642553191489
13354 17.4297872340426
13354 13.0817021276596
13354 1.48936170212766
13355 9.09872340425532
13355 1.26553191489362
13355 25.7642553191489
13355 17.4297872340426
13355 13.0817021276596
13355 1.48936170212766
13356 9.09872340425532
13356 1.26553191489362
13356 25.7642553191489
13356 17.4297872340426
13356 13.0817021276596
13356 1.48936170212766
13357 9.09872340425532
13357 1.26553191489362
13357 25.7642553191489
13357 17.4297872340426
13357 13.0817021276596
13357 1.48936170212766
13358 9.09872340425532
13358 1.26553191489362
13358 25.7642553191489
13358 17.4297872340426
13358 13.0817021276596
13358 1.48936170212766
13410 9.09872340425532
13410 1.26553191489362
13410 25.7642553191489
13410 17.4297872340426
13410 13.0817021276596
13410 1.48936170212766
13359 9.09872340425532
13359 1.26553191489362
13359 25.7642553191489
13359 17.4297872340426
13359 13.0817021276596
13359 1.48936170212766
13411 9.09872340425532
13411 1.26553191489362
13411 25.7642553191489
13411 17.4297872340426
13411 13.0817021276596
13411 1.48936170212766
13360 9.09872340425532
13360 1.26553191489362
13360 25.7642553191489
13360 17.4297872340426
13360 13.0817021276596
13360 1.48936170212766
13412 9.09872340425532
13412 1.26553191489362
13412 25.7642553191489
13412 17.4297872340426
13412 13.0817021276596
13412 1.48936170212766
13413 9.09872340425532
13413 1.26553191489362
13413 25.7642553191489
13413 17.4297872340426
13413 13.0817021276596
13413 1.48936170212766
13414 9.09872340425532
13414 1.26553191489362
13414 25.7642553191489
13414 17.4297872340426
13414 13.0817021276596
13414 1.48936170212766
13415 9.09872340425532
13415 1.26553191489362
13415 25.7642553191489
13415 17.4297872340426
13415 13.0817021276596
13415 1.48936170212766
13416 9.09872340425532
13416 1.26553191489362
13416 25.7642553191489
13416 17.4297872340426
13416 13.0817021276596
13416 1.48936170212766
13417 9.09872340425532
13417 1.26553191489362
13417 25.7642553191489
13417 17.4297872340426
13417 13.0817021276596
13417 1.48936170212766
13471 9.09872340425532
13471 1.26553191489362
13471 25.7642553191489
13471 17.4297872340426
13471 13.0817021276596
13471 1.48936170212766
13418 9.09872340425532
13418 1.26553191489362
13418 25.7642553191489
13418 17.4297872340426
13418 13.0817021276596
13418 1.48936170212766
13472 9.09872340425532
13472 1.26553191489362
13472 25.7642553191489
13472 17.4297872340426
13472 13.0817021276596
13472 1.48936170212766
13473 9.09872340425532
13473 1.26553191489362
13473 25.7642553191489
13473 17.4297872340426
13473 13.0817021276596
13473 1.48936170212766
13474 9.09872340425532
13474 1.26553191489362
13474 25.7642553191489
13474 17.4297872340426
13474 13.0817021276596
13474 1.48936170212766
13475 9.09872340425532
13475 1.26553191489362
13475 25.7642553191489
13475 17.4297872340426
13475 13.0817021276596
13475 1.48936170212766
13476 9.09872340425532
13476 1.26553191489362
13476 25.7642553191489
13476 17.4297872340426
13476 13.0817021276596
13476 1.48936170212766
13477 9.09872340425532
13477 1.26553191489362
13477 25.7642553191489
13477 17.4297872340426
13477 13.0817021276596
13477 1.48936170212766
13478 9.09872340425532
13478 1.26553191489362
13478 25.7642553191489
13478 17.4297872340426
13478 13.0817021276596
13478 1.48936170212766
13527 9.09872340425532
13527 1.26553191489362
13527 25.7642553191489
13527 17.4297872340426
13527 13.0817021276596
13527 1.48936170212766
13479 9.09872340425532
13479 1.26553191489362
13479 25.7642553191489
13479 17.4297872340426
13479 13.0817021276596
13479 1.48936170212766
13528 9.09872340425532
13528 1.26553191489362
13528 25.7642553191489
13528 17.4297872340426
13528 13.0817021276596
13528 1.48936170212766
13529 9.09872340425532
13529 1.26553191489362
13529 25.7642553191489
13529 17.4297872340426
13529 13.0817021276596
13529 1.48936170212766
13530 9.09872340425532
13530 1.26553191489362
13530 25.7642553191489
13530 17.4297872340426
13530 13.0817021276596
13530 1.48936170212766
13531 9.09872340425532
13531 1.26553191489362
13531 25.7642553191489
13531 17.4297872340426
13531 13.0817021276596
13531 1.48936170212766
13532 9.09872340425532
13532 1.26553191489362
13532 25.7642553191489
13532 17.4297872340426
13532 13.0817021276596
13532 1.48936170212766
13533 9.09872340425532
13533 1.26553191489362
13533 25.7642553191489
13533 17.4297872340426
13533 13.0817021276596
13533 1.48936170212766
13584 9.09872340425532
13584 1.26553191489362
13584 25.7642553191489
13584 17.4297872340426
13584 13.0817021276596
13584 1.48936170212766
13534 9.09872340425532
13534 1.26553191489362
13534 25.7642553191489
13534 17.4297872340426
13534 13.0817021276596
13534 1.48936170212766
13535 9.09872340425532
13535 1.26553191489362
13535 25.7642553191489
13535 17.4297872340426
13535 13.0817021276596
13535 1.48936170212766
13586 9.09872340425532
13586 1.26553191489362
13586 25.7642553191489
13586 17.4297872340426
13586 13.0817021276596
13586 1.48936170212766
13587 9.09872340425532
13587 1.26553191489362
13587 25.7642553191489
13587 17.4297872340426
13587 13.0817021276596
13587 1.48936170212766
13588 9.09872340425532
13588 1.26553191489362
13588 25.7642553191489
13588 17.4297872340426
13588 13.0817021276596
13588 1.48936170212766
13589 9.09872340425532
13589 1.26553191489362
13589 25.7642553191489
13589 17.4297872340426
13589 13.0817021276596
13589 1.48936170212766
13590 9.09872340425532
13590 1.26553191489362
13590 25.7642553191489
13590 17.4297872340426
13590 13.0817021276596
13590 1.48936170212766
13591 9.09872340425532
13591 1.26553191489362
13591 25.7642553191489
13591 17.4297872340426
13591 13.0817021276596
13591 1.48936170212766
13641 9.09872340425532
13641 1.26553191489362
13641 25.7642553191489
13641 17.4297872340426
13641 13.0817021276596
13641 1.48936170212766
13592 9.09872340425532
13592 1.26553191489362
13592 25.7642553191489
13592 17.4297872340426
13592 13.0817021276596
13592 1.48936170212766
13642 9.09872340425532
13642 1.26553191489362
13642 25.7642553191489
13642 17.4297872340426
13642 13.0817021276596
13642 1.48936170212766
13593 9.09872340425532
13593 1.26553191489362
13593 25.7642553191489
13593 17.4297872340426
13593 13.0817021276596
13593 1.48936170212766
13643 9.09872340425532
13643 1.26553191489362
13643 25.7642553191489
13643 17.4297872340426
13643 13.0817021276596
13643 1.48936170212766
13644 9.09872340425532
13644 1.26553191489362
13644 25.7642553191489
13644 17.4297872340426
13644 13.0817021276596
13644 1.48936170212766
13645 9.09872340425532
13645 1.26553191489362
13645 25.7642553191489
13645 17.4297872340426
13645 13.0817021276596
13645 1.48936170212766
13646 9.09872340425532
13646 1.26553191489362
13646 25.7642553191489
13646 17.4297872340426
13646 13.0817021276596
13646 1.48936170212766
13647 9.09872340425532
13647 1.26553191489362
13647 25.7642553191489
13647 17.4297872340426
13647 13.0817021276596
13647 1.48936170212766
13648 9.09872340425532
13648 1.26553191489362
13648 25.7642553191489
13648 17.4297872340426
13648 13.0817021276596
13648 1.48936170212766
13649 9.09872340425532
13649 1.26553191489362
13649 25.7642553191489
13649 17.4297872340426
13649 13.0817021276596
13649 1.48936170212766
13701 9.09872340425532
13701 1.26553191489362
13701 25.7642553191489
13701 17.4297872340426
13701 13.0817021276596
13701 1.48936170212766
13702 9.09872340425532
13702 1.26553191489362
13702 25.7642553191489
13702 17.4297872340426
13702 13.0817021276596
13702 1.48936170212766
13703 9.09872340425532
13703 1.26553191489362
13703 25.7642553191489
13703 17.4297872340426
13703 13.0817021276596
13703 1.48936170212766
13704 9.09872340425532
13704 1.26553191489362
13704 25.7642553191489
13704 17.4297872340426
13704 13.0817021276596
13704 1.48936170212766
13705 9.09872340425532
13705 1.26553191489362
13705 25.7642553191489
13705 17.4297872340426
13705 13.0817021276596
13705 1.48936170212766
13706 9.09872340425532
13706 1.26553191489362
13706 25.7642553191489
13706 17.4297872340426
13706 13.0817021276596
13706 1.48936170212766
13707 9.09872340425532
13707 1.26553191489362
13707 25.7642553191489
13707 17.4297872340426
13707 13.0817021276596
13707 1.48936170212766
13760 9.09872340425532
13760 1.26553191489362
13760 25.7642553191489
13760 17.4297872340426
13760 13.0817021276596
13760 1.48936170212766
13708 9.09872340425532
13708 1.26553191489362
13708 25.7642553191489
13708 17.4297872340426
13708 13.0817021276596
13708 1.48936170212766
13761 9.09872340425532
13761 1.26553191489362
13761 25.7642553191489
13761 17.4297872340426
13761 13.0817021276596
13761 1.48936170212766
13762 9.09872340425532
13762 1.26553191489362
13762 25.7642553191489
13762 17.4297872340426
13762 13.0817021276596
13762 1.48936170212766
13763 9.09872340425532
13763 1.26553191489362
13763 25.7642553191489
13763 17.4297872340426
13763 13.0817021276596
13763 1.48936170212766
13764 9.09872340425532
13764 1.26553191489362
13764 25.7642553191489
13764 17.4297872340426
13764 13.0817021276596
13764 1.48936170212766
13765 9.09872340425532
13765 1.26553191489362
13765 25.7642553191489
13765 17.4297872340426
13765 13.0817021276596
13765 1.48936170212766
13766 9.09872340425532
13766 1.26553191489362
13766 25.7642553191489
13766 17.4297872340426
13766 13.0817021276596
13766 1.48936170212766
13818 9.09872340425532
13818 1.26553191489362
13818 25.7642553191489
13818 17.4297872340426
13818 13.0817021276596
13818 1.48936170212766
13767 9.09872340425532
13767 1.26553191489362
13767 25.7642553191489
13767 17.4297872340426
13767 13.0817021276596
13767 1.48936170212766
13819 9.09872340425532
13819 1.26553191489362
13819 25.7642553191489
13819 17.4297872340426
13819 13.0817021276596
13819 1.48936170212766
13768 9.09872340425532
13768 1.26553191489362
13768 25.7642553191489
13768 17.4297872340426
13768 13.0817021276596
13768 1.48936170212766
13820 9.09872340425532
13820 1.26553191489362
13820 25.7642553191489
13820 17.4297872340426
13820 13.0817021276596
13820 1.48936170212766
13821 9.09872340425532
13821 1.26553191489362
13821 25.7642553191489
13821 17.4297872340426
13821 13.0817021276596
13821 1.48936170212766
13822 9.09872340425532
13822 1.26553191489362
13822 25.7642553191489
13822 17.4297872340426
13822 13.0817021276596
13822 1.48936170212766
13823 9.09872340425532
13823 1.26553191489362
13823 25.7642553191489
13823 17.4297872340426
13823 13.0817021276596
13823 1.48936170212766
13824 9.09872340425532
13824 1.26553191489362
13824 25.7642553191489
13824 17.4297872340426
13824 13.0817021276596
13824 1.48936170212766
13878 9.09872340425532
13878 1.26553191489362
13878 25.7642553191489
13878 17.4297872340426
13878 13.0817021276596
13878 1.48936170212766
13825 9.09872340425532
13825 1.26553191489362
13825 25.7642553191489
13825 17.4297872340426
13825 13.0817021276596
13825 1.48936170212766
13826 9.09872340425532
13826 1.26553191489362
13826 25.7642553191489
13826 17.4297872340426
13826 13.0817021276596
13826 1.48936170212766
13879 9.09872340425532
13879 1.26553191489362
13879 25.7642553191489
13879 17.4297872340426
13879 13.0817021276596
13879 1.48936170212766
13827 9.09872340425532
13827 1.26553191489362
13827 25.7642553191489
13827 17.4297872340426
13827 13.0817021276596
13827 1.48936170212766
13880 9.09872340425532
13880 1.26553191489362
13880 25.7642553191489
13880 17.4297872340426
13880 13.0817021276596
13880 1.48936170212766
13881 9.09872340425532
13881 1.26553191489362
13881 25.7642553191489
13881 17.4297872340426
13881 13.0817021276596
13881 1.48936170212766
13882 9.09872340425532
13882 1.26553191489362
13882 25.7642553191489
13882 17.4297872340426
13882 13.0817021276596
13882 1.48936170212766
13883 9.09872340425532
13883 1.26553191489362
13883 25.7642553191489
13883 17.4297872340426
13883 13.0817021276596
13883 1.48936170212766
13884 9.09872340425532
13884 1.26553191489362
13884 25.7642553191489
13884 17.4297872340426
13884 13.0817021276596
13884 1.48936170212766
13885 9.09872340425532
13885 1.26553191489362
13885 25.7642553191489
13885 17.4297872340426
13885 13.0817021276596
13885 1.48936170212766
13936 9.09872340425532
13936 1.26553191489362
13936 25.7642553191489
13936 17.4297872340426
13936 13.0817021276596
13936 1.48936170212766
13886 9.09872340425532
13886 1.26553191489362
13886 25.7642553191489
13886 17.4297872340426
13886 13.0817021276596
13886 1.48936170212766
13937 9.09872340425532
13937 1.26553191489362
13937 25.7642553191489
13937 17.4297872340426
13937 13.0817021276596
13937 1.48936170212766
13887 9.09872340425532
13887 1.26553191489362
13887 25.7642553191489
13887 17.4297872340426
13887 13.0817021276596
13887 1.48936170212766
13938 9.09872340425532
13938 1.26553191489362
13938 25.7642553191489
13938 17.4297872340426
13938 13.0817021276596
13938 1.48936170212766
13939 9.09872340425532
13939 1.26553191489362
13939 25.7642553191489
13939 17.4297872340426
13939 13.0817021276596
13939 1.48936170212766
13940 9.09872340425532
13940 1.26553191489362
13940 25.7642553191489
13940 17.4297872340426
13940 13.0817021276596
13940 1.48936170212766
13941 9.09872340425532
13941 1.26553191489362
13941 25.7642553191489
13941 17.4297872340426
13941 13.0817021276596
13941 1.48936170212766
14051 9.09872340425532
14051 1.26553191489362
14051 25.7642553191489
14051 17.4297872340426
14051 13.0817021276596
14051 1.48936170212766
13942 9.09872340425532
13942 1.26553191489362
13942 25.7642553191489
13942 17.4297872340426
13942 13.0817021276596
13942 1.48936170212766
13943 9.09872340425532
13943 1.26553191489362
13943 25.7642553191489
13943 17.4297872340426
13943 13.0817021276596
13943 1.48936170212766
13997 9.09872340425532
13997 1.26553191489362
13997 25.7642553191489
13997 17.4297872340426
13997 13.0817021276596
13997 1.48936170212766
13944 9.09872340425532
13944 1.26553191489362
13944 25.7642553191489
13944 17.4297872340426
13944 13.0817021276596
13944 1.48936170212766
13998 9.09872340425532
13998 1.26553191489362
13998 25.7642553191489
13998 17.4297872340426
13998 13.0817021276596
13998 1.48936170212766
13999 9.09872340425532
13999 1.26553191489362
13999 25.7642553191489
13999 17.4297872340426
13999 13.0817021276596
13999 1.48936170212766
14000 9.09872340425532
14000 1.26553191489362
14000 25.7642553191489
14000 17.4297872340426
14000 13.0817021276596
14000 1.48936170212766
14001 9.09872340425532
14001 1.26553191489362
14001 25.7642553191489
14001 17.4297872340426
14001 13.0817021276596
14001 1.48936170212766
14002 9.09872340425532
14002 1.26553191489362
14002 25.7642553191489
14002 17.4297872340426
14002 13.0817021276596
14002 1.48936170212766
14058 9.09872340425532
14058 1.26553191489362
14058 25.7642553191489
14058 17.4297872340426
14058 13.0817021276596
14058 1.48936170212766
14003 9.09872340425532
14003 1.26553191489362
14003 25.7642553191489
14003 17.4297872340426
14003 13.0817021276596
14003 1.48936170212766
14059 9.09872340425532
14059 1.26553191489362
14059 25.7642553191489
14059 17.4297872340426
14059 13.0817021276596
14059 1.48936170212766
14004 9.09872340425532
14004 1.26553191489362
14004 25.7642553191489
14004 17.4297872340426
14004 13.0817021276596
14004 1.48936170212766
14060 9.09872340425532
14060 1.26553191489362
14060 25.7642553191489
14060 17.4297872340426
14060 13.0817021276596
14060 1.48936170212766
14005 9.09872340425532
14005 1.26553191489362
14005 25.7642553191489
14005 17.4297872340426
14005 13.0817021276596
14005 1.48936170212766
14061 9.09872340425532
14061 1.26553191489362
14061 25.7642553191489
14061 17.4297872340426
14061 13.0817021276596
14061 1.48936170212766
14062 9.09872340425532
14062 1.26553191489362
14062 25.7642553191489
14062 17.4297872340426
14062 13.0817021276596
14062 1.48936170212766
14063 9.09872340425532
14063 1.26553191489362
14063 25.7642553191489
14063 17.4297872340426
14063 13.0817021276596
14063 1.48936170212766
14064 9.09872340425532
14064 1.26553191489362
14064 25.7642553191489
14064 17.4297872340426
14064 13.0817021276596
14064 1.48936170212766
14065 9.09872340425532
14065 1.26553191489362
14065 25.7642553191489
14065 17.4297872340426
14065 13.0817021276596
14065 1.48936170212766
14120 9.09872340425532
14120 1.26553191489362
14120 25.7642553191489
14120 17.4297872340426
14120 13.0817021276596
14120 1.48936170212766
14066 9.09872340425532
14066 1.26553191489362
14066 25.7642553191489
14066 17.4297872340426
14066 13.0817021276596
14066 1.48936170212766
14121 9.09872340425532
14121 1.26553191489362
14121 25.7642553191489
14121 17.4297872340426
14121 13.0817021276596
14121 1.48936170212766
14122 9.09872340425532
14122 1.26553191489362
14122 25.7642553191489
14122 17.4297872340426
14122 13.0817021276596
14122 1.48936170212766
14123 9.09872340425532
14123 1.26553191489362
14123 25.7642553191489
14123 17.4297872340426
14123 13.0817021276596
14123 1.48936170212766
14124 9.09872340425532
14124 1.26553191489362
14124 25.7642553191489
14124 17.4297872340426
14124 13.0817021276596
14124 1.48936170212766
14125 9.09872340425532
14125 1.26553191489362
14125 25.7642553191489
14125 17.4297872340426
14125 13.0817021276596
14125 1.48936170212766
14126 9.09872340425532
14126 1.26553191489362
14126 25.7642553191489
14126 17.4297872340426
14126 13.0817021276596
14126 1.48936170212766
14127 9.09872340425532
14127 1.26553191489362
14127 25.7642553191489
14127 17.4297872340426
14127 13.0817021276596
14127 1.48936170212766
14128 9.09872340425532
14128 1.26553191489362
14128 25.7642553191489
14128 17.4297872340426
14128 13.0817021276596
14128 1.48936170212766
14184 9.09872340425532
14184 1.26553191489362
14184 25.7642553191489
14184 17.4297872340426
14184 13.0817021276596
14184 1.48936170212766
14185 9.09872340425532
14185 1.26553191489362
14185 25.7642553191489
14185 17.4297872340426
14185 13.0817021276596
14185 1.48936170212766
14073 9.09872340425532
14073 1.26553191489362
14073 25.7642553191489
14073 17.4297872340426
14073 13.0817021276596
14073 1.48936170212766
14186 9.09872340425532
14186 1.26553191489362
14186 25.7642553191489
14186 17.4297872340426
14186 13.0817021276596
14186 1.48936170212766
14245 9.09872340425532
14245 1.26553191489362
14245 25.7642553191489
14245 17.4297872340426
14245 13.0817021276596
14245 1.48936170212766
14187 9.09872340425532
14187 1.26553191489362
14187 25.7642553191489
14187 17.4297872340426
14187 13.0817021276596
14187 1.48936170212766
14188 9.09872340425532
14188 1.26553191489362
14188 25.7642553191489
14188 17.4297872340426
14188 13.0817021276596
14188 1.48936170212766
14189 9.09872340425532
14189 1.26553191489362
14189 25.7642553191489
14189 17.4297872340426
14189 13.0817021276596
14189 1.48936170212766
14248 9.09872340425532
14248 1.26553191489362
14248 25.7642553191489
14248 17.4297872340426
14248 13.0817021276596
14248 1.48936170212766
14190 9.09872340425532
14190 1.26553191489362
14190 25.7642553191489
14190 17.4297872340426
14190 13.0817021276596
14190 1.48936170212766
14250 9.09872340425532
14250 1.26553191489362
14250 25.7642553191489
14250 17.4297872340426
14250 13.0817021276596
14250 1.48936170212766
14133 9.09872340425532
14133 1.26553191489362
14133 25.7642553191489
14133 17.4297872340426
14133 13.0817021276596
14133 1.48936170212766
14251 9.09872340425532
14251 1.26553191489362
14251 25.7642553191489
14251 17.4297872340426
14251 13.0817021276596
14251 1.48936170212766
14252 9.09872340425532
14252 1.26553191489362
14252 25.7642553191489
14252 17.4297872340426
14252 13.0817021276596
14252 1.48936170212766
14253 9.09872340425532
14253 1.26553191489362
14253 25.7642553191489
14253 17.4297872340426
14253 13.0817021276596
14253 1.48936170212766
14314 9.09872340425532
14314 1.26553191489362
14314 25.7642553191489
14314 17.4297872340426
14314 13.0817021276596
14314 1.48936170212766
14254 9.09872340425532
14254 1.26553191489362
14254 25.7642553191489
14254 17.4297872340426
14254 13.0817021276596
14254 1.48936170212766
14315 9.09872340425532
14315 1.26553191489362
14315 25.7642553191489
14315 17.4297872340426
14315 13.0817021276596
14315 1.48936170212766
14255 9.09872340425532
14255 1.26553191489362
14255 25.7642553191489
14255 17.4297872340426
14255 13.0817021276596
14255 1.48936170212766
14197 9.09872340425532
14197 1.26553191489362
14197 25.7642553191489
14197 17.4297872340426
14197 13.0817021276596
14197 1.48936170212766
14316 9.09872340425532
14316 1.26553191489362
14316 25.7642553191489
14316 17.4297872340426
14316 13.0817021276596
14316 1.48936170212766
14256 9.09872340425532
14256 1.26553191489362
14256 25.7642553191489
14256 17.4297872340426
14256 13.0817021276596
14256 1.48936170212766
14198 9.09872340425532
14198 1.26553191489362
14198 25.7642553191489
14198 17.4297872340426
14198 13.0817021276596
14198 1.48936170212766
14317 9.09872340425532
14317 1.26553191489362
14317 25.7642553191489
14317 17.4297872340426
14317 13.0817021276596
14317 1.48936170212766
14257 9.09872340425532
14257 1.26553191489362
14257 25.7642553191489
14257 17.4297872340426
14257 13.0817021276596
14257 1.48936170212766
14318 9.09872340425532
14318 1.26553191489362
14318 25.7642553191489
14318 17.4297872340426
14318 13.0817021276596
14318 1.48936170212766
14319 9.09872340425532
14319 1.26553191489362
14319 25.7642553191489
14319 17.4297872340426
14319 13.0817021276596
14319 1.48936170212766
14320 9.09872340425532
14320 1.26553191489362
14320 25.7642553191489
14320 17.4297872340426
14320 13.0817021276596
14320 1.48936170212766
14321 9.09872340425532
14321 1.26553191489362
14321 25.7642553191489
14321 17.4297872340426
14321 13.0817021276596
14321 1.48936170212766
14262 9.09872340425532
14262 1.26553191489362
14262 25.7642553191489
14262 17.4297872340426
14262 13.0817021276596
14262 1.48936170212766
14322 9.09872340425532
14322 1.26553191489362
14322 25.7642553191489
14322 17.4297872340426
14322 13.0817021276596
14322 1.48936170212766
14263 9.09872340425532
14263 1.26553191489362
14263 25.7642553191489
14263 17.4297872340426
14263 13.0817021276596
14263 1.48936170212766
14386 9.09872340425532
14386 1.26553191489362
14386 25.7642553191489
14386 17.4297872340426
14386 13.0817021276596
14386 1.48936170212766
14323 9.09872340425532
14323 1.26553191489362
14323 25.7642553191489
14323 17.4297872340426
14323 13.0817021276596
14323 1.48936170212766
14264 9.09872340425532
14264 1.26553191489362
14264 25.7642553191489
14264 17.4297872340426
14264 13.0817021276596
14264 1.48936170212766
14387 9.09872340425532
14387 1.26553191489362
14387 25.7642553191489
14387 17.4297872340426
14387 13.0817021276596
14387 1.48936170212766
14388 9.09872340425532
14388 1.26553191489362
14388 25.7642553191489
14388 17.4297872340426
14388 13.0817021276596
14388 1.48936170212766
14389 9.09872340425532
14389 1.26553191489362
14389 25.7642553191489
14389 17.4297872340426
14389 13.0817021276596
14389 1.48936170212766
14390 9.09872340425532
14390 1.26553191489362
14390 25.7642553191489
14390 17.4297872340426
14390 13.0817021276596
14390 1.48936170212766
14327 9.09872340425532
14327 1.26553191489362
14327 25.7642553191489
14327 17.4297872340426
14327 13.0817021276596
14327 1.48936170212766
14391 9.09872340425532
14391 1.26553191489362
14391 25.7642553191489
14391 17.4297872340426
14391 13.0817021276596
14391 1.48936170212766
14328 9.09872340425532
14328 1.26553191489362
14328 25.7642553191489
14328 17.4297872340426
14328 13.0817021276596
14328 1.48936170212766
14455 9.09872340425532
14455 1.26553191489362
14455 25.7642553191489
14455 17.4297872340426
14455 13.0817021276596
14455 1.48936170212766
14392 9.09872340425532
14392 1.26553191489362
14392 25.7642553191489
14392 17.4297872340426
14392 13.0817021276596
14392 1.48936170212766
14329 9.09872340425532
14329 1.26553191489362
14329 25.7642553191489
14329 17.4297872340426
14329 13.0817021276596
14329 1.48936170212766
14456 9.09872340425532
14456 1.26553191489362
14456 25.7642553191489
14456 17.4297872340426
14456 13.0817021276596
14456 1.48936170212766
14330 9.09872340425532
14330 1.26553191489362
14330 25.7642553191489
14330 17.4297872340426
14330 13.0817021276596
14330 1.48936170212766
14457 9.09872340425532
14457 1.26553191489362
14457 25.7642553191489
14457 17.4297872340426
14457 13.0817021276596
14457 1.48936170212766
14331 9.09872340425532
14331 1.26553191489362
14331 25.7642553191489
14331 17.4297872340426
14331 13.0817021276596
14331 1.48936170212766
14458 9.09872340425532
14458 1.26553191489362
14458 25.7642553191489
14458 17.4297872340426
14458 13.0817021276596
14458 1.48936170212766
14459 9.09872340425532
14459 1.26553191489362
14459 25.7642553191489
14459 17.4297872340426
14459 13.0817021276596
14459 1.48936170212766
14460 9.09872340425532
14460 1.26553191489362
14460 25.7642553191489
14460 17.4297872340426
14460 13.0817021276596
14460 1.48936170212766
14461 9.09872340425532
14461 1.26553191489362
14461 25.7642553191489
14461 17.4297872340426
14461 13.0817021276596
14461 1.48936170212766
14530 9.09872340425532
14530 1.26553191489362
14530 25.7642553191489
14530 17.4297872340426
14530 13.0817021276596
14530 1.48936170212766
14398 9.09872340425532
14398 1.26553191489362
14398 25.7642553191489
14398 17.4297872340426
14398 13.0817021276596
14398 1.48936170212766
14462 9.09872340425532
14462 1.26553191489362
14462 25.7642553191489
14462 17.4297872340426
14462 13.0817021276596
14462 1.48936170212766
14399 9.09872340425532
14399 1.26553191489362
14399 25.7642553191489
14399 17.4297872340426
14399 13.0817021276596
14399 1.48936170212766
14531 9.09872340425532
14531 1.26553191489362
14531 25.7642553191489
14531 17.4297872340426
14531 13.0817021276596
14531 1.48936170212766
14400 9.09872340425532
14400 1.26553191489362
14400 25.7642553191489
14400 17.4297872340426
14400 13.0817021276596
14400 1.48936170212766
14532 9.09872340425532
14532 1.26553191489362
14532 25.7642553191489
14532 17.4297872340426
14532 13.0817021276596
14532 1.48936170212766
14401 9.09872340425532
14401 1.26553191489362
14401 25.7642553191489
14401 17.4297872340426
14401 13.0817021276596
14401 1.48936170212766
14533 9.09872340425532
14533 1.26553191489362
14533 25.7642553191489
14533 17.4297872340426
14533 13.0817021276596
14533 1.48936170212766
14534 9.09872340425532
14534 1.26553191489362
14534 25.7642553191489
14534 17.4297872340426
14534 13.0817021276596
14534 1.48936170212766
14535 9.09872340425532
14535 1.26553191489362
14535 25.7642553191489
14535 17.4297872340426
14535 13.0817021276596
14535 1.48936170212766
14536 9.09872340425532
14536 1.26553191489362
14536 25.7642553191489
14536 17.4297872340426
14536 13.0817021276596
14536 1.48936170212766
14602 9.09872340425532
14602 1.26553191489362
14602 25.7642553191489
14602 17.4297872340426
14602 13.0817021276596
14602 1.48936170212766
14468 9.09872340425532
14468 1.26553191489362
14468 25.7642553191489
14468 17.4297872340426
14468 13.0817021276596
14468 1.48936170212766
14537 9.09872340425532
14537 1.26553191489362
14537 25.7642553191489
14537 17.4297872340426
14537 13.0817021276596
14537 1.48936170212766
14603 9.09872340425532
14603 1.26553191489362
14603 25.7642553191489
14603 17.4297872340426
14603 13.0817021276596
14603 1.48936170212766
14470 9.09872340425532
14470 1.26553191489362
14470 25.7642553191489
14470 17.4297872340426
14470 13.0817021276596
14470 1.48936170212766
14604 9.09872340425532
14604 1.26553191489362
14604 25.7642553191489
14604 17.4297872340426
14604 13.0817021276596
14604 1.48936170212766
14471 9.09872340425532
14471 1.26553191489362
14471 25.7642553191489
14471 17.4297872340426
14471 13.0817021276596
14471 1.48936170212766
14605 9.09872340425532
14605 1.26553191489362
14605 25.7642553191489
14605 17.4297872340426
14605 13.0817021276596
14605 1.48936170212766
14606 9.09872340425532
14606 1.26553191489362
14606 25.7642553191489
14606 17.4297872340426
14606 13.0817021276596
14606 1.48936170212766
14607 9.09872340425532
14607 1.26553191489362
14607 25.7642553191489
14607 17.4297872340426
14607 13.0817021276596
14607 1.48936170212766
14608 9.09872340425532
14608 1.26553191489362
14608 25.7642553191489
14608 17.4297872340426
14608 13.0817021276596
14608 1.48936170212766
14543 9.09872340425532
14543 1.26553191489362
14543 25.7642553191489
14543 17.4297872340426
14543 13.0817021276596
14543 1.48936170212766
14673 9.09872340425532
14673 1.26553191489362
14673 25.7642553191489
14673 17.4297872340426
14673 13.0817021276596
14673 1.48936170212766
14544 9.09872340425532
14544 1.26553191489362
14544 25.7642553191489
14544 17.4297872340426
14544 13.0817021276596
14544 1.48936170212766
14674 9.09872340425532
14674 1.26553191489362
14674 25.7642553191489
14674 17.4297872340426
14674 13.0817021276596
14674 1.48936170212766
14545 9.09872340425532
14545 1.26553191489362
14545 25.7642553191489
14545 17.4297872340426
14545 13.0817021276596
14545 1.48936170212766
14675 9.09872340425532
14675 1.26553191489362
14675 25.7642553191489
14675 17.4297872340426
14675 13.0817021276596
14675 1.48936170212766
14676 9.09872340425532
14676 1.26553191489362
14676 25.7642553191489
14676 17.4297872340426
14676 13.0817021276596
14676 1.48936170212766
14677 9.09872340425532
14677 1.26553191489362
14677 25.7642553191489
14677 17.4297872340426
14677 13.0817021276596
14677 1.48936170212766
14678 9.09872340425532
14678 1.26553191489362
14678 25.7642553191489
14678 17.4297872340426
14678 13.0817021276596
14678 1.48936170212766
14679 9.09872340425532
14679 1.26553191489362
14679 25.7642553191489
14679 17.4297872340426
14679 13.0817021276596
14679 1.48936170212766
14742 9.09872340425532
14742 1.26553191489362
14742 25.7642553191489
14742 17.4297872340426
14742 13.0817021276596
14742 1.48936170212766
14616 9.09872340425532
14616 1.26553191489362
14616 25.7642553191489
14616 17.4297872340426
14616 13.0817021276596
14616 1.48936170212766
14743 9.09872340425532
14743 1.26553191489362
14743 25.7642553191489
14743 17.4297872340426
14743 13.0817021276596
14743 1.48936170212766
14617 9.09872340425532
14617 1.26553191489362
14617 25.7642553191489
14617 17.4297872340426
14617 13.0817021276596
14617 1.48936170212766
14744 9.09872340425532
14744 1.26553191489362
14744 25.7642553191489
14744 17.4297872340426
14744 13.0817021276596
14744 1.48936170212766
14745 9.09872340425532
14745 1.26553191489362
14745 25.7642553191489
14745 17.4297872340426
14745 13.0817021276596
14745 1.48936170212766
14746 9.09872340425532
14746 1.26553191489362
14746 25.7642553191489
14746 17.4297872340426
14746 13.0817021276596
14746 1.48936170212766
14747 9.09872340425532
14747 1.26553191489362
14747 25.7642553191489
14747 17.4297872340426
14747 13.0817021276596
14747 1.48936170212766
14685 9.09872340425532
14685 1.26553191489362
14685 25.7642553191489
14685 17.4297872340426
14685 13.0817021276596
14685 1.48936170212766
14813 9.09872340425532
14813 1.26553191489362
14813 25.7642553191489
14813 17.4297872340426
14813 13.0817021276596
14813 1.48936170212766
14814 9.09872340425532
14814 1.26553191489362
14814 25.7642553191489
14814 17.4297872340426
14814 13.0817021276596
14814 1.48936170212766
14815 9.09872340425532
14815 1.26553191489362
14815 25.7642553191489
14815 17.4297872340426
14815 13.0817021276596
14815 1.48936170212766
14688 9.09872340425532
14688 1.26553191489362
14688 25.7642553191489
14688 17.4297872340426
14688 13.0817021276596
14688 1.48936170212766
14816 9.09872340425532
14816 1.26553191489362
14816 25.7642553191489
14816 17.4297872340426
14816 13.0817021276596
14816 1.48936170212766
14817 9.09872340425532
14817 1.26553191489362
14817 25.7642553191489
14817 17.4297872340426
14817 13.0817021276596
14817 1.48936170212766
14884 9.09872340425532
14884 1.26553191489362
14884 25.7642553191489
14884 17.4297872340426
14884 13.0817021276596
14884 1.48936170212766
14755 9.09872340425532
14755 1.26553191489362
14755 25.7642553191489
14755 17.4297872340426
14755 13.0817021276596
14755 1.48936170212766
14885 9.09872340425532
14885 1.26553191489362
14885 25.7642553191489
14885 17.4297872340426
14885 13.0817021276596
14885 1.48936170212766
14756 9.09872340425532
14756 1.26553191489362
14756 25.7642553191489
14756 17.4297872340426
14756 13.0817021276596
14756 1.48936170212766
14887 9.09872340425532
14887 1.26553191489362
14887 25.7642553191489
14887 17.4297872340426
14887 13.0817021276596
14887 1.48936170212766
14888 9.09872340425532
14888 1.26553191489362
14888 25.7642553191489
14888 17.4297872340426
14888 13.0817021276596
14888 1.48936170212766
14956 9.09872340425532
14956 1.26553191489362
14956 25.7642553191489
14956 17.4297872340426
14956 13.0817021276596
14956 1.48936170212766
14827 9.09872340425532
14827 1.26553191489362
14827 25.7642553191489
14827 17.4297872340426
14827 13.0817021276596
14827 1.48936170212766
14957 9.09872340425532
14957 1.26553191489362
14957 25.7642553191489
14957 17.4297872340426
14957 13.0817021276596
14957 1.48936170212766
14958 9.09872340425532
14958 1.26553191489362
14958 25.7642553191489
14958 17.4297872340426
14958 13.0817021276596
14958 1.48936170212766
14959 9.09872340425532
14959 1.26553191489362
14959 25.7642553191489
14959 17.4297872340426
14959 13.0817021276596
14959 1.48936170212766
14960 9.09872340425532
14960 1.26553191489362
14960 25.7642553191489
14960 17.4297872340426
14960 13.0817021276596
14960 1.48936170212766
15028 9.09872340425532
15028 1.26553191489362
15028 25.7642553191489
15028 17.4297872340426
15028 13.0817021276596
15028 1.48936170212766
15029 9.09872340425532
15029 1.26553191489362
15029 25.7642553191489
15029 17.4297872340426
15029 13.0817021276596
15029 1.48936170212766
15030 9.09872340425532
15030 1.26553191489362
15030 25.7642553191489
15030 17.4297872340426
15030 13.0817021276596
15030 1.48936170212766
15031 9.09872340425532
15031 1.26553191489362
15031 25.7642553191489
15031 17.4297872340426
15031 13.0817021276596
15031 1.48936170212766
15032 9.09872340425532
15032 1.26553191489362
15032 25.7642553191489
15032 17.4297872340426
15032 13.0817021276596
15032 1.48936170212766
15100 9.09872340425532
15100 1.26553191489362
15100 25.7642553191489
15100 17.4297872340426
15100 13.0817021276596
15100 1.48936170212766
15101 9.09872340425532
15101 1.26553191489362
15101 25.7642553191489
15101 17.4297872340426
15101 13.0817021276596
15101 1.48936170212766
15102 9.09872340425532
15102 1.26553191489362
15102 25.7642553191489
15102 17.4297872340426
15102 13.0817021276596
15102 1.48936170212766
15039 9.09872340425532
15039 1.26553191489362
15039 25.7642553191489
15039 17.4297872340426
15039 13.0817021276596
15039 1.48936170212766
15172 9.09872340425532
15172 1.26553191489362
15172 25.7642553191489
15172 17.4297872340426
15172 13.0817021276596
15172 1.48936170212766
15173 9.09872340425532
15173 1.26553191489362
15173 25.7642553191489
15173 17.4297872340426
15173 13.0817021276596
15173 1.48936170212766
15108 9.09872340425532
15108 1.26553191489362
15108 25.7642553191489
15108 17.4297872340426
15108 13.0817021276596
15108 1.48936170212766
15109 9.09872340425532
15109 1.26553191489362
15109 25.7642553191489
15109 17.4297872340426
15109 13.0817021276596
15109 1.48936170212766
15110 9.09872340425532
15110 1.26553191489362
15110 25.7642553191489
15110 17.4297872340426
15110 13.0817021276596
15110 1.48936170212766
15179 9.09872340425532
15179 1.26553191489362
15179 25.7642553191489
15179 17.4297872340426
15179 13.0817021276596
15179 1.48936170212766
15243 9.09872340425532
15243 1.26553191489362
15243 25.7642553191489
15243 17.4297872340426
15243 13.0817021276596
15243 1.48936170212766
15244 9.09872340425532
15244 1.26553191489362
15244 25.7642553191489
15244 17.4297872340426
15244 13.0817021276596
15244 1.48936170212766
15181 9.09872340425532
15181 1.26553191489362
15181 25.7642553191489
15181 17.4297872340426
15181 13.0817021276596
15181 1.48936170212766
15182 9.09872340425532
15182 1.26553191489362
15182 25.7642553191489
15182 17.4297872340426
15182 13.0817021276596
15182 1.48936170212766
15248 9.09872340425532
15248 1.26553191489362
15248 25.7642553191489
15248 17.4297872340426
15248 13.0817021276596
15248 1.48936170212766
15251 9.09872340425532
15251 1.26553191489362
15251 25.7642553191489
15251 17.4297872340426
15251 13.0817021276596
15251 1.48936170212766
15252 9.09872340425532
15252 1.26553191489362
15252 25.7642553191489
15252 17.4297872340426
15252 13.0817021276596
15252 1.48936170212766
15253 9.09872340425532
15253 1.26553191489362
15253 25.7642553191489
15253 17.4297872340426
15253 13.0817021276596
15253 1.48936170212766
15318 9.09872340425532
15318 1.26553191489362
15318 25.7642553191489
15318 17.4297872340426
15318 13.0817021276596
15318 1.48936170212766
15320 9.09872340425532
15320 1.26553191489362
15320 25.7642553191489
15320 17.4297872340426
15320 13.0817021276596
15320 1.48936170212766
15322 9.09872340425532
15322 1.26553191489362
15322 25.7642553191489
15322 17.4297872340426
15322 13.0817021276596
15322 1.48936170212766
15387 9.09872340425532
15387 1.26553191489362
15387 25.7642553191489
15387 17.4297872340426
15387 13.0817021276596
15387 1.48936170212766
15388 9.09872340425532
15388 1.26553191489362
15388 25.7642553191489
15388 17.4297872340426
15388 13.0817021276596
15388 1.48936170212766
15389 9.09872340425532
15389 1.26553191489362
15389 25.7642553191489
15389 17.4297872340426
15389 13.0817021276596
15389 1.48936170212766
15390 9.09872340425532
15390 1.26553191489362
15390 25.7642553191489
15390 17.4297872340426
15390 13.0817021276596
15390 1.48936170212766
15454 9.09872340425532
15454 1.26553191489362
15454 25.7642553191489
15454 17.4297872340426
15454 13.0817021276596
15454 1.48936170212766
15455 9.09872340425532
15455 1.26553191489362
15455 25.7642553191489
15455 17.4297872340426
15455 13.0817021276596
15455 1.48936170212766
15456 9.09872340425532
15456 1.26553191489362
15456 25.7642553191489
15456 17.4297872340426
15456 13.0817021276596
15456 1.48936170212766
15457 9.09872340425532
15457 1.26553191489362
15457 25.7642553191489
15457 17.4297872340426
15457 13.0817021276596
15457 1.48936170212766
15521 9.09872340425532
15521 1.26553191489362
15521 25.7642553191489
15521 17.4297872340426
15521 13.0817021276596
15521 1.48936170212766
15523 9.09872340425532
15523 1.26553191489362
15523 25.7642553191489
15523 17.4297872340426
15523 13.0817021276596
15523 1.48936170212766
15589 9.09872340425532
15589 1.26553191489362
15589 25.7642553191489
15589 17.4297872340426
15589 13.0817021276596
15589 1.48936170212766
15590 9.09872340425532
15590 1.26553191489362
15590 25.7642553191489
15590 17.4297872340426
15590 13.0817021276596
15590 1.48936170212766
15591 9.09872340425532
15591 1.26553191489362
15591 25.7642553191489
15591 17.4297872340426
15591 13.0817021276596
15591 1.48936170212766
15656 9.09872340425532
15656 1.26553191489362
15656 25.7642553191489
15656 17.4297872340426
15656 13.0817021276596
15656 1.48936170212766
15721 9.09872340425532
15721 1.26553191489362
15721 25.7642553191489
15721 17.4297872340426
15721 13.0817021276596
15721 1.48936170212766
