pt_graph cpue_kghour
13352 9.09872340425532
13352 1.26553191489362
13352 25.7642553191489
13352 17.4297872340426
13352 13.0817021276596
13352 1.48936170212766
13353 9.09872340425532
13353 1.26553191489362
13353 25.7642553191489
13353 17.4297872340426
13353 13.0817021276596
13353 1.48936170212766
13354 9.09872340425532
13354 1.26553191489362
13354 25.7642553191489
13354 17.4297872340426
13354 13.0817021276596
13354 1.48936170212766
13355 9.09872340425532
13355 1.26553191489362
13355 25.7642553191489
13355 17.4297872340426
13355 13.0817021276596
13355 1.48936170212766
13356 9.09872340425532
13356 1.26553191489362
13356 25.7642553191489
13356 17.4297872340426
13356 13.0817021276596
13356 1.48936170212766
13357 9.09872340425532
13357 1.26553191489362
13357 25.7642553191489
13357 17.4297872340426
13357 13.0817021276596
13357 1.48936170212766
13358 9.09872340425532
13358 1.26553191489362
13358 25.7642553191489
13358 17.4297872340426
13358 13.0817021276596
13358 1.48936170212766
13410 9.09872340425532
13410 1.26553191489362
13410 25.7642553191489
13410 17.4297872340426
13410 13.0817021276596
13410 1.48936170212766
13411 9.09872340425532
13411 1.26553191489362
13411 25.7642553191489
13411 17.4297872340426
13411 13.0817021276596
13411 1.48936170212766
13412 9.09872340425532
13412 1.26553191489362
13412 25.7642553191489
13412 17.4297872340426
13412 13.0817021276596
13412 1.48936170212766
13413 9.09872340425532
13413 1.26553191489362
13413 25.7642553191489
13413 17.4297872340426
13413 13.0817021276596
13413 1.48936170212766
13414 9.09872340425532
13414 1.26553191489362
13414 25.7642553191489
13414 17.4297872340426
13414 13.0817021276596
13414 1.48936170212766
13415 9.09872340425532
13415 1.26553191489362
13415 25.7642553191489
13415 17.4297872340426
13415 13.0817021276596
13415 1.48936170212766
13416 9.09872340425532
13416 1.26553191489362
13416 25.7642553191489
13416 17.4297872340426
13416 13.0817021276596
13416 1.48936170212766
13417 9.09872340425532
13417 1.26553191489362
13417 25.7642553191489
13417 17.4297872340426
13417 13.0817021276596
13417 1.48936170212766
13471 9.09872340425532
13471 1.26553191489362
13471 25.7642553191489
13471 17.4297872340426
13471 13.0817021276596
13471 1.48936170212766
13418 9.09872340425532
13418 1.26553191489362
13418 25.7642553191489
13418 17.4297872340426
13418 13.0817021276596
13418 1.48936170212766
13472 9.09872340425532
13472 1.26553191489362
13472 25.7642553191489
13472 17.4297872340426
13472 13.0817021276596
13472 1.48936170212766
13473 9.09872340425532
13473 1.26553191489362
13473 25.7642553191489
13473 17.4297872340426
13473 13.0817021276596
13473 1.48936170212766
13474 9.09872340425532
13474 1.26553191489362
13474 25.7642553191489
13474 17.4297872340426
13474 13.0817021276596
13474 1.48936170212766
13475 9.09872340425532
13475 1.26553191489362
13475 25.7642553191489
13475 17.4297872340426
13475 13.0817021276596
13475 1.48936170212766
13476 9.09872340425532
13476 1.26553191489362
13476 25.7642553191489
13476 17.4297872340426
13476 13.0817021276596
13476 1.48936170212766
13477 9.09872340425532
13477 1.26553191489362
13477 25.7642553191489
13477 17.4297872340426
13477 13.0817021276596
13477 1.48936170212766
13478 9.09872340425532
13478 1.26553191489362
13478 25.7642553191489
13478 17.4297872340426
13478 13.0817021276596
13478 1.48936170212766
13527 9.09872340425532
13527 1.26553191489362
13527 25.7642553191489
13527 17.4297872340426
13527 13.0817021276596
13527 1.48936170212766
13479 9.09872340425532
13479 1.26553191489362
13479 25.7642553191489
13479 17.4297872340426
13479 13.0817021276596
13479 1.48936170212766
13528 9.09872340425532
13528 1.26553191489362
13528 25.7642553191489
13528 17.4297872340426
13528 13.0817021276596
13528 1.48936170212766
13529 9.09872340425532
13529 1.26553191489362
13529 25.7642553191489
13529 17.4297872340426
13529 13.0817021276596
13529 1.48936170212766
13530 9.09872340425532
13530 1.26553191489362
13530 25.7642553191489
13530 17.4297872340426
13530 13.0817021276596
13530 1.48936170212766
13531 9.09872340425532
13531 1.26553191489362
13531 25.7642553191489
13531 17.4297872340426
13531 13.0817021276596
13531 1.48936170212766
13532 9.09872340425532
13532 1.26553191489362
13532 25.7642553191489
13532 17.4297872340426
13532 13.0817021276596
13532 1.48936170212766
13533 9.09872340425532
13533 1.26553191489362
13533 25.7642553191489
13533 17.4297872340426
13533 13.0817021276596
13533 1.48936170212766
13584 9.09872340425532
13584 1.26553191489362
13584 25.7642553191489
13584 17.4297872340426
13584 13.0817021276596
13584 1.48936170212766
13534 9.09872340425532
13534 1.26553191489362
13534 25.7642553191489
13534 17.4297872340426
13534 13.0817021276596
13534 1.48936170212766
13535 9.09872340425532
13535 1.26553191489362
13535 25.7642553191489
13535 17.4297872340426
13535 13.0817021276596
13535 1.48936170212766
13586 9.09872340425532
13586 1.26553191489362
13586 25.7642553191489
13586 17.4297872340426
13586 13.0817021276596
13586 1.48936170212766
13587 9.09872340425532
13587 1.26553191489362
13587 25.7642553191489
13587 17.4297872340426
13587 13.0817021276596
13587 1.48936170212766
13588 9.09872340425532
13588 1.26553191489362
13588 25.7642553191489
13588 17.4297872340426
13588 13.0817021276596
13588 1.48936170212766
13589 9.09872340425532
13589 1.26553191489362
13589 25.7642553191489
13589 17.4297872340426
13589 13.0817021276596
13589 1.48936170212766
13590 9.09872340425532
13590 1.26553191489362
13590 25.7642553191489
13590 17.4297872340426
13590 13.0817021276596
13590 1.48936170212766
13591 9.09872340425532
13591 1.26553191489362
13591 25.7642553191489
13591 17.4297872340426
13591 13.0817021276596
13591 1.48936170212766
13641 9.09872340425532
13641 1.26553191489362
13641 25.7642553191489
13641 17.4297872340426
13641 13.0817021276596
13641 1.48936170212766
13592 9.09872340425532
13592 1.26553191489362
13592 25.7642553191489
13592 17.4297872340426
13592 13.0817021276596
13592 1.48936170212766
13642 9.09872340425532
13642 1.26553191489362
13642 25.7642553191489
13642 17.4297872340426
13642 13.0817021276596
13642 1.48936170212766
13593 9.09872340425532
13593 1.26553191489362
13593 25.7642553191489
13593 17.4297872340426
13593 13.0817021276596
13593 1.48936170212766
13643 9.09872340425532
13643 1.26553191489362
13643 25.7642553191489
13643 17.4297872340426
13643 13.0817021276596
13643 1.48936170212766
13644 9.09872340425532
13644 1.26553191489362
13644 25.7642553191489
13644 17.4297872340426
13644 13.0817021276596
13644 1.48936170212766
13645 9.09872340425532
13645 1.26553191489362
13645 25.7642553191489
13645 17.4297872340426
13645 13.0817021276596
13645 1.48936170212766
13646 9.09872340425532
13646 1.26553191489362
13646 25.7642553191489
13646 17.4297872340426
13646 13.0817021276596
13646 1.48936170212766
13647 9.09872340425532
13647 1.26553191489362
13647 25.7642553191489
13647 17.4297872340426
13647 13.0817021276596
13647 1.48936170212766
13648 9.09872340425532
13648 1.26553191489362
13648 25.7642553191489
13648 17.4297872340426
13648 13.0817021276596
13648 1.48936170212766
13649 9.09872340425532
13649 1.26553191489362
13649 25.7642553191489
13649 17.4297872340426
13649 13.0817021276596
13649 1.48936170212766
13701 9.09872340425532
13701 1.26553191489362
13701 25.7642553191489
13701 17.4297872340426
13701 13.0817021276596
13701 1.48936170212766
13702 9.09872340425532
13702 1.26553191489362
13702 25.7642553191489
13702 17.4297872340426
13702 13.0817021276596
13702 1.48936170212766
13703 9.09872340425532
13703 1.26553191489362
13703 25.7642553191489
13703 17.4297872340426
13703 13.0817021276596
13703 1.48936170212766
13704 9.09872340425532
13704 1.26553191489362
13704 25.7642553191489
13704 17.4297872340426
13704 13.0817021276596
13704 1.48936170212766
13705 9.09872340425532
13705 1.26553191489362
13705 25.7642553191489
13705 17.4297872340426
13705 13.0817021276596
13705 1.48936170212766
13706 9.09872340425532
13706 1.26553191489362
13706 25.7642553191489
13706 17.4297872340426
13706 13.0817021276596
13706 1.48936170212766
13707 9.09872340425532
13707 1.26553191489362
13707 25.7642553191489
13707 17.4297872340426
13707 13.0817021276596
13707 1.48936170212766
13760 9.09872340425532
13760 1.26553191489362
13760 25.7642553191489
13760 17.4297872340426
13760 13.0817021276596
13760 1.48936170212766
13708 9.09872340425532
13708 1.26553191489362
13708 25.7642553191489
13708 17.4297872340426
13708 13.0817021276596
13708 1.48936170212766
13761 9.09872340425532
13761 1.26553191489362
13761 25.7642553191489
13761 17.4297872340426
13761 13.0817021276596
13761 1.48936170212766
13762 9.09872340425532
13762 1.26553191489362
13762 25.7642553191489
13762 17.4297872340426
13762 13.0817021276596
13762 1.48936170212766
13763 9.09872340425532
13763 1.26553191489362
13763 25.7642553191489
13763 17.4297872340426
13763 13.0817021276596
13763 1.48936170212766
13764 9.09872340425532
13764 1.26553191489362
13764 25.7642553191489
13764 17.4297872340426
13764 13.0817021276596
13764 1.48936170212766
13765 9.09872340425532
13765 1.26553191489362
13765 25.7642553191489
13765 17.4297872340426
13765 13.0817021276596
13765 1.48936170212766
13766 9.09872340425532
13766 1.26553191489362
13766 25.7642553191489
13766 17.4297872340426
13766 13.0817021276596
13766 1.48936170212766
13818 9.09872340425532
13818 1.26553191489362
13818 25.7642553191489
13818 17.4297872340426
13818 13.0817021276596
13818 1.48936170212766
13767 9.09872340425532
13767 1.26553191489362
13767 25.7642553191489
13767 17.4297872340426
13767 13.0817021276596
13767 1.48936170212766
13819 9.09872340425532
13819 1.26553191489362
13819 25.7642553191489
13819 17.4297872340426
13819 13.0817021276596
13819 1.48936170212766
13768 9.09872340425532
13768 1.26553191489362
13768 25.7642553191489
13768 17.4297872340426
13768 13.0817021276596
13768 1.48936170212766
13820 9.09872340425532
13820 1.26553191489362
13820 25.7642553191489
13820 17.4297872340426
13820 13.0817021276596
13820 1.48936170212766
13821 9.09872340425532
13821 1.26553191489362
13821 25.7642553191489
13821 17.4297872340426
13821 13.0817021276596
13821 1.48936170212766
13822 9.09872340425532
13822 1.26553191489362
13822 25.7642553191489
13822 17.4297872340426
13822 13.0817021276596
13822 1.48936170212766
13823 9.09872340425532
13823 1.26553191489362
13823 25.7642553191489
13823 17.4297872340426
13823 13.0817021276596
13823 1.48936170212766
13824 9.09872340425532
13824 1.26553191489362
13824 25.7642553191489
13824 17.4297872340426
13824 13.0817021276596
13824 1.48936170212766
13878 9.09872340425532
13878 1.26553191489362
13878 25.7642553191489
13878 17.4297872340426
13878 13.0817021276596
13878 1.48936170212766
13825 9.09872340425532
13825 1.26553191489362
13825 25.7642553191489
13825 17.4297872340426
13825 13.0817021276596
13825 1.48936170212766
13826 9.09872340425532
13826 1.26553191489362
13826 25.7642553191489
13826 17.4297872340426
13826 13.0817021276596
13826 1.48936170212766
13879 9.09872340425532
13879 1.26553191489362
13879 25.7642553191489
13879 17.4297872340426
13879 13.0817021276596
13879 1.48936170212766
13827 9.09872340425532
13827 1.26553191489362
13827 25.7642553191489
13827 17.4297872340426
13827 13.0817021276596
13827 1.48936170212766
13880 9.09872340425532
13880 1.26553191489362
13880 25.7642553191489
13880 17.4297872340426
13880 13.0817021276596
13880 1.48936170212766
13881 9.09872340425532
13881 1.26553191489362
13881 25.7642553191489
13881 17.4297872340426
13881 13.0817021276596
13881 1.48936170212766
13882 9.09872340425532
13882 1.26553191489362
13882 25.7642553191489
13882 17.4297872340426
13882 13.0817021276596
13882 1.48936170212766
13988 9.09872340425532
13988 1.26553191489362
13988 25.7642553191489
13988 17.4297872340426
13988 13.0817021276596
13988 1.48936170212766
13883 9.09872340425532
13883 1.26553191489362
13883 25.7642553191489
13883 17.4297872340426
13883 13.0817021276596
13883 1.48936170212766
13884 9.09872340425532
13884 1.26553191489362
13884 25.7642553191489
13884 17.4297872340426
13884 13.0817021276596
13884 1.48936170212766
13885 9.09872340425532
13885 1.26553191489362
13885 25.7642553191489
13885 17.4297872340426
13885 13.0817021276596
13885 1.48936170212766
13936 9.09872340425532
13936 1.26553191489362
13936 25.7642553191489
13936 17.4297872340426
13936 13.0817021276596
13936 1.48936170212766
13886 9.09872340425532
13886 1.26553191489362
13886 25.7642553191489
13886 17.4297872340426
13886 13.0817021276596
13886 1.48936170212766
13937 9.09872340425532
13937 1.26553191489362
13937 25.7642553191489
13937 17.4297872340426
13937 13.0817021276596
13937 1.48936170212766
13887 9.09872340425532
13887 1.26553191489362
13887 25.7642553191489
13887 17.4297872340426
13887 13.0817021276596
13887 1.48936170212766
13938 9.09872340425532
13938 1.26553191489362
13938 25.7642553191489
13938 17.4297872340426
13938 13.0817021276596
13938 1.48936170212766
13939 9.09872340425532
13939 1.26553191489362
13939 25.7642553191489
13939 17.4297872340426
13939 13.0817021276596
13939 1.48936170212766
13940 9.09872340425532
13940 1.26553191489362
13940 25.7642553191489
13940 17.4297872340426
13940 13.0817021276596
13940 1.48936170212766
13941 9.09872340425532
13941 1.26553191489362
13941 25.7642553191489
13941 17.4297872340426
13941 13.0817021276596
13941 1.48936170212766
14051 9.09872340425532
14051 1.26553191489362
14051 25.7642553191489
14051 17.4297872340426
14051 13.0817021276596
14051 1.48936170212766
13942 9.09872340425532
13942 1.26553191489362
13942 25.7642553191489
13942 17.4297872340426
13942 13.0817021276596
13942 1.48936170212766
13943 9.09872340425532
13943 1.26553191489362
13943 25.7642553191489
13943 17.4297872340426
13943 13.0817021276596
13943 1.48936170212766
13997 9.09872340425532
13997 1.26553191489362
13997 25.7642553191489
13997 17.4297872340426
13997 13.0817021276596
13997 1.48936170212766
13944 9.09872340425532
13944 1.26553191489362
13944 25.7642553191489
13944 17.4297872340426
13944 13.0817021276596
13944 1.48936170212766
13998 9.09872340425532
13998 1.26553191489362
13998 25.7642553191489
13998 17.4297872340426
13998 13.0817021276596
13998 1.48936170212766
13999 9.09872340425532
13999 1.26553191489362
13999 25.7642553191489
13999 17.4297872340426
13999 13.0817021276596
13999 1.48936170212766
14110 9.09872340425532
14110 1.26553191489362
14110 25.7642553191489
14110 17.4297872340426
14110 13.0817021276596
14110 1.48936170212766
14000 9.09872340425532
14000 1.26553191489362
14000 25.7642553191489
14000 17.4297872340426
14000 13.0817021276596
14000 1.48936170212766
14111 9.09872340425532
14111 1.26553191489362
14111 25.7642553191489
14111 17.4297872340426
14111 13.0817021276596
14111 1.48936170212766
14001 9.09872340425532
14001 1.26553191489362
14001 25.7642553191489
14001 17.4297872340426
14001 13.0817021276596
14001 1.48936170212766
14002 9.09872340425532
14002 1.26553191489362
14002 25.7642553191489
14002 17.4297872340426
14002 13.0817021276596
14002 1.48936170212766
14113 9.09872340425532
14113 1.26553191489362
14113 25.7642553191489
14113 17.4297872340426
14113 13.0817021276596
14113 1.48936170212766
14058 9.09872340425532
14058 1.26553191489362
14058 25.7642553191489
14058 17.4297872340426
14058 13.0817021276596
14058 1.48936170212766
14003 9.09872340425532
14003 1.26553191489362
14003 25.7642553191489
14003 17.4297872340426
14003 13.0817021276596
14003 1.48936170212766
14059 9.09872340425532
14059 1.26553191489362
14059 25.7642553191489
14059 17.4297872340426
14059 13.0817021276596
14059 1.48936170212766
14004 9.09872340425532
14004 1.26553191489362
14004 25.7642553191489
14004 17.4297872340426
14004 13.0817021276596
14004 1.48936170212766
14060 9.09872340425532
14060 1.26553191489362
14060 25.7642553191489
14060 17.4297872340426
14060 13.0817021276596
14060 1.48936170212766
14005 9.09872340425532
14005 1.26553191489362
14005 25.7642553191489
14005 17.4297872340426
14005 13.0817021276596
14005 1.48936170212766
14061 9.09872340425532
14061 1.26553191489362
14061 25.7642553191489
14061 17.4297872340426
14061 13.0817021276596
14061 1.48936170212766
14062 9.09872340425532
14062 1.26553191489362
14062 25.7642553191489
14062 17.4297872340426
14062 13.0817021276596
14062 1.48936170212766
14174 9.09872340425532
14174 1.26553191489362
14174 25.7642553191489
14174 17.4297872340426
14174 13.0817021276596
14174 1.48936170212766
14063 9.09872340425532
14063 1.26553191489362
14063 25.7642553191489
14063 17.4297872340426
14063 13.0817021276596
14063 1.48936170212766
14064 9.09872340425532
14064 1.26553191489362
14064 25.7642553191489
14064 17.4297872340426
14064 13.0817021276596
14064 1.48936170212766
14176 9.09872340425532
14176 1.26553191489362
14176 25.7642553191489
14176 17.4297872340426
14176 13.0817021276596
14176 1.48936170212766
14065 9.09872340425532
14065 1.26553191489362
14065 25.7642553191489
14065 17.4297872340426
14065 13.0817021276596
14065 1.48936170212766
14120 9.09872340425532
14120 1.26553191489362
14120 25.7642553191489
14120 17.4297872340426
14120 13.0817021276596
14120 1.48936170212766
14066 9.09872340425532
14066 1.26553191489362
14066 25.7642553191489
14066 17.4297872340426
14066 13.0817021276596
14066 1.48936170212766
14121 9.09872340425532
14121 1.26553191489362
14121 25.7642553191489
14121 17.4297872340426
14121 13.0817021276596
14121 1.48936170212766
14122 9.09872340425532
14122 1.26553191489362
14122 25.7642553191489
14122 17.4297872340426
14122 13.0817021276596
14122 1.48936170212766
14123 9.09872340425532
14123 1.26553191489362
14123 25.7642553191489
14123 17.4297872340426
14123 13.0817021276596
14123 1.48936170212766
14124 9.09872340425532
14124 1.26553191489362
14124 25.7642553191489
14124 17.4297872340426
14124 13.0817021276596
14124 1.48936170212766
14125 9.09872340425532
14125 1.26553191489362
14125 25.7642553191489
14125 17.4297872340426
14125 13.0817021276596
14125 1.48936170212766
14240 9.09872340425532
14240 1.26553191489362
14240 25.7642553191489
14240 17.4297872340426
14240 13.0817021276596
14240 1.48936170212766
14126 9.09872340425532
14126 1.26553191489362
14126 25.7642553191489
14126 17.4297872340426
14126 13.0817021276596
14126 1.48936170212766
14241 9.09872340425532
14241 1.26553191489362
14241 25.7642553191489
14241 17.4297872340426
14241 13.0817021276596
14241 1.48936170212766
14127 9.09872340425532
14127 1.26553191489362
14127 25.7642553191489
14127 17.4297872340426
14127 13.0817021276596
14127 1.48936170212766
14128 9.09872340425532
14128 1.26553191489362
14128 25.7642553191489
14128 17.4297872340426
14128 13.0817021276596
14128 1.48936170212766
14184 9.09872340425532
14184 1.26553191489362
14184 25.7642553191489
14184 17.4297872340426
14184 13.0817021276596
14184 1.48936170212766
14185 9.09872340425532
14185 1.26553191489362
14185 25.7642553191489
14185 17.4297872340426
14185 13.0817021276596
14185 1.48936170212766
14073 9.09872340425532
14073 1.26553191489362
14073 25.7642553191489
14073 17.4297872340426
14073 13.0817021276596
14073 1.48936170212766
14186 9.09872340425532
14186 1.26553191489362
14186 25.7642553191489
14186 17.4297872340426
14186 13.0817021276596
14186 1.48936170212766
14245 9.09872340425532
14245 1.26553191489362
14245 25.7642553191489
14245 17.4297872340426
14245 13.0817021276596
14245 1.48936170212766
14187 9.09872340425532
14187 1.26553191489362
14187 25.7642553191489
14187 17.4297872340426
14187 13.0817021276596
14187 1.48936170212766
14188 9.09872340425532
14188 1.26553191489362
14188 25.7642553191489
14188 17.4297872340426
14188 13.0817021276596
14188 1.48936170212766
14189 9.09872340425532
14189 1.26553191489362
14189 25.7642553191489
14189 17.4297872340426
14189 13.0817021276596
14189 1.48936170212766
14248 9.09872340425532
14248 1.26553191489362
14248 25.7642553191489
14248 17.4297872340426
14248 13.0817021276596
14248 1.48936170212766
14190 9.09872340425532
14190 1.26553191489362
14190 25.7642553191489
14190 17.4297872340426
14190 13.0817021276596
14190 1.48936170212766
14250 9.09872340425532
14250 1.26553191489362
14250 25.7642553191489
14250 17.4297872340426
14250 13.0817021276596
14250 1.48936170212766
14133 9.09872340425532
14133 1.26553191489362
14133 25.7642553191489
14133 17.4297872340426
14133 13.0817021276596
14133 1.48936170212766
14251 9.09872340425532
14251 1.26553191489362
14251 25.7642553191489
14251 17.4297872340426
14251 13.0817021276596
14251 1.48936170212766
14252 9.09872340425532
14252 1.26553191489362
14252 25.7642553191489
14252 17.4297872340426
14252 13.0817021276596
14252 1.48936170212766
14253 9.09872340425532
14253 1.26553191489362
14253 25.7642553191489
14253 17.4297872340426
14253 13.0817021276596
14253 1.48936170212766
14314 9.09872340425532
14314 1.26553191489362
14314 25.7642553191489
14314 17.4297872340426
14314 13.0817021276596
14314 1.48936170212766
14254 9.09872340425532
14254 1.26553191489362
14254 25.7642553191489
14254 17.4297872340426
14254 13.0817021276596
14254 1.48936170212766
14315 9.09872340425532
14315 1.26553191489362
14315 25.7642553191489
14315 17.4297872340426
14315 13.0817021276596
14315 1.48936170212766
14255 9.09872340425532
14255 1.26553191489362
14255 25.7642553191489
14255 17.4297872340426
14255 13.0817021276596
14255 1.48936170212766
14197 9.09872340425532
14197 1.26553191489362
14197 25.7642553191489
14197 17.4297872340426
14197 13.0817021276596
14197 1.48936170212766
14316 9.09872340425532
14316 1.26553191489362
14316 25.7642553191489
14316 17.4297872340426
14316 13.0817021276596
14316 1.48936170212766
14256 9.09872340425532
14256 1.26553191489362
14256 25.7642553191489
14256 17.4297872340426
14256 13.0817021276596
14256 1.48936170212766
14198 9.09872340425532
14198 1.26553191489362
14198 25.7642553191489
14198 17.4297872340426
14198 13.0817021276596
14198 1.48936170212766
14317 9.09872340425532
14317 1.26553191489362
14317 25.7642553191489
14317 17.4297872340426
14317 13.0817021276596
14317 1.48936170212766
14257 9.09872340425532
14257 1.26553191489362
14257 25.7642553191489
14257 17.4297872340426
14257 13.0817021276596
14257 1.48936170212766
14318 9.09872340425532
14318 1.26553191489362
14318 25.7642553191489
14318 17.4297872340426
14318 13.0817021276596
14318 1.48936170212766
14319 9.09872340425532
14319 1.26553191489362
14319 25.7642553191489
14319 17.4297872340426
14319 13.0817021276596
14319 1.48936170212766
14320 9.09872340425532
14320 1.26553191489362
14320 25.7642553191489
14320 17.4297872340426
14320 13.0817021276596
14320 1.48936170212766
14321 9.09872340425532
14321 1.26553191489362
14321 25.7642553191489
14321 17.4297872340426
14321 13.0817021276596
14321 1.48936170212766
14262 9.09872340425532
14262 1.26553191489362
14262 25.7642553191489
14262 17.4297872340426
14262 13.0817021276596
14262 1.48936170212766
14322 9.09872340425532
14322 1.26553191489362
14322 25.7642553191489
14322 17.4297872340426
14322 13.0817021276596
14322 1.48936170212766
14263 9.09872340425532
14263 1.26553191489362
14263 25.7642553191489
14263 17.4297872340426
14263 13.0817021276596
14263 1.48936170212766
14386 9.09872340425532
14386 1.26553191489362
14386 25.7642553191489
14386 17.4297872340426
14386 13.0817021276596
14386 1.48936170212766
14323 9.09872340425532
14323 1.26553191489362
14323 25.7642553191489
14323 17.4297872340426
14323 13.0817021276596
14323 1.48936170212766
14264 9.09872340425532
14264 1.26553191489362
14264 25.7642553191489
14264 17.4297872340426
14264 13.0817021276596
14264 1.48936170212766
14387 9.09872340425532
14387 1.26553191489362
14387 25.7642553191489
14387 17.4297872340426
14387 13.0817021276596
14387 1.48936170212766
14388 9.09872340425532
14388 1.26553191489362
14388 25.7642553191489
14388 17.4297872340426
14388 13.0817021276596
14388 1.48936170212766
14389 9.09872340425532
14389 1.26553191489362
14389 25.7642553191489
14389 17.4297872340426
14389 13.0817021276596
14389 1.48936170212766
14390 9.09872340425532
14390 1.26553191489362
14390 25.7642553191489
14390 17.4297872340426
14390 13.0817021276596
14390 1.48936170212766
14327 9.09872340425532
14327 1.26553191489362
14327 25.7642553191489
14327 17.4297872340426
14327 13.0817021276596
14327 1.48936170212766
14391 9.09872340425532
14391 1.26553191489362
14391 25.7642553191489
14391 17.4297872340426
14391 13.0817021276596
14391 1.48936170212766
14328 9.09872340425532
14328 1.26553191489362
14328 25.7642553191489
14328 17.4297872340426
14328 13.0817021276596
14328 1.48936170212766
14455 9.09872340425532
14455 1.26553191489362
14455 25.7642553191489
14455 17.4297872340426
14455 13.0817021276596
14455 1.48936170212766
14392 9.09872340425532
14392 1.26553191489362
14392 25.7642553191489
14392 17.4297872340426
14392 13.0817021276596
14392 1.48936170212766
14329 9.09872340425532
14329 1.26553191489362
14329 25.7642553191489
14329 17.4297872340426
14329 13.0817021276596
14329 1.48936170212766
14456 9.09872340425532
14456 1.26553191489362
14456 25.7642553191489
14456 17.4297872340426
14456 13.0817021276596
14456 1.48936170212766
14330 9.09872340425532
14330 1.26553191489362
14330 25.7642553191489
14330 17.4297872340426
14330 13.0817021276596
14330 1.48936170212766
14457 9.09872340425532
14457 1.26553191489362
14457 25.7642553191489
14457 17.4297872340426
14457 13.0817021276596
14457 1.48936170212766
14331 9.09872340425532
14331 1.26553191489362
14331 25.7642553191489
14331 17.4297872340426
14331 13.0817021276596
14331 1.48936170212766
14458 9.09872340425532
14458 1.26553191489362
14458 25.7642553191489
14458 17.4297872340426
14458 13.0817021276596
14458 1.48936170212766
14459 9.09872340425532
14459 1.26553191489362
14459 25.7642553191489
14459 17.4297872340426
14459 13.0817021276596
14459 1.48936170212766
14460 9.09872340425532
14460 1.26553191489362
14460 25.7642553191489
14460 17.4297872340426
14460 13.0817021276596
14460 1.48936170212766
14461 9.09872340425532
14461 1.26553191489362
14461 25.7642553191489
14461 17.4297872340426
14461 13.0817021276596
14461 1.48936170212766
14530 9.09872340425532
14530 1.26553191489362
14530 25.7642553191489
14530 17.4297872340426
14530 13.0817021276596
14530 1.48936170212766
14398 9.09872340425532
14398 1.26553191489362
14398 25.7642553191489
14398 17.4297872340426
14398 13.0817021276596
14398 1.48936170212766
14462 9.09872340425532
14462 1.26553191489362
14462 25.7642553191489
14462 17.4297872340426
14462 13.0817021276596
14462 1.48936170212766
14399 9.09872340425532
14399 1.26553191489362
14399 25.7642553191489
14399 17.4297872340426
14399 13.0817021276596
14399 1.48936170212766
14531 9.09872340425532
14531 1.26553191489362
14531 25.7642553191489
14531 17.4297872340426
14531 13.0817021276596
14531 1.48936170212766
14400 9.09872340425532
14400 1.26553191489362
14400 25.7642553191489
14400 17.4297872340426
14400 13.0817021276596
14400 1.48936170212766
14532 9.09872340425532
14532 1.26553191489362
14532 25.7642553191489
14532 17.4297872340426
14532 13.0817021276596
14532 1.48936170212766
14401 9.09872340425532
14401 1.26553191489362
14401 25.7642553191489
14401 17.4297872340426
14401 13.0817021276596
14401 1.48936170212766
14533 9.09872340425532
14533 1.26553191489362
14533 25.7642553191489
14533 17.4297872340426
14533 13.0817021276596
14533 1.48936170212766
14534 9.09872340425532
14534 1.26553191489362
14534 25.7642553191489
14534 17.4297872340426
14534 13.0817021276596
14534 1.48936170212766
14535 9.09872340425532
14535 1.26553191489362
14535 25.7642553191489
14535 17.4297872340426
14535 13.0817021276596
14535 1.48936170212766
14536 9.09872340425532
14536 1.26553191489362
14536 25.7642553191489
14536 17.4297872340426
14536 13.0817021276596
14536 1.48936170212766
14602 9.09872340425532
14602 1.26553191489362
14602 25.7642553191489
14602 17.4297872340426
14602 13.0817021276596
14602 1.48936170212766
14468 9.09872340425532
14468 1.26553191489362
14468 25.7642553191489
14468 17.4297872340426
14468 13.0817021276596
14468 1.48936170212766
14537 9.09872340425532
14537 1.26553191489362
14537 25.7642553191489
14537 17.4297872340426
14537 13.0817021276596
14537 1.48936170212766
14603 9.09872340425532
14603 1.26553191489362
14603 25.7642553191489
14603 17.4297872340426
14603 13.0817021276596
14603 1.48936170212766
14470 9.09872340425532
14470 1.26553191489362
14470 25.7642553191489
14470 17.4297872340426
14470 13.0817021276596
14470 1.48936170212766
14604 9.09872340425532
14604 1.26553191489362
14604 25.7642553191489
14604 17.4297872340426
14604 13.0817021276596
14604 1.48936170212766
14471 9.09872340425532
14471 1.26553191489362
14471 25.7642553191489
14471 17.4297872340426
14471 13.0817021276596
14471 1.48936170212766
14605 9.09872340425532
14605 1.26553191489362
14605 25.7642553191489
14605 17.4297872340426
14605 13.0817021276596
14605 1.48936170212766
14606 9.09872340425532
14606 1.26553191489362
14606 25.7642553191489
14606 17.4297872340426
14606 13.0817021276596
14606 1.48936170212766
14607 9.09872340425532
14607 1.26553191489362
14607 25.7642553191489
14607 17.4297872340426
14607 13.0817021276596
14607 1.48936170212766
14608 9.09872340425532
14608 1.26553191489362
14608 25.7642553191489
14608 17.4297872340426
14608 13.0817021276596
14608 1.48936170212766
14543 9.09872340425532
14543 1.26553191489362
14543 25.7642553191489
14543 17.4297872340426
14543 13.0817021276596
14543 1.48936170212766
14673 9.09872340425532
14673 1.26553191489362
14673 25.7642553191489
14673 17.4297872340426
14673 13.0817021276596
14673 1.48936170212766
14544 9.09872340425532
14544 1.26553191489362
14544 25.7642553191489
14544 17.4297872340426
14544 13.0817021276596
14544 1.48936170212766
14674 9.09872340425532
14674 1.26553191489362
14674 25.7642553191489
14674 17.4297872340426
14674 13.0817021276596
14674 1.48936170212766
14545 9.09872340425532
14545 1.26553191489362
14545 25.7642553191489
14545 17.4297872340426
14545 13.0817021276596
14545 1.48936170212766
14675 9.09872340425532
14675 1.26553191489362
14675 25.7642553191489
14675 17.4297872340426
14675 13.0817021276596
14675 1.48936170212766
14676 9.09872340425532
14676 1.26553191489362
14676 25.7642553191489
14676 17.4297872340426
14676 13.0817021276596
14676 1.48936170212766
14739 9.09872340425532
14739 1.26553191489362
14739 25.7642553191489
14739 17.4297872340426
14739 13.0817021276596
14739 1.48936170212766
14677 9.09872340425532
14677 1.26553191489362
14677 25.7642553191489
14677 17.4297872340426
14677 13.0817021276596
14677 1.48936170212766
14740 9.09872340425532
14740 1.26553191489362
14740 25.7642553191489
14740 17.4297872340426
14740 13.0817021276596
14740 1.48936170212766
14678 9.09872340425532
14678 1.26553191489362
14678 25.7642553191489
14678 17.4297872340426
14678 13.0817021276596
14678 1.48936170212766
14679 9.09872340425532
14679 1.26553191489362
14679 25.7642553191489
14679 17.4297872340426
14679 13.0817021276596
14679 1.48936170212766
14742 9.09872340425532
14742 1.26553191489362
14742 25.7642553191489
14742 17.4297872340426
14742 13.0817021276596
14742 1.48936170212766
14616 9.09872340425532
14616 1.26553191489362
14616 25.7642553191489
14616 17.4297872340426
14616 13.0817021276596
14616 1.48936170212766
14743 9.09872340425532
14743 1.26553191489362
14743 25.7642553191489
14743 17.4297872340426
14743 13.0817021276596
14743 1.48936170212766
14617 9.09872340425532
14617 1.26553191489362
14617 25.7642553191489
14617 17.4297872340426
14617 13.0817021276596
14617 1.48936170212766
14744 9.09872340425532
14744 1.26553191489362
14744 25.7642553191489
14744 17.4297872340426
14744 13.0817021276596
14744 1.48936170212766
14809 9.09872340425532
14809 1.26553191489362
14809 25.7642553191489
14809 17.4297872340426
14809 13.0817021276596
14809 1.48936170212766
14745 9.09872340425532
14745 1.26553191489362
14745 25.7642553191489
14745 17.4297872340426
14745 13.0817021276596
14745 1.48936170212766
14746 9.09872340425532
14746 1.26553191489362
14746 25.7642553191489
14746 17.4297872340426
14746 13.0817021276596
14746 1.48936170212766
14747 9.09872340425532
14747 1.26553191489362
14747 25.7642553191489
14747 17.4297872340426
14747 13.0817021276596
14747 1.48936170212766
14812 9.09872340425532
14812 1.26553191489362
14812 25.7642553191489
14812 17.4297872340426
14812 13.0817021276596
14812 1.48936170212766
14685 9.09872340425532
14685 1.26553191489362
14685 25.7642553191489
14685 17.4297872340426
14685 13.0817021276596
14685 1.48936170212766
14813 9.09872340425532
14813 1.26553191489362
14813 25.7642553191489
14813 17.4297872340426
14813 13.0817021276596
14813 1.48936170212766
14814 9.09872340425532
14814 1.26553191489362
14814 25.7642553191489
14814 17.4297872340426
14814 13.0817021276596
14814 1.48936170212766
14815 9.09872340425532
14815 1.26553191489362
14815 25.7642553191489
14815 17.4297872340426
14815 13.0817021276596
14815 1.48936170212766
14688 9.09872340425532
14688 1.26553191489362
14688 25.7642553191489
14688 17.4297872340426
14688 13.0817021276596
14688 1.48936170212766
14880 9.09872340425532
14880 1.26553191489362
14880 25.7642553191489
14880 17.4297872340426
14880 13.0817021276596
14880 1.48936170212766
14816 9.09872340425532
14816 1.26553191489362
14816 25.7642553191489
14816 17.4297872340426
14816 13.0817021276596
14816 1.48936170212766
14881 9.09872340425532
14881 1.26553191489362
14881 25.7642553191489
14881 17.4297872340426
14881 13.0817021276596
14881 1.48936170212766
14817 9.09872340425532
14817 1.26553191489362
14817 25.7642553191489
14817 17.4297872340426
14817 13.0817021276596
14817 1.48936170212766
14883 9.09872340425532
14883 1.26553191489362
14883 25.7642553191489
14883 17.4297872340426
14883 13.0817021276596
14883 1.48936170212766
14884 9.09872340425532
14884 1.26553191489362
14884 25.7642553191489
14884 17.4297872340426
14884 13.0817021276596
14884 1.48936170212766
14755 9.09872340425532
14755 1.26553191489362
14755 25.7642553191489
14755 17.4297872340426
14755 13.0817021276596
14755 1.48936170212766
14885 9.09872340425532
14885 1.26553191489362
14885 25.7642553191489
14885 17.4297872340426
14885 13.0817021276596
14885 1.48936170212766
14756 9.09872340425532
14756 1.26553191489362
14756 25.7642553191489
14756 17.4297872340426
14756 13.0817021276596
14756 1.48936170212766
14950 9.09872340425532
14950 1.26553191489362
14950 25.7642553191489
14950 17.4297872340426
14950 13.0817021276596
14950 1.48936170212766
14951 9.09872340425532
14951 1.26553191489362
14951 25.7642553191489
14951 17.4297872340426
14951 13.0817021276596
14951 1.48936170212766
14887 9.09872340425532
14887 1.26553191489362
14887 25.7642553191489
14887 17.4297872340426
14887 13.0817021276596
14887 1.48936170212766
14888 9.09872340425532
14888 1.26553191489362
14888 25.7642553191489
14888 17.4297872340426
14888 13.0817021276596
14888 1.48936170212766
14953 9.09872340425532
14953 1.26553191489362
14953 25.7642553191489
14953 17.4297872340426
14953 13.0817021276596
14953 1.48936170212766
14954 9.09872340425532
14954 1.26553191489362
14954 25.7642553191489
14954 17.4297872340426
14954 13.0817021276596
14954 1.48936170212766
14955 9.09872340425532
14955 1.26553191489362
14955 25.7642553191489
14955 17.4297872340426
14955 13.0817021276596
14955 1.48936170212766
15020 9.09872340425532
15020 1.26553191489362
15020 25.7642553191489
15020 17.4297872340426
15020 13.0817021276596
15020 1.48936170212766
14956 9.09872340425532
14956 1.26553191489362
14956 25.7642553191489
14956 17.4297872340426
14956 13.0817021276596
14956 1.48936170212766
14827 9.09872340425532
14827 1.26553191489362
14827 25.7642553191489
14827 17.4297872340426
14827 13.0817021276596
14827 1.48936170212766
15021 9.09872340425532
15021 1.26553191489362
15021 25.7642553191489
15021 17.4297872340426
15021 13.0817021276596
15021 1.48936170212766
14957 9.09872340425532
14957 1.26553191489362
14957 25.7642553191489
14957 17.4297872340426
14957 13.0817021276596
14957 1.48936170212766
14958 9.09872340425532
14958 1.26553191489362
14958 25.7642553191489
14958 17.4297872340426
14958 13.0817021276596
14958 1.48936170212766
15023 9.09872340425532
15023 1.26553191489362
15023 25.7642553191489
15023 17.4297872340426
15023 13.0817021276596
15023 1.48936170212766
14959 9.09872340425532
14959 1.26553191489362
14959 25.7642553191489
14959 17.4297872340426
14959 13.0817021276596
14959 1.48936170212766
15024 9.09872340425532
15024 1.26553191489362
15024 25.7642553191489
15024 17.4297872340426
15024 13.0817021276596
15024 1.48936170212766
14960 9.09872340425532
14960 1.26553191489362
14960 25.7642553191489
14960 17.4297872340426
14960 13.0817021276596
14960 1.48936170212766
15025 9.09872340425532
15025 1.26553191489362
15025 25.7642553191489
15025 17.4297872340426
15025 13.0817021276596
15025 1.48936170212766
15026 9.09872340425532
15026 1.26553191489362
15026 25.7642553191489
15026 17.4297872340426
15026 13.0817021276596
15026 1.48936170212766
15091 9.09872340425532
15091 1.26553191489362
15091 25.7642553191489
15091 17.4297872340426
15091 13.0817021276596
15091 1.48936170212766
15027 9.09872340425532
15027 1.26553191489362
15027 25.7642553191489
15027 17.4297872340426
15027 13.0817021276596
15027 1.48936170212766
15028 9.09872340425532
15028 1.26553191489362
15028 25.7642553191489
15028 17.4297872340426
15028 13.0817021276596
15028 1.48936170212766
15093 9.09872340425532
15093 1.26553191489362
15093 25.7642553191489
15093 17.4297872340426
15093 13.0817021276596
15093 1.48936170212766
15029 9.09872340425532
15029 1.26553191489362
15029 25.7642553191489
15029 17.4297872340426
15029 13.0817021276596
15029 1.48936170212766
15094 9.09872340425532
15094 1.26553191489362
15094 25.7642553191489
15094 17.4297872340426
15094 13.0817021276596
15094 1.48936170212766
15030 9.09872340425532
15030 1.26553191489362
15030 25.7642553191489
15030 17.4297872340426
15030 13.0817021276596
15030 1.48936170212766
15095 9.09872340425532
15095 1.26553191489362
15095 25.7642553191489
15095 17.4297872340426
15095 13.0817021276596
15095 1.48936170212766
15031 9.09872340425532
15031 1.26553191489362
15031 25.7642553191489
15031 17.4297872340426
15031 13.0817021276596
15031 1.48936170212766
15096 9.09872340425532
15096 1.26553191489362
15096 25.7642553191489
15096 17.4297872340426
15096 13.0817021276596
15096 1.48936170212766
15032 9.09872340425532
15032 1.26553191489362
15032 25.7642553191489
15032 17.4297872340426
15032 13.0817021276596
15032 1.48936170212766
15097 9.09872340425532
15097 1.26553191489362
15097 25.7642553191489
15097 17.4297872340426
15097 13.0817021276596
15097 1.48936170212766
15098 9.09872340425532
15098 1.26553191489362
15098 25.7642553191489
15098 17.4297872340426
15098 13.0817021276596
15098 1.48936170212766
15099 9.09872340425532
15099 1.26553191489362
15099 25.7642553191489
15099 17.4297872340426
15099 13.0817021276596
15099 1.48936170212766
15164 9.09872340425532
15164 1.26553191489362
15164 25.7642553191489
15164 17.4297872340426
15164 13.0817021276596
15164 1.48936170212766
15100 9.09872340425532
15100 1.26553191489362
15100 25.7642553191489
15100 17.4297872340426
15100 13.0817021276596
15100 1.48936170212766
15165 9.09872340425532
15165 1.26553191489362
15165 25.7642553191489
15165 17.4297872340426
15165 13.0817021276596
15165 1.48936170212766
15101 9.09872340425532
15101 1.26553191489362
15101 25.7642553191489
15101 17.4297872340426
15101 13.0817021276596
15101 1.48936170212766
15166 9.09872340425532
15166 1.26553191489362
15166 25.7642553191489
15166 17.4297872340426
15166 13.0817021276596
15166 1.48936170212766
15102 9.09872340425532
15102 1.26553191489362
15102 25.7642553191489
15102 17.4297872340426
15102 13.0817021276596
15102 1.48936170212766
15167 9.09872340425532
15167 1.26553191489362
15167 25.7642553191489
15167 17.4297872340426
15167 13.0817021276596
15167 1.48936170212766
15039 9.09872340425532
15039 1.26553191489362
15039 25.7642553191489
15039 17.4297872340426
15039 13.0817021276596
15039 1.48936170212766
15232 9.09872340425532
15232 1.26553191489362
15232 25.7642553191489
15232 17.4297872340426
15232 13.0817021276596
15232 1.48936170212766
15169 9.09872340425532
15169 1.26553191489362
15169 25.7642553191489
15169 17.4297872340426
15169 13.0817021276596
15169 1.48936170212766
15170 9.09872340425532
15170 1.26553191489362
15170 25.7642553191489
15170 17.4297872340426
15170 13.0817021276596
15170 1.48936170212766
15234 9.09872340425532
15234 1.26553191489362
15234 25.7642553191489
15234 17.4297872340426
15234 13.0817021276596
15234 1.48936170212766
15171 9.09872340425532
15171 1.26553191489362
15171 25.7642553191489
15171 17.4297872340426
15171 13.0817021276596
15171 1.48936170212766
15235 9.09872340425532
15235 1.26553191489362
15235 25.7642553191489
15235 17.4297872340426
15235 13.0817021276596
15235 1.48936170212766
15172 9.09872340425532
15172 1.26553191489362
15172 25.7642553191489
15172 17.4297872340426
15172 13.0817021276596
15172 1.48936170212766
15236 9.09872340425532
15236 1.26553191489362
15236 25.7642553191489
15236 17.4297872340426
15236 13.0817021276596
15236 1.48936170212766
15173 9.09872340425532
15173 1.26553191489362
15173 25.7642553191489
15173 17.4297872340426
15173 13.0817021276596
15173 1.48936170212766
15108 9.09872340425532
15108 1.26553191489362
15108 25.7642553191489
15108 17.4297872340426
15108 13.0817021276596
15108 1.48936170212766
15237 9.09872340425532
15237 1.26553191489362
15237 25.7642553191489
15237 17.4297872340426
15237 13.0817021276596
15237 1.48936170212766
15109 9.09872340425532
15109 1.26553191489362
15109 25.7642553191489
15109 17.4297872340426
15109 13.0817021276596
15109 1.48936170212766
15238 9.09872340425532
15238 1.26553191489362
15238 25.7642553191489
15238 17.4297872340426
15238 13.0817021276596
15238 1.48936170212766
15110 9.09872340425532
15110 1.26553191489362
15110 25.7642553191489
15110 17.4297872340426
15110 13.0817021276596
15110 1.48936170212766
15239 9.09872340425532
15239 1.26553191489362
15239 25.7642553191489
15239 17.4297872340426
15239 13.0817021276596
15239 1.48936170212766
15302 9.09872340425532
15302 1.26553191489362
15302 25.7642553191489
15302 17.4297872340426
15302 13.0817021276596
15302 1.48936170212766
15303 9.09872340425532
15303 1.26553191489362
15303 25.7642553191489
15303 17.4297872340426
15303 13.0817021276596
15303 1.48936170212766
15241 9.09872340425532
15241 1.26553191489362
15241 25.7642553191489
15241 17.4297872340426
15241 13.0817021276596
15241 1.48936170212766
15304 9.09872340425532
15304 1.26553191489362
15304 25.7642553191489
15304 17.4297872340426
15304 13.0817021276596
15304 1.48936170212766
15242 9.09872340425532
15242 1.26553191489362
15242 25.7642553191489
15242 17.4297872340426
15242 13.0817021276596
15242 1.48936170212766
15179 9.09872340425532
15179 1.26553191489362
15179 25.7642553191489
15179 17.4297872340426
15179 13.0817021276596
15179 1.48936170212766
15305 9.09872340425532
15305 1.26553191489362
15305 25.7642553191489
15305 17.4297872340426
15305 13.0817021276596
15305 1.48936170212766
15243 9.09872340425532
15243 1.26553191489362
15243 25.7642553191489
15243 17.4297872340426
15243 13.0817021276596
15243 1.48936170212766
15368 9.09872340425532
15368 1.26553191489362
15368 25.7642553191489
15368 17.4297872340426
15368 13.0817021276596
15368 1.48936170212766
15306 9.09872340425532
15306 1.26553191489362
15306 25.7642553191489
15306 17.4297872340426
15306 13.0817021276596
15306 1.48936170212766
15244 9.09872340425532
15244 1.26553191489362
15244 25.7642553191489
15244 17.4297872340426
15244 13.0817021276596
15244 1.48936170212766
15181 9.09872340425532
15181 1.26553191489362
15181 25.7642553191489
15181 17.4297872340426
15181 13.0817021276596
15181 1.48936170212766
15369 9.09872340425532
15369 1.26553191489362
15369 25.7642553191489
15369 17.4297872340426
15369 13.0817021276596
15369 1.48936170212766
15307 9.09872340425532
15307 1.26553191489362
15307 25.7642553191489
15307 17.4297872340426
15307 13.0817021276596
15307 1.48936170212766
15182 9.09872340425532
15182 1.26553191489362
15182 25.7642553191489
15182 17.4297872340426
15182 13.0817021276596
15182 1.48936170212766
15370 9.09872340425532
15370 1.26553191489362
15370 25.7642553191489
15370 17.4297872340426
15370 13.0817021276596
15370 1.48936170212766
15371 9.09872340425532
15371 1.26553191489362
15371 25.7642553191489
15371 17.4297872340426
15371 13.0817021276596
15371 1.48936170212766
15372 9.09872340425532
15372 1.26553191489362
15372 25.7642553191489
15372 17.4297872340426
15372 13.0817021276596
15372 1.48936170212766
15373 9.09872340425532
15373 1.26553191489362
15373 25.7642553191489
15373 17.4297872340426
15373 13.0817021276596
15373 1.48936170212766
15248 9.09872340425532
15248 1.26553191489362
15248 25.7642553191489
15248 17.4297872340426
15248 13.0817021276596
15248 1.48936170212766
15374 9.09872340425532
15374 1.26553191489362
15374 25.7642553191489
15374 17.4297872340426
15374 13.0817021276596
15374 1.48936170212766
15312 9.09872340425532
15312 1.26553191489362
15312 25.7642553191489
15312 17.4297872340426
15312 13.0817021276596
15312 1.48936170212766
15435 9.09872340425532
15435 1.26553191489362
15435 25.7642553191489
15435 17.4297872340426
15435 13.0817021276596
15435 1.48936170212766
15375 9.09872340425532
15375 1.26553191489362
15375 25.7642553191489
15375 17.4297872340426
15375 13.0817021276596
15375 1.48936170212766
15436 9.09872340425532
15436 1.26553191489362
15436 25.7642553191489
15436 17.4297872340426
15436 13.0817021276596
15436 1.48936170212766
15251 9.09872340425532
15251 1.26553191489362
15251 25.7642553191489
15251 17.4297872340426
15251 13.0817021276596
15251 1.48936170212766
15437 9.09872340425532
15437 1.26553191489362
15437 25.7642553191489
15437 17.4297872340426
15437 13.0817021276596
15437 1.48936170212766
15252 9.09872340425532
15252 1.26553191489362
15252 25.7642553191489
15252 17.4297872340426
15252 13.0817021276596
15252 1.48936170212766
15438 9.09872340425532
15438 1.26553191489362
15438 25.7642553191489
15438 17.4297872340426
15438 13.0817021276596
15438 1.48936170212766
15253 9.09872340425532
15253 1.26553191489362
15253 25.7642553191489
15253 17.4297872340426
15253 13.0817021276596
15253 1.48936170212766
15439 9.09872340425532
15439 1.26553191489362
15439 25.7642553191489
15439 17.4297872340426
15439 13.0817021276596
15439 1.48936170212766
15440 9.09872340425532
15440 1.26553191489362
15440 25.7642553191489
15440 17.4297872340426
15440 13.0817021276596
15440 1.48936170212766
15441 9.09872340425532
15441 1.26553191489362
15441 25.7642553191489
15441 17.4297872340426
15441 13.0817021276596
15441 1.48936170212766
15502 9.09872340425532
15502 1.26553191489362
15502 25.7642553191489
15502 17.4297872340426
15502 13.0817021276596
15502 1.48936170212766
15318 9.09872340425532
15318 1.26553191489362
15318 25.7642553191489
15318 17.4297872340426
15318 13.0817021276596
15318 1.48936170212766
15442 9.09872340425532
15442 1.26553191489362
15442 25.7642553191489
15442 17.4297872340426
15442 13.0817021276596
15442 1.48936170212766
15503 9.09872340425532
15503 1.26553191489362
15503 25.7642553191489
15503 17.4297872340426
15503 13.0817021276596
15503 1.48936170212766
15320 9.09872340425532
15320 1.26553191489362
15320 25.7642553191489
15320 17.4297872340426
15320 13.0817021276596
15320 1.48936170212766
15504 9.09872340425532
15504 1.26553191489362
15504 25.7642553191489
15504 17.4297872340426
15504 13.0817021276596
15504 1.48936170212766
15444 9.09872340425532
15444 1.26553191489362
15444 25.7642553191489
15444 17.4297872340426
15444 13.0817021276596
15444 1.48936170212766
15505 9.09872340425532
15505 1.26553191489362
15505 25.7642553191489
15505 17.4297872340426
15505 13.0817021276596
15505 1.48936170212766
15322 9.09872340425532
15322 1.26553191489362
15322 25.7642553191489
15322 17.4297872340426
15322 13.0817021276596
15322 1.48936170212766
15506 9.09872340425532
15506 1.26553191489362
15506 25.7642553191489
15506 17.4297872340426
15506 13.0817021276596
15506 1.48936170212766
15446 9.09872340425532
15446 1.26553191489362
15446 25.7642553191489
15446 17.4297872340426
15446 13.0817021276596
15446 1.48936170212766
15507 9.09872340425532
15507 1.26553191489362
15507 25.7642553191489
15507 17.4297872340426
15507 13.0817021276596
15507 1.48936170212766
15508 9.09872340425532
15508 1.26553191489362
15508 25.7642553191489
15508 17.4297872340426
15508 13.0817021276596
15508 1.48936170212766
15569 9.09872340425532
15569 1.26553191489362
15569 25.7642553191489
15569 17.4297872340426
15569 13.0817021276596
15569 1.48936170212766
15387 9.09872340425532
15387 1.26553191489362
15387 25.7642553191489
15387 17.4297872340426
15387 13.0817021276596
15387 1.48936170212766
15388 9.09872340425532
15388 1.26553191489362
15388 25.7642553191489
15388 17.4297872340426
15388 13.0817021276596
15388 1.48936170212766
15570 9.09872340425532
15570 1.26553191489362
15570 25.7642553191489
15570 17.4297872340426
15570 13.0817021276596
15570 1.48936170212766
15510 9.09872340425532
15510 1.26553191489362
15510 25.7642553191489
15510 17.4297872340426
15510 13.0817021276596
15510 1.48936170212766
15389 9.09872340425532
15389 1.26553191489362
15389 25.7642553191489
15389 17.4297872340426
15389 13.0817021276596
15389 1.48936170212766
15571 9.09872340425532
15571 1.26553191489362
15571 25.7642553191489
15571 17.4297872340426
15571 13.0817021276596
15571 1.48936170212766
15511 9.09872340425532
15511 1.26553191489362
15511 25.7642553191489
15511 17.4297872340426
15511 13.0817021276596
15511 1.48936170212766
15390 9.09872340425532
15390 1.26553191489362
15390 25.7642553191489
15390 17.4297872340426
15390 13.0817021276596
15390 1.48936170212766
15572 9.09872340425532
15572 1.26553191489362
15572 25.7642553191489
15572 17.4297872340426
15572 13.0817021276596
15572 1.48936170212766
15512 9.09872340425532
15512 1.26553191489362
15512 25.7642553191489
15512 17.4297872340426
15512 13.0817021276596
15512 1.48936170212766
15573 9.09872340425532
15573 1.26553191489362
15573 25.7642553191489
15573 17.4297872340426
15573 13.0817021276596
15573 1.48936170212766
15574 9.09872340425532
15574 1.26553191489362
15574 25.7642553191489
15574 17.4297872340426
15574 13.0817021276596
15574 1.48936170212766
15575 9.09872340425532
15575 1.26553191489362
15575 25.7642553191489
15575 17.4297872340426
15575 13.0817021276596
15575 1.48936170212766
15454 9.09872340425532
15454 1.26553191489362
15454 25.7642553191489
15454 17.4297872340426
15454 13.0817021276596
15454 1.48936170212766
15576 9.09872340425532
15576 1.26553191489362
15576 25.7642553191489
15576 17.4297872340426
15576 13.0817021276596
15576 1.48936170212766
15638 9.09872340425532
15638 1.26553191489362
15638 25.7642553191489
15638 17.4297872340426
15638 13.0817021276596
15638 1.48936170212766
15455 9.09872340425532
15455 1.26553191489362
15455 25.7642553191489
15455 17.4297872340426
15455 13.0817021276596
15455 1.48936170212766
15577 9.09872340425532
15577 1.26553191489362
15577 25.7642553191489
15577 17.4297872340426
15577 13.0817021276596
15577 1.48936170212766
15456 9.09872340425532
15456 1.26553191489362
15456 25.7642553191489
15456 17.4297872340426
15456 13.0817021276596
15456 1.48936170212766
15639 9.09872340425532
15639 1.26553191489362
15639 25.7642553191489
15639 17.4297872340426
15639 13.0817021276596
15639 1.48936170212766
15578 9.09872340425532
15578 1.26553191489362
15578 25.7642553191489
15578 17.4297872340426
15578 13.0817021276596
15578 1.48936170212766
15457 9.09872340425532
15457 1.26553191489362
15457 25.7642553191489
15457 17.4297872340426
15457 13.0817021276596
15457 1.48936170212766
15640 9.09872340425532
15640 1.26553191489362
15640 25.7642553191489
15640 17.4297872340426
15640 13.0817021276596
15640 1.48936170212766
15641 9.09872340425532
15641 1.26553191489362
15641 25.7642553191489
15641 17.4297872340426
15641 13.0817021276596
15641 1.48936170212766
15642 9.09872340425532
15642 1.26553191489362
15642 25.7642553191489
15642 17.4297872340426
15642 13.0817021276596
15642 1.48936170212766
15643 9.09872340425532
15643 1.26553191489362
15643 25.7642553191489
15643 17.4297872340426
15643 13.0817021276596
15643 1.48936170212766
15644 9.09872340425532
15644 1.26553191489362
15644 25.7642553191489
15644 17.4297872340426
15644 13.0817021276596
15644 1.48936170212766
15704 9.09872340425532
15704 1.26553191489362
15704 25.7642553191489
15704 17.4297872340426
15704 13.0817021276596
15704 1.48936170212766
15521 9.09872340425532
15521 1.26553191489362
15521 25.7642553191489
15521 17.4297872340426
15521 13.0817021276596
15521 1.48936170212766
15645 9.09872340425532
15645 1.26553191489362
15645 25.7642553191489
15645 17.4297872340426
15645 13.0817021276596
15645 1.48936170212766
15705 9.09872340425532
15705 1.26553191489362
15705 25.7642553191489
15705 17.4297872340426
15705 13.0817021276596
15705 1.48936170212766
15646 9.09872340425532
15646 1.26553191489362
15646 25.7642553191489
15646 17.4297872340426
15646 13.0817021276596
15646 1.48936170212766
15523 9.09872340425532
15523 1.26553191489362
15523 25.7642553191489
15523 17.4297872340426
15523 13.0817021276596
15523 1.48936170212766
15706 9.09872340425532
15706 1.26553191489362
15706 25.7642553191489
15706 17.4297872340426
15706 13.0817021276596
15706 1.48936170212766
15707 9.09872340425532
15707 1.26553191489362
15707 25.7642553191489
15707 17.4297872340426
15707 13.0817021276596
15707 1.48936170212766
15708 9.09872340425532
15708 1.26553191489362
15708 25.7642553191489
15708 17.4297872340426
15708 13.0817021276596
15708 1.48936170212766
15709 9.09872340425532
15709 1.26553191489362
15709 25.7642553191489
15709 17.4297872340426
15709 13.0817021276596
15709 1.48936170212766
15710 9.09872340425532
15710 1.26553191489362
15710 25.7642553191489
15710 17.4297872340426
15710 13.0817021276596
15710 1.48936170212766
15589 9.09872340425532
15589 1.26553191489362
15589 25.7642553191489
15589 17.4297872340426
15589 13.0817021276596
15589 1.48936170212766
15711 9.09872340425532
15711 1.26553191489362
15711 25.7642553191489
15711 17.4297872340426
15711 13.0817021276596
15711 1.48936170212766
15771 9.09872340425532
15771 1.26553191489362
15771 25.7642553191489
15771 17.4297872340426
15771 13.0817021276596
15771 1.48936170212766
15590 9.09872340425532
15590 1.26553191489362
15590 25.7642553191489
15590 17.4297872340426
15590 13.0817021276596
15590 1.48936170212766
15712 9.09872340425532
15712 1.26553191489362
15712 25.7642553191489
15712 17.4297872340426
15712 13.0817021276596
15712 1.48936170212766
15591 9.09872340425532
15591 1.26553191489362
15591 25.7642553191489
15591 17.4297872340426
15591 13.0817021276596
15591 1.48936170212766
15772 9.09872340425532
15772 1.26553191489362
15772 25.7642553191489
15772 17.4297872340426
15772 13.0817021276596
15772 1.48936170212766
15773 9.09872340425532
15773 1.26553191489362
15773 25.7642553191489
15773 17.4297872340426
15773 13.0817021276596
15773 1.48936170212766
15774 9.09872340425532
15774 1.26553191489362
15774 25.7642553191489
15774 17.4297872340426
15774 13.0817021276596
15774 1.48936170212766
15775 9.09872340425532
15775 1.26553191489362
15775 25.7642553191489
15775 17.4297872340426
15775 13.0817021276596
15775 1.48936170212766
15776 9.09872340425532
15776 1.26553191489362
15776 25.7642553191489
15776 17.4297872340426
15776 13.0817021276596
15776 1.48936170212766
15777 9.09872340425532
15777 1.26553191489362
15777 25.7642553191489
15777 17.4297872340426
15777 13.0817021276596
15777 1.48936170212766
15834 9.09872340425532
15834 1.26553191489362
15834 25.7642553191489
15834 17.4297872340426
15834 13.0817021276596
15834 1.48936170212766
15778 9.09872340425532
15778 1.26553191489362
15778 25.7642553191489
15778 17.4297872340426
15778 13.0817021276596
15778 1.48936170212766
15835 9.09872340425532
15835 1.26553191489362
15835 25.7642553191489
15835 17.4297872340426
15835 13.0817021276596
15835 1.48936170212766
15656 9.09872340425532
15656 1.26553191489362
15656 25.7642553191489
15656 17.4297872340426
15656 13.0817021276596
15656 1.48936170212766
15836 9.09872340425532
15836 1.26553191489362
15836 25.7642553191489
15836 17.4297872340426
15836 13.0817021276596
15836 1.48936170212766
15837 9.09872340425532
15837 1.26553191489362
15837 25.7642553191489
15837 17.4297872340426
15837 13.0817021276596
15837 1.48936170212766
15838 9.09872340425532
15838 1.26553191489362
15838 25.7642553191489
15838 17.4297872340426
15838 13.0817021276596
15838 1.48936170212766
15839 9.09872340425532
15839 1.26553191489362
15839 25.7642553191489
15839 17.4297872340426
15839 13.0817021276596
15839 1.48936170212766
15840 9.09872340425532
15840 1.26553191489362
15840 25.7642553191489
15840 17.4297872340426
15840 13.0817021276596
15840 1.48936170212766
15721 9.09872340425532
15721 1.26553191489362
15721 25.7642553191489
15721 17.4297872340426
15721 13.0817021276596
15721 1.48936170212766
15841 9.09872340425532
15841 1.26553191489362
15841 25.7642553191489
15841 17.4297872340426
15841 13.0817021276596
15841 1.48936170212766
15898 9.09872340425532
15898 1.26553191489362
15898 25.7642553191489
15898 17.4297872340426
15898 13.0817021276596
15898 1.48936170212766
15842 9.09872340425532
15842 1.26553191489362
15842 25.7642553191489
15842 17.4297872340426
15842 13.0817021276596
15842 1.48936170212766
15900 9.09872340425532
15900 1.26553191489362
15900 25.7642553191489
15900 17.4297872340426
15900 13.0817021276596
15900 1.48936170212766
15901 9.09872340425532
15901 1.26553191489362
15901 25.7642553191489
15901 17.4297872340426
15901 13.0817021276596
15901 1.48936170212766
15902 9.09872340425532
15902 1.26553191489362
15902 25.7642553191489
15902 17.4297872340426
15902 13.0817021276596
15902 1.48936170212766
15903 9.09872340425532
15903 1.26553191489362
15903 25.7642553191489
15903 17.4297872340426
15903 13.0817021276596
15903 1.48936170212766
15786 9.09872340425532
15786 1.26553191489362
15786 25.7642553191489
15786 17.4297872340426
15786 13.0817021276596
15786 1.48936170212766
15904 9.09872340425532
15904 1.26553191489362
15904 25.7642553191489
15904 17.4297872340426
15904 13.0817021276596
15904 1.48936170212766
15966 9.09872340425532
15966 1.26553191489362
15966 25.7642553191489
15966 17.4297872340426
15966 13.0817021276596
15966 1.48936170212766
15905 9.09872340425532
15905 1.26553191489362
15905 25.7642553191489
15905 17.4297872340426
15905 13.0817021276596
15905 1.48936170212766
15967 9.09872340425532
15967 1.26553191489362
15967 25.7642553191489
15967 17.4297872340426
15967 13.0817021276596
15967 1.48936170212766
15906 9.09872340425532
15906 1.26553191489362
15906 25.7642553191489
15906 17.4297872340426
15906 13.0817021276596
15906 1.48936170212766
15968 9.09872340425532
15968 1.26553191489362
15968 25.7642553191489
15968 17.4297872340426
15968 13.0817021276596
15968 1.48936170212766
15969 9.09872340425532
15969 1.26553191489362
15969 25.7642553191489
15969 17.4297872340426
15969 13.0817021276596
15969 1.48936170212766
15970 9.09872340425532
15970 1.26553191489362
15970 25.7642553191489
15970 17.4297872340426
15970 13.0817021276596
15970 1.48936170212766
15848 9.09872340425532
15848 1.26553191489362
15848 25.7642553191489
15848 17.4297872340426
15848 13.0817021276596
15848 1.48936170212766
15971 9.09872340425532
15971 1.26553191489362
15971 25.7642553191489
15971 17.4297872340426
15971 13.0817021276596
15971 1.48936170212766
15972 9.09872340425532
15972 1.26553191489362
15972 25.7642553191489
15972 17.4297872340426
15972 13.0817021276596
15972 1.48936170212766
15973 9.09872340425532
15973 1.26553191489362
15973 25.7642553191489
15973 17.4297872340426
15973 13.0817021276596
15973 1.48936170212766
16031 9.09872340425532
16031 1.26553191489362
16031 25.7642553191489
16031 17.4297872340426
16031 13.0817021276596
16031 1.48936170212766
16032 9.09872340425532
16032 1.26553191489362
16032 25.7642553191489
16032 17.4297872340426
16032 13.0817021276596
16032 1.48936170212766
15975 9.09872340425532
15975 1.26553191489362
15975 25.7642553191489
15975 17.4297872340426
15975 13.0817021276596
15975 1.48936170212766
15913 9.09872340425532
15913 1.26553191489362
15913 25.7642553191489
15913 17.4297872340426
15913 13.0817021276596
15913 1.48936170212766
16033 9.09872340425532
16033 1.26553191489362
16033 25.7642553191489
16033 17.4297872340426
16033 13.0817021276596
16033 1.48936170212766
15976 9.09872340425532
15976 1.26553191489362
15976 25.7642553191489
15976 17.4297872340426
15976 13.0817021276596
15976 1.48936170212766
16034 9.09872340425532
16034 1.26553191489362
16034 25.7642553191489
16034 17.4297872340426
16034 13.0817021276596
16034 1.48936170212766
15915 9.09872340425532
15915 1.26553191489362
15915 25.7642553191489
15915 17.4297872340426
15915 13.0817021276596
15915 1.48936170212766
16035 9.09872340425532
16035 1.26553191489362
16035 25.7642553191489
16035 17.4297872340426
16035 13.0817021276596
16035 1.48936170212766
16036 9.09872340425532
16036 1.26553191489362
16036 25.7642553191489
16036 17.4297872340426
16036 13.0817021276596
16036 1.48936170212766
16037 9.09872340425532
16037 1.26553191489362
16037 25.7642553191489
16037 17.4297872340426
16037 13.0817021276596
16037 1.48936170212766
16096 9.09872340425532
16096 1.26553191489362
16096 25.7642553191489
16096 17.4297872340426
16096 13.0817021276596
16096 1.48936170212766
16039 9.09872340425532
16039 1.26553191489362
16039 25.7642553191489
16039 17.4297872340426
16039 13.0817021276596
16039 1.48936170212766
16097 9.09872340425532
16097 1.26553191489362
16097 25.7642553191489
16097 17.4297872340426
16097 13.0817021276596
16097 1.48936170212766
16040 9.09872340425532
16040 1.26553191489362
16040 25.7642553191489
16040 17.4297872340426
16040 13.0817021276596
16040 1.48936170212766
15981 9.09872340425532
15981 1.26553191489362
15981 25.7642553191489
15981 17.4297872340426
15981 13.0817021276596
15981 1.48936170212766
16098 9.09872340425532
16098 1.26553191489362
16098 25.7642553191489
16098 17.4297872340426
16098 13.0817021276596
16098 1.48936170212766
15983 9.09872340425532
15983 1.26553191489362
15983 25.7642553191489
15983 17.4297872340426
15983 13.0817021276596
15983 1.48936170212766
16101 9.09872340425532
16101 1.26553191489362
16101 25.7642553191489
16101 17.4297872340426
16101 13.0817021276596
16101 1.48936170212766
16103 9.09872340425532
16103 1.26553191489362
16103 25.7642553191489
16103 17.4297872340426
16103 13.0817021276596
16103 1.48936170212766
16104 9.09872340425532
16104 1.26553191489362
16104 25.7642553191489
16104 17.4297872340426
16104 13.0817021276596
16104 1.48936170212766
16045 9.09872340425532
16045 1.26553191489362
16045 25.7642553191489
16045 17.4297872340426
16045 13.0817021276596
16045 1.48936170212766
16164 9.09872340425532
16164 1.26553191489362
16164 25.7642553191489
16164 17.4297872340426
16164 13.0817021276596
16164 1.48936170212766
16046 9.09872340425532
16046 1.26553191489362
16046 25.7642553191489
16046 17.4297872340426
16046 13.0817021276596
16046 1.48936170212766
16165 9.09872340425532
16165 1.26553191489362
16165 25.7642553191489
16165 17.4297872340426
16165 13.0817021276596
16165 1.48936170212766
16047 9.09872340425532
16047 1.26553191489362
16047 25.7642553191489
16047 17.4297872340426
16047 13.0817021276596
16047 1.48936170212766
16168 9.09872340425532
16168 1.26553191489362
16168 25.7642553191489
16168 17.4297872340426
16168 13.0817021276596
16168 1.48936170212766
16169 9.09872340425532
16169 1.26553191489362
16169 25.7642553191489
16169 17.4297872340426
16169 13.0817021276596
16169 1.48936170212766
16170 9.09872340425532
16170 1.26553191489362
16170 25.7642553191489
16170 17.4297872340426
16170 13.0817021276596
16170 1.48936170212766
16109 9.09872340425532
16109 1.26553191489362
16109 25.7642553191489
16109 17.4297872340426
16109 13.0817021276596
16109 1.48936170212766
16171 9.09872340425532
16171 1.26553191489362
16171 25.7642553191489
16171 17.4297872340426
16171 13.0817021276596
16171 1.48936170212766
16110 9.09872340425532
16110 1.26553191489362
16110 25.7642553191489
16110 17.4297872340426
16110 13.0817021276596
16110 1.48936170212766
16111 9.09872340425532
16111 1.26553191489362
16111 25.7642553191489
16111 17.4297872340426
16111 13.0817021276596
16111 1.48936170212766
16232 9.09872340425532
16232 1.26553191489362
16232 25.7642553191489
16232 17.4297872340426
16232 13.0817021276596
16232 1.48936170212766
16175 9.09872340425532
16175 1.26553191489362
16175 25.7642553191489
16175 17.4297872340426
16175 13.0817021276596
16175 1.48936170212766
16234 9.09872340425532
16234 1.26553191489362
16234 25.7642553191489
16234 17.4297872340426
16234 13.0817021276596
16234 1.48936170212766
16176 9.09872340425532
16176 1.26553191489362
16176 25.7642553191489
16176 17.4297872340426
16176 13.0817021276596
16176 1.48936170212766
16292 9.09872340425532
16292 1.26553191489362
16292 25.7642553191489
16292 17.4297872340426
16292 13.0817021276596
16292 1.48936170212766
16177 9.09872340425532
16177 1.26553191489362
16177 25.7642553191489
16177 17.4297872340426
16177 13.0817021276596
16177 1.48936170212766
16293 9.09872340425532
16293 1.26553191489362
16293 25.7642553191489
16293 17.4297872340426
16293 13.0817021276596
16293 1.48936170212766
16178 9.09872340425532
16178 1.26553191489362
16178 25.7642553191489
16178 17.4297872340426
16178 13.0817021276596
16178 1.48936170212766
16294 9.09872340425532
16294 1.26553191489362
16294 25.7642553191489
16294 17.4297872340426
16294 13.0817021276596
16294 1.48936170212766
16297 9.09872340425532
16297 1.26553191489362
16297 25.7642553191489
16297 17.4297872340426
16297 13.0817021276596
16297 1.48936170212766
16237 9.09872340425532
16237 1.26553191489362
16237 25.7642553191489
16237 17.4297872340426
16237 13.0817021276596
16237 1.48936170212766
16298 9.09872340425532
16298 1.26553191489362
16298 25.7642553191489
16298 17.4297872340426
16298 13.0817021276596
16298 1.48936170212766
16356 9.09872340425532
16356 1.26553191489362
16356 25.7642553191489
16356 17.4297872340426
16356 13.0817021276596
16356 1.48936170212766
16240 9.09872340425532
16240 1.26553191489362
16240 25.7642553191489
16240 17.4297872340426
16240 13.0817021276596
16240 1.48936170212766
16357 9.09872340425532
16357 1.26553191489362
16357 25.7642553191489
16357 17.4297872340426
16357 13.0817021276596
16357 1.48936170212766
16358 9.09872340425532
16358 1.26553191489362
16358 25.7642553191489
16358 17.4297872340426
16358 13.0817021276596
16358 1.48936170212766
16360 9.09872340425532
16360 1.26553191489362
16360 25.7642553191489
16360 17.4297872340426
16360 13.0817021276596
16360 1.48936170212766
16301 9.09872340425532
16301 1.26553191489362
16301 25.7642553191489
16301 17.4297872340426
16301 13.0817021276596
16301 1.48936170212766
16361 9.09872340425532
16361 1.26553191489362
16361 25.7642553191489
16361 17.4297872340426
16361 13.0817021276596
16361 1.48936170212766
16302 9.09872340425532
16302 1.26553191489362
16302 25.7642553191489
16302 17.4297872340426
16302 13.0817021276596
16302 1.48936170212766
16362 9.09872340425532
16362 1.26553191489362
16362 25.7642553191489
16362 17.4297872340426
16362 13.0817021276596
16362 1.48936170212766
16303 9.09872340425532
16303 1.26553191489362
16303 25.7642553191489
16303 17.4297872340426
16303 13.0817021276596
16303 1.48936170212766
16421 9.09872340425532
16421 1.26553191489362
16421 25.7642553191489
16421 17.4297872340426
16421 13.0817021276596
16421 1.48936170212766
16306 9.09872340425532
16306 1.26553191489362
16306 25.7642553191489
16306 17.4297872340426
16306 13.0817021276596
16306 1.48936170212766
16422 9.09872340425532
16422 1.26553191489362
16422 25.7642553191489
16422 17.4297872340426
16422 13.0817021276596
16422 1.48936170212766
16423 9.09872340425532
16423 1.26553191489362
16423 25.7642553191489
16423 17.4297872340426
16423 13.0817021276596
16423 1.48936170212766
16364 9.09872340425532
16364 1.26553191489362
16364 25.7642553191489
16364 17.4297872340426
16364 13.0817021276596
16364 1.48936170212766
16424 9.09872340425532
16424 1.26553191489362
16424 25.7642553191489
16424 17.4297872340426
16424 13.0817021276596
16424 1.48936170212766
16365 9.09872340425532
16365 1.26553191489362
16365 25.7642553191489
16365 17.4297872340426
16365 13.0817021276596
16365 1.48936170212766
16425 9.09872340425532
16425 1.26553191489362
16425 25.7642553191489
16425 17.4297872340426
16425 13.0817021276596
16425 1.48936170212766
16366 9.09872340425532
16366 1.26553191489362
16366 25.7642553191489
16366 17.4297872340426
16366 13.0817021276596
16366 1.48936170212766
16367 9.09872340425532
16367 1.26553191489362
16367 25.7642553191489
16367 17.4297872340426
16367 13.0817021276596
16367 1.48936170212766
16368 9.09872340425532
16368 1.26553191489362
16368 25.7642553191489
16368 17.4297872340426
16368 13.0817021276596
16368 1.48936170212766
16369 9.09872340425532
16369 1.26553191489362
16369 25.7642553191489
16369 17.4297872340426
16369 13.0817021276596
16369 1.48936170212766
16484 9.09872340425532
16484 1.26553191489362
16484 25.7642553191489
16484 17.4297872340426
16484 13.0817021276596
16484 1.48936170212766
16370 9.09872340425532
16370 1.26553191489362
16370 25.7642553191489
16370 17.4297872340426
16370 13.0817021276596
16370 1.48936170212766
16485 9.09872340425532
16485 1.26553191489362
16485 25.7642553191489
16485 17.4297872340426
16485 13.0817021276596
16485 1.48936170212766
16486 9.09872340425532
16486 1.26553191489362
16486 25.7642553191489
16486 17.4297872340426
16486 13.0817021276596
16486 1.48936170212766
16427 9.09872340425532
16427 1.26553191489362
16427 25.7642553191489
16427 17.4297872340426
16427 13.0817021276596
16427 1.48936170212766
16487 9.09872340425532
16487 1.26553191489362
16487 25.7642553191489
16487 17.4297872340426
16487 13.0817021276596
16487 1.48936170212766
16428 9.09872340425532
16428 1.26553191489362
16428 25.7642553191489
16428 17.4297872340426
16428 13.0817021276596
16428 1.48936170212766
16429 9.09872340425532
16429 1.26553191489362
16429 25.7642553191489
16429 17.4297872340426
16429 13.0817021276596
16429 1.48936170212766
16430 9.09872340425532
16430 1.26553191489362
16430 25.7642553191489
16430 17.4297872340426
16430 13.0817021276596
16430 1.48936170212766
16431 9.09872340425532
16431 1.26553191489362
16431 25.7642553191489
16431 17.4297872340426
16431 13.0817021276596
16431 1.48936170212766
16545 9.09872340425532
16545 1.26553191489362
16545 25.7642553191489
16545 17.4297872340426
16545 13.0817021276596
16545 1.48936170212766
16546 9.09872340425532
16546 1.26553191489362
16546 25.7642553191489
16546 17.4297872340426
16546 13.0817021276596
16546 1.48936170212766
16490 9.09872340425532
16490 1.26553191489362
16490 25.7642553191489
16490 17.4297872340426
16490 13.0817021276596
16490 1.48936170212766
16547 9.09872340425532
16547 1.26553191489362
16547 25.7642553191489
16547 17.4297872340426
16547 13.0817021276596
16547 1.48936170212766
16491 9.09872340425532
16491 1.26553191489362
16491 25.7642553191489
16491 17.4297872340426
16491 13.0817021276596
16491 1.48936170212766
16548 9.09872340425532
16548 1.26553191489362
16548 25.7642553191489
16548 17.4297872340426
16548 13.0817021276596
16548 1.48936170212766
16492 9.09872340425532
16492 1.26553191489362
16492 25.7642553191489
16492 17.4297872340426
16492 13.0817021276596
16492 1.48936170212766
16493 9.09872340425532
16493 1.26553191489362
16493 25.7642553191489
16493 17.4297872340426
16493 13.0817021276596
16493 1.48936170212766
16598 9.09872340425532
16598 1.26553191489362
16598 25.7642553191489
16598 17.4297872340426
16598 13.0817021276596
16598 1.48936170212766
16599 9.09872340425532
16599 1.26553191489362
16599 25.7642553191489
16599 17.4297872340426
16599 13.0817021276596
16599 1.48936170212766
16600 9.09872340425532
16600 1.26553191489362
16600 25.7642553191489
16600 17.4297872340426
16600 13.0817021276596
16600 1.48936170212766
16601 9.09872340425532
16601 1.26553191489362
16601 25.7642553191489
16601 17.4297872340426
16601 13.0817021276596
16601 1.48936170212766
16552 9.09872340425532
16552 1.26553191489362
16552 25.7642553191489
16552 17.4297872340426
16552 13.0817021276596
16552 1.48936170212766
16650 9.09872340425532
16650 1.26553191489362
16650 25.7642553191489
16650 17.4297872340426
16650 13.0817021276596
16650 1.48936170212766
16651 9.09872340425532
16651 1.26553191489362
16651 25.7642553191489
16651 17.4297872340426
16651 13.0817021276596
16651 1.48936170212766
16652 9.09872340425532
16652 1.26553191489362
16652 25.7642553191489
16652 17.4297872340426
16652 13.0817021276596
16652 1.48936170212766
16653 9.09872340425532
16653 1.26553191489362
16653 25.7642553191489
16653 17.4297872340426
16653 13.0817021276596
16653 1.48936170212766
16706 9.09872340425532
16706 1.26553191489362
16706 25.7642553191489
16706 17.4297872340426
16706 13.0817021276596
16706 1.48936170212766
16707 9.09872340425532
16707 1.26553191489362
16707 25.7642553191489
16707 17.4297872340426
16707 13.0817021276596
16707 1.48936170212766
16708 9.09872340425532
16708 1.26553191489362
16708 25.7642553191489
16708 17.4297872340426
16708 13.0817021276596
16708 1.48936170212766
16711 9.09872340425532
16711 1.26553191489362
16711 25.7642553191489
16711 17.4297872340426
16711 13.0817021276596
16711 1.48936170212766
16754 9.09872340425532
16754 1.26553191489362
16754 25.7642553191489
16754 17.4297872340426
16754 13.0817021276596
16754 1.48936170212766
16755 9.09872340425532
16755 1.26553191489362
16755 25.7642553191489
16755 17.4297872340426
16755 13.0817021276596
16755 1.48936170212766
16756 9.09872340425532
16756 1.26553191489362
16756 25.7642553191489
16756 17.4297872340426
16756 13.0817021276596
16756 1.48936170212766
16757 9.09872340425532
16757 1.26553191489362
16757 25.7642553191489
16757 17.4297872340426
16757 13.0817021276596
16757 1.48936170212766
16800 9.09872340425532
16800 1.26553191489362
16800 25.7642553191489
16800 17.4297872340426
16800 13.0817021276596
16800 1.48936170212766
16801 9.09872340425532
16801 1.26553191489362
16801 25.7642553191489
16801 17.4297872340426
16801 13.0817021276596
16801 1.48936170212766
16802 9.09872340425532
16802 1.26553191489362
16802 25.7642553191489
16802 17.4297872340426
16802 13.0817021276596
16802 1.48936170212766
16803 9.09872340425532
16803 1.26553191489362
16803 25.7642553191489
16803 17.4297872340426
16803 13.0817021276596
16803 1.48936170212766
16805 9.09872340425532
16805 1.26553191489362
16805 25.7642553191489
16805 17.4297872340426
16805 13.0817021276596
16805 1.48936170212766
16845 9.09872340425532
16845 1.26553191489362
16845 25.7642553191489
16845 17.4297872340426
16845 13.0817021276596
16845 1.48936170212766
16846 9.09872340425532
16846 1.26553191489362
16846 25.7642553191489
16846 17.4297872340426
16846 13.0817021276596
16846 1.48936170212766
16887 9.09872340425532
16887 1.26553191489362
16887 25.7642553191489
16887 17.4297872340426
16887 13.0817021276596
16887 1.48936170212766
