pt_graph freq
10266 1
10267 1
10268 1
10269 1
10351 1
10353 1
10354 1
10355 1
10437 1
10439 1
10440 1
10441 1
10442 1
10525 1
10526 1
10529 1
10530 1
10531 1
10533 1
10534 1
10537 1
10538 1
10539 1
10617 1
10618 1
10619 1
10620 1
10623 1
10624 1
10625 1
10626 1
10628 1
10629 1
10706 1
10707 1
10709 1
10710 1
10711 1
10714 1
10715 1
10716 1
10718 1
10719 1
10794 1
10795 1
10796 1
10797 1
10801 1
10802 1
10803 1
10805 1
10806 1
10807 1
10866 1
10867 1
10868 1
10874 1
10875 1
10881 1
10882 1
10883 1
10888 1
10889 1
10890 1
10891 1
10947 1
10948 1
10949 1
10950 1
10963 1
10964 1
10965 1
10966 1
10967 1
10968 1
10969 1
10970 1
10971 1
10972 1
10973 1
10974 1
11029 1
11030 1
11031 1
11032 1
11045 1
11047 1
11048 1
11049 1
11052 1
11053 1
11054 1
11111 1
11112 1
11113 1
11134 1
11135 1
11136 1
11138 1
11217 1
11218 1
11219 1
11220 1
11221 1
11223 1
11224 1
11225 1
11226 1
11304 1
11305 1
11306 1
11307 1
11308 1
11309 1
11310 1
11311 1
11312 1
11313 1
11314 1
11393 1
11394 1
11395 1
11396 1
11471 1
11472 1
11473 1
11691 1
11697 1
11698 1
11765 1
11766 1
11767 1
11776 1
11844 1
11845 1
11855 1
11856 1
11919 1
11920 1
11921 1
11922 1
11923 1
11924 1
11925 1
11926 1
11927 1
11928 1
11929 1
11930 1
11931 1
11996 1
11997 1
11998 1
12000 1
12001 1
12002 1
12003 1
12004 1
12005 1
12006 1
12007 1
12008 1
12009 1
12010 1
12011 1
12073 1
12075 1
12076 1
12077 1
12078 1
12079 1
12080 1
12081 1
12082 1
12083 1
12084 1
12145 1
12146 1
12147 1
12148 1
12150 1
12151 1
12152 1
12153 1
12154 1
12156 1
12157 1
12158 1
12159 1
12160 1
12220 1
12221 1
12225 1
12285 1
12289 1
12290 1
12351 1
12412 1
12472 1
12473 1
12529 1
12530 1
12533 1
12534 1
12589 1
12590 1
12591 1
12592 1
12593 1
12594 1
12595 1
12596 1
12648 1
12649 1
12650 1
12651 1
12652 1
12655 1
12656 1
12657 1
12707 1
12708 1
12709 1
12710 1
12711 1
12712 1
12713 1
12714 1
12715 1
12716 1
12768 1
12769 1
12770 1
12771 1
12772 1
12773 1
12774 1
12775 1
12829 1
12830 1
12831 1
12832 1
12833 1
12834 1
12835 1
12836 1
12888 1
12889 1
12890 1
12892 1
12893 1
12894 1
12895 1
12896 1
12948 1
12949 1
12951 1
12952 1
12953 1
12954 1
12955 1
13007 1
13008 1
13011 1
13012 1
13013 1
13014 1
13015 1
13063 1
13064 1
13065 1
13067 1
13068 1
13069 1
13070 1
13071 1
13122 1
13123 1
13124 1
13125 1
13126 1
13127 1
13128 1
13129 1
13130 1
13181 1
13182 1
13185 1
13186 1
13187 1
13188 1
13189 1
13190 1
13239 1
13240 1
13241 1
13244 1
13245 1
13246 1
13298 1
13299 1
13300 1
13302 1
13303 1
13304 1
13305 1
13306 1
13307 1
13358 1
13359 1
13360 1
13361 1
13364 1
13365 1
13366 1
13367 1
13417 1
13418 1
13421 1
13422 1
13423 1
13425 1
13426 1
13478 1
13479 1
13480 1
13481 1
13482 1
13483 1
13533 1
13534 1
13537 1
13538 1
13539 1
13591 1
13592 1
13593 1
13595 1
13596 1
13648 1
13651 1
13652 1
13653 1
13654 1
13656 1
13707 1
13710 1
13712 1
13714 1
13715 1
13771 1
13772 1
13774 1
13826 1
13831 1
13832 1
13833 1
13886 1
13887 1
13891 1
13943 1
13944 1
13946 1
13947 1
13948 1
13950 1
14003 1
14004 1
14005 1
14006 1
14007 1
14008 1
14009 1
14010 1
14011 1
14012 1
14065 1
14066 1
14067 1
14068 1
14069 1
14071 1
14072 1
14073 1
14127 1
14128 1
14130 1
14131 1
14132 1
14133 1
14190 1
14191 1
14192 1
14193 1
14195 1
14196 1
14197 1
14198 1
14199 1
14255 1
14256 1
14257 1
14258 1
14260 1
14261 1
14262 1
14263 1
14264 1
14265 1
14266 1
14322 1
14323 1
14324 1
14325 1
14326 1
14327 1
14328 1
14329 1
14330 1
14331 1
14332 1
14334 1
14392 1
14393 1
14394 1
14395 1
14396 1
14397 1
14398 1
14399 1
14400 1
14401 1
14402 1
14403 1
14404 1
14405 1
14461 1
14462 1
14463 1
14464 1
14465 1
14466 1
14467 1
14468 1
14469 1
14470 1
14471 1
14472 1
14473 1
14475 1
14476 1
14478 1
14479 1
14480 1
14535 1
14536 1
14537 1
14538 1
14539 1
14540 1
14541 1
14542 1
14543 1
14544 1
14545 1
14547 1
14548 1
14549 1
14550 1
14607 1
14608 1
14609 1
14610 1
14611 1
14612 1
14613 1
14614 1
14615 1
14616 1
14617 1
14618 1
14619 1
14621 1
14622 1
14677 1
14678 1
14679 1
14680 1
14681 1
14682 1
14683 1
14684 1
14685 1
14686 1
14687 1
14688 1
14689 1
14690 1
14691 1
14746 1
14747 1
14749 1
14750 1
14751 1
14752 1
14753 1
14754 1
14755 1
14756 1
14757 1
14758 1
14759 1
14762 1
14818 1
14820 1
14821 1
14825 1
14826 1
14827 1
14828 1
14829 1
14831 1
14889 1
14890 1
14891 1
14892 1
14894 1
14895 1
14896 1
14897 1
14898 1
14899 1
14900 1
14901 1
14902 1
14960 1
14961 1
14962 1
14963 1
14965 1
14966 1
14968 1
14969 1
14970 1
14971 1
14973 1
14974 1
15030 1
15031 1
15032 1
15033 1
15034 1
15035 1
15036 1
15037 1
15038 1
15039 1
15040 1
15041 1
15042 1
15044 1
15101 1
15102 1
15103 1
15104 1
15105 1
15106 1
15107 1
15108 1
15109 1
15110 1
15112 1
15113 1
15115 1
15171 1
15172 1
15173 1
15174 1
15176 1
15177 1
15178 1
15179 1
15180 1
15181 1
15182 1
15183 1
15184 1
15186 1
15242 1
15243 1
15244 1
15246 1
15247 1
15248 1
15249 1
15250 1
15251 1
15252 1
15253 1
15254 1
15309 1
15310 1
15311 1
15312 1
15314 1
15315 1
15316 1
15317 1
15318 1
15319 1
15320 1
15321 1
15322 1
15324 1
15378 1
15379 1
15380 1
15382 1
15383 1
15384 1
15385 1
15386 1
15387 1
15388 1
15389 1
15390 1
15391 1
15444 1
15445 1
15446 1
15447 1
15448 1
15449 1
15450 1
15451 1
15452 1
15453 1
15454 1
15455 1
15456 1
15457 1
15458 1
15459 1
15512 1
15514 1
15515 1
15516 1
15517 1
15518 1
15519 1
15520 1
15521 1
15522 1
15523 1
15524 1
15525 1
15527 1
15577 1
15578 1
15579 1
15581 1
15582 1
15583 1
15586 1
15587 1
15588 1
15589 1
15590 1
15591 1
15592 1
15593 1
15594 1
15595 1
15646 1
15647 1
15648 1
15649 1
15650 1
15652 1
15653 1
15654 1
15655 1
15656 1
15658 1
15659 1
15660 1
15661 1
15712 1
15713 1
15714 1
15715 1
15716 1
15717 1
15718 1
15719 1
15720 1
15721 1
15722 1
15723 1
15724 1
15725 1
15726 1
15727 1
15778 1
15779 1
15780 1
15781 1
15782 1
15783 1
15784 1
15785 1
15786 1
15787 1
15788 1
15789 1
15790 1
15791 1
15840 1
15841 1
15842 1
15843 1
15844 1
15845 1
15846 1
15847 1
15848 1
15849 1
15850 1
15851 1
15852 1
15854 1
15896 1
15897 1
15904 1
15905 1
15906 1
15907 1
15908 1
15909 1
15910 1
15912 1
15913 1
15914 1
15915 1
15916 1
15917 1
15918 1
15919 1
15921 1
15964 1
15965 1
15966 1
15967 1
15968 1
15972 1
15973 1
15974 1
15975 1
15976 1
15977 1
15978 1
15980 1
15981 1
15982 1
15983 1
15984 1
15985 1
15986 1
16027 1
16028 1
16029 1
16030 1
16031 1
16032 1
16033 1
16036 1
16037 1
16038 1
16039 1
16040 1
16041 1
16042 1
16044 1
16045 1
16046 1
16047 1
16048 1
16050 1
16051 1
16091 1
16092 1
16093 1
16094 1
16095 1
16096 1
16097 1
16098 1
16099 1
16100 1
16101 1
16102 1
16103 1
16104 1
16105 1
16106 1
16107 1
16109 1
16110 1
16111 1
16112 1
16113 1
16115 1
16116 1
16117 1
16158 1
16159 1
16160 1
16161 1
16162 1
16163 1
16164 1
16165 1
16166 1
16167 1
16168 1
16169 1
16170 1
16171 1
16172 1
16173 1
16174 1
16175 1
16176 1
16177 1
16178 1
16179 1
16180 1
16221 1
16222 1
16223 1
16224 1
16225 1
16226 1
16227 1
16228 1
16229 1
16230 1
16231 1
16232 1
16233 1
16234 1
16236 1
16237 1
16238 1
16239 1
16240 1
16241 1
16242 1
16243 1
16244 1
16245 1
16285 1
16286 1
16287 1
16288 1
16289 1
16291 1
16292 1
16293 1
16294 1
16295 1
16296 1
16297 1
16298 1
16299 1
16301 1
16302 1
16303 1
16304 1
16305 1
16306 1
16307 1
16308 1
16309 1
16349 1
16350 1
16351 1
16352 1
16354 1
16355 1
16356 1
16357 1
16358 1
16359 1
16360 1
16361 1
16362 1
16364 1
16365 1
16366 1
16367 1
16368 1
16369 1
16370 1
16371 1
16373 1
16374 1
16414 1
16415 1
16416 1
16418 1
16419 1
16420 1
16421 1
16422 1
16423 1
16424 1
16425 1
16427 1
16428 1
16429 1
16430 1
16431 1
16432 1
16434 1
16435 1
16436 1
16437 1
16438 1
16478 1
16479 1
16481 1
16482 1
16483 1
16484 1
16485 1
16486 1
16487 1
16488 1
16489 1
16490 1
16491 1
16492 1
16493 1
16494 1
16495 1
16497 1
16498 1
16499 1
16540 1
16541 1
16542 1
16543 1
16544 1
16545 1
16546 1
16547 1
16548 1
16550 1
16551 1
16552 1
16554 1
16555 1
16595 1
16596 1
16597 1
16598 1
16599 1
16600 1
16601 1
16602 1
16604 1
16605 1
16606 1
16607 1
16649 1
16650 1
16651 1
16652 1
16653 1
16654 1
16656 1
16657 1
16659 1
16661 1
16662 1
16663 1
16705 1
16706 1
16707 1
16708 1
16709 1
16710 1
16711 1
16714 1
16715 1
16753 1
16754 1
16755 1
16756 1
16757 1
16758 1
16759 1
16760 1
16761 1
16762 1
16800 1
16801 1
16802 1
16804 1
16805 1
16806 1
16807 1
16808 1
16809 1
16810 1
16844 1
16845 1
16846 1
16847 1
16848 1
16849 1
16850 1
16851 1
16852 1
16853 1
16886 1
16887 1
16889 1
16890 1
16892 1
16925 1
16927 1
16928 1
16929 1
16930 1
16932 1
16964 1
16966 1
16967 1
16968 1
16969 1
16970 1
17001 1
17002 1
17003 1
17004 1
17005 1
17006 1
17007 1
17045 1
17046 1
17047 1
17048 1
17049 1
17050 1
17051 1
17086 1
17087 1
17088 1
17089 1
17090 1
17091 1
17092 1
17128 1
17129 1
17130 1
17131 1
17132 1
17133 1
17134 1
17170 1
17171 1
17172 1
17173 1
17174 1
17213 1
18029 1
18060 1
18088 1
18092 1
18095 1
