pt_graph cpue_kghour
11589 2.27468085106383
11589 0.316382978723404
11589 6.44106382978723
11589 4.35744680851064
11589 3.27042553191489
11589 0.372340425531915
11590 2.27468085106383
11590 0.316382978723404
11590 6.44106382978723
11590 4.35744680851064
11590 3.27042553191489
11590 0.372340425531915
11591 2.27468085106383
11591 0.316382978723404
11591 6.44106382978723
11591 4.35744680851064
11591 3.27042553191489
11591 0.372340425531915
11592 2.27468085106383
11592 0.316382978723404
11592 6.44106382978723
11592 4.35744680851064
11592 3.27042553191489
11592 0.372340425531915
11593 2.27468085106383
11593 0.316382978723404
11593 6.44106382978723
11593 4.35744680851064
11593 3.27042553191489
11593 0.372340425531915
11594 2.27468085106383
11594 0.316382978723404
11594 6.44106382978723
11594 4.35744680851064
11594 3.27042553191489
11594 0.372340425531915
11595 2.27468085106383
11595 0.316382978723404
11595 6.44106382978723
11595 4.35744680851064
11595 3.27042553191489
11595 0.372340425531915
11596 2.27468085106383
11596 0.316382978723404
11596 6.44106382978723
11596 4.35744680851064
11596 3.27042553191489
11596 0.372340425531915
11663 2.27468085106383
11663 0.316382978723404
11663 6.44106382978723
11663 4.35744680851064
11663 3.27042553191489
11663 0.372340425531915
11664 2.27468085106383
11664 0.316382978723404
11664 6.44106382978723
11664 4.35744680851064
11664 3.27042553191489
11664 0.372340425531915
11665 2.27468085106383
11665 0.316382978723404
11665 6.44106382978723
11665 4.35744680851064
11665 3.27042553191489
11665 0.372340425531915
11666 2.27468085106383
11666 0.316382978723404
11666 6.44106382978723
11666 4.35744680851064
11666 3.27042553191489
11666 0.372340425531915
11667 2.27468085106383
11667 0.316382978723404
11667 6.44106382978723
11667 4.35744680851064
11667 3.27042553191489
11667 0.372340425531915
11668 2.27468085106383
11668 0.316382978723404
11668 6.44106382978723
11668 4.35744680851064
11668 3.27042553191489
11668 0.372340425531915
11669 2.27468085106383
11669 0.316382978723404
11669 6.44106382978723
11669 4.35744680851064
11669 3.27042553191489
11669 0.372340425531915
11670 2.27468085106383
11670 0.316382978723404
11670 6.44106382978723
11670 4.35744680851064
11670 3.27042553191489
11670 0.372340425531915
11738 2.27468085106383
11738 0.316382978723404
11738 6.44106382978723
11738 4.35744680851064
11738 3.27042553191489
11738 0.372340425531915
11671 2.27468085106383
11671 0.316382978723404
11671 6.44106382978723
11671 4.35744680851064
11671 3.27042553191489
11671 0.372340425531915
11739 2.27468085106383
11739 0.316382978723404
11739 6.44106382978723
11739 4.35744680851064
11739 3.27042553191489
11739 0.372340425531915
11672 2.27468085106383
11672 0.316382978723404
11672 6.44106382978723
11672 4.35744680851064
11672 3.27042553191489
11672 0.372340425531915
11740 2.27468085106383
11740 0.316382978723404
11740 6.44106382978723
11740 4.35744680851064
11740 3.27042553191489
11740 0.372340425531915
11673 2.27468085106383
11673 0.316382978723404
11673 6.44106382978723
11673 4.35744680851064
11673 3.27042553191489
11673 0.372340425531915
11741 2.27468085106383
11741 0.316382978723404
11741 6.44106382978723
11741 4.35744680851064
11741 3.27042553191489
11741 0.372340425531915
11742 2.27468085106383
11742 0.316382978723404
11742 6.44106382978723
11742 4.35744680851064
11742 3.27042553191489
11742 0.372340425531915
11743 2.27468085106383
11743 0.316382978723404
11743 6.44106382978723
11743 4.35744680851064
11743 3.27042553191489
11743 0.372340425531915
11744 2.27468085106383
11744 0.316382978723404
11744 6.44106382978723
11744 4.35744680851064
11744 3.27042553191489
11744 0.372340425531915
11745 2.27468085106383
11745 0.316382978723404
11745 6.44106382978723
11745 4.35744680851064
11745 3.27042553191489
11745 0.372340425531915
11746 2.27468085106383
11746 0.316382978723404
11746 6.44106382978723
11746 4.35744680851064
11746 3.27042553191489
11746 0.372340425531915
11818 2.27468085106383
11818 0.316382978723404
11818 6.44106382978723
11818 4.35744680851064
11818 3.27042553191489
11818 0.372340425531915
11747 2.27468085106383
11747 0.316382978723404
11747 6.44106382978723
11747 4.35744680851064
11747 3.27042553191489
11747 0.372340425531915
11819 2.27468085106383
11819 0.316382978723404
11819 6.44106382978723
11819 4.35744680851064
11819 3.27042553191489
11819 0.372340425531915
11748 2.27468085106383
11748 0.316382978723404
11748 6.44106382978723
11748 4.35744680851064
11748 3.27042553191489
11748 0.372340425531915
11820 2.27468085106383
11820 0.316382978723404
11820 6.44106382978723
11820 4.35744680851064
11820 3.27042553191489
11820 0.372340425531915
11749 2.27468085106383
11749 0.316382978723404
11749 6.44106382978723
11749 4.35744680851064
11749 3.27042553191489
11749 0.372340425531915
11821 2.27468085106383
11821 0.316382978723404
11821 6.44106382978723
11821 4.35744680851064
11821 3.27042553191489
11821 0.372340425531915
11750 2.27468085106383
11750 0.316382978723404
11750 6.44106382978723
11750 4.35744680851064
11750 3.27042553191489
11750 0.372340425531915
11822 2.27468085106383
11822 0.316382978723404
11822 6.44106382978723
11822 4.35744680851064
11822 3.27042553191489
11822 0.372340425531915
11751 2.27468085106383
11751 0.316382978723404
11751 6.44106382978723
11751 4.35744680851064
11751 3.27042553191489
11751 0.372340425531915
11823 2.27468085106383
11823 0.316382978723404
11823 6.44106382978723
11823 4.35744680851064
11823 3.27042553191489
11823 0.372340425531915
11824 2.27468085106383
11824 0.316382978723404
11824 6.44106382978723
11824 4.35744680851064
11824 3.27042553191489
11824 0.372340425531915
11825 2.27468085106383
11825 0.316382978723404
11825 6.44106382978723
11825 4.35744680851064
11825 3.27042553191489
11825 0.372340425531915
11895 2.27468085106383
11895 0.316382978723404
11895 6.44106382978723
11895 4.35744680851064
11895 3.27042553191489
11895 0.372340425531915
11826 2.27468085106383
11826 0.316382978723404
11826 6.44106382978723
11826 4.35744680851064
11826 3.27042553191489
11826 0.372340425531915
11896 2.27468085106383
11896 0.316382978723404
11896 6.44106382978723
11896 4.35744680851064
11896 3.27042553191489
11896 0.372340425531915
11827 2.27468085106383
11827 0.316382978723404
11827 6.44106382978723
11827 4.35744680851064
11827 3.27042553191489
11827 0.372340425531915
11897 2.27468085106383
11897 0.316382978723404
11897 6.44106382978723
11897 4.35744680851064
11897 3.27042553191489
11897 0.372340425531915
11828 2.27468085106383
11828 0.316382978723404
11828 6.44106382978723
11828 4.35744680851064
11828 3.27042553191489
11828 0.372340425531915
11898 2.27468085106383
11898 0.316382978723404
11898 6.44106382978723
11898 4.35744680851064
11898 3.27042553191489
11898 0.372340425531915
11829 2.27468085106383
11829 0.316382978723404
11829 6.44106382978723
11829 4.35744680851064
11829 3.27042553191489
11829 0.372340425531915
11899 2.27468085106383
11899 0.316382978723404
11899 6.44106382978723
11899 4.35744680851064
11899 3.27042553191489
11899 0.372340425531915
11830 2.27468085106383
11830 0.316382978723404
11830 6.44106382978723
11830 4.35744680851064
11830 3.27042553191489
11830 0.372340425531915
11900 2.27468085106383
11900 0.316382978723404
11900 6.44106382978723
11900 4.35744680851064
11900 3.27042553191489
11900 0.372340425531915
11831 2.27468085106383
11831 0.316382978723404
11831 6.44106382978723
11831 4.35744680851064
11831 3.27042553191489
11831 0.372340425531915
11901 2.27468085106383
11901 0.316382978723404
11901 6.44106382978723
11901 4.35744680851064
11901 3.27042553191489
11901 0.372340425531915
11832 2.27468085106383
11832 0.316382978723404
11832 6.44106382978723
11832 4.35744680851064
11832 3.27042553191489
11832 0.372340425531915
11902 2.27468085106383
11902 0.316382978723404
11902 6.44106382978723
11902 4.35744680851064
11902 3.27042553191489
11902 0.372340425531915
11903 2.27468085106383
11903 0.316382978723404
11903 6.44106382978723
11903 4.35744680851064
11903 3.27042553191489
11903 0.372340425531915
11974 2.27468085106383
11974 0.316382978723404
11974 6.44106382978723
11974 4.35744680851064
11974 3.27042553191489
11974 0.372340425531915
11904 2.27468085106383
11904 0.316382978723404
11904 6.44106382978723
11904 4.35744680851064
11904 3.27042553191489
11904 0.372340425531915
11975 2.27468085106383
11975 0.316382978723404
11975 6.44106382978723
11975 4.35744680851064
11975 3.27042553191489
11975 0.372340425531915
11905 2.27468085106383
11905 0.316382978723404
11905 6.44106382978723
11905 4.35744680851064
11905 3.27042553191489
11905 0.372340425531915
11976 2.27468085106383
11976 0.316382978723404
11976 6.44106382978723
11976 4.35744680851064
11976 3.27042553191489
11976 0.372340425531915
11906 2.27468085106383
11906 0.316382978723404
11906 6.44106382978723
11906 4.35744680851064
11906 3.27042553191489
11906 0.372340425531915
11977 2.27468085106383
11977 0.316382978723404
11977 6.44106382978723
11977 4.35744680851064
11977 3.27042553191489
11977 0.372340425531915
11907 2.27468085106383
11907 0.316382978723404
11907 6.44106382978723
11907 4.35744680851064
11907 3.27042553191489
11907 0.372340425531915
11978 2.27468085106383
11978 0.316382978723404
11978 6.44106382978723
11978 4.35744680851064
11978 3.27042553191489
11978 0.372340425531915
11908 2.27468085106383
11908 0.316382978723404
11908 6.44106382978723
11908 4.35744680851064
11908 3.27042553191489
11908 0.372340425531915
11979 2.27468085106383
11979 0.316382978723404
11979 6.44106382978723
11979 4.35744680851064
11979 3.27042553191489
11979 0.372340425531915
11909 2.27468085106383
11909 0.316382978723404
11909 6.44106382978723
11909 4.35744680851064
11909 3.27042553191489
11909 0.372340425531915
11980 2.27468085106383
11980 0.316382978723404
11980 6.44106382978723
11980 4.35744680851064
11980 3.27042553191489
11980 0.372340425531915
11910 2.27468085106383
11910 0.316382978723404
11910 6.44106382978723
11910 4.35744680851064
11910 3.27042553191489
11910 0.372340425531915
11981 2.27468085106383
11981 0.316382978723404
11981 6.44106382978723
11981 4.35744680851064
11981 3.27042553191489
11981 0.372340425531915
11911 2.27468085106383
11911 0.316382978723404
11911 6.44106382978723
11911 4.35744680851064
11911 3.27042553191489
11911 0.372340425531915
12051 2.27468085106383
12051 0.316382978723404
12051 6.44106382978723
12051 4.35744680851064
12051 3.27042553191489
12051 0.372340425531915
11982 2.27468085106383
11982 0.316382978723404
11982 6.44106382978723
11982 4.35744680851064
11982 3.27042553191489
11982 0.372340425531915
12052 2.27468085106383
12052 0.316382978723404
12052 6.44106382978723
12052 4.35744680851064
12052 3.27042553191489
12052 0.372340425531915
11983 2.27468085106383
11983 0.316382978723404
11983 6.44106382978723
11983 4.35744680851064
11983 3.27042553191489
11983 0.372340425531915
12053 2.27468085106383
12053 0.316382978723404
12053 6.44106382978723
12053 4.35744680851064
12053 3.27042553191489
12053 0.372340425531915
11984 2.27468085106383
11984 0.316382978723404
11984 6.44106382978723
11984 4.35744680851064
11984 3.27042553191489
11984 0.372340425531915
12054 2.27468085106383
12054 0.316382978723404
12054 6.44106382978723
12054 4.35744680851064
12054 3.27042553191489
12054 0.372340425531915
11985 2.27468085106383
11985 0.316382978723404
11985 6.44106382978723
11985 4.35744680851064
11985 3.27042553191489
11985 0.372340425531915
12055 2.27468085106383
12055 0.316382978723404
12055 6.44106382978723
12055 4.35744680851064
12055 3.27042553191489
12055 0.372340425531915
11986 2.27468085106383
11986 0.316382978723404
11986 6.44106382978723
11986 4.35744680851064
11986 3.27042553191489
11986 0.372340425531915
12056 2.27468085106383
12056 0.316382978723404
12056 6.44106382978723
12056 4.35744680851064
12056 3.27042553191489
12056 0.372340425531915
11987 2.27468085106383
11987 0.316382978723404
11987 6.44106382978723
11987 4.35744680851064
11987 3.27042553191489
11987 0.372340425531915
12057 2.27468085106383
12057 0.316382978723404
12057 6.44106382978723
12057 4.35744680851064
12057 3.27042553191489
12057 0.372340425531915
11988 2.27468085106383
11988 0.316382978723404
11988 6.44106382978723
11988 4.35744680851064
11988 3.27042553191489
11988 0.372340425531915
12058 2.27468085106383
12058 0.316382978723404
12058 6.44106382978723
12058 4.35744680851064
12058 3.27042553191489
12058 0.372340425531915
11989 2.27468085106383
11989 0.316382978723404
11989 6.44106382978723
11989 4.35744680851064
11989 3.27042553191489
11989 0.372340425531915
11990 2.27468085106383
11990 0.316382978723404
11990 6.44106382978723
11990 4.35744680851064
11990 3.27042553191489
11990 0.372340425531915
12059 2.27468085106383
12059 0.316382978723404
12059 6.44106382978723
12059 4.35744680851064
12059 3.27042553191489
12059 0.372340425531915
12060 2.27468085106383
12060 0.316382978723404
12060 6.44106382978723
12060 4.35744680851064
12060 3.27042553191489
12060 0.372340425531915
12126 2.27468085106383
12126 0.316382978723404
12126 6.44106382978723
12126 4.35744680851064
12126 3.27042553191489
12126 0.372340425531915
12061 2.27468085106383
12061 0.316382978723404
12061 6.44106382978723
12061 4.35744680851064
12061 3.27042553191489
12061 0.372340425531915
12127 2.27468085106383
12127 0.316382978723404
12127 6.44106382978723
12127 4.35744680851064
12127 3.27042553191489
12127 0.372340425531915
12062 2.27468085106383
12062 0.316382978723404
12062 6.44106382978723
12062 4.35744680851064
12062 3.27042553191489
12062 0.372340425531915
12128 2.27468085106383
12128 0.316382978723404
12128 6.44106382978723
12128 4.35744680851064
12128 3.27042553191489
12128 0.372340425531915
12063 2.27468085106383
12063 0.316382978723404
12063 6.44106382978723
12063 4.35744680851064
12063 3.27042553191489
12063 0.372340425531915
12129 2.27468085106383
12129 0.316382978723404
12129 6.44106382978723
12129 4.35744680851064
12129 3.27042553191489
12129 0.372340425531915
12064 2.27468085106383
12064 0.316382978723404
12064 6.44106382978723
12064 4.35744680851064
12064 3.27042553191489
12064 0.372340425531915
12130 2.27468085106383
12130 0.316382978723404
12130 6.44106382978723
12130 4.35744680851064
12130 3.27042553191489
12130 0.372340425531915
12065 2.27468085106383
12065 0.316382978723404
12065 6.44106382978723
12065 4.35744680851064
12065 3.27042553191489
12065 0.372340425531915
12131 2.27468085106383
12131 0.316382978723404
12131 6.44106382978723
12131 4.35744680851064
12131 3.27042553191489
12131 0.372340425531915
12066 2.27468085106383
12066 0.316382978723404
12066 6.44106382978723
12066 4.35744680851064
12066 3.27042553191489
12066 0.372340425531915
12132 2.27468085106383
12132 0.316382978723404
12132 6.44106382978723
12132 4.35744680851064
12132 3.27042553191489
12132 0.372340425531915
12067 2.27468085106383
12067 0.316382978723404
12067 6.44106382978723
12067 4.35744680851064
12067 3.27042553191489
12067 0.372340425531915
12133 2.27468085106383
12133 0.316382978723404
12133 6.44106382978723
12133 4.35744680851064
12133 3.27042553191489
12133 0.372340425531915
12068 2.27468085106383
12068 0.316382978723404
12068 6.44106382978723
12068 4.35744680851064
12068 3.27042553191489
12068 0.372340425531915
12134 2.27468085106383
12134 0.316382978723404
12134 6.44106382978723
12134 4.35744680851064
12134 3.27042553191489
12134 0.372340425531915
12069 2.27468085106383
12069 0.316382978723404
12069 6.44106382978723
12069 4.35744680851064
12069 3.27042553191489
12069 0.372340425531915
12202 2.27468085106383
12202 0.316382978723404
12202 6.44106382978723
12202 4.35744680851064
12202 3.27042553191489
12202 0.372340425531915
12135 2.27468085106383
12135 0.316382978723404
12135 6.44106382978723
12135 4.35744680851064
12135 3.27042553191489
12135 0.372340425531915
12203 2.27468085106383
12203 0.316382978723404
12203 6.44106382978723
12203 4.35744680851064
12203 3.27042553191489
12203 0.372340425531915
12136 2.27468085106383
12136 0.316382978723404
12136 6.44106382978723
12136 4.35744680851064
12136 3.27042553191489
12136 0.372340425531915
12204 2.27468085106383
12204 0.316382978723404
12204 6.44106382978723
12204 4.35744680851064
12204 3.27042553191489
12204 0.372340425531915
12137 2.27468085106383
12137 0.316382978723404
12137 6.44106382978723
12137 4.35744680851064
12137 3.27042553191489
12137 0.372340425531915
12205 2.27468085106383
12205 0.316382978723404
12205 6.44106382978723
12205 4.35744680851064
12205 3.27042553191489
12205 0.372340425531915
12138 2.27468085106383
12138 0.316382978723404
12138 6.44106382978723
12138 4.35744680851064
12138 3.27042553191489
12138 0.372340425531915
12206 2.27468085106383
12206 0.316382978723404
12206 6.44106382978723
12206 4.35744680851064
12206 3.27042553191489
12206 0.372340425531915
12139 2.27468085106383
12139 0.316382978723404
12139 6.44106382978723
12139 4.35744680851064
12139 3.27042553191489
12139 0.372340425531915
12207 2.27468085106383
12207 0.316382978723404
12207 6.44106382978723
12207 4.35744680851064
12207 3.27042553191489
12207 0.372340425531915
12140 2.27468085106383
12140 0.316382978723404
12140 6.44106382978723
12140 4.35744680851064
12140 3.27042553191489
12140 0.372340425531915
12141 2.27468085106383
12141 0.316382978723404
12141 6.44106382978723
12141 4.35744680851064
12141 3.27042553191489
12141 0.372340425531915
12208 2.27468085106383
12208 0.316382978723404
12208 6.44106382978723
12208 4.35744680851064
12208 3.27042553191489
12208 0.372340425531915
12267 2.27468085106383
12267 0.316382978723404
12267 6.44106382978723
12267 4.35744680851064
12267 3.27042553191489
12267 0.372340425531915
12142 2.27468085106383
12142 0.316382978723404
12142 6.44106382978723
12142 4.35744680851064
12142 3.27042553191489
12142 0.372340425531915
12209 2.27468085106383
12209 0.316382978723404
12209 6.44106382978723
12209 4.35744680851064
12209 3.27042553191489
12209 0.372340425531915
12143 2.27468085106383
12143 0.316382978723404
12143 6.44106382978723
12143 4.35744680851064
12143 3.27042553191489
12143 0.372340425531915
12210 2.27468085106383
12210 0.316382978723404
12210 6.44106382978723
12210 4.35744680851064
12210 3.27042553191489
12210 0.372340425531915
12211 2.27468085106383
12211 0.316382978723404
12211 6.44106382978723
12211 4.35744680851064
12211 3.27042553191489
12211 0.372340425531915
12270 2.27468085106383
12270 0.316382978723404
12270 6.44106382978723
12270 4.35744680851064
12270 3.27042553191489
12270 0.372340425531915
12212 2.27468085106383
12212 0.316382978723404
12212 6.44106382978723
12212 4.35744680851064
12212 3.27042553191489
12212 0.372340425531915
12271 2.27468085106383
12271 0.316382978723404
12271 6.44106382978723
12271 4.35744680851064
12271 3.27042553191489
12271 0.372340425531915
12213 2.27468085106383
12213 0.316382978723404
12213 6.44106382978723
12213 4.35744680851064
12213 3.27042553191489
12213 0.372340425531915
12272 2.27468085106383
12272 0.316382978723404
12272 6.44106382978723
12272 4.35744680851064
12272 3.27042553191489
12272 0.372340425531915
12214 2.27468085106383
12214 0.316382978723404
12214 6.44106382978723
12214 4.35744680851064
12214 3.27042553191489
12214 0.372340425531915
12273 2.27468085106383
12273 0.316382978723404
12273 6.44106382978723
12273 4.35744680851064
12273 3.27042553191489
12273 0.372340425531915
12215 2.27468085106383
12215 0.316382978723404
12215 6.44106382978723
12215 4.35744680851064
12215 3.27042553191489
12215 0.372340425531915
12332 2.27468085106383
12332 0.316382978723404
12332 6.44106382978723
12332 4.35744680851064
12332 3.27042553191489
12332 0.372340425531915
12274 2.27468085106383
12274 0.316382978723404
12274 6.44106382978723
12274 4.35744680851064
12274 3.27042553191489
12274 0.372340425531915
12216 2.27468085106383
12216 0.316382978723404
12216 6.44106382978723
12216 4.35744680851064
12216 3.27042553191489
12216 0.372340425531915
12333 2.27468085106383
12333 0.316382978723404
12333 6.44106382978723
12333 4.35744680851064
12333 3.27042553191489
12333 0.372340425531915
12275 2.27468085106383
12275 0.316382978723404
12275 6.44106382978723
12275 4.35744680851064
12275 3.27042553191489
12275 0.372340425531915
12217 2.27468085106383
12217 0.316382978723404
12217 6.44106382978723
12217 4.35744680851064
12217 3.27042553191489
12217 0.372340425531915
12334 2.27468085106383
12334 0.316382978723404
12334 6.44106382978723
12334 4.35744680851064
12334 3.27042553191489
12334 0.372340425531915
12218 2.27468085106383
12218 0.316382978723404
12218 6.44106382978723
12218 4.35744680851064
12218 3.27042553191489
12218 0.372340425531915
12276 2.27468085106383
12276 0.316382978723404
12276 6.44106382978723
12276 4.35744680851064
12276 3.27042553191489
12276 0.372340425531915
12335 2.27468085106383
12335 0.316382978723404
12335 6.44106382978723
12335 4.35744680851064
12335 3.27042553191489
12335 0.372340425531915
12219 2.27468085106383
12219 0.316382978723404
12219 6.44106382978723
12219 4.35744680851064
12219 3.27042553191489
12219 0.372340425531915
12277 2.27468085106383
12277 0.316382978723404
12277 6.44106382978723
12277 4.35744680851064
12277 3.27042553191489
12277 0.372340425531915
12336 2.27468085106383
12336 0.316382978723404
12336 6.44106382978723
12336 4.35744680851064
12336 3.27042553191489
12336 0.372340425531915
12278 2.27468085106383
12278 0.316382978723404
12278 6.44106382978723
12278 4.35744680851064
12278 3.27042553191489
12278 0.372340425531915
12337 2.27468085106383
12337 0.316382978723404
12337 6.44106382978723
12337 4.35744680851064
12337 3.27042553191489
12337 0.372340425531915
12279 2.27468085106383
12279 0.316382978723404
12279 6.44106382978723
12279 4.35744680851064
12279 3.27042553191489
12279 0.372340425531915
12338 2.27468085106383
12338 0.316382978723404
12338 6.44106382978723
12338 4.35744680851064
12338 3.27042553191489
12338 0.372340425531915
12280 2.27468085106383
12280 0.316382978723404
12280 6.44106382978723
12280 4.35744680851064
12280 3.27042553191489
12280 0.372340425531915
12339 2.27468085106383
12339 0.316382978723404
12339 6.44106382978723
12339 4.35744680851064
12339 3.27042553191489
12339 0.372340425531915
12281 2.27468085106383
12281 0.316382978723404
12281 6.44106382978723
12281 4.35744680851064
12281 3.27042553191489
12281 0.372340425531915
12393 2.27468085106383
12393 0.316382978723404
12393 6.44106382978723
12393 4.35744680851064
12393 3.27042553191489
12393 0.372340425531915
12340 2.27468085106383
12340 0.316382978723404
12340 6.44106382978723
12340 4.35744680851064
12340 3.27042553191489
12340 0.372340425531915
12282 2.27468085106383
12282 0.316382978723404
12282 6.44106382978723
12282 4.35744680851064
12282 3.27042553191489
12282 0.372340425531915
12394 2.27468085106383
12394 0.316382978723404
12394 6.44106382978723
12394 4.35744680851064
12394 3.27042553191489
12394 0.372340425531915
12341 2.27468085106383
12341 0.316382978723404
12341 6.44106382978723
12341 4.35744680851064
12341 3.27042553191489
12341 0.372340425531915
12283 2.27468085106383
12283 0.316382978723404
12283 6.44106382978723
12283 4.35744680851064
12283 3.27042553191489
12283 0.372340425531915
12395 2.27468085106383
12395 0.316382978723404
12395 6.44106382978723
12395 4.35744680851064
12395 3.27042553191489
12395 0.372340425531915
12342 2.27468085106383
12342 0.316382978723404
12342 6.44106382978723
12342 4.35744680851064
12342 3.27042553191489
12342 0.372340425531915
12284 2.27468085106383
12284 0.316382978723404
12284 6.44106382978723
12284 4.35744680851064
12284 3.27042553191489
12284 0.372340425531915
12396 2.27468085106383
12396 0.316382978723404
12396 6.44106382978723
12396 4.35744680851064
12396 3.27042553191489
12396 0.372340425531915
12343 2.27468085106383
12343 0.316382978723404
12343 6.44106382978723
12343 4.35744680851064
12343 3.27042553191489
12343 0.372340425531915
12285 2.27468085106383
12285 0.316382978723404
12285 6.44106382978723
12285 4.35744680851064
12285 3.27042553191489
12285 0.372340425531915
12397 2.27468085106383
12397 0.316382978723404
12397 6.44106382978723
12397 4.35744680851064
12397 3.27042553191489
12397 0.372340425531915
12344 2.27468085106383
12344 0.316382978723404
12344 6.44106382978723
12344 4.35744680851064
12344 3.27042553191489
12344 0.372340425531915
12398 2.27468085106383
12398 0.316382978723404
12398 6.44106382978723
12398 4.35744680851064
12398 3.27042553191489
12398 0.372340425531915
12345 2.27468085106383
12345 0.316382978723404
12345 6.44106382978723
12345 4.35744680851064
12345 3.27042553191489
12345 0.372340425531915
12399 2.27468085106383
12399 0.316382978723404
12399 6.44106382978723
12399 4.35744680851064
12399 3.27042553191489
12399 0.372340425531915
12346 2.27468085106383
12346 0.316382978723404
12346 6.44106382978723
12346 4.35744680851064
12346 3.27042553191489
12346 0.372340425531915
12400 2.27468085106383
12400 0.316382978723404
12400 6.44106382978723
12400 4.35744680851064
12400 3.27042553191489
12400 0.372340425531915
12347 2.27468085106383
12347 0.316382978723404
12347 6.44106382978723
12347 4.35744680851064
12347 3.27042553191489
12347 0.372340425531915
12454 2.27468085106383
12454 0.316382978723404
12454 6.44106382978723
12454 4.35744680851064
12454 3.27042553191489
12454 0.372340425531915
12401 2.27468085106383
12401 0.316382978723404
12401 6.44106382978723
12401 4.35744680851064
12401 3.27042553191489
12401 0.372340425531915
12348 2.27468085106383
12348 0.316382978723404
12348 6.44106382978723
12348 4.35744680851064
12348 3.27042553191489
12348 0.372340425531915
12455 2.27468085106383
12455 0.316382978723404
12455 6.44106382978723
12455 4.35744680851064
12455 3.27042553191489
12455 0.372340425531915
12402 2.27468085106383
12402 0.316382978723404
12402 6.44106382978723
12402 4.35744680851064
12402 3.27042553191489
12402 0.372340425531915
12349 2.27468085106383
12349 0.316382978723404
12349 6.44106382978723
12349 4.35744680851064
12349 3.27042553191489
12349 0.372340425531915
12456 2.27468085106383
12456 0.316382978723404
12456 6.44106382978723
12456 4.35744680851064
12456 3.27042553191489
12456 0.372340425531915
12350 2.27468085106383
12350 0.316382978723404
12350 6.44106382978723
12350 4.35744680851064
12350 3.27042553191489
12350 0.372340425531915
12403 2.27468085106383
12403 0.316382978723404
12403 6.44106382978723
12403 4.35744680851064
12403 3.27042553191489
12403 0.372340425531915
12457 2.27468085106383
12457 0.316382978723404
12457 6.44106382978723
12457 4.35744680851064
12457 3.27042553191489
12457 0.372340425531915
12351 2.27468085106383
12351 0.316382978723404
12351 6.44106382978723
12351 4.35744680851064
12351 3.27042553191489
12351 0.372340425531915
12404 2.27468085106383
12404 0.316382978723404
12404 6.44106382978723
12404 4.35744680851064
12404 3.27042553191489
12404 0.372340425531915
12458 2.27468085106383
12458 0.316382978723404
12458 6.44106382978723
12458 4.35744680851064
12458 3.27042553191489
12458 0.372340425531915
12405 2.27468085106383
12405 0.316382978723404
12405 6.44106382978723
12405 4.35744680851064
12405 3.27042553191489
12405 0.372340425531915
12459 2.27468085106383
12459 0.316382978723404
12459 6.44106382978723
12459 4.35744680851064
12459 3.27042553191489
12459 0.372340425531915
12406 2.27468085106383
12406 0.316382978723404
12406 6.44106382978723
12406 4.35744680851064
12406 3.27042553191489
12406 0.372340425531915
12460 2.27468085106383
12460 0.316382978723404
12460 6.44106382978723
12460 4.35744680851064
12460 3.27042553191489
12460 0.372340425531915
12407 2.27468085106383
12407 0.316382978723404
12407 6.44106382978723
12407 4.35744680851064
12407 3.27042553191489
12407 0.372340425531915
12461 2.27468085106383
12461 0.316382978723404
12461 6.44106382978723
12461 4.35744680851064
12461 3.27042553191489
12461 0.372340425531915
12408 2.27468085106383
12408 0.316382978723404
12408 6.44106382978723
12408 4.35744680851064
12408 3.27042553191489
12408 0.372340425531915
12515 2.27468085106383
12515 0.316382978723404
12515 6.44106382978723
12515 4.35744680851064
12515 3.27042553191489
12515 0.372340425531915
12462 2.27468085106383
12462 0.316382978723404
12462 6.44106382978723
12462 4.35744680851064
12462 3.27042553191489
12462 0.372340425531915
12409 2.27468085106383
12409 0.316382978723404
12409 6.44106382978723
12409 4.35744680851064
12409 3.27042553191489
12409 0.372340425531915
12516 2.27468085106383
12516 0.316382978723404
12516 6.44106382978723
12516 4.35744680851064
12516 3.27042553191489
12516 0.372340425531915
12463 2.27468085106383
12463 0.316382978723404
12463 6.44106382978723
12463 4.35744680851064
12463 3.27042553191489
12463 0.372340425531915
12410 2.27468085106383
12410 0.316382978723404
12410 6.44106382978723
12410 4.35744680851064
12410 3.27042553191489
12410 0.372340425531915
12517 2.27468085106383
12517 0.316382978723404
12517 6.44106382978723
12517 4.35744680851064
12517 3.27042553191489
12517 0.372340425531915
12411 2.27468085106383
12411 0.316382978723404
12411 6.44106382978723
12411 4.35744680851064
12411 3.27042553191489
12411 0.372340425531915
12464 2.27468085106383
12464 0.316382978723404
12464 6.44106382978723
12464 4.35744680851064
12464 3.27042553191489
12464 0.372340425531915
12518 2.27468085106383
12518 0.316382978723404
12518 6.44106382978723
12518 4.35744680851064
12518 3.27042553191489
12518 0.372340425531915
12412 2.27468085106383
12412 0.316382978723404
12412 6.44106382978723
12412 4.35744680851064
12412 3.27042553191489
12412 0.372340425531915
12465 2.27468085106383
12465 0.316382978723404
12465 6.44106382978723
12465 4.35744680851064
12465 3.27042553191489
12465 0.372340425531915
12519 2.27468085106383
12519 0.316382978723404
12519 6.44106382978723
12519 4.35744680851064
12519 3.27042553191489
12519 0.372340425531915
12466 2.27468085106383
12466 0.316382978723404
12466 6.44106382978723
12466 4.35744680851064
12466 3.27042553191489
12466 0.372340425531915
12520 2.27468085106383
12520 0.316382978723404
12520 6.44106382978723
12520 4.35744680851064
12520 3.27042553191489
12520 0.372340425531915
12467 2.27468085106383
12467 0.316382978723404
12467 6.44106382978723
12467 4.35744680851064
12467 3.27042553191489
12467 0.372340425531915
12521 2.27468085106383
12521 0.316382978723404
12521 6.44106382978723
12521 4.35744680851064
12521 3.27042553191489
12521 0.372340425531915
12468 2.27468085106383
12468 0.316382978723404
12468 6.44106382978723
12468 4.35744680851064
12468 3.27042553191489
12468 0.372340425531915
12522 2.27468085106383
12522 0.316382978723404
12522 6.44106382978723
12522 4.35744680851064
12522 3.27042553191489
12522 0.372340425531915
12469 2.27468085106383
12469 0.316382978723404
12469 6.44106382978723
12469 4.35744680851064
12469 3.27042553191489
12469 0.372340425531915
12523 2.27468085106383
12523 0.316382978723404
12523 6.44106382978723
12523 4.35744680851064
12523 3.27042553191489
12523 0.372340425531915
12470 2.27468085106383
12470 0.316382978723404
12470 6.44106382978723
12470 4.35744680851064
12470 3.27042553191489
12470 0.372340425531915
12577 2.27468085106383
12577 0.316382978723404
12577 6.44106382978723
12577 4.35744680851064
12577 3.27042553191489
12577 0.372340425531915
12524 2.27468085106383
12524 0.316382978723404
12524 6.44106382978723
12524 4.35744680851064
12524 3.27042553191489
12524 0.372340425531915
12471 2.27468085106383
12471 0.316382978723404
12471 6.44106382978723
12471 4.35744680851064
12471 3.27042553191489
12471 0.372340425531915
12578 2.27468085106383
12578 0.316382978723404
12578 6.44106382978723
12578 4.35744680851064
12578 3.27042553191489
12578 0.372340425531915
12525 2.27468085106383
12525 0.316382978723404
12525 6.44106382978723
12525 4.35744680851064
12525 3.27042553191489
12525 0.372340425531915
12472 2.27468085106383
12472 0.316382978723404
12472 6.44106382978723
12472 4.35744680851064
12472 3.27042553191489
12472 0.372340425531915
12579 2.27468085106383
12579 0.316382978723404
12579 6.44106382978723
12579 4.35744680851064
12579 3.27042553191489
12579 0.372340425531915
12526 2.27468085106383
12526 0.316382978723404
12526 6.44106382978723
12526 4.35744680851064
12526 3.27042553191489
12526 0.372340425531915
12473 2.27468085106383
12473 0.316382978723404
12473 6.44106382978723
12473 4.35744680851064
12473 3.27042553191489
12473 0.372340425531915
12580 2.27468085106383
12580 0.316382978723404
12580 6.44106382978723
12580 4.35744680851064
12580 3.27042553191489
12580 0.372340425531915
12527 2.27468085106383
12527 0.316382978723404
12527 6.44106382978723
12527 4.35744680851064
12527 3.27042553191489
12527 0.372340425531915
12581 2.27468085106383
12581 0.316382978723404
12581 6.44106382978723
12581 4.35744680851064
12581 3.27042553191489
12581 0.372340425531915
12528 2.27468085106383
12528 0.316382978723404
12528 6.44106382978723
12528 4.35744680851064
12528 3.27042553191489
12528 0.372340425531915
12582 2.27468085106383
12582 0.316382978723404
12582 6.44106382978723
12582 4.35744680851064
12582 3.27042553191489
12582 0.372340425531915
12529 2.27468085106383
12529 0.316382978723404
12529 6.44106382978723
12529 4.35744680851064
12529 3.27042553191489
12529 0.372340425531915
12583 2.27468085106383
12583 0.316382978723404
12583 6.44106382978723
12583 4.35744680851064
12583 3.27042553191489
12583 0.372340425531915
12530 2.27468085106383
12530 0.316382978723404
12530 6.44106382978723
12530 4.35744680851064
12530 3.27042553191489
12530 0.372340425531915
12637 2.27468085106383
12637 0.316382978723404
12637 6.44106382978723
12637 4.35744680851064
12637 3.27042553191489
12637 0.372340425531915
12584 2.27468085106383
12584 0.316382978723404
12584 6.44106382978723
12584 4.35744680851064
12584 3.27042553191489
12584 0.372340425531915
12531 2.27468085106383
12531 0.316382978723404
12531 6.44106382978723
12531 4.35744680851064
12531 3.27042553191489
12531 0.372340425531915
12585 2.27468085106383
12585 0.316382978723404
12585 6.44106382978723
12585 4.35744680851064
12585 3.27042553191489
12585 0.372340425531915
12532 2.27468085106383
12532 0.316382978723404
12532 6.44106382978723
12532 4.35744680851064
12532 3.27042553191489
12532 0.372340425531915
12639 2.27468085106383
12639 0.316382978723404
12639 6.44106382978723
12639 4.35744680851064
12639 3.27042553191489
12639 0.372340425531915
12586 2.27468085106383
12586 0.316382978723404
12586 6.44106382978723
12586 4.35744680851064
12586 3.27042553191489
12586 0.372340425531915
12533 2.27468085106383
12533 0.316382978723404
12533 6.44106382978723
12533 4.35744680851064
12533 3.27042553191489
12533 0.372340425531915
12640 2.27468085106383
12640 0.316382978723404
12640 6.44106382978723
12640 4.35744680851064
12640 3.27042553191489
12640 0.372340425531915
12534 2.27468085106383
12534 0.316382978723404
12534 6.44106382978723
12534 4.35744680851064
12534 3.27042553191489
12534 0.372340425531915
12587 2.27468085106383
12587 0.316382978723404
12587 6.44106382978723
12587 4.35744680851064
12587 3.27042553191489
12587 0.372340425531915
12641 2.27468085106383
12641 0.316382978723404
12641 6.44106382978723
12641 4.35744680851064
12641 3.27042553191489
12641 0.372340425531915
12588 2.27468085106383
12588 0.316382978723404
12588 6.44106382978723
12588 4.35744680851064
12588 3.27042553191489
12588 0.372340425531915
12642 2.27468085106383
12642 0.316382978723404
12642 6.44106382978723
12642 4.35744680851064
12642 3.27042553191489
12642 0.372340425531915
12589 2.27468085106383
12589 0.316382978723404
12589 6.44106382978723
12589 4.35744680851064
12589 3.27042553191489
12589 0.372340425531915
12643 2.27468085106383
12643 0.316382978723404
12643 6.44106382978723
12643 4.35744680851064
12643 3.27042553191489
12643 0.372340425531915
12590 2.27468085106383
12590 0.316382978723404
12590 6.44106382978723
12590 4.35744680851064
12590 3.27042553191489
12590 0.372340425531915
12697 2.27468085106383
12697 0.316382978723404
12697 6.44106382978723
12697 4.35744680851064
12697 3.27042553191489
12697 0.372340425531915
12644 2.27468085106383
12644 0.316382978723404
12644 6.44106382978723
12644 4.35744680851064
12644 3.27042553191489
12644 0.372340425531915
12591 2.27468085106383
12591 0.316382978723404
12591 6.44106382978723
12591 4.35744680851064
12591 3.27042553191489
12591 0.372340425531915
12698 2.27468085106383
12698 0.316382978723404
12698 6.44106382978723
12698 4.35744680851064
12698 3.27042553191489
12698 0.372340425531915
12645 2.27468085106383
12645 0.316382978723404
12645 6.44106382978723
12645 4.35744680851064
12645 3.27042553191489
12645 0.372340425531915
12592 2.27468085106383
12592 0.316382978723404
12592 6.44106382978723
12592 4.35744680851064
12592 3.27042553191489
12592 0.372340425531915
12699 2.27468085106383
12699 0.316382978723404
12699 6.44106382978723
12699 4.35744680851064
12699 3.27042553191489
12699 0.372340425531915
12646 2.27468085106383
12646 0.316382978723404
12646 6.44106382978723
12646 4.35744680851064
12646 3.27042553191489
12646 0.372340425531915
12593 2.27468085106383
12593 0.316382978723404
12593 6.44106382978723
12593 4.35744680851064
12593 3.27042553191489
12593 0.372340425531915
12700 2.27468085106383
12700 0.316382978723404
12700 6.44106382978723
12700 4.35744680851064
12700 3.27042553191489
12700 0.372340425531915
12647 2.27468085106383
12647 0.316382978723404
12647 6.44106382978723
12647 4.35744680851064
12647 3.27042553191489
12647 0.372340425531915
12594 2.27468085106383
12594 0.316382978723404
12594 6.44106382978723
12594 4.35744680851064
12594 3.27042553191489
12594 0.372340425531915
12701 2.27468085106383
12701 0.316382978723404
12701 6.44106382978723
12701 4.35744680851064
12701 3.27042553191489
12701 0.372340425531915
12648 2.27468085106383
12648 0.316382978723404
12648 6.44106382978723
12648 4.35744680851064
12648 3.27042553191489
12648 0.372340425531915
12702 2.27468085106383
12702 0.316382978723404
12702 6.44106382978723
12702 4.35744680851064
12702 3.27042553191489
12702 0.372340425531915
12649 2.27468085106383
12649 0.316382978723404
12649 6.44106382978723
12649 4.35744680851064
12649 3.27042553191489
12649 0.372340425531915
12703 2.27468085106383
12703 0.316382978723404
12703 6.44106382978723
12703 4.35744680851064
12703 3.27042553191489
12703 0.372340425531915
12650 2.27468085106383
12650 0.316382978723404
12650 6.44106382978723
12650 4.35744680851064
12650 3.27042553191489
12650 0.372340425531915
12704 2.27468085106383
12704 0.316382978723404
12704 6.44106382978723
12704 4.35744680851064
12704 3.27042553191489
12704 0.372340425531915
12758 2.27468085106383
12758 0.316382978723404
12758 6.44106382978723
12758 4.35744680851064
12758 3.27042553191489
12758 0.372340425531915
12705 2.27468085106383
12705 0.316382978723404
12705 6.44106382978723
12705 4.35744680851064
12705 3.27042553191489
12705 0.372340425531915
12706 2.27468085106383
12706 0.316382978723404
12706 6.44106382978723
12706 4.35744680851064
12706 3.27042553191489
12706 0.372340425531915
12760 2.27468085106383
12760 0.316382978723404
12760 6.44106382978723
12760 4.35744680851064
12760 3.27042553191489
12760 0.372340425531915
12707 2.27468085106383
12707 0.316382978723404
12707 6.44106382978723
12707 4.35744680851064
12707 3.27042553191489
12707 0.372340425531915
12761 2.27468085106383
12761 0.316382978723404
12761 6.44106382978723
12761 4.35744680851064
12761 3.27042553191489
12761 0.372340425531915
12708 2.27468085106383
12708 0.316382978723404
12708 6.44106382978723
12708 4.35744680851064
12708 3.27042553191489
12708 0.372340425531915
12762 2.27468085106383
12762 0.316382978723404
12762 6.44106382978723
12762 4.35744680851064
12762 3.27042553191489
12762 0.372340425531915
12709 2.27468085106383
12709 0.316382978723404
12709 6.44106382978723
12709 4.35744680851064
12709 3.27042553191489
12709 0.372340425531915
12763 2.27468085106383
12763 0.316382978723404
12763 6.44106382978723
12763 4.35744680851064
12763 3.27042553191489
12763 0.372340425531915
12710 2.27468085106383
12710 0.316382978723404
12710 6.44106382978723
12710 4.35744680851064
12710 3.27042553191489
12710 0.372340425531915
12764 2.27468085106383
12764 0.316382978723404
12764 6.44106382978723
12764 4.35744680851064
12764 3.27042553191489
12764 0.372340425531915
12765 2.27468085106383
12765 0.316382978723404
12765 6.44106382978723
12765 4.35744680851064
12765 3.27042553191489
12765 0.372340425531915
12819 2.27468085106383
12819 0.316382978723404
12819 6.44106382978723
12819 4.35744680851064
12819 3.27042553191489
12819 0.372340425531915
12766 2.27468085106383
12766 0.316382978723404
12766 6.44106382978723
12766 4.35744680851064
12766 3.27042553191489
12766 0.372340425531915
12820 2.27468085106383
12820 0.316382978723404
12820 6.44106382978723
12820 4.35744680851064
12820 3.27042553191489
12820 0.372340425531915
12767 2.27468085106383
12767 0.316382978723404
12767 6.44106382978723
12767 4.35744680851064
12767 3.27042553191489
12767 0.372340425531915
12821 2.27468085106383
12821 0.316382978723404
12821 6.44106382978723
12821 4.35744680851064
12821 3.27042553191489
12821 0.372340425531915
12768 2.27468085106383
12768 0.316382978723404
12768 6.44106382978723
12768 4.35744680851064
12768 3.27042553191489
12768 0.372340425531915
12822 2.27468085106383
12822 0.316382978723404
12822 6.44106382978723
12822 4.35744680851064
12822 3.27042553191489
12822 0.372340425531915
12769 2.27468085106383
12769 0.316382978723404
12769 6.44106382978723
12769 4.35744680851064
12769 3.27042553191489
12769 0.372340425531915
12823 2.27468085106383
12823 0.316382978723404
12823 6.44106382978723
12823 4.35744680851064
12823 3.27042553191489
12823 0.372340425531915
12770 2.27468085106383
12770 0.316382978723404
12770 6.44106382978723
12770 4.35744680851064
12770 3.27042553191489
12770 0.372340425531915
12824 2.27468085106383
12824 0.316382978723404
12824 6.44106382978723
12824 4.35744680851064
12824 3.27042553191489
12824 0.372340425531915
12771 2.27468085106383
12771 0.316382978723404
12771 6.44106382978723
12771 4.35744680851064
12771 3.27042553191489
12771 0.372340425531915
12876 2.27468085106383
12876 0.316382978723404
12876 6.44106382978723
12876 4.35744680851064
12876 3.27042553191489
12876 0.372340425531915
12825 2.27468085106383
12825 0.316382978723404
12825 6.44106382978723
12825 4.35744680851064
12825 3.27042553191489
12825 0.372340425531915
12877 2.27468085106383
12877 0.316382978723404
12877 6.44106382978723
12877 4.35744680851064
12877 3.27042553191489
12877 0.372340425531915
12826 2.27468085106383
12826 0.316382978723404
12826 6.44106382978723
12826 4.35744680851064
12826 3.27042553191489
12826 0.372340425531915
12878 2.27468085106383
12878 0.316382978723404
12878 6.44106382978723
12878 4.35744680851064
12878 3.27042553191489
12878 0.372340425531915
12827 2.27468085106383
12827 0.316382978723404
12827 6.44106382978723
12827 4.35744680851064
12827 3.27042553191489
12827 0.372340425531915
12879 2.27468085106383
12879 0.316382978723404
12879 6.44106382978723
12879 4.35744680851064
12879 3.27042553191489
12879 0.372340425531915
12828 2.27468085106383
12828 0.316382978723404
12828 6.44106382978723
12828 4.35744680851064
12828 3.27042553191489
12828 0.372340425531915
12880 2.27468085106383
12880 0.316382978723404
12880 6.44106382978723
12880 4.35744680851064
12880 3.27042553191489
12880 0.372340425531915
12829 2.27468085106383
12829 0.316382978723404
12829 6.44106382978723
12829 4.35744680851064
12829 3.27042553191489
12829 0.372340425531915
12881 2.27468085106383
12881 0.316382978723404
12881 6.44106382978723
12881 4.35744680851064
12881 3.27042553191489
12881 0.372340425531915
12830 2.27468085106383
12830 0.316382978723404
12830 6.44106382978723
12830 4.35744680851064
12830 3.27042553191489
12830 0.372340425531915
12882 2.27468085106383
12882 0.316382978723404
12882 6.44106382978723
12882 4.35744680851064
12882 3.27042553191489
12882 0.372340425531915
12831 2.27468085106383
12831 0.316382978723404
12831 6.44106382978723
12831 4.35744680851064
12831 3.27042553191489
12831 0.372340425531915
12883 2.27468085106383
12883 0.316382978723404
12883 6.44106382978723
12883 4.35744680851064
12883 3.27042553191489
12883 0.372340425531915
12884 2.27468085106383
12884 0.316382978723404
12884 6.44106382978723
12884 4.35744680851064
12884 3.27042553191489
12884 0.372340425531915
12937 2.27468085106383
12937 0.316382978723404
12937 6.44106382978723
12937 4.35744680851064
12937 3.27042553191489
12937 0.372340425531915
12885 2.27468085106383
12885 0.316382978723404
12885 6.44106382978723
12885 4.35744680851064
12885 3.27042553191489
12885 0.372340425531915
12938 2.27468085106383
12938 0.316382978723404
12938 6.44106382978723
12938 4.35744680851064
12938 3.27042553191489
12938 0.372340425531915
12886 2.27468085106383
12886 0.316382978723404
12886 6.44106382978723
12886 4.35744680851064
12886 3.27042553191489
12886 0.372340425531915
12887 2.27468085106383
12887 0.316382978723404
12887 6.44106382978723
12887 4.35744680851064
12887 3.27042553191489
12887 0.372340425531915
12940 2.27468085106383
12940 0.316382978723404
12940 6.44106382978723
12940 4.35744680851064
12940 3.27042553191489
12940 0.372340425531915
12888 2.27468085106383
12888 0.316382978723404
12888 6.44106382978723
12888 4.35744680851064
12888 3.27042553191489
12888 0.372340425531915
12941 2.27468085106383
12941 0.316382978723404
12941 6.44106382978723
12941 4.35744680851064
12941 3.27042553191489
12941 0.372340425531915
12889 2.27468085106383
12889 0.316382978723404
12889 6.44106382978723
12889 4.35744680851064
12889 3.27042553191489
12889 0.372340425531915
12942 2.27468085106383
12942 0.316382978723404
12942 6.44106382978723
12942 4.35744680851064
12942 3.27042553191489
12942 0.372340425531915
12943 2.27468085106383
12943 0.316382978723404
12943 6.44106382978723
12943 4.35744680851064
12943 3.27042553191489
12943 0.372340425531915
12944 2.27468085106383
12944 0.316382978723404
12944 6.44106382978723
12944 4.35744680851064
12944 3.27042553191489
12944 0.372340425531915
12997 2.27468085106383
12997 0.316382978723404
12997 6.44106382978723
12997 4.35744680851064
12997 3.27042553191489
12997 0.372340425531915
12945 2.27468085106383
12945 0.316382978723404
12945 6.44106382978723
12945 4.35744680851064
12945 3.27042553191489
12945 0.372340425531915
12946 2.27468085106383
12946 0.316382978723404
12946 6.44106382978723
12946 4.35744680851064
12946 3.27042553191489
12946 0.372340425531915
12947 2.27468085106383
12947 0.316382978723404
12947 6.44106382978723
12947 4.35744680851064
12947 3.27042553191489
12947 0.372340425531915
13000 2.27468085106383
13000 0.316382978723404
13000 6.44106382978723
13000 4.35744680851064
13000 3.27042553191489
13000 0.372340425531915
12948 2.27468085106383
12948 0.316382978723404
12948 6.44106382978723
12948 4.35744680851064
12948 3.27042553191489
12948 0.372340425531915
13002 2.27468085106383
13002 0.316382978723404
13002 6.44106382978723
13002 4.35744680851064
13002 3.27042553191489
13002 0.372340425531915
13003 2.27468085106383
13003 0.316382978723404
13003 6.44106382978723
13003 4.35744680851064
13003 3.27042553191489
13003 0.372340425531915
13053 2.27468085106383
13053 0.316382978723404
13053 6.44106382978723
13053 4.35744680851064
13053 3.27042553191489
13053 0.372340425531915
13004 2.27468085106383
13004 0.316382978723404
13004 6.44106382978723
13004 4.35744680851064
13004 3.27042553191489
13004 0.372340425531915
13054 2.27468085106383
13054 0.316382978723404
13054 6.44106382978723
13054 4.35744680851064
13054 3.27042553191489
13054 0.372340425531915
13005 2.27468085106383
13005 0.316382978723404
13005 6.44106382978723
13005 4.35744680851064
13005 3.27042553191489
13005 0.372340425531915
13006 2.27468085106383
13006 0.316382978723404
13006 6.44106382978723
13006 4.35744680851064
13006 3.27042553191489
13006 0.372340425531915
13056 2.27468085106383
13056 0.316382978723404
13056 6.44106382978723
13056 4.35744680851064
13056 3.27042553191489
13056 0.372340425531915
13007 2.27468085106383
13007 0.316382978723404
13007 6.44106382978723
13007 4.35744680851064
13007 3.27042553191489
13007 0.372340425531915
13057 2.27468085106383
13057 0.316382978723404
13057 6.44106382978723
13057 4.35744680851064
13057 3.27042553191489
13057 0.372340425531915
13008 2.27468085106383
13008 0.316382978723404
13008 6.44106382978723
13008 4.35744680851064
13008 3.27042553191489
13008 0.372340425531915
13059 2.27468085106383
13059 0.316382978723404
13059 6.44106382978723
13059 4.35744680851064
13059 3.27042553191489
13059 0.372340425531915
13060 2.27468085106383
13060 0.316382978723404
13060 6.44106382978723
13060 4.35744680851064
13060 3.27042553191489
13060 0.372340425531915
13113 2.27468085106383
13113 0.316382978723404
13113 6.44106382978723
13113 4.35744680851064
13113 3.27042553191489
13113 0.372340425531915
13061 2.27468085106383
13061 0.316382978723404
13061 6.44106382978723
13061 4.35744680851064
13061 3.27042553191489
13061 0.372340425531915
13114 2.27468085106383
13114 0.316382978723404
13114 6.44106382978723
13114 4.35744680851064
13114 3.27042553191489
13114 0.372340425531915
13011 2.27468085106383
13011 0.316382978723404
13011 6.44106382978723
13011 4.35744680851064
13011 3.27042553191489
13011 0.372340425531915
13062 2.27468085106383
13062 0.316382978723404
13062 6.44106382978723
13062 4.35744680851064
13062 3.27042553191489
13062 0.372340425531915
13063 2.27468085106383
13063 0.316382978723404
13063 6.44106382978723
13063 4.35744680851064
13063 3.27042553191489
13063 0.372340425531915
13116 2.27468085106383
13116 0.316382978723404
13116 6.44106382978723
13116 4.35744680851064
13116 3.27042553191489
13116 0.372340425531915
13064 2.27468085106383
13064 0.316382978723404
13064 6.44106382978723
13064 4.35744680851064
13064 3.27042553191489
13064 0.372340425531915
13117 2.27468085106383
13117 0.316382978723404
13117 6.44106382978723
13117 4.35744680851064
13117 3.27042553191489
13117 0.372340425531915
13118 2.27468085106383
13118 0.316382978723404
13118 6.44106382978723
13118 4.35744680851064
13118 3.27042553191489
13118 0.372340425531915
13119 2.27468085106383
13119 0.316382978723404
13119 6.44106382978723
13119 4.35744680851064
13119 3.27042553191489
13119 0.372340425531915
13171 2.27468085106383
13171 0.316382978723404
13171 6.44106382978723
13171 4.35744680851064
13171 3.27042553191489
13171 0.372340425531915
13120 2.27468085106383
13120 0.316382978723404
13120 6.44106382978723
13120 4.35744680851064
13120 3.27042553191489
13120 0.372340425531915
13121 2.27468085106383
13121 0.316382978723404
13121 6.44106382978723
13121 4.35744680851064
13121 3.27042553191489
13121 0.372340425531915
13068 2.27468085106383
13068 0.316382978723404
13068 6.44106382978723
13068 4.35744680851064
13068 3.27042553191489
13068 0.372340425531915
13122 2.27468085106383
13122 0.316382978723404
13122 6.44106382978723
13122 4.35744680851064
13122 3.27042553191489
13122 0.372340425531915
13174 2.27468085106383
13174 0.316382978723404
13174 6.44106382978723
13174 4.35744680851064
13174 3.27042553191489
13174 0.372340425531915
13069 2.27468085106383
13069 0.316382978723404
13069 6.44106382978723
13069 4.35744680851064
13069 3.27042553191489
13069 0.372340425531915
13123 2.27468085106383
13123 0.316382978723404
13123 6.44106382978723
13123 4.35744680851064
13123 3.27042553191489
13123 0.372340425531915
13175 2.27468085106383
13175 0.316382978723404
13175 6.44106382978723
13175 4.35744680851064
13175 3.27042553191489
13175 0.372340425531915
13124 2.27468085106383
13124 0.316382978723404
13124 6.44106382978723
13124 4.35744680851064
13124 3.27042553191489
13124 0.372340425531915
13176 2.27468085106383
13176 0.316382978723404
13176 6.44106382978723
13176 4.35744680851064
13176 3.27042553191489
13176 0.372340425531915
13177 2.27468085106383
13177 0.316382978723404
13177 6.44106382978723
13177 4.35744680851064
13177 3.27042553191489
13177 0.372340425531915
13178 2.27468085106383
13178 0.316382978723404
13178 6.44106382978723
13178 4.35744680851064
13178 3.27042553191489
13178 0.372340425531915
13230 2.27468085106383
13230 0.316382978723404
13230 6.44106382978723
13230 4.35744680851064
13230 3.27042553191489
13230 0.372340425531915
13179 2.27468085106383
13179 0.316382978723404
13179 6.44106382978723
13179 4.35744680851064
13179 3.27042553191489
13179 0.372340425531915
13180 2.27468085106383
13180 0.316382978723404
13180 6.44106382978723
13180 4.35744680851064
13180 3.27042553191489
13180 0.372340425531915
13181 2.27468085106383
13181 0.316382978723404
13181 6.44106382978723
13181 4.35744680851064
13181 3.27042553191489
13181 0.372340425531915
13233 2.27468085106383
13233 0.316382978723404
13233 6.44106382978723
13233 4.35744680851064
13233 3.27042553191489
13233 0.372340425531915
13182 2.27468085106383
13182 0.316382978723404
13182 6.44106382978723
13182 4.35744680851064
13182 3.27042553191489
13182 0.372340425531915
13234 2.27468085106383
13234 0.316382978723404
13234 6.44106382978723
13234 4.35744680851064
13234 3.27042553191489
13234 0.372340425531915
13235 2.27468085106383
13235 0.316382978723404
13235 6.44106382978723
13235 4.35744680851064
13235 3.27042553191489
13235 0.372340425531915
13236 2.27468085106383
13236 0.316382978723404
13236 6.44106382978723
13236 4.35744680851064
13236 3.27042553191489
13236 0.372340425531915
13237 2.27468085106383
13237 0.316382978723404
13237 6.44106382978723
13237 4.35744680851064
13237 3.27042553191489
13237 0.372340425531915
13238 2.27468085106383
13238 0.316382978723404
13238 6.44106382978723
13238 4.35744680851064
13238 3.27042553191489
13238 0.372340425531915
13290 2.27468085106383
13290 0.316382978723404
13290 6.44106382978723
13290 4.35744680851064
13290 3.27042553191489
13290 0.372340425531915
13239 2.27468085106383
13239 0.316382978723404
13239 6.44106382978723
13239 4.35744680851064
13239 3.27042553191489
13239 0.372340425531915
13240 2.27468085106383
13240 0.316382978723404
13240 6.44106382978723
13240 4.35744680851064
13240 3.27042553191489
13240 0.372340425531915
13292 2.27468085106383
13292 0.316382978723404
13292 6.44106382978723
13292 4.35744680851064
13292 3.27042553191489
13292 0.372340425531915
13241 2.27468085106383
13241 0.316382978723404
13241 6.44106382978723
13241 4.35744680851064
13241 3.27042553191489
13241 0.372340425531915
13293 2.27468085106383
13293 0.316382978723404
13293 6.44106382978723
13293 4.35744680851064
13293 3.27042553191489
13293 0.372340425531915
13294 2.27468085106383
13294 0.316382978723404
13294 6.44106382978723
13294 4.35744680851064
13294 3.27042553191489
13294 0.372340425531915
13295 2.27468085106383
13295 0.316382978723404
13295 6.44106382978723
13295 4.35744680851064
13295 3.27042553191489
13295 0.372340425531915
13296 2.27468085106383
13296 0.316382978723404
13296 6.44106382978723
13296 4.35744680851064
13296 3.27042553191489
13296 0.372340425531915
13297 2.27468085106383
13297 0.316382978723404
13297 6.44106382978723
13297 4.35744680851064
13297 3.27042553191489
13297 0.372340425531915
13350 2.27468085106383
13350 0.316382978723404
13350 6.44106382978723
13350 4.35744680851064
13350 3.27042553191489
13350 0.372340425531915
13298 2.27468085106383
13298 0.316382978723404
13298 6.44106382978723
13298 4.35744680851064
13298 3.27042553191489
13298 0.372340425531915
13351 2.27468085106383
13351 0.316382978723404
13351 6.44106382978723
13351 4.35744680851064
13351 3.27042553191489
13351 0.372340425531915
13245 2.27468085106383
13245 0.316382978723404
13245 6.44106382978723
13245 4.35744680851064
13245 3.27042553191489
13245 0.372340425531915
13299 2.27468085106383
13299 0.316382978723404
13299 6.44106382978723
13299 4.35744680851064
13299 3.27042553191489
13299 0.372340425531915
13352 2.27468085106383
13352 0.316382978723404
13352 6.44106382978723
13352 4.35744680851064
13352 3.27042553191489
13352 0.372340425531915
13300 2.27468085106383
13300 0.316382978723404
13300 6.44106382978723
13300 4.35744680851064
13300 3.27042553191489
13300 0.372340425531915
13353 2.27468085106383
13353 0.316382978723404
13353 6.44106382978723
13353 4.35744680851064
13353 3.27042553191489
13353 0.372340425531915
13354 2.27468085106383
13354 0.316382978723404
13354 6.44106382978723
13354 4.35744680851064
13354 3.27042553191489
13354 0.372340425531915
13355 2.27468085106383
13355 0.316382978723404
13355 6.44106382978723
13355 4.35744680851064
13355 3.27042553191489
13355 0.372340425531915
13356 2.27468085106383
13356 0.316382978723404
13356 6.44106382978723
13356 4.35744680851064
13356 3.27042553191489
13356 0.372340425531915
13357 2.27468085106383
13357 0.316382978723404
13357 6.44106382978723
13357 4.35744680851064
13357 3.27042553191489
13357 0.372340425531915
13358 2.27468085106383
13358 0.316382978723404
13358 6.44106382978723
13358 4.35744680851064
13358 3.27042553191489
13358 0.372340425531915
13410 2.27468085106383
13410 0.316382978723404
13410 6.44106382978723
13410 4.35744680851064
13410 3.27042553191489
13410 0.372340425531915
13359 2.27468085106383
13359 0.316382978723404
13359 6.44106382978723
13359 4.35744680851064
13359 3.27042553191489
13359 0.372340425531915
13411 2.27468085106383
13411 0.316382978723404
13411 6.44106382978723
13411 4.35744680851064
13411 3.27042553191489
13411 0.372340425531915
13360 2.27468085106383
13360 0.316382978723404
13360 6.44106382978723
13360 4.35744680851064
13360 3.27042553191489
13360 0.372340425531915
13412 2.27468085106383
13412 0.316382978723404
13412 6.44106382978723
13412 4.35744680851064
13412 3.27042553191489
13412 0.372340425531915
13413 2.27468085106383
13413 0.316382978723404
13413 6.44106382978723
13413 4.35744680851064
13413 3.27042553191489
13413 0.372340425531915
13414 2.27468085106383
13414 0.316382978723404
13414 6.44106382978723
13414 4.35744680851064
13414 3.27042553191489
13414 0.372340425531915
13415 2.27468085106383
13415 0.316382978723404
13415 6.44106382978723
13415 4.35744680851064
13415 3.27042553191489
13415 0.372340425531915
13416 2.27468085106383
13416 0.316382978723404
13416 6.44106382978723
13416 4.35744680851064
13416 3.27042553191489
13416 0.372340425531915
13417 2.27468085106383
13417 0.316382978723404
13417 6.44106382978723
13417 4.35744680851064
13417 3.27042553191489
13417 0.372340425531915
13471 2.27468085106383
13471 0.316382978723404
13471 6.44106382978723
13471 4.35744680851064
13471 3.27042553191489
13471 0.372340425531915
13418 2.27468085106383
13418 0.316382978723404
13418 6.44106382978723
13418 4.35744680851064
13418 3.27042553191489
13418 0.372340425531915
13472 2.27468085106383
13472 0.316382978723404
13472 6.44106382978723
13472 4.35744680851064
13472 3.27042553191489
13472 0.372340425531915
13473 2.27468085106383
13473 0.316382978723404
13473 6.44106382978723
13473 4.35744680851064
13473 3.27042553191489
13473 0.372340425531915
13474 2.27468085106383
13474 0.316382978723404
13474 6.44106382978723
13474 4.35744680851064
13474 3.27042553191489
13474 0.372340425531915
13475 2.27468085106383
13475 0.316382978723404
13475 6.44106382978723
13475 4.35744680851064
13475 3.27042553191489
13475 0.372340425531915
13476 2.27468085106383
13476 0.316382978723404
13476 6.44106382978723
13476 4.35744680851064
13476 3.27042553191489
13476 0.372340425531915
13477 2.27468085106383
13477 0.316382978723404
13477 6.44106382978723
13477 4.35744680851064
13477 3.27042553191489
13477 0.372340425531915
13478 2.27468085106383
13478 0.316382978723404
13478 6.44106382978723
13478 4.35744680851064
13478 3.27042553191489
13478 0.372340425531915
13527 2.27468085106383
13527 0.316382978723404
13527 6.44106382978723
13527 4.35744680851064
13527 3.27042553191489
13527 0.372340425531915
13479 2.27468085106383
13479 0.316382978723404
13479 6.44106382978723
13479 4.35744680851064
13479 3.27042553191489
13479 0.372340425531915
13528 2.27468085106383
13528 0.316382978723404
13528 6.44106382978723
13528 4.35744680851064
13528 3.27042553191489
13528 0.372340425531915
13529 2.27468085106383
13529 0.316382978723404
13529 6.44106382978723
13529 4.35744680851064
13529 3.27042553191489
13529 0.372340425531915
13530 2.27468085106383
13530 0.316382978723404
13530 6.44106382978723
13530 4.35744680851064
13530 3.27042553191489
13530 0.372340425531915
13531 2.27468085106383
13531 0.316382978723404
13531 6.44106382978723
13531 4.35744680851064
13531 3.27042553191489
13531 0.372340425531915
13532 2.27468085106383
13532 0.316382978723404
13532 6.44106382978723
13532 4.35744680851064
13532 3.27042553191489
13532 0.372340425531915
13533 2.27468085106383
13533 0.316382978723404
13533 6.44106382978723
13533 4.35744680851064
13533 3.27042553191489
13533 0.372340425531915
13584 2.27468085106383
13584 0.316382978723404
13584 6.44106382978723
13584 4.35744680851064
13584 3.27042553191489
13584 0.372340425531915
13534 2.27468085106383
13534 0.316382978723404
13534 6.44106382978723
13534 4.35744680851064
13534 3.27042553191489
13534 0.372340425531915
13535 2.27468085106383
13535 0.316382978723404
13535 6.44106382978723
13535 4.35744680851064
13535 3.27042553191489
13535 0.372340425531915
13586 2.27468085106383
13586 0.316382978723404
13586 6.44106382978723
13586 4.35744680851064
13586 3.27042553191489
13586 0.372340425531915
13587 2.27468085106383
13587 0.316382978723404
13587 6.44106382978723
13587 4.35744680851064
13587 3.27042553191489
13587 0.372340425531915
13588 2.27468085106383
13588 0.316382978723404
13588 6.44106382978723
13588 4.35744680851064
13588 3.27042553191489
13588 0.372340425531915
13589 2.27468085106383
13589 0.316382978723404
13589 6.44106382978723
13589 4.35744680851064
13589 3.27042553191489
13589 0.372340425531915
13590 2.27468085106383
13590 0.316382978723404
13590 6.44106382978723
13590 4.35744680851064
13590 3.27042553191489
13590 0.372340425531915
13591 2.27468085106383
13591 0.316382978723404
13591 6.44106382978723
13591 4.35744680851064
13591 3.27042553191489
13591 0.372340425531915
13641 2.27468085106383
13641 0.316382978723404
13641 6.44106382978723
13641 4.35744680851064
13641 3.27042553191489
13641 0.372340425531915
13592 2.27468085106383
13592 0.316382978723404
13592 6.44106382978723
13592 4.35744680851064
13592 3.27042553191489
13592 0.372340425531915
13642 2.27468085106383
13642 0.316382978723404
13642 6.44106382978723
13642 4.35744680851064
13642 3.27042553191489
13642 0.372340425531915
13593 2.27468085106383
13593 0.316382978723404
13593 6.44106382978723
13593 4.35744680851064
13593 3.27042553191489
13593 0.372340425531915
13643 2.27468085106383
13643 0.316382978723404
13643 6.44106382978723
13643 4.35744680851064
13643 3.27042553191489
13643 0.372340425531915
13644 2.27468085106383
13644 0.316382978723404
13644 6.44106382978723
13644 4.35744680851064
13644 3.27042553191489
13644 0.372340425531915
13645 2.27468085106383
13645 0.316382978723404
13645 6.44106382978723
13645 4.35744680851064
13645 3.27042553191489
13645 0.372340425531915
13646 2.27468085106383
13646 0.316382978723404
13646 6.44106382978723
13646 4.35744680851064
13646 3.27042553191489
13646 0.372340425531915
13647 2.27468085106383
13647 0.316382978723404
13647 6.44106382978723
13647 4.35744680851064
13647 3.27042553191489
13647 0.372340425531915
13648 2.27468085106383
13648 0.316382978723404
13648 6.44106382978723
13648 4.35744680851064
13648 3.27042553191489
13648 0.372340425531915
13649 2.27468085106383
13649 0.316382978723404
13649 6.44106382978723
13649 4.35744680851064
13649 3.27042553191489
13649 0.372340425531915
13701 2.27468085106383
13701 0.316382978723404
13701 6.44106382978723
13701 4.35744680851064
13701 3.27042553191489
13701 0.372340425531915
13702 2.27468085106383
13702 0.316382978723404
13702 6.44106382978723
13702 4.35744680851064
13702 3.27042553191489
13702 0.372340425531915
13703 2.27468085106383
13703 0.316382978723404
13703 6.44106382978723
13703 4.35744680851064
13703 3.27042553191489
13703 0.372340425531915
13704 2.27468085106383
13704 0.316382978723404
13704 6.44106382978723
13704 4.35744680851064
13704 3.27042553191489
13704 0.372340425531915
13705 2.27468085106383
13705 0.316382978723404
13705 6.44106382978723
13705 4.35744680851064
13705 3.27042553191489
13705 0.372340425531915
13706 2.27468085106383
13706 0.316382978723404
13706 6.44106382978723
13706 4.35744680851064
13706 3.27042553191489
13706 0.372340425531915
13707 2.27468085106383
13707 0.316382978723404
13707 6.44106382978723
13707 4.35744680851064
13707 3.27042553191489
13707 0.372340425531915
13760 2.27468085106383
13760 0.316382978723404
13760 6.44106382978723
13760 4.35744680851064
13760 3.27042553191489
13760 0.372340425531915
13708 2.27468085106383
13708 0.316382978723404
13708 6.44106382978723
13708 4.35744680851064
13708 3.27042553191489
13708 0.372340425531915
13761 2.27468085106383
13761 0.316382978723404
13761 6.44106382978723
13761 4.35744680851064
13761 3.27042553191489
13761 0.372340425531915
13762 2.27468085106383
13762 0.316382978723404
13762 6.44106382978723
13762 4.35744680851064
13762 3.27042553191489
13762 0.372340425531915
13763 2.27468085106383
13763 0.316382978723404
13763 6.44106382978723
13763 4.35744680851064
13763 3.27042553191489
13763 0.372340425531915
13764 2.27468085106383
13764 0.316382978723404
13764 6.44106382978723
13764 4.35744680851064
13764 3.27042553191489
13764 0.372340425531915
13765 2.27468085106383
13765 0.316382978723404
13765 6.44106382978723
13765 4.35744680851064
13765 3.27042553191489
13765 0.372340425531915
13766 2.27468085106383
13766 0.316382978723404
13766 6.44106382978723
13766 4.35744680851064
13766 3.27042553191489
13766 0.372340425531915
13818 2.27468085106383
13818 0.316382978723404
13818 6.44106382978723
13818 4.35744680851064
13818 3.27042553191489
13818 0.372340425531915
13767 2.27468085106383
13767 0.316382978723404
13767 6.44106382978723
13767 4.35744680851064
13767 3.27042553191489
13767 0.372340425531915
13819 2.27468085106383
13819 0.316382978723404
13819 6.44106382978723
13819 4.35744680851064
13819 3.27042553191489
13819 0.372340425531915
13768 2.27468085106383
13768 0.316382978723404
13768 6.44106382978723
13768 4.35744680851064
13768 3.27042553191489
13768 0.372340425531915
13820 2.27468085106383
13820 0.316382978723404
13820 6.44106382978723
13820 4.35744680851064
13820 3.27042553191489
13820 0.372340425531915
13821 2.27468085106383
13821 0.316382978723404
13821 6.44106382978723
13821 4.35744680851064
13821 3.27042553191489
13821 0.372340425531915
13822 2.27468085106383
13822 0.316382978723404
13822 6.44106382978723
13822 4.35744680851064
13822 3.27042553191489
13822 0.372340425531915
13823 2.27468085106383
13823 0.316382978723404
13823 6.44106382978723
13823 4.35744680851064
13823 3.27042553191489
13823 0.372340425531915
13824 2.27468085106383
13824 0.316382978723404
13824 6.44106382978723
13824 4.35744680851064
13824 3.27042553191489
13824 0.372340425531915
13878 2.27468085106383
13878 0.316382978723404
13878 6.44106382978723
13878 4.35744680851064
13878 3.27042553191489
13878 0.372340425531915
13825 2.27468085106383
13825 0.316382978723404
13825 6.44106382978723
13825 4.35744680851064
13825 3.27042553191489
13825 0.372340425531915
13826 2.27468085106383
13826 0.316382978723404
13826 6.44106382978723
13826 4.35744680851064
13826 3.27042553191489
13826 0.372340425531915
13879 2.27468085106383
13879 0.316382978723404
13879 6.44106382978723
13879 4.35744680851064
13879 3.27042553191489
13879 0.372340425531915
13827 2.27468085106383
13827 0.316382978723404
13827 6.44106382978723
13827 4.35744680851064
13827 3.27042553191489
13827 0.372340425531915
13880 2.27468085106383
13880 0.316382978723404
13880 6.44106382978723
13880 4.35744680851064
13880 3.27042553191489
13880 0.372340425531915
13881 2.27468085106383
13881 0.316382978723404
13881 6.44106382978723
13881 4.35744680851064
13881 3.27042553191489
13881 0.372340425531915
13882 2.27468085106383
13882 0.316382978723404
13882 6.44106382978723
13882 4.35744680851064
13882 3.27042553191489
13882 0.372340425531915
13988 2.27468085106383
13988 0.316382978723404
13988 6.44106382978723
13988 4.35744680851064
13988 3.27042553191489
13988 0.372340425531915
13883 2.27468085106383
13883 0.316382978723404
13883 6.44106382978723
13883 4.35744680851064
13883 3.27042553191489
13883 0.372340425531915
13884 2.27468085106383
13884 0.316382978723404
13884 6.44106382978723
13884 4.35744680851064
13884 3.27042553191489
13884 0.372340425531915
13885 2.27468085106383
13885 0.316382978723404
13885 6.44106382978723
13885 4.35744680851064
13885 3.27042553191489
13885 0.372340425531915
13936 2.27468085106383
13936 0.316382978723404
13936 6.44106382978723
13936 4.35744680851064
13936 3.27042553191489
13936 0.372340425531915
13886 2.27468085106383
13886 0.316382978723404
13886 6.44106382978723
13886 4.35744680851064
13886 3.27042553191489
13886 0.372340425531915
13937 2.27468085106383
13937 0.316382978723404
13937 6.44106382978723
13937 4.35744680851064
13937 3.27042553191489
13937 0.372340425531915
13887 2.27468085106383
13887 0.316382978723404
13887 6.44106382978723
13887 4.35744680851064
13887 3.27042553191489
13887 0.372340425531915
13938 2.27468085106383
13938 0.316382978723404
13938 6.44106382978723
13938 4.35744680851064
13938 3.27042553191489
13938 0.372340425531915
13939 2.27468085106383
13939 0.316382978723404
13939 6.44106382978723
13939 4.35744680851064
13939 3.27042553191489
13939 0.372340425531915
13940 2.27468085106383
13940 0.316382978723404
13940 6.44106382978723
13940 4.35744680851064
13940 3.27042553191489
13940 0.372340425531915
13941 2.27468085106383
13941 0.316382978723404
13941 6.44106382978723
13941 4.35744680851064
13941 3.27042553191489
13941 0.372340425531915
14051 2.27468085106383
14051 0.316382978723404
14051 6.44106382978723
14051 4.35744680851064
14051 3.27042553191489
14051 0.372340425531915
13942 2.27468085106383
13942 0.316382978723404
13942 6.44106382978723
13942 4.35744680851064
13942 3.27042553191489
13942 0.372340425531915
13943 2.27468085106383
13943 0.316382978723404
13943 6.44106382978723
13943 4.35744680851064
13943 3.27042553191489
13943 0.372340425531915
13997 2.27468085106383
13997 0.316382978723404
13997 6.44106382978723
13997 4.35744680851064
13997 3.27042553191489
13997 0.372340425531915
13944 2.27468085106383
13944 0.316382978723404
13944 6.44106382978723
13944 4.35744680851064
13944 3.27042553191489
13944 0.372340425531915
13998 2.27468085106383
13998 0.316382978723404
13998 6.44106382978723
13998 4.35744680851064
13998 3.27042553191489
13998 0.372340425531915
13999 2.27468085106383
13999 0.316382978723404
13999 6.44106382978723
13999 4.35744680851064
13999 3.27042553191489
13999 0.372340425531915
14000 2.27468085106383
14000 0.316382978723404
14000 6.44106382978723
14000 4.35744680851064
14000 3.27042553191489
14000 0.372340425531915
14001 2.27468085106383
14001 0.316382978723404
14001 6.44106382978723
14001 4.35744680851064
14001 3.27042553191489
14001 0.372340425531915
14002 2.27468085106383
14002 0.316382978723404
14002 6.44106382978723
14002 4.35744680851064
14002 3.27042553191489
14002 0.372340425531915
14113 2.27468085106383
14113 0.316382978723404
14113 6.44106382978723
14113 4.35744680851064
14113 3.27042553191489
14113 0.372340425531915
14058 2.27468085106383
14058 0.316382978723404
14058 6.44106382978723
14058 4.35744680851064
14058 3.27042553191489
14058 0.372340425531915
14003 2.27468085106383
14003 0.316382978723404
14003 6.44106382978723
14003 4.35744680851064
14003 3.27042553191489
14003 0.372340425531915
14059 2.27468085106383
14059 0.316382978723404
14059 6.44106382978723
14059 4.35744680851064
14059 3.27042553191489
14059 0.372340425531915
14004 2.27468085106383
14004 0.316382978723404
14004 6.44106382978723
14004 4.35744680851064
14004 3.27042553191489
14004 0.372340425531915
14060 2.27468085106383
14060 0.316382978723404
14060 6.44106382978723
14060 4.35744680851064
14060 3.27042553191489
14060 0.372340425531915
14005 2.27468085106383
14005 0.316382978723404
14005 6.44106382978723
14005 4.35744680851064
14005 3.27042553191489
14005 0.372340425531915
14061 2.27468085106383
14061 0.316382978723404
14061 6.44106382978723
14061 4.35744680851064
14061 3.27042553191489
14061 0.372340425531915
14062 2.27468085106383
14062 0.316382978723404
14062 6.44106382978723
14062 4.35744680851064
14062 3.27042553191489
14062 0.372340425531915
14063 2.27468085106383
14063 0.316382978723404
14063 6.44106382978723
14063 4.35744680851064
14063 3.27042553191489
14063 0.372340425531915
14064 2.27468085106383
14064 0.316382978723404
14064 6.44106382978723
14064 4.35744680851064
14064 3.27042553191489
14064 0.372340425531915
14176 2.27468085106383
14176 0.316382978723404
14176 6.44106382978723
14176 4.35744680851064
14176 3.27042553191489
14176 0.372340425531915
14065 2.27468085106383
14065 0.316382978723404
14065 6.44106382978723
14065 4.35744680851064
14065 3.27042553191489
14065 0.372340425531915
14120 2.27468085106383
14120 0.316382978723404
14120 6.44106382978723
14120 4.35744680851064
14120 3.27042553191489
14120 0.372340425531915
14066 2.27468085106383
14066 0.316382978723404
14066 6.44106382978723
14066 4.35744680851064
14066 3.27042553191489
14066 0.372340425531915
14121 2.27468085106383
14121 0.316382978723404
14121 6.44106382978723
14121 4.35744680851064
14121 3.27042553191489
14121 0.372340425531915
14122 2.27468085106383
14122 0.316382978723404
14122 6.44106382978723
14122 4.35744680851064
14122 3.27042553191489
14122 0.372340425531915
14123 2.27468085106383
14123 0.316382978723404
14123 6.44106382978723
14123 4.35744680851064
14123 3.27042553191489
14123 0.372340425531915
14124 2.27468085106383
14124 0.316382978723404
14124 6.44106382978723
14124 4.35744680851064
14124 3.27042553191489
14124 0.372340425531915
14125 2.27468085106383
14125 0.316382978723404
14125 6.44106382978723
14125 4.35744680851064
14125 3.27042553191489
14125 0.372340425531915
14126 2.27468085106383
14126 0.316382978723404
14126 6.44106382978723
14126 4.35744680851064
14126 3.27042553191489
14126 0.372340425531915
14241 2.27468085106383
14241 0.316382978723404
14241 6.44106382978723
14241 4.35744680851064
14241 3.27042553191489
14241 0.372340425531915
14127 2.27468085106383
14127 0.316382978723404
14127 6.44106382978723
14127 4.35744680851064
14127 3.27042553191489
14127 0.372340425531915
14128 2.27468085106383
14128 0.316382978723404
14128 6.44106382978723
14128 4.35744680851064
14128 3.27042553191489
14128 0.372340425531915
14184 2.27468085106383
14184 0.316382978723404
14184 6.44106382978723
14184 4.35744680851064
14184 3.27042553191489
14184 0.372340425531915
14185 2.27468085106383
14185 0.316382978723404
14185 6.44106382978723
14185 4.35744680851064
14185 3.27042553191489
14185 0.372340425531915
14073 2.27468085106383
14073 0.316382978723404
14073 6.44106382978723
14073 4.35744680851064
14073 3.27042553191489
14073 0.372340425531915
14186 2.27468085106383
14186 0.316382978723404
14186 6.44106382978723
14186 4.35744680851064
14186 3.27042553191489
14186 0.372340425531915
14245 2.27468085106383
14245 0.316382978723404
14245 6.44106382978723
14245 4.35744680851064
14245 3.27042553191489
14245 0.372340425531915
14187 2.27468085106383
14187 0.316382978723404
14187 6.44106382978723
14187 4.35744680851064
14187 3.27042553191489
14187 0.372340425531915
14188 2.27468085106383
14188 0.316382978723404
14188 6.44106382978723
14188 4.35744680851064
14188 3.27042553191489
14188 0.372340425531915
14189 2.27468085106383
14189 0.316382978723404
14189 6.44106382978723
14189 4.35744680851064
14189 3.27042553191489
14189 0.372340425531915
14248 2.27468085106383
14248 0.316382978723404
14248 6.44106382978723
14248 4.35744680851064
14248 3.27042553191489
14248 0.372340425531915
14190 2.27468085106383
14190 0.316382978723404
14190 6.44106382978723
14190 4.35744680851064
14190 3.27042553191489
14190 0.372340425531915
14250 2.27468085106383
14250 0.316382978723404
14250 6.44106382978723
14250 4.35744680851064
14250 3.27042553191489
14250 0.372340425531915
14133 2.27468085106383
14133 0.316382978723404
14133 6.44106382978723
14133 4.35744680851064
14133 3.27042553191489
14133 0.372340425531915
14251 2.27468085106383
14251 0.316382978723404
14251 6.44106382978723
14251 4.35744680851064
14251 3.27042553191489
14251 0.372340425531915
14252 2.27468085106383
14252 0.316382978723404
14252 6.44106382978723
14252 4.35744680851064
14252 3.27042553191489
14252 0.372340425531915
14253 2.27468085106383
14253 0.316382978723404
14253 6.44106382978723
14253 4.35744680851064
14253 3.27042553191489
14253 0.372340425531915
14314 2.27468085106383
14314 0.316382978723404
14314 6.44106382978723
14314 4.35744680851064
14314 3.27042553191489
14314 0.372340425531915
14254 2.27468085106383
14254 0.316382978723404
14254 6.44106382978723
14254 4.35744680851064
14254 3.27042553191489
14254 0.372340425531915
14315 2.27468085106383
14315 0.316382978723404
14315 6.44106382978723
14315 4.35744680851064
14315 3.27042553191489
14315 0.372340425531915
14255 2.27468085106383
14255 0.316382978723404
14255 6.44106382978723
14255 4.35744680851064
14255 3.27042553191489
14255 0.372340425531915
14197 2.27468085106383
14197 0.316382978723404
14197 6.44106382978723
14197 4.35744680851064
14197 3.27042553191489
14197 0.372340425531915
14316 2.27468085106383
14316 0.316382978723404
14316 6.44106382978723
14316 4.35744680851064
14316 3.27042553191489
14316 0.372340425531915
14256 2.27468085106383
14256 0.316382978723404
14256 6.44106382978723
14256 4.35744680851064
14256 3.27042553191489
14256 0.372340425531915
14198 2.27468085106383
14198 0.316382978723404
14198 6.44106382978723
14198 4.35744680851064
14198 3.27042553191489
14198 0.372340425531915
14317 2.27468085106383
14317 0.316382978723404
14317 6.44106382978723
14317 4.35744680851064
14317 3.27042553191489
14317 0.372340425531915
14257 2.27468085106383
14257 0.316382978723404
14257 6.44106382978723
14257 4.35744680851064
14257 3.27042553191489
14257 0.372340425531915
14318 2.27468085106383
14318 0.316382978723404
14318 6.44106382978723
14318 4.35744680851064
14318 3.27042553191489
14318 0.372340425531915
14319 2.27468085106383
14319 0.316382978723404
14319 6.44106382978723
14319 4.35744680851064
14319 3.27042553191489
14319 0.372340425531915
14320 2.27468085106383
14320 0.316382978723404
14320 6.44106382978723
14320 4.35744680851064
14320 3.27042553191489
14320 0.372340425531915
14321 2.27468085106383
14321 0.316382978723404
14321 6.44106382978723
14321 4.35744680851064
14321 3.27042553191489
14321 0.372340425531915
14262 2.27468085106383
14262 0.316382978723404
14262 6.44106382978723
14262 4.35744680851064
14262 3.27042553191489
14262 0.372340425531915
14322 2.27468085106383
14322 0.316382978723404
14322 6.44106382978723
14322 4.35744680851064
14322 3.27042553191489
14322 0.372340425531915
14263 2.27468085106383
14263 0.316382978723404
14263 6.44106382978723
14263 4.35744680851064
14263 3.27042553191489
14263 0.372340425531915
14386 2.27468085106383
14386 0.316382978723404
14386 6.44106382978723
14386 4.35744680851064
14386 3.27042553191489
14386 0.372340425531915
14323 2.27468085106383
14323 0.316382978723404
14323 6.44106382978723
14323 4.35744680851064
14323 3.27042553191489
14323 0.372340425531915
14264 2.27468085106383
14264 0.316382978723404
14264 6.44106382978723
14264 4.35744680851064
14264 3.27042553191489
14264 0.372340425531915
14387 2.27468085106383
14387 0.316382978723404
14387 6.44106382978723
14387 4.35744680851064
14387 3.27042553191489
14387 0.372340425531915
14388 2.27468085106383
14388 0.316382978723404
14388 6.44106382978723
14388 4.35744680851064
14388 3.27042553191489
14388 0.372340425531915
14389 2.27468085106383
14389 0.316382978723404
14389 6.44106382978723
14389 4.35744680851064
14389 3.27042553191489
14389 0.372340425531915
14390 2.27468085106383
14390 0.316382978723404
14390 6.44106382978723
14390 4.35744680851064
14390 3.27042553191489
14390 0.372340425531915
14327 2.27468085106383
14327 0.316382978723404
14327 6.44106382978723
14327 4.35744680851064
14327 3.27042553191489
14327 0.372340425531915
14391 2.27468085106383
14391 0.316382978723404
14391 6.44106382978723
14391 4.35744680851064
14391 3.27042553191489
14391 0.372340425531915
14328 2.27468085106383
14328 0.316382978723404
14328 6.44106382978723
14328 4.35744680851064
14328 3.27042553191489
14328 0.372340425531915
14455 2.27468085106383
14455 0.316382978723404
14455 6.44106382978723
14455 4.35744680851064
14455 3.27042553191489
14455 0.372340425531915
14392 2.27468085106383
14392 0.316382978723404
14392 6.44106382978723
14392 4.35744680851064
14392 3.27042553191489
14392 0.372340425531915
14329 2.27468085106383
14329 0.316382978723404
14329 6.44106382978723
14329 4.35744680851064
14329 3.27042553191489
14329 0.372340425531915
14456 2.27468085106383
14456 0.316382978723404
14456 6.44106382978723
14456 4.35744680851064
14456 3.27042553191489
14456 0.372340425531915
14330 2.27468085106383
14330 0.316382978723404
14330 6.44106382978723
14330 4.35744680851064
14330 3.27042553191489
14330 0.372340425531915
14457 2.27468085106383
14457 0.316382978723404
14457 6.44106382978723
14457 4.35744680851064
14457 3.27042553191489
14457 0.372340425531915
14331 2.27468085106383
14331 0.316382978723404
14331 6.44106382978723
14331 4.35744680851064
14331 3.27042553191489
14331 0.372340425531915
14458 2.27468085106383
14458 0.316382978723404
14458 6.44106382978723
14458 4.35744680851064
14458 3.27042553191489
14458 0.372340425531915
14459 2.27468085106383
14459 0.316382978723404
14459 6.44106382978723
14459 4.35744680851064
14459 3.27042553191489
14459 0.372340425531915
14460 2.27468085106383
14460 0.316382978723404
14460 6.44106382978723
14460 4.35744680851064
14460 3.27042553191489
14460 0.372340425531915
14461 2.27468085106383
14461 0.316382978723404
14461 6.44106382978723
14461 4.35744680851064
14461 3.27042553191489
14461 0.372340425531915
14530 2.27468085106383
14530 0.316382978723404
14530 6.44106382978723
14530 4.35744680851064
14530 3.27042553191489
14530 0.372340425531915
14398 2.27468085106383
14398 0.316382978723404
14398 6.44106382978723
14398 4.35744680851064
14398 3.27042553191489
14398 0.372340425531915
14462 2.27468085106383
14462 0.316382978723404
14462 6.44106382978723
14462 4.35744680851064
14462 3.27042553191489
14462 0.372340425531915
14399 2.27468085106383
14399 0.316382978723404
14399 6.44106382978723
14399 4.35744680851064
14399 3.27042553191489
14399 0.372340425531915
14531 2.27468085106383
14531 0.316382978723404
14531 6.44106382978723
14531 4.35744680851064
14531 3.27042553191489
14531 0.372340425531915
14400 2.27468085106383
14400 0.316382978723404
14400 6.44106382978723
14400 4.35744680851064
14400 3.27042553191489
14400 0.372340425531915
14532 2.27468085106383
14532 0.316382978723404
14532 6.44106382978723
14532 4.35744680851064
14532 3.27042553191489
14532 0.372340425531915
14401 2.27468085106383
14401 0.316382978723404
14401 6.44106382978723
14401 4.35744680851064
14401 3.27042553191489
14401 0.372340425531915
14533 2.27468085106383
14533 0.316382978723404
14533 6.44106382978723
14533 4.35744680851064
14533 3.27042553191489
14533 0.372340425531915
14534 2.27468085106383
14534 0.316382978723404
14534 6.44106382978723
14534 4.35744680851064
14534 3.27042553191489
14534 0.372340425531915
14535 2.27468085106383
14535 0.316382978723404
14535 6.44106382978723
14535 4.35744680851064
14535 3.27042553191489
14535 0.372340425531915
14536 2.27468085106383
14536 0.316382978723404
14536 6.44106382978723
14536 4.35744680851064
14536 3.27042553191489
14536 0.372340425531915
14602 2.27468085106383
14602 0.316382978723404
14602 6.44106382978723
14602 4.35744680851064
14602 3.27042553191489
14602 0.372340425531915
14468 2.27468085106383
14468 0.316382978723404
14468 6.44106382978723
14468 4.35744680851064
14468 3.27042553191489
14468 0.372340425531915
14537 2.27468085106383
14537 0.316382978723404
14537 6.44106382978723
14537 4.35744680851064
14537 3.27042553191489
14537 0.372340425531915
14603 2.27468085106383
14603 0.316382978723404
14603 6.44106382978723
14603 4.35744680851064
14603 3.27042553191489
14603 0.372340425531915
14470 2.27468085106383
14470 0.316382978723404
14470 6.44106382978723
14470 4.35744680851064
14470 3.27042553191489
14470 0.372340425531915
14604 2.27468085106383
14604 0.316382978723404
14604 6.44106382978723
14604 4.35744680851064
14604 3.27042553191489
14604 0.372340425531915
14471 2.27468085106383
14471 0.316382978723404
14471 6.44106382978723
14471 4.35744680851064
14471 3.27042553191489
14471 0.372340425531915
14605 2.27468085106383
14605 0.316382978723404
14605 6.44106382978723
14605 4.35744680851064
14605 3.27042553191489
14605 0.372340425531915
14606 2.27468085106383
14606 0.316382978723404
14606 6.44106382978723
14606 4.35744680851064
14606 3.27042553191489
14606 0.372340425531915
14607 2.27468085106383
14607 0.316382978723404
14607 6.44106382978723
14607 4.35744680851064
14607 3.27042553191489
14607 0.372340425531915
14608 2.27468085106383
14608 0.316382978723404
14608 6.44106382978723
14608 4.35744680851064
14608 3.27042553191489
14608 0.372340425531915
14543 2.27468085106383
14543 0.316382978723404
14543 6.44106382978723
14543 4.35744680851064
14543 3.27042553191489
14543 0.372340425531915
14673 2.27468085106383
14673 0.316382978723404
14673 6.44106382978723
14673 4.35744680851064
14673 3.27042553191489
14673 0.372340425531915
14544 2.27468085106383
14544 0.316382978723404
14544 6.44106382978723
14544 4.35744680851064
14544 3.27042553191489
14544 0.372340425531915
14674 2.27468085106383
14674 0.316382978723404
14674 6.44106382978723
14674 4.35744680851064
14674 3.27042553191489
14674 0.372340425531915
14545 2.27468085106383
14545 0.316382978723404
14545 6.44106382978723
14545 4.35744680851064
14545 3.27042553191489
14545 0.372340425531915
14675 2.27468085106383
14675 0.316382978723404
14675 6.44106382978723
14675 4.35744680851064
14675 3.27042553191489
14675 0.372340425531915
14676 2.27468085106383
14676 0.316382978723404
14676 6.44106382978723
14676 4.35744680851064
14676 3.27042553191489
14676 0.372340425531915
14677 2.27468085106383
14677 0.316382978723404
14677 6.44106382978723
14677 4.35744680851064
14677 3.27042553191489
14677 0.372340425531915
14678 2.27468085106383
14678 0.316382978723404
14678 6.44106382978723
14678 4.35744680851064
14678 3.27042553191489
14678 0.372340425531915
14679 2.27468085106383
14679 0.316382978723404
14679 6.44106382978723
14679 4.35744680851064
14679 3.27042553191489
14679 0.372340425531915
14742 2.27468085106383
14742 0.316382978723404
14742 6.44106382978723
14742 4.35744680851064
14742 3.27042553191489
14742 0.372340425531915
14616 2.27468085106383
14616 0.316382978723404
14616 6.44106382978723
14616 4.35744680851064
14616 3.27042553191489
14616 0.372340425531915
14743 2.27468085106383
14743 0.316382978723404
14743 6.44106382978723
14743 4.35744680851064
14743 3.27042553191489
14743 0.372340425531915
14617 2.27468085106383
14617 0.316382978723404
14617 6.44106382978723
14617 4.35744680851064
14617 3.27042553191489
14617 0.372340425531915
14744 2.27468085106383
14744 0.316382978723404
14744 6.44106382978723
14744 4.35744680851064
14744 3.27042553191489
14744 0.372340425531915
14745 2.27468085106383
14745 0.316382978723404
14745 6.44106382978723
14745 4.35744680851064
14745 3.27042553191489
14745 0.372340425531915
14746 2.27468085106383
14746 0.316382978723404
14746 6.44106382978723
14746 4.35744680851064
14746 3.27042553191489
14746 0.372340425531915
14747 2.27468085106383
14747 0.316382978723404
14747 6.44106382978723
14747 4.35744680851064
14747 3.27042553191489
14747 0.372340425531915
14685 2.27468085106383
14685 0.316382978723404
14685 6.44106382978723
14685 4.35744680851064
14685 3.27042553191489
14685 0.372340425531915
14813 2.27468085106383
14813 0.316382978723404
14813 6.44106382978723
14813 4.35744680851064
14813 3.27042553191489
14813 0.372340425531915
14814 2.27468085106383
14814 0.316382978723404
14814 6.44106382978723
14814 4.35744680851064
14814 3.27042553191489
14814 0.372340425531915
14815 2.27468085106383
14815 0.316382978723404
14815 6.44106382978723
14815 4.35744680851064
14815 3.27042553191489
14815 0.372340425531915
14688 2.27468085106383
14688 0.316382978723404
14688 6.44106382978723
14688 4.35744680851064
14688 3.27042553191489
14688 0.372340425531915
14816 2.27468085106383
14816 0.316382978723404
14816 6.44106382978723
14816 4.35744680851064
14816 3.27042553191489
14816 0.372340425531915
14817 2.27468085106383
14817 0.316382978723404
14817 6.44106382978723
14817 4.35744680851064
14817 3.27042553191489
14817 0.372340425531915
14755 2.27468085106383
14755 0.316382978723404
14755 6.44106382978723
14755 4.35744680851064
14755 3.27042553191489
14755 0.372340425531915
14885 2.27468085106383
14885 0.316382978723404
14885 6.44106382978723
14885 4.35744680851064
14885 3.27042553191489
14885 0.372340425531915
14756 2.27468085106383
14756 0.316382978723404
14756 6.44106382978723
14756 4.35744680851064
14756 3.27042553191489
14756 0.372340425531915
14887 2.27468085106383
14887 0.316382978723404
14887 6.44106382978723
14887 4.35744680851064
14887 3.27042553191489
14887 0.372340425531915
14888 2.27468085106383
14888 0.316382978723404
14888 6.44106382978723
14888 4.35744680851064
14888 3.27042553191489
14888 0.372340425531915
14827 2.27468085106383
14827 0.316382978723404
14827 6.44106382978723
14827 4.35744680851064
14827 3.27042553191489
14827 0.372340425531915
14957 2.27468085106383
14957 0.316382978723404
14957 6.44106382978723
14957 4.35744680851064
14957 3.27042553191489
14957 0.372340425531915
14958 2.27468085106383
14958 0.316382978723404
14958 6.44106382978723
14958 4.35744680851064
14958 3.27042553191489
14958 0.372340425531915
14959 2.27468085106383
14959 0.316382978723404
14959 6.44106382978723
14959 4.35744680851064
14959 3.27042553191489
14959 0.372340425531915
14960 2.27468085106383
14960 0.316382978723404
14960 6.44106382978723
14960 4.35744680851064
14960 3.27042553191489
14960 0.372340425531915
15029 2.27468085106383
15029 0.316382978723404
15029 6.44106382978723
15029 4.35744680851064
15029 3.27042553191489
15029 0.372340425531915
15030 2.27468085106383
15030 0.316382978723404
15030 6.44106382978723
15030 4.35744680851064
15030 3.27042553191489
15030 0.372340425531915
15031 2.27468085106383
15031 0.316382978723404
15031 6.44106382978723
15031 4.35744680851064
15031 3.27042553191489
15031 0.372340425531915
15032 2.27468085106383
15032 0.316382978723404
15032 6.44106382978723
15032 4.35744680851064
15032 3.27042553191489
15032 0.372340425531915
15102 2.27468085106383
15102 0.316382978723404
15102 6.44106382978723
15102 4.35744680851064
15102 3.27042553191489
15102 0.372340425531915
15039 2.27468085106383
15039 0.316382978723404
15039 6.44106382978723
15039 4.35744680851064
15039 3.27042553191489
15039 0.372340425531915
15108 2.27468085106383
15108 0.316382978723404
15108 6.44106382978723
15108 4.35744680851064
15108 3.27042553191489
15108 0.372340425531915
15109 2.27468085106383
15109 0.316382978723404
15109 6.44106382978723
15109 4.35744680851064
15109 3.27042553191489
15109 0.372340425531915
15110 2.27468085106383
15110 0.316382978723404
15110 6.44106382978723
15110 4.35744680851064
15110 3.27042553191489
15110 0.372340425531915
15179 2.27468085106383
15179 0.316382978723404
15179 6.44106382978723
15179 4.35744680851064
15179 3.27042553191489
15179 0.372340425531915
15181 2.27468085106383
15181 0.316382978723404
15181 6.44106382978723
15181 4.35744680851064
15181 3.27042553191489
15181 0.372340425531915
15182 2.27468085106383
15182 0.316382978723404
15182 6.44106382978723
15182 4.35744680851064
15182 3.27042553191489
15182 0.372340425531915
15248 2.27468085106383
15248 0.316382978723404
15248 6.44106382978723
15248 4.35744680851064
15248 3.27042553191489
15248 0.372340425531915
15251 2.27468085106383
15251 0.316382978723404
15251 6.44106382978723
15251 4.35744680851064
15251 3.27042553191489
15251 0.372340425531915
15252 2.27468085106383
15252 0.316382978723404
15252 6.44106382978723
15252 4.35744680851064
15252 3.27042553191489
15252 0.372340425531915
15253 2.27468085106383
15253 0.316382978723404
15253 6.44106382978723
15253 4.35744680851064
15253 3.27042553191489
15253 0.372340425531915
15318 2.27468085106383
15318 0.316382978723404
15318 6.44106382978723
15318 4.35744680851064
15318 3.27042553191489
15318 0.372340425531915
15320 2.27468085106383
15320 0.316382978723404
15320 6.44106382978723
15320 4.35744680851064
15320 3.27042553191489
15320 0.372340425531915
15322 2.27468085106383
15322 0.316382978723404
15322 6.44106382978723
15322 4.35744680851064
15322 3.27042553191489
15322 0.372340425531915
15387 2.27468085106383
15387 0.316382978723404
15387 6.44106382978723
15387 4.35744680851064
15387 3.27042553191489
15387 0.372340425531915
15388 2.27468085106383
15388 0.316382978723404
15388 6.44106382978723
15388 4.35744680851064
15388 3.27042553191489
15388 0.372340425531915
15389 2.27468085106383
15389 0.316382978723404
15389 6.44106382978723
15389 4.35744680851064
15389 3.27042553191489
15389 0.372340425531915
15390 2.27468085106383
15390 0.316382978723404
15390 6.44106382978723
15390 4.35744680851064
15390 3.27042553191489
15390 0.372340425531915
15456 2.27468085106383
15456 0.316382978723404
15456 6.44106382978723
15456 4.35744680851064
15456 3.27042553191489
15456 0.372340425531915
15457 2.27468085106383
15457 0.316382978723404
15457 6.44106382978723
15457 4.35744680851064
15457 3.27042553191489
15457 0.372340425531915
