pt_graph shape
9184 1
9184 1
9184 1
9184 1
9184 1
9184 1
9185 1
9185 1
9185 1
9185 1
9185 1
9185 1
9186 1
9186 1
9186 1
9186 1
9186 1
9186 1
9187 1
9187 1
9187 1
9187 1
9187 1
9187 1
9188 1
9188 1
9188 1
9188 1
9188 1
9188 1
9008 1
9008 1
9008 1
9008 1
9008 1
9008 1
9102 1
9102 1
9102 1
9102 1
9102 1
9102 1
9280 1
9280 1
9280 1
9280 1
9280 1
9280 1
9281 1
9281 1
9281 1
9281 1
9281 1
9281 1
9283 1
9283 1
9283 1
9283 1
9283 1
9283 1
9106 1
9106 1
9106 1
9106 1
9106 1
9106 1
9285 1
9285 1
9285 1
9285 1
9285 1
9285 1
9107 1
9107 1
9107 1
9107 1
9107 1
9107 1
9286 1
9286 1
9286 1
9286 1
9286 1
9286 1
9108 1
9108 1
9108 1
9108 1
9108 1
9108 1
9377 1
9377 1
9377 1
9377 1
9377 1
9377 1
9288 1
9288 1
9288 1
9288 1
9288 1
9288 1
9378 1
9378 1
9378 1
9378 1
9378 1
9378 1
9202 1
9202 1
9202 1
9202 1
9202 1
9202 1
9289 1
9289 1
9289 1
9289 1
9289 1
9289 1
9379 1
9379 1
9379 1
9379 1
9379 1
9379 1
9290 1
9290 1
9290 1
9290 1
9290 1
9290 1
9111 1
9111 1
9111 1
9111 1
9111 1
9111 1
9380 1
9380 1
9380 1
9380 1
9380 1
9380 1
9465 1
9465 1
9465 1
9465 1
9465 1
9465 1
9203 1
9203 1
9203 1
9203 1
9203 1
9203 1
9466 1
9466 1
9466 1
9466 1
9466 1
9466 1
9204 1
9204 1
9204 1
9204 1
9204 1
9204 1
9467 1
9467 1
9467 1
9467 1
9467 1
9467 1
9205 1
9205 1
9205 1
9205 1
9205 1
9205 1
9468 1
9468 1
9468 1
9468 1
9468 1
9468 1
9206 1
9206 1
9206 1
9206 1
9206 1
9206 1
9382 1
9382 1
9382 1
9382 1
9382 1
9382 1
9383 1
9383 1
9383 1
9383 1
9383 1
9383 1
9470 1
9470 1
9470 1
9470 1
9470 1
9470 1
9384 1
9384 1
9384 1
9384 1
9384 1
9384 1
9471 1
9471 1
9471 1
9471 1
9471 1
9471 1
9385 1
9385 1
9385 1
9385 1
9385 1
9385 1
9208 1
9208 1
9208 1
9208 1
9208 1
9208 1
9472 1
9472 1
9472 1
9472 1
9472 1
9472 1
9386 1
9386 1
9386 1
9386 1
9386 1
9386 1
9473 1
9473 1
9473 1
9473 1
9473 1
9473 1
9387 1
9387 1
9387 1
9387 1
9387 1
9387 1
9299 1
9299 1
9299 1
9299 1
9299 1
9299 1
9557 1
9557 1
9557 1
9557 1
9557 1
9557 1
9300 1
9300 1
9300 1
9300 1
9300 1
9300 1
9301 1
9301 1
9301 1
9301 1
9301 1
9301 1
9559 1
9559 1
9559 1
9559 1
9559 1
9559 1
9302 1
9302 1
9302 1
9302 1
9302 1
9302 1
9560 1
9560 1
9560 1
9560 1
9560 1
9560 1
9303 1
9303 1
9303 1
9303 1
9303 1
9303 1
9474 1
9474 1
9474 1
9474 1
9474 1
9474 1
9561 1
9561 1
9561 1
9561 1
9561 1
9561 1
9475 1
9475 1
9475 1
9475 1
9475 1
9475 1
9562 1
9562 1
9562 1
9562 1
9562 1
9562 1
9476 1
9476 1
9476 1
9476 1
9476 1
9476 1
9306 1
9306 1
9306 1
9306 1
9306 1
9306 1
9563 1
9563 1
9563 1
9563 1
9563 1
9563 1
9477 1
9477 1
9477 1
9477 1
9477 1
9477 1
9564 1
9564 1
9564 1
9564 1
9564 1
9564 1
9478 1
9478 1
9478 1
9478 1
9478 1
9478 1
9565 1
9565 1
9565 1
9565 1
9565 1
9565 1
9479 1
9479 1
9479 1
9479 1
9479 1
9479 1
9566 1
9566 1
9566 1
9566 1
9566 1
9566 1
9395 1
9395 1
9395 1
9395 1
9395 1
9395 1
9653 1
9653 1
9653 1
9653 1
9653 1
9653 1
9480 1
9480 1
9480 1
9480 1
9480 1
9480 1
9396 1
9396 1
9396 1
9396 1
9396 1
9396 1
9654 1
9654 1
9654 1
9654 1
9654 1
9654 1
9397 1
9397 1
9397 1
9397 1
9397 1
9397 1
9655 1
9655 1
9655 1
9655 1
9655 1
9655 1
9398 1
9398 1
9398 1
9398 1
9398 1
9398 1
9656 1
9656 1
9656 1
9656 1
9656 1
9656 1
9570 1
9570 1
9570 1
9570 1
9570 1
9570 1
9571 1
9571 1
9571 1
9571 1
9571 1
9571 1
9572 1
9572 1
9572 1
9572 1
9572 1
9572 1
9400 1
9400 1
9400 1
9400 1
9400 1
9400 1
9659 1
9659 1
9659 1
9659 1
9659 1
9659 1
9573 1
9573 1
9573 1
9573 1
9573 1
9573 1
9660 1
9660 1
9660 1
9660 1
9660 1
9660 1
9574 1
9574 1
9574 1
9574 1
9574 1
9574 1
9661 1
9661 1
9661 1
9661 1
9661 1
9661 1
9575 1
9575 1
9575 1
9575 1
9575 1
9575 1
9662 1
9662 1
9662 1
9662 1
9662 1
9662 1
9576 1
9576 1
9576 1
9576 1
9576 1
9576 1
9663 1
9663 1
9663 1
9663 1
9663 1
9663 1
9664 1
9664 1
9664 1
9664 1
9664 1
9664 1
9750 1
9750 1
9750 1
9750 1
9750 1
9750 1
9665 1
9665 1
9665 1
9665 1
9665 1
9665 1
9666 1
9666 1
9666 1
9666 1
9666 1
9666 1
9667 1
9667 1
9667 1
9667 1
9667 1
9667 1
9668 1
9668 1
9668 1
9668 1
9668 1
9668 1
9669 1
9669 1
9669 1
9669 1
9669 1
9669 1
9755 1
9755 1
9755 1
9755 1
9755 1
9755 1
9670 1
9670 1
9670 1
9670 1
9670 1
9670 1
9756 1
9756 1
9756 1
9756 1
9756 1
9756 1
9671 1
9671 1
9671 1
9671 1
9671 1
9671 1
9757 1
9757 1
9757 1
9757 1
9757 1
9757 1
9672 1
9672 1
9672 1
9672 1
9672 1
9672 1
9758 1
9758 1
9758 1
9758 1
9758 1
9758 1
9673 1
9673 1
9673 1
9673 1
9673 1
9673 1
9759 1
9759 1
9759 1
9759 1
9759 1
9759 1
9760 1
9760 1
9760 1
9760 1
9760 1
9760 1
9761 1
9761 1
9761 1
9761 1
9761 1
9761 1
9762 1
9762 1
9762 1
9762 1
9762 1
9762 1
9763 1
9763 1
9763 1
9763 1
9763 1
9763 1
9764 1
9764 1
9764 1
9764 1
9764 1
9764 1
9849 1
9849 1
9849 1
9849 1
9849 1
9849 1
9765 1
9765 1
9765 1
9765 1
9765 1
9765 1
9850 1
9850 1
9850 1
9850 1
9850 1
9850 1
9766 1
9766 1
9766 1
9766 1
9766 1
9766 1
9851 1
9851 1
9851 1
9851 1
9851 1
9851 1
9767 1
9767 1
9767 1
9767 1
9767 1
9767 1
9852 1
9852 1
9852 1
9852 1
9852 1
9852 1
9768 1
9768 1
9768 1
9768 1
9768 1
9768 1
9853 1
9853 1
9853 1
9853 1
9853 1
9853 1
9769 1
9769 1
9769 1
9769 1
9769 1
9769 1
9854 1
9854 1
9854 1
9854 1
9854 1
9854 1
9855 1
9855 1
9855 1
9855 1
9855 1
9855 1
9856 1
9856 1
9856 1
9856 1
9856 1
9856 1
9942 1
9942 1
9942 1
9942 1
9942 1
9942 1
9857 1
9857 1
9857 1
9857 1
9857 1
9857 1
9943 1
9943 1
9943 1
9943 1
9943 1
9943 1
9858 1
9858 1
9858 1
9858 1
9858 1
9858 1
9944 1
9944 1
9944 1
9944 1
9944 1
9944 1
9859 1
9859 1
9859 1
9859 1
9859 1
9859 1
9945 1
9945 1
9945 1
9945 1
9945 1
9945 1
9860 1
9860 1
9860 1
9860 1
9860 1
9860 1
9946 1
9946 1
9946 1
9946 1
9946 1
9946 1
9861 1
9861 1
9861 1
9861 1
9861 1
9861 1
9947 1
9947 1
9947 1
9947 1
9947 1
9947 1
9862 1
9862 1
9862 1
9862 1
9862 1
9862 1
9948 1
9948 1
9948 1
9948 1
9948 1
9948 1
9863 1
9863 1
9863 1
9863 1
9863 1
9863 1
9949 1
9949 1
9949 1
9949 1
9949 1
9949 1
9864 1
9864 1
9864 1
9864 1
9864 1
9864 1
9950 1
9950 1
9950 1
9950 1
9950 1
9950 1
9951 1
9951 1
9951 1
9951 1
9951 1
9951 1
9952 1
9952 1
9952 1
9952 1
9952 1
9952 1
10036 1
10036 1
10036 1
10036 1
10036 1
10036 1
9953 1
9953 1
9953 1
9953 1
9953 1
9953 1
10037 1
10037 1
10037 1
10037 1
10037 1
10037 1
9954 1
9954 1
9954 1
9954 1
9954 1
9954 1
10038 1
10038 1
10038 1
10038 1
10038 1
10038 1
9955 1
9955 1
9955 1
9955 1
9955 1
9955 1
10039 1
10039 1
10039 1
10039 1
10039 1
10039 1
9956 1
9956 1
9956 1
9956 1
9956 1
9956 1
9871 1
9871 1
9871 1
9871 1
9871 1
9871 1
9959 1
9959 1
9959 1
9959 1
9959 1
9959 1
9960 1
9960 1
9960 1
9960 1
9960 1
9960 1
10123 1
10123 1
10123 1
10123 1
10123 1
10123 1
10043 1
10043 1
10043 1
10043 1
10043 1
10043 1
10124 1
10124 1
10124 1
10124 1
10124 1
10124 1
10266 1
10266 1
10266 1
10266 1
10266 1
10266 1
10044 1
10044 1
10044 1
10044 1
10044 1
10044 1
10045 1
10045 1
10045 1
10045 1
10045 1
10045 1
10267 1
10267 1
10267 1
10267 1
10267 1
10267 1
10125 1
10125 1
10125 1
10125 1
10125 1
10125 1
10268 1
10268 1
10268 1
10268 1
10268 1
10268 1
10269 1
10269 1
10269 1
10269 1
10269 1
10269 1
9964 1
9964 1
9964 1
9964 1
9964 1
9964 1
10046 1
10046 1
10046 1
10046 1
10046 1
10046 1
10047 1
10047 1
10047 1
10047 1
10047 1
10047 1
10202 1
10202 1
10202 1
10202 1
10202 1
10202 1
10203 1
10203 1
10203 1
10203 1
10203 1
10203 1
10351 1
10351 1
10351 1
10351 1
10351 1
10351 1
10353 1
10353 1
10353 1
10353 1
10353 1
10353 1
10050 1
10050 1
10050 1
10050 1
10050 1
10050 1
10354 1
10354 1
10354 1
10354 1
10354 1
10354 1
10355 1
10355 1
10355 1
10355 1
10355 1
10355 1
10126 1
10126 1
10126 1
10126 1
10126 1
10126 1
10127 1
10127 1
10127 1
10127 1
10127 1
10127 1
10282 1
10282 1
10282 1
10282 1
10282 1
10282 1
10283 1
10283 1
10283 1
10283 1
10283 1
10283 1
10437 1
10437 1
10437 1
10437 1
10437 1
10437 1
10284 1
10284 1
10284 1
10284 1
10284 1
10284 1
10129 1
10129 1
10129 1
10129 1
10129 1
10129 1
10130 1
10130 1
10130 1
10130 1
10130 1
10130 1
10439 1
10439 1
10439 1
10439 1
10439 1
10439 1
10440 1
10440 1
10440 1
10440 1
10440 1
10440 1
10525 1
10525 1
10525 1
10525 1
10525 1
10525 1
10441 1
10441 1
10441 1
10441 1
10441 1
10441 1
10286 1
10286 1
10286 1
10286 1
10286 1
10286 1
10526 1
10526 1
10526 1
10526 1
10526 1
10526 1
10287 1
10287 1
10287 1
10287 1
10287 1
10287 1
10442 1
10442 1
10442 1
10442 1
10442 1
10442 1
10288 1
10288 1
10288 1
10288 1
10288 1
10288 1
10368 1
10368 1
10368 1
10368 1
10368 1
10368 1
10529 1
10529 1
10529 1
10529 1
10529 1
10529 1
10530 1
10530 1
10530 1
10530 1
10530 1
10530 1
10209 1
10209 1
10209 1
10209 1
10209 1
10209 1
10210 1
10210 1
10210 1
10210 1
10210 1
10210 1
10531 1
10531 1
10531 1
10531 1
10531 1
10531 1
10617 1
10617 1
10617 1
10617 1
10617 1
10617 1
10370 1
10370 1
10370 1
10370 1
10370 1
10370 1
10618 1
10618 1
10618 1
10618 1
10618 1
10618 1
10533 1
10533 1
10533 1
10533 1
10533 1
10533 1
10371 1
10371 1
10371 1
10371 1
10371 1
10371 1
10619 1
10619 1
10619 1
10619 1
10619 1
10619 1
10534 1
10534 1
10534 1
10534 1
10534 1
10534 1
10372 1
10372 1
10372 1
10372 1
10372 1
10372 1
10620 1
10620 1
10620 1
10620 1
10620 1
10620 1
10373 1
10373 1
10373 1
10373 1
10373 1
10373 1
10453 1
10453 1
10453 1
10453 1
10453 1
10453 1
10537 1
10537 1
10537 1
10537 1
10537 1
10537 1
10454 1
10454 1
10454 1
10454 1
10454 1
10454 1
10623 1
10623 1
10623 1
10623 1
10623 1
10623 1
10294 1
10294 1
10294 1
10294 1
10294 1
10294 1
10538 1
10538 1
10538 1
10538 1
10538 1
10538 1
10455 1
10455 1
10455 1
10455 1
10455 1
10455 1
10624 1
10624 1
10624 1
10624 1
10624 1
10624 1
10295 1
10295 1
10295 1
10295 1
10295 1
10295 1
10706 1
10706 1
10706 1
10706 1
10706 1
10706 1
10539 1
10539 1
10539 1
10539 1
10539 1
10539 1
10456 1
10456 1
10456 1
10456 1
10456 1
10456 1
10625 1
10625 1
10625 1
10625 1
10625 1
10625 1
10707 1
10707 1
10707 1
10707 1
10707 1
10707 1
10457 1
10457 1
10457 1
10457 1
10457 1
10457 1
10626 1
10626 1
10626 1
10626 1
10626 1
10626 1
10458 1
10458 1
10458 1
10458 1
10458 1
10458 1
10459 1
10459 1
10459 1
10459 1
10459 1
10459 1
10709 1
10709 1
10709 1
10709 1
10709 1
10709 1
10460 1
10460 1
10460 1
10460 1
10460 1
10460 1
10377 1
10377 1
10377 1
10377 1
10377 1
10377 1
10710 1
10710 1
10710 1
10710 1
10710 1
10710 1
10461 1
10461 1
10461 1
10461 1
10461 1
10461 1
10378 1
10378 1
10378 1
10378 1
10378 1
10378 1
10711 1
10711 1
10711 1
10711 1
10711 1
10711 1
10462 1
10462 1
10462 1
10462 1
10462 1
10462 1
10379 1
10379 1
10379 1
10379 1
10379 1
10379 1
10463 1
10463 1
10463 1
10463 1
10463 1
10463 1
10380 1
10380 1
10380 1
10380 1
10380 1
10380 1
10546 1
10546 1
10546 1
10546 1
10546 1
10546 1
10464 1
10464 1
10464 1
10464 1
10464 1
10464 1
10381 1
10381 1
10381 1
10381 1
10381 1
10381 1
10628 1
10628 1
10628 1
10628 1
10628 1
10628 1
10547 1
10547 1
10547 1
10547 1
10547 1
10547 1
10714 1
10714 1
10714 1
10714 1
10714 1
10714 1
10382 1
10382 1
10382 1
10382 1
10382 1
10382 1
10548 1
10548 1
10548 1
10548 1
10548 1
10548 1
10629 1
10629 1
10629 1
10629 1
10629 1
10629 1
10715 1
10715 1
10715 1
10715 1
10715 1
10715 1
10794 1
10794 1
10794 1
10794 1
10794 1
10794 1
10549 1
10549 1
10549 1
10549 1
10549 1
10549 1
10466 1
10466 1
10466 1
10466 1
10466 1
10466 1
10716 1
10716 1
10716 1
10716 1
10716 1
10716 1
10866 1
10866 1
10866 1
10866 1
10866 1
10866 1
10550 1
10550 1
10550 1
10550 1
10550 1
10550 1
10795 1
10795 1
10795 1
10795 1
10795 1
10795 1
10467 1
10467 1
10467 1
10467 1
10467 1
10467 1
10551 1
10551 1
10551 1
10551 1
10551 1
10551 1
10867 1
10867 1
10867 1
10867 1
10867 1
10867 1
10796 1
10796 1
10796 1
10796 1
10796 1
10796 1
10468 1
10468 1
10468 1
10468 1
10468 1
10468 1
10552 1
10552 1
10552 1
10552 1
10552 1
10552 1
10868 1
10868 1
10868 1
10868 1
10868 1
10868 1
10797 1
10797 1
10797 1
10797 1
10797 1
10797 1
10469 1
10469 1
10469 1
10469 1
10469 1
10469 1
10553 1
10553 1
10553 1
10553 1
10553 1
10553 1
10470 1
10470 1
10470 1
10470 1
10470 1
10470 1
10554 1
10554 1
10554 1
10554 1
10554 1
10554 1
10471 1
10471 1
10471 1
10471 1
10471 1
10471 1
10555 1
10555 1
10555 1
10555 1
10555 1
10555 1
10472 1
10472 1
10472 1
10472 1
10472 1
10472 1
10636 1
10636 1
10636 1
10636 1
10636 1
10636 1
10556 1
10556 1
10556 1
10556 1
10556 1
10556 1
10473 1
10473 1
10473 1
10473 1
10473 1
10473 1
10718 1
10718 1
10718 1
10718 1
10718 1
10718 1
10637 1
10637 1
10637 1
10637 1
10637 1
10637 1
10801 1
10801 1
10801 1
10801 1
10801 1
10801 1
10557 1
10557 1
10557 1
10557 1
10557 1
10557 1
10719 1
10719 1
10719 1
10719 1
10719 1
10719 1
10638 1
10638 1
10638 1
10638 1
10638 1
10638 1
10558 1
10558 1
10558 1
10558 1
10558 1
10558 1
10802 1
10802 1
10802 1
10802 1
10802 1
10802 1
10639 1
10639 1
10639 1
10639 1
10639 1
10639 1
10559 1
10559 1
10559 1
10559 1
10559 1
10559 1
10803 1
10803 1
10803 1
10803 1
10803 1
10803 1
10947 1
10947 1
10947 1
10947 1
10947 1
10947 1
10874 1
10874 1
10874 1
10874 1
10874 1
10874 1
10640 1
10640 1
10640 1
10640 1
10640 1
10640 1
10560 1
10560 1
10560 1
10560 1
10560 1
10560 1
10641 1
10641 1
10641 1
10641 1
10641 1
10641 1
10875 1
10875 1
10875 1
10875 1
10875 1
10875 1
10948 1
10948 1
10948 1
10948 1
10948 1
10948 1
10561 1
10561 1
10561 1
10561 1
10561 1
10561 1
10642 1
10642 1
10642 1
10642 1
10642 1
10642 1
10949 1
10949 1
10949 1
10949 1
10949 1
10949 1
10562 1
10562 1
10562 1
10562 1
10562 1
10562 1
10643 1
10643 1
10643 1
10643 1
10643 1
10643 1
10563 1
10563 1
10563 1
10563 1
10563 1
10563 1
10950 1
10950 1
10950 1
10950 1
10950 1
10950 1
10644 1
10644 1
10644 1
10644 1
10644 1
10644 1
10564 1
10564 1
10564 1
10564 1
10564 1
10564 1
10645 1
10645 1
10645 1
10645 1
10645 1
10645 1
10565 1
10565 1
10565 1
10565 1
10565 1
10565 1
10726 1
10726 1
10726 1
10726 1
10726 1
10726 1
10646 1
10646 1
10646 1
10646 1
10646 1
10646 1
10566 1
10566 1
10566 1
10566 1
10566 1
10566 1
10805 1
10805 1
10805 1
10805 1
10805 1
10805 1
10727 1
10727 1
10727 1
10727 1
10727 1
10727 1
10647 1
10647 1
10647 1
10647 1
10647 1
10647 1
10567 1
10567 1
10567 1
10567 1
10567 1
10567 1
10806 1
10806 1
10806 1
10806 1
10806 1
10806 1
10728 1
10728 1
10728 1
10728 1
10728 1
10728 1
10881 1
10881 1
10881 1
10881 1
10881 1
10881 1
10648 1
10648 1
10648 1
10648 1
10648 1
10648 1
10807 1
10807 1
10807 1
10807 1
10807 1
10807 1
10649 1
10649 1
10649 1
10649 1
10649 1
10649 1
10882 1
10882 1
10882 1
10882 1
10882 1
10882 1
11029 1
11029 1
11029 1
11029 1
11029 1
11029 1
10650 1
10650 1
10650 1
10650 1
10650 1
10650 1
10883 1
10883 1
10883 1
10883 1
10883 1
10883 1
11030 1
11030 1
11030 1
11030 1
11030 1
11030 1
10730 1
10730 1
10730 1
10730 1
10730 1
10730 1
10651 1
10651 1
10651 1
10651 1
10651 1
10651 1
10731 1
10731 1
10731 1
10731 1
10731 1
10731 1
11031 1
11031 1
11031 1
11031 1
11031 1
11031 1
10652 1
10652 1
10652 1
10652 1
10652 1
10652 1
10732 1
10732 1
10732 1
10732 1
10732 1
10732 1
10653 1
10653 1
10653 1
10653 1
10653 1
10653 1
11032 1
11032 1
11032 1
11032 1
11032 1
11032 1
10733 1
10733 1
10733 1
10733 1
10733 1
10733 1
10654 1
10654 1
10654 1
10654 1
10654 1
10654 1
10734 1
10734 1
10734 1
10734 1
10734 1
10734 1
10655 1
10655 1
10655 1
10655 1
10655 1
10655 1
10735 1
10735 1
10735 1
10735 1
10735 1
10735 1
10888 1
10888 1
10888 1
10888 1
10888 1
10888 1
10656 1
10656 1
10656 1
10656 1
10656 1
10656 1
10814 1
10814 1
10814 1
10814 1
10814 1
10814 1
10736 1
10736 1
10736 1
10736 1
10736 1
10736 1
10889 1
10889 1
10889 1
10889 1
10889 1
10889 1
10815 1
10815 1
10815 1
10815 1
10815 1
10815 1
10737 1
10737 1
10737 1
10737 1
10737 1
10737 1
10890 1
10890 1
10890 1
10890 1
10890 1
10890 1
10816 1
10816 1
10816 1
10816 1
10816 1
10816 1
10963 1
10963 1
10963 1
10963 1
10963 1
10963 1
10738 1
10738 1
10738 1
10738 1
10738 1
10738 1
10891 1
10891 1
10891 1
10891 1
10891 1
10891 1
10817 1
10817 1
10817 1
10817 1
10817 1
10817 1
10739 1
10739 1
10739 1
10739 1
10739 1
10739 1
10964 1
10964 1
10964 1
10964 1
10964 1
10964 1
11111 1
11111 1
11111 1
11111 1
11111 1
11111 1
10818 1
10818 1
10818 1
10818 1
10818 1
10818 1
10965 1
10965 1
10965 1
10965 1
10965 1
10965 1
11112 1
11112 1
11112 1
11112 1
11112 1
11112 1
10819 1
10819 1
10819 1
10819 1
10819 1
10819 1
10966 1
10966 1
10966 1
10966 1
10966 1
10966 1
10820 1
10820 1
10820 1
10820 1
10820 1
10820 1
11113 1
11113 1
11113 1
11113 1
11113 1
11113 1
10742 1
10742 1
10742 1
10742 1
10742 1
10742 1
10967 1
10967 1
10967 1
10967 1
10967 1
10967 1
10743 1
10743 1
10743 1
10743 1
10743 1
10743 1
10968 1
10968 1
10968 1
10968 1
10968 1
10968 1
10744 1
10744 1
10744 1
10744 1
10744 1
10744 1
10969 1
10969 1
10969 1
10969 1
10969 1
10969 1
10970 1
10970 1
10970 1
10970 1
10970 1
10970 1
18072 1
18072 1
18072 1
18072 1
18072 1
18072 1
10971 1
10971 1
10971 1
10971 1
10971 1
10971 1
11045 1
11045 1
11045 1
11045 1
11045 1
11045 1
10972 1
10972 1
10972 1
10972 1
10972 1
10972 1
10973 1
10973 1
10973 1
10973 1
10973 1
10973 1
11047 1
11047 1
11047 1
11047 1
11047 1
11047 1
10974 1
10974 1
10974 1
10974 1
10974 1
10974 1
11048 1
11048 1
11048 1
11048 1
11048 1
11048 1
10822 1
10822 1
10822 1
10822 1
10822 1
10822 1
11049 1
11049 1
11049 1
11049 1
11049 1
11049 1
10823 1
10823 1
10823 1
10823 1
10823 1
10823 1
10824 1
10824 1
10824 1
10824 1
10824 1
10824 1
11052 1
11052 1
11052 1
11052 1
11052 1
11052 1
11053 1
11053 1
11053 1
11053 1
11053 1
11053 1
10900 1
10900 1
10900 1
10900 1
10900 1
10900 1
11054 1
11054 1
11054 1
11054 1
11054 1
11054 1
10901 1
10901 1
10901 1
10901 1
10901 1
10901 1
10902 1
10902 1
10902 1
10902 1
10902 1
10902 1
10903 1
10903 1
10903 1
10903 1
10903 1
10903 1
10904 1
10904 1
10904 1
10904 1
10904 1
10904 1
10978 1
10978 1
10978 1
10978 1
10978 1
10978 1
10979 1
10979 1
10979 1
10979 1
10979 1
10979 1
10980 1
10980 1
10980 1
10980 1
10980 1
10980 1
10981 1
10981 1
10981 1
10981 1
10981 1
10981 1
10982 1
10982 1
10982 1
10982 1
10982 1
10982 1
11134 1
11134 1
11134 1
11134 1
11134 1
11134 1
10983 1
10983 1
10983 1
10983 1
10983 1
10983 1
11135 1
11135 1
11135 1
11135 1
11135 1
11135 1
10984 1
10984 1
10984 1
10984 1
10984 1
10984 1
11136 1
11136 1
11136 1
11136 1
11136 1
11136 1
10985 1
10985 1
10985 1
10985 1
10985 1
10985 1
10986 1
10986 1
10986 1
10986 1
10986 1
10986 1
11059 1
11059 1
11059 1
11059 1
11059 1
11059 1
11060 1
11060 1
11060 1
11060 1
11060 1
11060 1
11061 1
11061 1
11061 1
11061 1
11061 1
11061 1
11062 1
11062 1
11062 1
11062 1
11062 1
11062 1
11063 1
11063 1
11063 1
11063 1
11063 1
11063 1
11138 1
11138 1
11138 1
11138 1
11138 1
11138 1
11064 1
11064 1
11064 1
11064 1
11064 1
11064 1
11065 1
11065 1
11065 1
11065 1
11065 1
11065 1
11066 1
11066 1
11066 1
11066 1
11066 1
11066 1
11217 1
11217 1
11217 1
11217 1
11217 1
11217 1
11067 1
11067 1
11067 1
11067 1
11067 1
11067 1
11140 1
11140 1
11140 1
11140 1
11140 1
11140 1
11218 1
11218 1
11218 1
11218 1
11218 1
11218 1
11068 1
11068 1
11068 1
11068 1
11068 1
11068 1
11141 1
11141 1
11141 1
11141 1
11141 1
11141 1
11219 1
11219 1
11219 1
11219 1
11219 1
11219 1
11142 1
11142 1
11142 1
11142 1
11142 1
11142 1
11220 1
11220 1
11220 1
11220 1
11220 1
11220 1
11143 1
11143 1
11143 1
11143 1
11143 1
11143 1
11144 1
11144 1
11144 1
11144 1
11144 1
11144 1
11221 1
11221 1
11221 1
11221 1
11221 1
11221 1
11145 1
11145 1
11145 1
11145 1
11145 1
11145 1
11146 1
11146 1
11146 1
11146 1
11146 1
11146 1
11223 1
11223 1
11223 1
11223 1
11223 1
11223 1
11147 1
11147 1
11147 1
11147 1
11147 1
11147 1
11224 1
11224 1
11224 1
11224 1
11224 1
11224 1
11148 1
11148 1
11148 1
11148 1
11148 1
11148 1
11225 1
11225 1
11225 1
11225 1
11225 1
11225 1
11149 1
11149 1
11149 1
11149 1
11149 1
11149 1
11304 1
11304 1
11304 1
11304 1
11304 1
11304 1
11226 1
11226 1
11226 1
11226 1
11226 1
11226 1
11150 1
11150 1
11150 1
11150 1
11150 1
11150 1
11227 1
11227 1
11227 1
11227 1
11227 1
11227 1
11305 1
11305 1
11305 1
11305 1
11305 1
11305 1
11228 1
11228 1
11228 1
11228 1
11228 1
11228 1
11306 1
11306 1
11306 1
11306 1
11306 1
11306 1
11229 1
11229 1
11229 1
11229 1
11229 1
11229 1
11307 1
11307 1
11307 1
11307 1
11307 1
11307 1
11230 1
11230 1
11230 1
11230 1
11230 1
11230 1
11308 1
11308 1
11308 1
11308 1
11308 1
11308 1
11231 1
11231 1
11231 1
11231 1
11231 1
11231 1
11309 1
11309 1
11309 1
11309 1
11309 1
11309 1
11232 1
11232 1
11232 1
11232 1
11232 1
11232 1
11310 1
11310 1
11310 1
11310 1
11310 1
11310 1
11233 1
11233 1
11233 1
11233 1
11233 1
11233 1
11311 1
11311 1
11311 1
11311 1
11311 1
11311 1
11234 1
11234 1
11234 1
11234 1
11234 1
11234 1
11312 1
11312 1
11312 1
11312 1
11312 1
11312 1
11235 1
11235 1
11235 1
11235 1
11235 1
11235 1
11313 1
11313 1
11313 1
11313 1
11313 1
11313 1
11314 1
11314 1
11314 1
11314 1
11314 1
11314 1
11393 1
11393 1
11393 1
11393 1
11393 1
11393 1
11394 1
11394 1
11394 1
11394 1
11394 1
11394 1
11395 1
11395 1
11395 1
11395 1
11395 1
11395 1
11318 1
11318 1
11318 1
11318 1
11318 1
11318 1
11396 1
11396 1
11396 1
11396 1
11396 1
11396 1
11319 1
11319 1
11319 1
11319 1
11319 1
11319 1
11320 1
11320 1
11320 1
11320 1
11320 1
11320 1
11321 1
11321 1
11321 1
11321 1
11321 1
11321 1
11322 1
11322 1
11322 1
11322 1
11322 1
11322 1
11471 1
11471 1
11471 1
11471 1
11471 1
11471 1
11472 1
11472 1
11472 1
11472 1
11472 1
11472 1
11473 1
11473 1
11473 1
11473 1
11473 1
11473 1
11399 1
11399 1
11399 1
11399 1
11399 1
11399 1
11400 1
11400 1
11400 1
11400 1
11400 1
11400 1
11401 1
11401 1
11401 1
11401 1
11401 1
11401 1
11475 1
11475 1
11475 1
11475 1
11475 1
11475 1
11476 1
11476 1
11476 1
11476 1
11476 1
11476 1
11477 1
11477 1
11477 1
11477 1
11477 1
11477 1
11549 1
11549 1
11549 1
11549 1
11549 1
11549 1
11691 1
11691 1
11691 1
11691 1
11691 1
11691 1
11550 1
11550 1
11550 1
11550 1
11550 1
11550 1
11622 1
11622 1
11622 1
11622 1
11622 1
11622 1
11765 1
11765 1
11765 1
11765 1
11765 1
11765 1
11623 1
11623 1
11623 1
11623 1
11623 1
11623 1
11624 1
11624 1
11624 1
11624 1
11624 1
11624 1
11766 1
11766 1
11766 1
11766 1
11766 1
11766 1
11767 1
11767 1
11767 1
11767 1
11767 1
11767 1
11697 1
11697 1
11697 1
11697 1
11697 1
11697 1
11698 1
11698 1
11698 1
11698 1
11698 1
11698 1
11844 1
11844 1
11844 1
11844 1
11844 1
11844 1
11699 1
11699 1
11699 1
11699 1
11699 1
11699 1
11845 1
11845 1
11845 1
11845 1
11845 1
11845 1
11700 1
11700 1
11700 1
11700 1
11700 1
11700 1
11776 1
11776 1
11776 1
11776 1
11776 1
11776 1
11919 1
11919 1
11919 1
11919 1
11919 1
11919 1
11920 1
11920 1
11920 1
11920 1
11920 1
11920 1
11921 1
11921 1
11921 1
11921 1
11921 1
11921 1
11922 1
11922 1
11922 1
11922 1
11922 1
11922 1
11923 1
11923 1
11923 1
11923 1
11923 1
11923 1
11924 1
11924 1
11924 1
11924 1
11924 1
11924 1
11855 1
11855 1
11855 1
11855 1
11855 1
11855 1
11996 1
11996 1
11996 1
11996 1
11996 1
11996 1
11925 1
11925 1
11925 1
11925 1
11925 1
11925 1
11856 1
11856 1
11856 1
11856 1
11856 1
11856 1
11997 1
11997 1
11997 1
11997 1
11997 1
11997 1
11926 1
11926 1
11926 1
11926 1
11926 1
11926 1
11998 1
11998 1
11998 1
11998 1
11998 1
11998 1
11927 1
11927 1
11927 1
11927 1
11927 1
11927 1
11928 1
11928 1
11928 1
11928 1
11928 1
11928 1
12000 1
12000 1
12000 1
12000 1
12000 1
12000 1
11929 1
11929 1
11929 1
11929 1
11929 1
11929 1
12001 1
12001 1
12001 1
12001 1
12001 1
12001 1
11930 1
11930 1
11930 1
11930 1
11930 1
11930 1
12002 1
12002 1
12002 1
12002 1
12002 1
12002 1
11931 1
11931 1
11931 1
11931 1
11931 1
11931 1
12003 1
12003 1
12003 1
12003 1
12003 1
12003 1
12004 1
12004 1
12004 1
12004 1
12004 1
12004 1
12073 1
12073 1
12073 1
12073 1
12073 1
12073 1
12005 1
12005 1
12005 1
12005 1
12005 1
12005 1
12006 1
12006 1
12006 1
12006 1
12006 1
12006 1
12007 1
12007 1
12007 1
12007 1
12007 1
12007 1
12008 1
12008 1
12008 1
12008 1
12008 1
12008 1
12009 1
12009 1
12009 1
12009 1
12009 1
12009 1
12075 1
12075 1
12075 1
12075 1
12075 1
12075 1
12010 1
12010 1
12010 1
12010 1
12010 1
12010 1
12076 1
12076 1
12076 1
12076 1
12076 1
12076 1
12011 1
12011 1
12011 1
12011 1
12011 1
12011 1
12077 1
12077 1
12077 1
12077 1
12077 1
12077 1
12145 1
12145 1
12145 1
12145 1
12145 1
12145 1
12078 1
12078 1
12078 1
12078 1
12078 1
12078 1
12146 1
12146 1
12146 1
12146 1
12146 1
12146 1
12079 1
12079 1
12079 1
12079 1
12079 1
12079 1
12147 1
12147 1
12147 1
12147 1
12147 1
12147 1
12080 1
12080 1
12080 1
12080 1
12080 1
12080 1
12148 1
12148 1
12148 1
12148 1
12148 1
12148 1
12081 1
12081 1
12081 1
12081 1
12081 1
12081 1
12082 1
12082 1
12082 1
12082 1
12082 1
12082 1
12150 1
12150 1
12150 1
12150 1
12150 1
12150 1
12083 1
12083 1
12083 1
12083 1
12083 1
12083 1
12151 1
12151 1
12151 1
12151 1
12151 1
12151 1
12084 1
12084 1
12084 1
12084 1
12084 1
12084 1
12152 1
12152 1
12152 1
12152 1
12152 1
12152 1
12153 1
12153 1
12153 1
12153 1
12153 1
12153 1
12220 1
12220 1
12220 1
12220 1
12220 1
12220 1
12154 1
12154 1
12154 1
12154 1
12154 1
12154 1
12221 1
12221 1
12221 1
12221 1
12221 1
12221 1
12156 1
12156 1
12156 1
12156 1
12156 1
12156 1
12157 1
12157 1
12157 1
12157 1
12157 1
12157 1
12158 1
12158 1
12158 1
12158 1
12158 1
12158 1
12159 1
12159 1
12159 1
12159 1
12159 1
12159 1
12160 1
12160 1
12160 1
12160 1
12160 1
12160 1
12285 1
12285 1
12285 1
12285 1
12285 1
12285 1
12225 1
12225 1
12225 1
12225 1
12225 1
12225 1
12351 1
12351 1
12351 1
12351 1
12351 1
12351 1
12289 1
12289 1
12289 1
12289 1
12289 1
12289 1
12290 1
12290 1
12290 1
12290 1
12290 1
12290 1
12412 1
12412 1
12412 1
12412 1
12412 1
12412 1
12472 1
12472 1
12472 1
12472 1
12472 1
12472 1
12473 1
12473 1
12473 1
12473 1
12473 1
12473 1
12529 1
12529 1
12529 1
12529 1
12529 1
12529 1
12530 1
12530 1
12530 1
12530 1
12530 1
12530 1
12533 1
12533 1
12533 1
12533 1
12533 1
12533 1
12534 1
12534 1
12534 1
12534 1
12534 1
12534 1
12589 1
12589 1
12589 1
12589 1
12589 1
12589 1
12590 1
12590 1
12590 1
12590 1
12590 1
12590 1
12591 1
12591 1
12591 1
12591 1
12591 1
12591 1
12592 1
12592 1
12592 1
12592 1
12592 1
12592 1
12593 1
12593 1
12593 1
12593 1
12593 1
12593 1
12594 1
12594 1
12594 1
12594 1
12594 1
12594 1
12648 1
12648 1
12648 1
12648 1
12648 1
12648 1
12595 1
12595 1
12595 1
12595 1
12595 1
12595 1
12596 1
12596 1
12596 1
12596 1
12596 1
12596 1
12649 1
12649 1
12649 1
12649 1
12649 1
12649 1
12650 1
12650 1
12650 1
12650 1
12650 1
12650 1
12651 1
12651 1
12651 1
12651 1
12651 1
12651 1
12652 1
12652 1
12652 1
12652 1
12652 1
12652 1
12707 1
12707 1
12707 1
12707 1
12707 1
12707 1
12708 1
12708 1
12708 1
12708 1
12708 1
12708 1
12655 1
12655 1
12655 1
12655 1
12655 1
12655 1
12709 1
12709 1
12709 1
12709 1
12709 1
12709 1
12656 1
12656 1
12656 1
12656 1
12656 1
12656 1
12710 1
12710 1
12710 1
12710 1
12710 1
12710 1
12657 1
12657 1
12657 1
12657 1
12657 1
12657 1
12711 1
12711 1
12711 1
12711 1
12711 1
12711 1
12712 1
12712 1
12712 1
12712 1
12712 1
12712 1
12713 1
12713 1
12713 1
12713 1
12713 1
12713 1
12768 1
12768 1
12768 1
12768 1
12768 1
12768 1
12714 1
12714 1
12714 1
12714 1
12714 1
12714 1
12769 1
12769 1
12769 1
12769 1
12769 1
12769 1
12715 1
12715 1
12715 1
12715 1
12715 1
12715 1
12770 1
12770 1
12770 1
12770 1
12770 1
12770 1
12716 1
12716 1
12716 1
12716 1
12716 1
12716 1
12771 1
12771 1
12771 1
12771 1
12771 1
12771 1
12772 1
12772 1
12772 1
12772 1
12772 1
12772 1
12773 1
12773 1
12773 1
12773 1
12773 1
12773 1
12774 1
12774 1
12774 1
12774 1
12774 1
12774 1
12829 1
12829 1
12829 1
12829 1
12829 1
12829 1
12775 1
12775 1
12775 1
12775 1
12775 1
12775 1
12830 1
12830 1
12830 1
12830 1
12830 1
12830 1
12831 1
12831 1
12831 1
12831 1
12831 1
12831 1
12832 1
12832 1
12832 1
12832 1
12832 1
12832 1
12833 1
12833 1
12833 1
12833 1
12833 1
12833 1
12834 1
12834 1
12834 1
12834 1
12834 1
12834 1
12835 1
12835 1
12835 1
12835 1
12835 1
12835 1
12836 1
12836 1
12836 1
12836 1
12836 1
12836 1
12888 1
12888 1
12888 1
12888 1
12888 1
12888 1
12889 1
12889 1
12889 1
12889 1
12889 1
12889 1
12890 1
12890 1
12890 1
12890 1
12890 1
12890 1
12892 1
12892 1
12892 1
12892 1
12892 1
12892 1
12893 1
12893 1
12893 1
12893 1
12893 1
12893 1
12894 1
12894 1
12894 1
12894 1
12894 1
12894 1
12895 1
12895 1
12895 1
12895 1
12895 1
12895 1
12948 1
12948 1
12948 1
12948 1
12948 1
12948 1
12896 1
12896 1
12896 1
12896 1
12896 1
12896 1
12949 1
12949 1
12949 1
12949 1
12949 1
12949 1
12951 1
12951 1
12951 1
12951 1
12951 1
12951 1
12952 1
12952 1
12952 1
12952 1
12952 1
12952 1
12953 1
12953 1
12953 1
12953 1
12953 1
12953 1
13007 1
13007 1
13007 1
13007 1
13007 1
13007 1
12954 1
12954 1
12954 1
12954 1
12954 1
12954 1
13008 1
13008 1
13008 1
13008 1
13008 1
13008 1
12955 1
12955 1
12955 1
12955 1
12955 1
12955 1
13011 1
13011 1
13011 1
13011 1
13011 1
13011 1
13012 1
13012 1
13012 1
13012 1
13012 1
13012 1
13063 1
13063 1
13063 1
13063 1
13063 1
13063 1
13013 1
13013 1
13013 1
13013 1
13013 1
13013 1
13064 1
13064 1
13064 1
13064 1
13064 1
13064 1
13014 1
13014 1
13014 1
13014 1
13014 1
13014 1
13065 1
13065 1
13065 1
13065 1
13065 1
13065 1
13015 1
13015 1
13015 1
13015 1
13015 1
13015 1
13067 1
13067 1
13067 1
13067 1
13067 1
13067 1
13068 1
13068 1
13068 1
13068 1
13068 1
13068 1
13122 1
13122 1
13122 1
13122 1
13122 1
13122 1
13069 1
13069 1
13069 1
13069 1
13069 1
13069 1
13123 1
13123 1
13123 1
13123 1
13123 1
13123 1
13070 1
13070 1
13070 1
13070 1
13070 1
13070 1
13124 1
13124 1
13124 1
13124 1
13124 1
13124 1
13071 1
13071 1
13071 1
13071 1
13071 1
13071 1
13125 1
13125 1
13125 1
13125 1
13125 1
13125 1
13126 1
13126 1
13126 1
13126 1
13126 1
13126 1
13127 1
13127 1
13127 1
13127 1
13127 1
13127 1
13181 1
13181 1
13181 1
13181 1
13181 1
13181 1
13128 1
13128 1
13128 1
13128 1
13128 1
13128 1
13182 1
13182 1
13182 1
13182 1
13182 1
13182 1
13129 1
13129 1
13129 1
13129 1
13129 1
13129 1
13130 1
13130 1
13130 1
13130 1
13130 1
13130 1
13185 1
13185 1
13185 1
13185 1
13185 1
13185 1
13239 1
13239 1
13239 1
13239 1
13239 1
13239 1
13186 1
13186 1
13186 1
13186 1
13186 1
13186 1
13240 1
13240 1
13240 1
13240 1
13240 1
13240 1
13187 1
13187 1
13187 1
13187 1
13187 1
13187 1
13241 1
13241 1
13241 1
13241 1
13241 1
13241 1
13188 1
13188 1
13188 1
13188 1
13188 1
13188 1
13189 1
13189 1
13189 1
13189 1
13189 1
13189 1
13190 1
13190 1
13190 1
13190 1
13190 1
13190 1
13244 1
13244 1
13244 1
13244 1
13244 1
13244 1
13298 1
13298 1
13298 1
13298 1
13298 1
13298 1
13245 1
13245 1
13245 1
13245 1
13245 1
13245 1
13299 1
13299 1
13299 1
13299 1
13299 1
13299 1
13246 1
13246 1
13246 1
13246 1
13246 1
13246 1
13300 1
13300 1
13300 1
13300 1
13300 1
13300 1
13302 1
13302 1
13302 1
13302 1
13302 1
13302 1
13303 1
13303 1
13303 1
13303 1
13303 1
13303 1
13358 1
13358 1
13358 1
13358 1
13358 1
13358 1
13304 1
13304 1
13304 1
13304 1
13304 1
13304 1
13359 1
13359 1
13359 1
13359 1
13359 1
13359 1
13305 1
13305 1
13305 1
13305 1
13305 1
13305 1
13360 1
13360 1
13360 1
13360 1
13360 1
13360 1
13306 1
13306 1
13306 1
13306 1
13306 1
13306 1
13361 1
13361 1
13361 1
13361 1
13361 1
13361 1
13307 1
13307 1
13307 1
13307 1
13307 1
13307 1
13364 1
13364 1
13364 1
13364 1
13364 1
13364 1
13417 1
13417 1
13417 1
13417 1
13417 1
13417 1
13365 1
13365 1
13365 1
13365 1
13365 1
13365 1
13418 1
13418 1
13418 1
13418 1
13418 1
13418 1
13366 1
13366 1
13366 1
13366 1
13366 1
13366 1
13367 1
13367 1
13367 1
13367 1
13367 1
13367 1
13421 1
13421 1
13421 1
13421 1
13421 1
13421 1
13422 1
13422 1
13422 1
13422 1
13422 1
13422 1
13423 1
13423 1
13423 1
13423 1
13423 1
13423 1
13478 1
13478 1
13478 1
13478 1
13478 1
13478 1
13425 1
13425 1
13425 1
13425 1
13425 1
13425 1
13479 1
13479 1
13479 1
13479 1
13479 1
13479 1
13426 1
13426 1
13426 1
13426 1
13426 1
13426 1
13480 1
13480 1
13480 1
13480 1
13480 1
13480 1
13481 1
13481 1
13481 1
13481 1
13481 1
13481 1
13533 1
13533 1
13533 1
13533 1
13533 1
13533 1
13482 1
13482 1
13482 1
13482 1
13482 1
13482 1
13534 1
13534 1
13534 1
13534 1
13534 1
13534 1
18092 1
18092 1
18092 1
18092 1
18092 1
18092 1
13483 1
13483 1
13483 1
13483 1
13483 1
13483 1
18060 1
18060 1
18060 1
18060 1
18060 1
18060 1
13537 1
13537 1
13537 1
13537 1
13537 1
13537 1
13538 1
13538 1
13538 1
13538 1
13538 1
13538 1
13591 1
13591 1
13591 1
13591 1
13591 1
13591 1
13539 1
13539 1
13539 1
13539 1
13539 1
13539 1
13592 1
13592 1
13592 1
13592 1
13592 1
13592 1
13593 1
13593 1
13593 1
13593 1
13593 1
13593 1
13595 1
13595 1
13595 1
13595 1
13595 1
13595 1
13596 1
13596 1
13596 1
13596 1
13596 1
13596 1
13648 1
13648 1
13648 1
13648 1
13648 1
13648 1
13651 1
13651 1
13651 1
13651 1
13651 1
13651 1
13652 1
13652 1
13652 1
13652 1
13652 1
13652 1
13653 1
13653 1
13653 1
13653 1
13653 1
13653 1
13654 1
13654 1
13654 1
13654 1
13654 1
13654 1
13707 1
13707 1
13707 1
13707 1
13707 1
13707 1
13656 1
13656 1
13656 1
13656 1
13656 1
13656 1
13710 1
13710 1
13710 1
13710 1
13710 1
13710 1
13712 1
13712 1
13712 1
13712 1
13712 1
13712 1
13714 1
13714 1
13714 1
13714 1
13714 1
13714 1
13715 1
13715 1
13715 1
13715 1
13715 1
13715 1
13771 1
13771 1
13771 1
13771 1
13771 1
13771 1
18095 1
18095 1
18095 1
18095 1
18095 1
18095 1
13772 1
13772 1
13772 1
13772 1
13772 1
13772 1
13826 1
13826 1
13826 1
13826 1
13826 1
13826 1
13774 1
13774 1
13774 1
13774 1
13774 1
13774 1
13831 1
13831 1
13831 1
13831 1
13831 1
13831 1
13886 1
13886 1
13886 1
13886 1
13886 1
13886 1
13832 1
13832 1
13832 1
13832 1
13832 1
13832 1
13887 1
13887 1
13887 1
13887 1
13887 1
13887 1
13833 1
13833 1
13833 1
13833 1
13833 1
13833 1
13943 1
13943 1
13943 1
13943 1
13943 1
13943 1
13944 1
13944 1
13944 1
13944 1
13944 1
13944 1
13891 1
13891 1
13891 1
13891 1
13891 1
13891 1
18029 1
18029 1
18029 1
18029 1
18029 1
18029 1
13946 1
13946 1
13946 1
13946 1
13946 1
13946 1
13947 1
13947 1
13947 1
13947 1
13947 1
13947 1
13948 1
13948 1
13948 1
13948 1
13948 1
13948 1
14003 1
14003 1
14003 1
14003 1
14003 1
14003 1
14004 1
14004 1
14004 1
14004 1
14004 1
14004 1
14005 1
14005 1
14005 1
14005 1
14005 1
14005 1
13950 1
13950 1
13950 1
13950 1
13950 1
13950 1
14006 1
14006 1
14006 1
14006 1
14006 1
14006 1
14007 1
14007 1
14007 1
14007 1
14007 1
14007 1
14008 1
14008 1
14008 1
14008 1
14008 1
14008 1
14009 1
14009 1
14009 1
14009 1
14009 1
14009 1
14010 1
14010 1
14010 1
14010 1
14010 1
14010 1
14065 1
14065 1
14065 1
14065 1
14065 1
14065 1
14066 1
14066 1
14066 1
14066 1
14066 1
14066 1
14011 1
14011 1
14011 1
14011 1
14011 1
14011 1
14067 1
14067 1
14067 1
14067 1
14067 1
14067 1
14012 1
14012 1
14012 1
14012 1
14012 1
14012 1
14068 1
14068 1
14068 1
14068 1
14068 1
14068 1
14069 1
14069 1
14069 1
14069 1
14069 1
14069 1
14071 1
14071 1
14071 1
14071 1
14071 1
14071 1
14128 1
14128 1
14128 1
14128 1
14128 1
14128 1
14072 1
14072 1
14072 1
14072 1
14072 1
14072 1
14073 1
14073 1
14073 1
14073 1
14073 1
14073 1
14130 1
14130 1
14130 1
14130 1
14130 1
14130 1
14131 1
14131 1
14131 1
14131 1
14131 1
14131 1
14132 1
14132 1
14132 1
14132 1
14132 1
14132 1
14192 1
14192 1
14192 1
14192 1
14192 1
14192 1
14133 1
14133 1
14133 1
14133 1
14133 1
14133 1
14193 1
14193 1
14193 1
14193 1
14193 1
14193 1
14195 1
14195 1
14195 1
14195 1
14195 1
14195 1
14196 1
14196 1
14196 1
14196 1
14196 1
14196 1
14197 1
14197 1
14197 1
14197 1
14197 1
14197 1
14198 1
14198 1
14198 1
14198 1
14198 1
14198 1
14257 1
14257 1
14257 1
14257 1
14257 1
14257 1
14199 1
14199 1
14199 1
14199 1
14199 1
14199 1
14258 1
14258 1
14258 1
14258 1
14258 1
14258 1
14260 1
14260 1
14260 1
14260 1
14260 1
14260 1
14261 1
14261 1
14261 1
14261 1
14261 1
14261 1
14262 1
14262 1
14262 1
14262 1
14262 1
14262 1
14263 1
14263 1
14263 1
14263 1
14263 1
14263 1
14264 1
14264 1
14264 1
14264 1
14264 1
14264 1
14265 1
14265 1
14265 1
14265 1
14265 1
14265 1
14266 1
14266 1
14266 1
14266 1
14266 1
14266 1
14326 1
14326 1
14326 1
14326 1
14326 1
14326 1
14327 1
14327 1
14327 1
14327 1
14327 1
14327 1
14328 1
14328 1
14328 1
14328 1
14328 1
14328 1
14329 1
14329 1
14329 1
14329 1
14329 1
14329 1
14330 1
14330 1
14330 1
14330 1
14330 1
14330 1
14331 1
14331 1
14331 1
14331 1
14331 1
14331 1
14332 1
14332 1
14332 1
14332 1
14332 1
14332 1
14396 1
14396 1
14396 1
14396 1
14396 1
14396 1
14397 1
14397 1
14397 1
14397 1
14397 1
14397 1
14398 1
14398 1
14398 1
14398 1
14398 1
14398 1
14399 1
14399 1
14399 1
14399 1
14399 1
14399 1
14400 1
14400 1
14400 1
14400 1
14400 1
14400 1
14401 1
14401 1
14401 1
14401 1
14401 1
14401 1
14466 1
14466 1
14466 1
14466 1
14466 1
14466 1
14334 1
14334 1
14334 1
14334 1
14334 1
14334 1
14402 1
14402 1
14402 1
14402 1
14402 1
14402 1
14467 1
14467 1
14467 1
14467 1
14467 1
14467 1
14468 1
14468 1
14468 1
14468 1
14468 1
14468 1
14403 1
14403 1
14403 1
14403 1
14403 1
14403 1
14469 1
14469 1
14469 1
14469 1
14469 1
14469 1
14470 1
14470 1
14470 1
14470 1
14470 1
14470 1
14471 1
14471 1
14471 1
14471 1
14471 1
14471 1
14404 1
14404 1
14404 1
14404 1
14404 1
14404 1
14472 1
14472 1
14472 1
14472 1
14472 1
14472 1
14405 1
14405 1
14405 1
14405 1
14405 1
14405 1
14473 1
14473 1
14473 1
14473 1
14473 1
14473 1
14475 1
14475 1
14475 1
14475 1
14475 1
14475 1
14543 1
14543 1
14543 1
14543 1
14543 1
14543 1
14476 1
14476 1
14476 1
14476 1
14476 1
14476 1
14544 1
14544 1
14544 1
14544 1
14544 1
14544 1
14545 1
14545 1
14545 1
14545 1
14545 1
14545 1
14478 1
14478 1
14478 1
14478 1
14478 1
14478 1
14479 1
14479 1
14479 1
14479 1
14479 1
14479 1
14480 1
14480 1
14480 1
14480 1
14480 1
14480 1
14547 1
14547 1
14547 1
14547 1
14547 1
14547 1
14548 1
14548 1
14548 1
14548 1
14548 1
14548 1
14549 1
14549 1
14549 1
14549 1
14549 1
14549 1
14617 1
14617 1
14617 1
14617 1
14617 1
14617 1
14618 1
14618 1
14618 1
14618 1
14618 1
14618 1
14550 1
14550 1
14550 1
14550 1
14550 1
14550 1
14619 1
14619 1
14619 1
14619 1
14619 1
14619 1
14621 1
14621 1
14621 1
14621 1
14621 1
14621 1
14688 1
14688 1
14688 1
14688 1
14688 1
14688 1
14622 1
14622 1
14622 1
14622 1
14622 1
14622 1
14689 1
14689 1
14689 1
14689 1
14689 1
14689 1
14690 1
14690 1
14690 1
14690 1
14690 1
14690 1
14691 1
14691 1
14691 1
14691 1
14691 1
14691 1
14758 1
14758 1
14758 1
14758 1
14758 1
14758 1
14759 1
14759 1
14759 1
14759 1
14759 1
14759 1
14762 1
14762 1
14762 1
14762 1
14762 1
14762 1
14831 1
14831 1
14831 1
14831 1
14831 1
14831 1
14902 1
14902 1
14902 1
14902 1
14902 1
14902 1
14973 1
14973 1
14973 1
14973 1
14973 1
14973 1
14974 1
14974 1
14974 1
14974 1
14974 1
14974 1
