pt_graph cpue_kghour
9745 9.09872340425532
9745 1.26553191489362
9745 25.7642553191489
9745 17.4297872340426
9745 13.0817021276596
9745 1.48936170212766
9748 9.09872340425532
9748 1.26553191489362
9748 25.7642553191489
9748 17.4297872340426
9748 13.0817021276596
9748 1.48936170212766
9749 9.09872340425532
9749 1.26553191489362
9749 25.7642553191489
9749 17.4297872340426
9749 13.0817021276596
9749 1.48936170212766
9750 9.09872340425532
9750 1.26553191489362
9750 25.7642553191489
9750 17.4297872340426
9750 13.0817021276596
9750 1.48936170212766
9836 9.09872340425532
9836 1.26553191489362
9836 25.7642553191489
9836 17.4297872340426
9836 13.0817021276596
9836 1.48936170212766
9751 9.09872340425532
9751 1.26553191489362
9751 25.7642553191489
9751 17.4297872340426
9751 13.0817021276596
9751 1.48936170212766
9837 9.09872340425532
9837 1.26553191489362
9837 25.7642553191489
9837 17.4297872340426
9837 13.0817021276596
9837 1.48936170212766
9752 9.09872340425532
9752 1.26553191489362
9752 25.7642553191489
9752 17.4297872340426
9752 13.0817021276596
9752 1.48936170212766
9838 9.09872340425532
9838 1.26553191489362
9838 25.7642553191489
9838 17.4297872340426
9838 13.0817021276596
9838 1.48936170212766
9753 9.09872340425532
9753 1.26553191489362
9753 25.7642553191489
9753 17.4297872340426
9753 13.0817021276596
9753 1.48936170212766
9754 9.09872340425532
9754 1.26553191489362
9754 25.7642553191489
9754 17.4297872340426
9754 13.0817021276596
9754 1.48936170212766
9839 9.09872340425532
9839 1.26553191489362
9839 25.7642553191489
9839 17.4297872340426
9839 13.0817021276596
9839 1.48936170212766
9840 9.09872340425532
9840 1.26553191489362
9840 25.7642553191489
9840 17.4297872340426
9840 13.0817021276596
9840 1.48936170212766
9841 9.09872340425532
9841 1.26553191489362
9841 25.7642553191489
9841 17.4297872340426
9841 13.0817021276596
9841 1.48936170212766
9842 9.09872340425532
9842 1.26553191489362
9842 25.7642553191489
9842 17.4297872340426
9842 13.0817021276596
9842 1.48936170212766
9929 9.09872340425532
9929 1.26553191489362
9929 25.7642553191489
9929 17.4297872340426
9929 13.0817021276596
9929 1.48936170212766
9843 9.09872340425532
9843 1.26553191489362
9843 25.7642553191489
9843 17.4297872340426
9843 13.0817021276596
9843 1.48936170212766
9930 9.09872340425532
9930 1.26553191489362
9930 25.7642553191489
9930 17.4297872340426
9930 13.0817021276596
9930 1.48936170212766
9844 9.09872340425532
9844 1.26553191489362
9844 25.7642553191489
9844 17.4297872340426
9844 13.0817021276596
9844 1.48936170212766
9931 9.09872340425532
9931 1.26553191489362
9931 25.7642553191489
9931 17.4297872340426
9931 13.0817021276596
9931 1.48936170212766
9845 9.09872340425532
9845 1.26553191489362
9845 25.7642553191489
9845 17.4297872340426
9845 13.0817021276596
9845 1.48936170212766
9932 9.09872340425532
9932 1.26553191489362
9932 25.7642553191489
9932 17.4297872340426
9932 13.0817021276596
9932 1.48936170212766
9846 9.09872340425532
9846 1.26553191489362
9846 25.7642553191489
9846 17.4297872340426
9846 13.0817021276596
9846 1.48936170212766
9933 9.09872340425532
9933 1.26553191489362
9933 25.7642553191489
9933 17.4297872340426
9933 13.0817021276596
9933 1.48936170212766
9847 9.09872340425532
9847 1.26553191489362
9847 25.7642553191489
9847 17.4297872340426
9847 13.0817021276596
9847 1.48936170212766
9934 9.09872340425532
9934 1.26553191489362
9934 25.7642553191489
9934 17.4297872340426
9934 13.0817021276596
9934 1.48936170212766
9848 9.09872340425532
9848 1.26553191489362
9848 25.7642553191489
9848 17.4297872340426
9848 13.0817021276596
9848 1.48936170212766
9935 9.09872340425532
9935 1.26553191489362
9935 25.7642553191489
9935 17.4297872340426
9935 13.0817021276596
9935 1.48936170212766
9936 9.09872340425532
9936 1.26553191489362
9936 25.7642553191489
9936 17.4297872340426
9936 13.0817021276596
9936 1.48936170212766
10021 9.09872340425532
10021 1.26553191489362
10021 25.7642553191489
10021 17.4297872340426
10021 13.0817021276596
10021 1.48936170212766
9851 9.09872340425532
9851 1.26553191489362
9851 25.7642553191489
9851 17.4297872340426
9851 13.0817021276596
9851 1.48936170212766
9937 9.09872340425532
9937 1.26553191489362
9937 25.7642553191489
9937 17.4297872340426
9937 13.0817021276596
9937 1.48936170212766
10022 9.09872340425532
10022 1.26553191489362
10022 25.7642553191489
10022 17.4297872340426
10022 13.0817021276596
10022 1.48936170212766
9852 9.09872340425532
9852 1.26553191489362
9852 25.7642553191489
9852 17.4297872340426
9852 13.0817021276596
9852 1.48936170212766
9938 9.09872340425532
9938 1.26553191489362
9938 25.7642553191489
9938 17.4297872340426
9938 13.0817021276596
9938 1.48936170212766
10023 9.09872340425532
10023 1.26553191489362
10023 25.7642553191489
10023 17.4297872340426
10023 13.0817021276596
10023 1.48936170212766
9853 9.09872340425532
9853 1.26553191489362
9853 25.7642553191489
9853 17.4297872340426
9853 13.0817021276596
9853 1.48936170212766
10024 9.09872340425532
10024 1.26553191489362
10024 25.7642553191489
10024 17.4297872340426
10024 13.0817021276596
10024 1.48936170212766
9940 9.09872340425532
9940 1.26553191489362
9940 25.7642553191489
9940 17.4297872340426
9940 13.0817021276596
9940 1.48936170212766
10025 9.09872340425532
10025 1.26553191489362
10025 25.7642553191489
10025 17.4297872340426
10025 13.0817021276596
10025 1.48936170212766
9941 9.09872340425532
9941 1.26553191489362
9941 25.7642553191489
9941 17.4297872340426
9941 13.0817021276596
9941 1.48936170212766
10026 9.09872340425532
10026 1.26553191489362
10026 25.7642553191489
10026 17.4297872340426
10026 13.0817021276596
10026 1.48936170212766
9942 9.09872340425532
9942 1.26553191489362
9942 25.7642553191489
9942 17.4297872340426
9942 13.0817021276596
9942 1.48936170212766
10027 9.09872340425532
10027 1.26553191489362
10027 25.7642553191489
10027 17.4297872340426
10027 13.0817021276596
10027 1.48936170212766
9943 9.09872340425532
9943 1.26553191489362
9943 25.7642553191489
9943 17.4297872340426
9943 13.0817021276596
9943 1.48936170212766
10028 9.09872340425532
10028 1.26553191489362
10028 25.7642553191489
10028 17.4297872340426
10028 13.0817021276596
10028 1.48936170212766
9944 9.09872340425532
9944 1.26553191489362
9944 25.7642553191489
9944 17.4297872340426
9944 13.0817021276596
9944 1.48936170212766
10107 9.09872340425532
10107 1.26553191489362
10107 25.7642553191489
10107 17.4297872340426
10107 13.0817021276596
10107 1.48936170212766
10029 9.09872340425532
10029 1.26553191489362
10029 25.7642553191489
10029 17.4297872340426
10029 13.0817021276596
10029 1.48936170212766
10108 9.09872340425532
10108 1.26553191489362
10108 25.7642553191489
10108 17.4297872340426
10108 13.0817021276596
10108 1.48936170212766
10030 9.09872340425532
10030 1.26553191489362
10030 25.7642553191489
10030 17.4297872340426
10030 13.0817021276596
10030 1.48936170212766
10109 9.09872340425532
10109 1.26553191489362
10109 25.7642553191489
10109 17.4297872340426
10109 13.0817021276596
10109 1.48936170212766
10110 9.09872340425532
10110 1.26553191489362
10110 25.7642553191489
10110 17.4297872340426
10110 13.0817021276596
10110 1.48936170212766
10032 9.09872340425532
10032 1.26553191489362
10032 25.7642553191489
10032 17.4297872340426
10032 13.0817021276596
10032 1.48936170212766
10111 9.09872340425532
10111 1.26553191489362
10111 25.7642553191489
10111 17.4297872340426
10111 13.0817021276596
10111 1.48936170212766
10033 9.09872340425532
10033 1.26553191489362
10033 25.7642553191489
10033 17.4297872340426
10033 13.0817021276596
10033 1.48936170212766
10112 9.09872340425532
10112 1.26553191489362
10112 25.7642553191489
10112 17.4297872340426
10112 13.0817021276596
10112 1.48936170212766
10034 9.09872340425532
10034 1.26553191489362
10034 25.7642553191489
10034 17.4297872340426
10034 13.0817021276596
10034 1.48936170212766
10113 9.09872340425532
10113 1.26553191489362
10113 25.7642553191489
10113 17.4297872340426
10113 13.0817021276596
10113 1.48936170212766
10035 9.09872340425532
10035 1.26553191489362
10035 25.7642553191489
10035 17.4297872340426
10035 13.0817021276596
10035 1.48936170212766
10036 9.09872340425532
10036 1.26553191489362
10036 25.7642553191489
10036 17.4297872340426
10036 13.0817021276596
10036 1.48936170212766
10185 9.09872340425532
10185 1.26553191489362
10185 25.7642553191489
10185 17.4297872340426
10185 13.0817021276596
10185 1.48936170212766
10115 9.09872340425532
10115 1.26553191489362
10115 25.7642553191489
10115 17.4297872340426
10115 13.0817021276596
10115 1.48936170212766
10186 9.09872340425532
10186 1.26553191489362
10186 25.7642553191489
10186 17.4297872340426
10186 13.0817021276596
10186 1.48936170212766
10116 9.09872340425532
10116 1.26553191489362
10116 25.7642553191489
10116 17.4297872340426
10116 13.0817021276596
10116 1.48936170212766
10187 9.09872340425532
10187 1.26553191489362
10187 25.7642553191489
10187 17.4297872340426
10187 13.0817021276596
10187 1.48936170212766
10117 9.09872340425532
10117 1.26553191489362
10117 25.7642553191489
10117 17.4297872340426
10117 13.0817021276596
10117 1.48936170212766
10188 9.09872340425532
10188 1.26553191489362
10188 25.7642553191489
10188 17.4297872340426
10188 13.0817021276596
10188 1.48936170212766
10118 9.09872340425532
10118 1.26553191489362
10118 25.7642553191489
10118 17.4297872340426
10118 13.0817021276596
10118 1.48936170212766
10189 9.09872340425532
10189 1.26553191489362
10189 25.7642553191489
10189 17.4297872340426
10189 13.0817021276596
10189 1.48936170212766
10119 9.09872340425532
10119 1.26553191489362
10119 25.7642553191489
10119 17.4297872340426
10119 13.0817021276596
10119 1.48936170212766
10190 9.09872340425532
10190 1.26553191489362
10190 25.7642553191489
10190 17.4297872340426
10190 13.0817021276596
10190 1.48936170212766
10120 9.09872340425532
10120 1.26553191489362
10120 25.7642553191489
10120 17.4297872340426
10120 13.0817021276596
10120 1.48936170212766
10191 9.09872340425532
10191 1.26553191489362
10191 25.7642553191489
10191 17.4297872340426
10191 13.0817021276596
10191 1.48936170212766
10121 9.09872340425532
10121 1.26553191489362
10121 25.7642553191489
10121 17.4297872340426
10121 13.0817021276596
10121 1.48936170212766
10192 9.09872340425532
10192 1.26553191489362
10192 25.7642553191489
10192 17.4297872340426
10192 13.0817021276596
10192 1.48936170212766
10122 9.09872340425532
10122 1.26553191489362
10122 25.7642553191489
10122 17.4297872340426
10122 13.0817021276596
10122 1.48936170212766
10264 9.09872340425532
10264 1.26553191489362
10264 25.7642553191489
10264 17.4297872340426
10264 13.0817021276596
10264 1.48936170212766
10193 9.09872340425532
10193 1.26553191489362
10193 25.7642553191489
10193 17.4297872340426
10193 13.0817021276596
10193 1.48936170212766
10123 9.09872340425532
10123 1.26553191489362
10123 25.7642553191489
10123 17.4297872340426
10123 13.0817021276596
10123 1.48936170212766
10265 9.09872340425532
10265 1.26553191489362
10265 25.7642553191489
10265 17.4297872340426
10265 13.0817021276596
10265 1.48936170212766
10194 9.09872340425532
10194 1.26553191489362
10194 25.7642553191489
10194 17.4297872340426
10194 13.0817021276596
10194 1.48936170212766
10266 9.09872340425532
10266 1.26553191489362
10266 25.7642553191489
10266 17.4297872340426
10266 13.0817021276596
10266 1.48936170212766
10195 9.09872340425532
10195 1.26553191489362
10195 25.7642553191489
10195 17.4297872340426
10195 13.0817021276596
10195 1.48936170212766
10267 9.09872340425532
10267 1.26553191489362
10267 25.7642553191489
10267 17.4297872340426
10267 13.0817021276596
10267 1.48936170212766
10196 9.09872340425532
10196 1.26553191489362
10196 25.7642553191489
10196 17.4297872340426
10196 13.0817021276596
10196 1.48936170212766
10268 9.09872340425532
10268 1.26553191489362
10268 25.7642553191489
10268 17.4297872340426
10268 13.0817021276596
10268 1.48936170212766
10197 9.09872340425532
10197 1.26553191489362
10197 25.7642553191489
10197 17.4297872340426
10197 13.0817021276596
10197 1.48936170212766
10269 9.09872340425532
10269 1.26553191489362
10269 25.7642553191489
10269 17.4297872340426
10269 13.0817021276596
10269 1.48936170212766
10198 9.09872340425532
10198 1.26553191489362
10198 25.7642553191489
10198 17.4297872340426
10198 13.0817021276596
10198 1.48936170212766
10270 9.09872340425532
10270 1.26553191489362
10270 25.7642553191489
10270 17.4297872340426
10270 13.0817021276596
10270 1.48936170212766
10199 9.09872340425532
10199 1.26553191489362
10199 25.7642553191489
10199 17.4297872340426
10199 13.0817021276596
10199 1.48936170212766
10271 9.09872340425532
10271 1.26553191489362
10271 25.7642553191489
10271 17.4297872340426
10271 13.0817021276596
10271 1.48936170212766
10200 9.09872340425532
10200 1.26553191489362
10200 25.7642553191489
10200 17.4297872340426
10200 13.0817021276596
10200 1.48936170212766
10348 9.09872340425532
10348 1.26553191489362
10348 25.7642553191489
10348 17.4297872340426
10348 13.0817021276596
10348 1.48936170212766
10272 9.09872340425532
10272 1.26553191489362
10272 25.7642553191489
10272 17.4297872340426
10272 13.0817021276596
10272 1.48936170212766
10201 9.09872340425532
10201 1.26553191489362
10201 25.7642553191489
10201 17.4297872340426
10201 13.0817021276596
10201 1.48936170212766
10349 9.09872340425532
10349 1.26553191489362
10349 25.7642553191489
10349 17.4297872340426
10349 13.0817021276596
10349 1.48936170212766
10273 9.09872340425532
10273 1.26553191489362
10273 25.7642553191489
10273 17.4297872340426
10273 13.0817021276596
10273 1.48936170212766
10202 9.09872340425532
10202 1.26553191489362
10202 25.7642553191489
10202 17.4297872340426
10202 13.0817021276596
10202 1.48936170212766
10350 9.09872340425532
10350 1.26553191489362
10350 25.7642553191489
10350 17.4297872340426
10350 13.0817021276596
10350 1.48936170212766
10274 9.09872340425532
10274 1.26553191489362
10274 25.7642553191489
10274 17.4297872340426
10274 13.0817021276596
10274 1.48936170212766
10351 9.09872340425532
10351 1.26553191489362
10351 25.7642553191489
10351 17.4297872340426
10351 13.0817021276596
10351 1.48936170212766
10275 9.09872340425532
10275 1.26553191489362
10275 25.7642553191489
10275 17.4297872340426
10275 13.0817021276596
10275 1.48936170212766
10204 9.09872340425532
10204 1.26553191489362
10204 25.7642553191489
10204 17.4297872340426
10204 13.0817021276596
10204 1.48936170212766
10276 9.09872340425532
10276 1.26553191489362
10276 25.7642553191489
10276 17.4297872340426
10276 13.0817021276596
10276 1.48936170212766
10277 9.09872340425532
10277 1.26553191489362
10277 25.7642553191489
10277 17.4297872340426
10277 13.0817021276596
10277 1.48936170212766
10354 9.09872340425532
10354 1.26553191489362
10354 25.7642553191489
10354 17.4297872340426
10354 13.0817021276596
10354 1.48936170212766
10278 9.09872340425532
10278 1.26553191489362
10278 25.7642553191489
10278 17.4297872340426
10278 13.0817021276596
10278 1.48936170212766
10355 9.09872340425532
10355 1.26553191489362
10355 25.7642553191489
10355 17.4297872340426
10355 13.0817021276596
10355 1.48936170212766
10279 9.09872340425532
10279 1.26553191489362
10279 25.7642553191489
10279 17.4297872340426
10279 13.0817021276596
10279 1.48936170212766
10356 9.09872340425532
10356 1.26553191489362
10356 25.7642553191489
10356 17.4297872340426
10356 13.0817021276596
10356 1.48936170212766
10280 9.09872340425532
10280 1.26553191489362
10280 25.7642553191489
10280 17.4297872340426
10280 13.0817021276596
10280 1.48936170212766
10434 9.09872340425532
10434 1.26553191489362
10434 25.7642553191489
10434 17.4297872340426
10434 13.0817021276596
10434 1.48936170212766
10357 9.09872340425532
10357 1.26553191489362
10357 25.7642553191489
10357 17.4297872340426
10357 13.0817021276596
10357 1.48936170212766
10281 9.09872340425532
10281 1.26553191489362
10281 25.7642553191489
10281 17.4297872340426
10281 13.0817021276596
10281 1.48936170212766
10435 9.09872340425532
10435 1.26553191489362
10435 25.7642553191489
10435 17.4297872340426
10435 13.0817021276596
10435 1.48936170212766
10358 9.09872340425532
10358 1.26553191489362
10358 25.7642553191489
10358 17.4297872340426
10358 13.0817021276596
10358 1.48936170212766
10282 9.09872340425532
10282 1.26553191489362
10282 25.7642553191489
10282 17.4297872340426
10282 13.0817021276596
10282 1.48936170212766
10436 9.09872340425532
10436 1.26553191489362
10436 25.7642553191489
10436 17.4297872340426
10436 13.0817021276596
10436 1.48936170212766
10359 9.09872340425532
10359 1.26553191489362
10359 25.7642553191489
10359 17.4297872340426
10359 13.0817021276596
10359 1.48936170212766
10437 9.09872340425532
10437 1.26553191489362
10437 25.7642553191489
10437 17.4297872340426
10437 13.0817021276596
10437 1.48936170212766
10360 9.09872340425532
10360 1.26553191489362
10360 25.7642553191489
10360 17.4297872340426
10360 13.0817021276596
10360 1.48936170212766
10361 9.09872340425532
10361 1.26553191489362
10361 25.7642553191489
10361 17.4297872340426
10361 13.0817021276596
10361 1.48936170212766
10362 9.09872340425532
10362 1.26553191489362
10362 25.7642553191489
10362 17.4297872340426
10362 13.0817021276596
10362 1.48936170212766
10439 9.09872340425532
10439 1.26553191489362
10439 25.7642553191489
10439 17.4297872340426
10439 13.0817021276596
10439 1.48936170212766
10363 9.09872340425532
10363 1.26553191489362
10363 25.7642553191489
10363 17.4297872340426
10363 13.0817021276596
10363 1.48936170212766
10440 9.09872340425532
10440 1.26553191489362
10440 25.7642553191489
10440 17.4297872340426
10440 13.0817021276596
10440 1.48936170212766
10364 9.09872340425532
10364 1.26553191489362
10364 25.7642553191489
10364 17.4297872340426
10364 13.0817021276596
10364 1.48936170212766
10525 9.09872340425532
10525 1.26553191489362
10525 25.7642553191489
10525 17.4297872340426
10525 13.0817021276596
10525 1.48936170212766
10441 9.09872340425532
10441 1.26553191489362
10441 25.7642553191489
10441 17.4297872340426
10441 13.0817021276596
10441 1.48936170212766
10365 9.09872340425532
10365 1.26553191489362
10365 25.7642553191489
10365 17.4297872340426
10365 13.0817021276596
10365 1.48936170212766
10442 9.09872340425532
10442 1.26553191489362
10442 25.7642553191489
10442 17.4297872340426
10442 13.0817021276596
10442 1.48936170212766
10366 9.09872340425532
10366 1.26553191489362
10366 25.7642553191489
10366 17.4297872340426
10366 13.0817021276596
10366 1.48936170212766
10527 9.09872340425532
10527 1.26553191489362
10527 25.7642553191489
10527 17.4297872340426
10527 13.0817021276596
10527 1.48936170212766
10443 9.09872340425532
10443 1.26553191489362
10443 25.7642553191489
10443 17.4297872340426
10443 13.0817021276596
10443 1.48936170212766
10528 9.09872340425532
10528 1.26553191489362
10528 25.7642553191489
10528 17.4297872340426
10528 13.0817021276596
10528 1.48936170212766
10444 9.09872340425532
10444 1.26553191489362
10444 25.7642553191489
10444 17.4297872340426
10444 13.0817021276596
10444 1.48936170212766
10529 9.09872340425532
10529 1.26553191489362
10529 25.7642553191489
10529 17.4297872340426
10529 13.0817021276596
10529 1.48936170212766
10445 9.09872340425532
10445 1.26553191489362
10445 25.7642553191489
10445 17.4297872340426
10445 13.0817021276596
10445 1.48936170212766
10446 9.09872340425532
10446 1.26553191489362
10446 25.7642553191489
10446 17.4297872340426
10446 13.0817021276596
10446 1.48936170212766
10447 9.09872340425532
10447 1.26553191489362
10447 25.7642553191489
10447 17.4297872340426
10447 13.0817021276596
10447 1.48936170212766
10448 9.09872340425532
10448 1.26553191489362
10448 25.7642553191489
10448 17.4297872340426
10448 13.0817021276596
10448 1.48936170212766
10449 9.09872340425532
10449 1.26553191489362
10449 25.7642553191489
10449 17.4297872340426
10449 13.0817021276596
10449 1.48936170212766
10450 9.09872340425532
10450 1.26553191489362
10450 25.7642553191489
10450 17.4297872340426
10450 13.0817021276596
10450 1.48936170212766
10452 9.09872340425532
10452 1.26553191489362
10452 25.7642553191489
10452 17.4297872340426
10452 13.0817021276596
10452 1.48936170212766
10621 9.09872340425532
10621 1.26553191489362
10621 25.7642553191489
10621 17.4297872340426
10621 13.0817021276596
10621 1.48936170212766
10622 9.09872340425532
10622 1.26553191489362
10622 25.7642553191489
10622 17.4297872340426
10622 13.0817021276596
10622 1.48936170212766
10623 9.09872340425532
10623 1.26553191489362
10623 25.7642553191489
10623 17.4297872340426
10623 13.0817021276596
10623 1.48936170212766
10538 9.09872340425532
10538 1.26553191489362
10538 25.7642553191489
10538 17.4297872340426
10538 13.0817021276596
10538 1.48936170212766
10539 9.09872340425532
10539 1.26553191489362
10539 25.7642553191489
10539 17.4297872340426
10539 13.0817021276596
10539 1.48936170212766
10711 9.09872340425532
10711 1.26553191489362
10711 25.7642553191489
10711 17.4297872340426
10711 13.0817021276596
10711 1.48936170212766
10712 9.09872340425532
10712 1.26553191489362
10712 25.7642553191489
10712 17.4297872340426
10712 13.0817021276596
10712 1.48936170212766
10713 9.09872340425532
10713 1.26553191489362
10713 25.7642553191489
10713 17.4297872340426
10713 13.0817021276596
10713 1.48936170212766
10714 9.09872340425532
10714 1.26553191489362
10714 25.7642553191489
10714 17.4297872340426
10714 13.0817021276596
10714 1.48936170212766
10629 9.09872340425532
10629 1.26553191489362
10629 25.7642553191489
10629 17.4297872340426
10629 13.0817021276596
10629 1.48936170212766
10715 9.09872340425532
10715 1.26553191489362
10715 25.7642553191489
10715 17.4297872340426
10715 13.0817021276596
10715 1.48936170212766
10796 9.09872340425532
10796 1.26553191489362
10796 25.7642553191489
10796 17.4297872340426
10796 13.0817021276596
10796 1.48936170212766
10797 9.09872340425532
10797 1.26553191489362
10797 25.7642553191489
10797 17.4297872340426
10797 13.0817021276596
10797 1.48936170212766
10798 9.09872340425532
10798 1.26553191489362
10798 25.7642553191489
10798 17.4297872340426
10798 13.0817021276596
10798 1.48936170212766
10799 9.09872340425532
10799 1.26553191489362
10799 25.7642553191489
10799 17.4297872340426
10799 13.0817021276596
10799 1.48936170212766
10800 9.09872340425532
10800 1.26553191489362
10800 25.7642553191489
10800 17.4297872340426
10800 13.0817021276596
10800 1.48936170212766
10801 9.09872340425532
10801 1.26553191489362
10801 25.7642553191489
10801 17.4297872340426
10801 13.0817021276596
10801 1.48936170212766
10719 9.09872340425532
10719 1.26553191489362
10719 25.7642553191489
10719 17.4297872340426
10719 13.0817021276596
10719 1.48936170212766
10802 9.09872340425532
10802 1.26553191489362
10802 25.7642553191489
10802 17.4297872340426
10802 13.0817021276596
10802 1.48936170212766
10873 9.09872340425532
10873 1.26553191489362
10873 25.7642553191489
10873 17.4297872340426
10873 13.0817021276596
10873 1.48936170212766
10720 9.09872340425532
10720 1.26553191489362
10720 25.7642553191489
10720 17.4297872340426
10720 13.0817021276596
10720 1.48936170212766
10874 9.09872340425532
10874 1.26553191489362
10874 25.7642553191489
10874 17.4297872340426
10874 13.0817021276596
10874 1.48936170212766
10875 9.09872340425532
10875 1.26553191489362
10875 25.7642553191489
10875 17.4297872340426
10875 13.0817021276596
10875 1.48936170212766
10876 9.09872340425532
10876 1.26553191489362
10876 25.7642553191489
10876 17.4297872340426
10876 13.0817021276596
10876 1.48936170212766
10877 9.09872340425532
10877 1.26553191489362
10877 25.7642553191489
10877 17.4297872340426
10877 13.0817021276596
10877 1.48936170212766
10878 9.09872340425532
10878 1.26553191489362
10878 25.7642553191489
10878 17.4297872340426
10878 13.0817021276596
10878 1.48936170212766
10879 9.09872340425532
10879 1.26553191489362
10879 25.7642553191489
10879 17.4297872340426
10879 13.0817021276596
10879 1.48936170212766
10880 9.09872340425532
10880 1.26553191489362
10880 25.7642553191489
10880 17.4297872340426
10880 13.0817021276596
10880 1.48936170212766
10881 9.09872340425532
10881 1.26553191489362
10881 25.7642553191489
10881 17.4297872340426
10881 13.0817021276596
10881 1.48936170212766
10954 9.09872340425532
10954 1.26553191489362
10954 25.7642553191489
10954 17.4297872340426
10954 13.0817021276596
10954 1.48936170212766
10807 9.09872340425532
10807 1.26553191489362
10807 25.7642553191489
10807 17.4297872340426
10807 13.0817021276596
10807 1.48936170212766
10882 9.09872340425532
10882 1.26553191489362
10882 25.7642553191489
10882 17.4297872340426
10882 13.0817021276596
10882 1.48936170212766
10955 9.09872340425532
10955 1.26553191489362
10955 25.7642553191489
10955 17.4297872340426
10955 13.0817021276596
10955 1.48936170212766
10883 9.09872340425532
10883 1.26553191489362
10883 25.7642553191489
10883 17.4297872340426
10883 13.0817021276596
10883 1.48936170212766
10956 9.09872340425532
10956 1.26553191489362
10956 25.7642553191489
10956 17.4297872340426
10956 13.0817021276596
10956 1.48936170212766
10884 9.09872340425532
10884 1.26553191489362
10884 25.7642553191489
10884 17.4297872340426
10884 13.0817021276596
10884 1.48936170212766
10957 9.09872340425532
10957 1.26553191489362
10957 25.7642553191489
10957 17.4297872340426
10957 13.0817021276596
10957 1.48936170212766
10958 9.09872340425532
10958 1.26553191489362
10958 25.7642553191489
10958 17.4297872340426
10958 13.0817021276596
10958 1.48936170212766
10959 9.09872340425532
10959 1.26553191489362
10959 25.7642553191489
10959 17.4297872340426
10959 13.0817021276596
10959 1.48936170212766
10960 9.09872340425532
10960 1.26553191489362
10960 25.7642553191489
10960 17.4297872340426
10960 13.0817021276596
10960 1.48936170212766
10961 9.09872340425532
10961 1.26553191489362
10961 25.7642553191489
10961 17.4297872340426
10961 13.0817021276596
10961 1.48936170212766
11035 9.09872340425532
11035 1.26553191489362
11035 25.7642553191489
11035 17.4297872340426
11035 13.0817021276596
11035 1.48936170212766
10962 9.09872340425532
10962 1.26553191489362
10962 25.7642553191489
10962 17.4297872340426
10962 13.0817021276596
10962 1.48936170212766
11036 9.09872340425532
11036 1.26553191489362
11036 25.7642553191489
11036 17.4297872340426
11036 13.0817021276596
11036 1.48936170212766
10890 9.09872340425532
10890 1.26553191489362
10890 25.7642553191489
10890 17.4297872340426
10890 13.0817021276596
10890 1.48936170212766
10963 9.09872340425532
10963 1.26553191489362
10963 25.7642553191489
10963 17.4297872340426
10963 13.0817021276596
10963 1.48936170212766
11037 9.09872340425532
11037 1.26553191489362
11037 25.7642553191489
11037 17.4297872340426
11037 13.0817021276596
11037 1.48936170212766
10964 9.09872340425532
10964 1.26553191489362
10964 25.7642553191489
10964 17.4297872340426
10964 13.0817021276596
10964 1.48936170212766
11038 9.09872340425532
11038 1.26553191489362
11038 25.7642553191489
11038 17.4297872340426
11038 13.0817021276596
11038 1.48936170212766
10965 9.09872340425532
10965 1.26553191489362
10965 25.7642553191489
10965 17.4297872340426
10965 13.0817021276596
10965 1.48936170212766
11039 9.09872340425532
11039 1.26553191489362
11039 25.7642553191489
11039 17.4297872340426
11039 13.0817021276596
11039 1.48936170212766
10966 9.09872340425532
10966 1.26553191489362
10966 25.7642553191489
10966 17.4297872340426
10966 13.0817021276596
10966 1.48936170212766
11040 9.09872340425532
11040 1.26553191489362
11040 25.7642553191489
11040 17.4297872340426
11040 13.0817021276596
11040 1.48936170212766
10967 9.09872340425532
10967 1.26553191489362
10967 25.7642553191489
10967 17.4297872340426
10967 13.0817021276596
10967 1.48936170212766
11041 9.09872340425532
11041 1.26553191489362
11041 25.7642553191489
11041 17.4297872340426
11041 13.0817021276596
11041 1.48936170212766
10968 9.09872340425532
10968 1.26553191489362
10968 25.7642553191489
10968 17.4297872340426
10968 13.0817021276596
10968 1.48936170212766
11042 9.09872340425532
11042 1.26553191489362
11042 25.7642553191489
11042 17.4297872340426
11042 13.0817021276596
11042 1.48936170212766
10969 9.09872340425532
10969 1.26553191489362
10969 25.7642553191489
10969 17.4297872340426
10969 13.0817021276596
10969 1.48936170212766
11043 9.09872340425532
11043 1.26553191489362
11043 25.7642553191489
11043 17.4297872340426
11043 13.0817021276596
11043 1.48936170212766
11116 9.09872340425532
11116 1.26553191489362
11116 25.7642553191489
11116 17.4297872340426
11116 13.0817021276596
11116 1.48936170212766
11044 9.09872340425532
11044 1.26553191489362
11044 25.7642553191489
11044 17.4297872340426
11044 13.0817021276596
11044 1.48936170212766
11117 9.09872340425532
11117 1.26553191489362
11117 25.7642553191489
11117 17.4297872340426
11117 13.0817021276596
11117 1.48936170212766
11045 9.09872340425532
11045 1.26553191489362
11045 25.7642553191489
11045 17.4297872340426
11045 13.0817021276596
11045 1.48936170212766
11118 9.09872340425532
11118 1.26553191489362
11118 25.7642553191489
11118 17.4297872340426
11118 13.0817021276596
11118 1.48936170212766
11046 9.09872340425532
11046 1.26553191489362
11046 25.7642553191489
11046 17.4297872340426
11046 13.0817021276596
11046 1.48936170212766
11119 9.09872340425532
11119 1.26553191489362
11119 25.7642553191489
11119 17.4297872340426
11119 13.0817021276596
11119 1.48936170212766
11047 9.09872340425532
11047 1.26553191489362
11047 25.7642553191489
11047 17.4297872340426
11047 13.0817021276596
11047 1.48936170212766
11120 9.09872340425532
11120 1.26553191489362
11120 25.7642553191489
11120 17.4297872340426
11120 13.0817021276596
11120 1.48936170212766
11048 9.09872340425532
11048 1.26553191489362
11048 25.7642553191489
11048 17.4297872340426
11048 13.0817021276596
11048 1.48936170212766
11121 9.09872340425532
11121 1.26553191489362
11121 25.7642553191489
11121 17.4297872340426
11121 13.0817021276596
11121 1.48936170212766
11122 9.09872340425532
11122 1.26553191489362
11122 25.7642553191489
11122 17.4297872340426
11122 13.0817021276596
11122 1.48936170212766
11050 9.09872340425532
11050 1.26553191489362
11050 25.7642553191489
11050 17.4297872340426
11050 13.0817021276596
11050 1.48936170212766
11123 9.09872340425532
11123 1.26553191489362
11123 25.7642553191489
11123 17.4297872340426
11123 13.0817021276596
11123 1.48936170212766
11124 9.09872340425532
11124 1.26553191489362
11124 25.7642553191489
11124 17.4297872340426
11124 13.0817021276596
11124 1.48936170212766
11197 9.09872340425532
11197 1.26553191489362
11197 25.7642553191489
11197 17.4297872340426
11197 13.0817021276596
11197 1.48936170212766
11125 9.09872340425532
11125 1.26553191489362
11125 25.7642553191489
11125 17.4297872340426
11125 13.0817021276596
11125 1.48936170212766
11198 9.09872340425532
11198 1.26553191489362
11198 25.7642553191489
11198 17.4297872340426
11198 13.0817021276596
11198 1.48936170212766
11126 9.09872340425532
11126 1.26553191489362
11126 25.7642553191489
11126 17.4297872340426
11126 13.0817021276596
11126 1.48936170212766
11199 9.09872340425532
11199 1.26553191489362
11199 25.7642553191489
11199 17.4297872340426
11199 13.0817021276596
11199 1.48936170212766
11127 9.09872340425532
11127 1.26553191489362
11127 25.7642553191489
11127 17.4297872340426
11127 13.0817021276596
11127 1.48936170212766
11200 9.09872340425532
11200 1.26553191489362
11200 25.7642553191489
11200 17.4297872340426
11200 13.0817021276596
11200 1.48936170212766
11128 9.09872340425532
11128 1.26553191489362
11128 25.7642553191489
11128 17.4297872340426
11128 13.0817021276596
11128 1.48936170212766
11201 9.09872340425532
11201 1.26553191489362
11201 25.7642553191489
11201 17.4297872340426
11201 13.0817021276596
11201 1.48936170212766
11129 9.09872340425532
11129 1.26553191489362
11129 25.7642553191489
11129 17.4297872340426
11129 13.0817021276596
11129 1.48936170212766
11202 9.09872340425532
11202 1.26553191489362
11202 25.7642553191489
11202 17.4297872340426
11202 13.0817021276596
11202 1.48936170212766
11130 9.09872340425532
11130 1.26553191489362
11130 25.7642553191489
11130 17.4297872340426
11130 13.0817021276596
11130 1.48936170212766
11203 9.09872340425532
11203 1.26553191489362
11203 25.7642553191489
11203 17.4297872340426
11203 13.0817021276596
11203 1.48936170212766
11131 9.09872340425532
11131 1.26553191489362
11131 25.7642553191489
11131 17.4297872340426
11131 13.0817021276596
11131 1.48936170212766
11204 9.09872340425532
11204 1.26553191489362
11204 25.7642553191489
11204 17.4297872340426
11204 13.0817021276596
11204 1.48936170212766
11132 9.09872340425532
11132 1.26553191489362
11132 25.7642553191489
11132 17.4297872340426
11132 13.0817021276596
11132 1.48936170212766
11283 9.09872340425532
11283 1.26553191489362
11283 25.7642553191489
11283 17.4297872340426
11283 13.0817021276596
11283 1.48936170212766
11206 9.09872340425532
11206 1.26553191489362
11206 25.7642553191489
11206 17.4297872340426
11206 13.0817021276596
11206 1.48936170212766
11284 9.09872340425532
11284 1.26553191489362
11284 25.7642553191489
11284 17.4297872340426
11284 13.0817021276596
11284 1.48936170212766
11207 9.09872340425532
11207 1.26553191489362
11207 25.7642553191489
11207 17.4297872340426
11207 13.0817021276596
11207 1.48936170212766
11285 9.09872340425532
11285 1.26553191489362
11285 25.7642553191489
11285 17.4297872340426
11285 13.0817021276596
11285 1.48936170212766
11208 9.09872340425532
11208 1.26553191489362
11208 25.7642553191489
11208 17.4297872340426
11208 13.0817021276596
11208 1.48936170212766
11286 9.09872340425532
11286 1.26553191489362
11286 25.7642553191489
11286 17.4297872340426
11286 13.0817021276596
11286 1.48936170212766
11209 9.09872340425532
11209 1.26553191489362
11209 25.7642553191489
11209 17.4297872340426
11209 13.0817021276596
11209 1.48936170212766
11287 9.09872340425532
11287 1.26553191489362
11287 25.7642553191489
11287 17.4297872340426
11287 13.0817021276596
11287 1.48936170212766
11210 9.09872340425532
11210 1.26553191489362
11210 25.7642553191489
11210 17.4297872340426
11210 13.0817021276596
11210 1.48936170212766
11288 9.09872340425532
11288 1.26553191489362
11288 25.7642553191489
11288 17.4297872340426
11288 13.0817021276596
11288 1.48936170212766
11211 9.09872340425532
11211 1.26553191489362
11211 25.7642553191489
11211 17.4297872340426
11211 13.0817021276596
11211 1.48936170212766
11289 9.09872340425532
11289 1.26553191489362
11289 25.7642553191489
11289 17.4297872340426
11289 13.0817021276596
11289 1.48936170212766
11212 9.09872340425532
11212 1.26553191489362
11212 25.7642553191489
11212 17.4297872340426
11212 13.0817021276596
11212 1.48936170212766
11290 9.09872340425532
11290 1.26553191489362
11290 25.7642553191489
11290 17.4297872340426
11290 13.0817021276596
11290 1.48936170212766
11062 9.09872340425532
11062 1.26553191489362
11062 25.7642553191489
11062 17.4297872340426
11062 13.0817021276596
11062 1.48936170212766
11370 9.09872340425532
11370 1.26553191489362
11370 25.7642553191489
11370 17.4297872340426
11370 13.0817021276596
11370 1.48936170212766
11291 9.09872340425532
11291 1.26553191489362
11291 25.7642553191489
11291 17.4297872340426
11291 13.0817021276596
11291 1.48936170212766
11063 9.09872340425532
11063 1.26553191489362
11063 25.7642553191489
11063 17.4297872340426
11063 13.0817021276596
11063 1.48936170212766
11292 9.09872340425532
11292 1.26553191489362
11292 25.7642553191489
11292 17.4297872340426
11292 13.0817021276596
11292 1.48936170212766
11371 9.09872340425532
11371 1.26553191489362
11371 25.7642553191489
11371 17.4297872340426
11371 13.0817021276596
11371 1.48936170212766
11293 9.09872340425532
11293 1.26553191489362
11293 25.7642553191489
11293 17.4297872340426
11293 13.0817021276596
11293 1.48936170212766
11372 9.09872340425532
11372 1.26553191489362
11372 25.7642553191489
11372 17.4297872340426
11372 13.0817021276596
11372 1.48936170212766
11294 9.09872340425532
11294 1.26553191489362
11294 25.7642553191489
11294 17.4297872340426
11294 13.0817021276596
11294 1.48936170212766
11373 9.09872340425532
11373 1.26553191489362
11373 25.7642553191489
11373 17.4297872340426
11373 13.0817021276596
11373 1.48936170212766
11295 9.09872340425532
11295 1.26553191489362
11295 25.7642553191489
11295 17.4297872340426
11295 13.0817021276596
11295 1.48936170212766
11374 9.09872340425532
11374 1.26553191489362
11374 25.7642553191489
11374 17.4297872340426
11374 13.0817021276596
11374 1.48936170212766
11296 9.09872340425532
11296 1.26553191489362
11296 25.7642553191489
11296 17.4297872340426
11296 13.0817021276596
11296 1.48936170212766
11375 9.09872340425532
11375 1.26553191489362
11375 25.7642553191489
11375 17.4297872340426
11375 13.0817021276596
11375 1.48936170212766
11141 9.09872340425532
11141 1.26553191489362
11141 25.7642553191489
11141 17.4297872340426
11141 13.0817021276596
11141 1.48936170212766
11297 9.09872340425532
11297 1.26553191489362
11297 25.7642553191489
11297 17.4297872340426
11297 13.0817021276596
11297 1.48936170212766
11142 9.09872340425532
11142 1.26553191489362
11142 25.7642553191489
11142 17.4297872340426
11142 13.0817021276596
11142 1.48936170212766
11376 9.09872340425532
11376 1.26553191489362
11376 25.7642553191489
11376 17.4297872340426
11376 13.0817021276596
11376 1.48936170212766
11298 9.09872340425532
11298 1.26553191489362
11298 25.7642553191489
11298 17.4297872340426
11298 13.0817021276596
11298 1.48936170212766
11143 9.09872340425532
11143 1.26553191489362
11143 25.7642553191489
11143 17.4297872340426
11143 13.0817021276596
11143 1.48936170212766
11377 9.09872340425532
11377 1.26553191489362
11377 25.7642553191489
11377 17.4297872340426
11377 13.0817021276596
11377 1.48936170212766
11299 9.09872340425532
11299 1.26553191489362
11299 25.7642553191489
11299 17.4297872340426
11299 13.0817021276596
11299 1.48936170212766
11144 9.09872340425532
11144 1.26553191489362
11144 25.7642553191489
11144 17.4297872340426
11144 13.0817021276596
11144 1.48936170212766
11378 9.09872340425532
11378 1.26553191489362
11378 25.7642553191489
11378 17.4297872340426
11378 13.0817021276596
11378 1.48936170212766
11448 9.09872340425532
11448 1.26553191489362
11448 25.7642553191489
11448 17.4297872340426
11448 13.0817021276596
11448 1.48936170212766
11145 9.09872340425532
11145 1.26553191489362
11145 25.7642553191489
11145 17.4297872340426
11145 13.0817021276596
11145 1.48936170212766
11379 9.09872340425532
11379 1.26553191489362
11379 25.7642553191489
11379 17.4297872340426
11379 13.0817021276596
11379 1.48936170212766
11449 9.09872340425532
11449 1.26553191489362
11449 25.7642553191489
11449 17.4297872340426
11449 13.0817021276596
11449 1.48936170212766
11146 9.09872340425532
11146 1.26553191489362
11146 25.7642553191489
11146 17.4297872340426
11146 13.0817021276596
11146 1.48936170212766
11380 9.09872340425532
11380 1.26553191489362
11380 25.7642553191489
11380 17.4297872340426
11380 13.0817021276596
11380 1.48936170212766
11450 9.09872340425532
11450 1.26553191489362
11450 25.7642553191489
11450 17.4297872340426
11450 13.0817021276596
11450 1.48936170212766
11381 9.09872340425532
11381 1.26553191489362
11381 25.7642553191489
11381 17.4297872340426
11381 13.0817021276596
11381 1.48936170212766
11451 9.09872340425532
11451 1.26553191489362
11451 25.7642553191489
11451 17.4297872340426
11451 13.0817021276596
11451 1.48936170212766
11382 9.09872340425532
11382 1.26553191489362
11382 25.7642553191489
11382 17.4297872340426
11382 13.0817021276596
11382 1.48936170212766
11452 9.09872340425532
11452 1.26553191489362
11452 25.7642553191489
11452 17.4297872340426
11452 13.0817021276596
11452 1.48936170212766
11383 9.09872340425532
11383 1.26553191489362
11383 25.7642553191489
11383 17.4297872340426
11383 13.0817021276596
11383 1.48936170212766
11453 9.09872340425532
11453 1.26553191489362
11453 25.7642553191489
11453 17.4297872340426
11453 13.0817021276596
11453 1.48936170212766
11227 9.09872340425532
11227 1.26553191489362
11227 25.7642553191489
11227 17.4297872340426
11227 13.0817021276596
11227 1.48936170212766
11384 9.09872340425532
11384 1.26553191489362
11384 25.7642553191489
11384 17.4297872340426
11384 13.0817021276596
11384 1.48936170212766
11454 9.09872340425532
11454 1.26553191489362
11454 25.7642553191489
11454 17.4297872340426
11454 13.0817021276596
11454 1.48936170212766
11228 9.09872340425532
11228 1.26553191489362
11228 25.7642553191489
11228 17.4297872340426
11228 13.0817021276596
11228 1.48936170212766
11385 9.09872340425532
11385 1.26553191489362
11385 25.7642553191489
11385 17.4297872340426
11385 13.0817021276596
11385 1.48936170212766
11229 9.09872340425532
11229 1.26553191489362
11229 25.7642553191489
11229 17.4297872340426
11229 13.0817021276596
11229 1.48936170212766
11455 9.09872340425532
11455 1.26553191489362
11455 25.7642553191489
11455 17.4297872340426
11455 13.0817021276596
11455 1.48936170212766
11386 9.09872340425532
11386 1.26553191489362
11386 25.7642553191489
11386 17.4297872340426
11386 13.0817021276596
11386 1.48936170212766
11230 9.09872340425532
11230 1.26553191489362
11230 25.7642553191489
11230 17.4297872340426
11230 13.0817021276596
11230 1.48936170212766
11456 9.09872340425532
11456 1.26553191489362
11456 25.7642553191489
11456 17.4297872340426
11456 13.0817021276596
11456 1.48936170212766
11523 9.09872340425532
11523 1.26553191489362
11523 25.7642553191489
11523 17.4297872340426
11523 13.0817021276596
11523 1.48936170212766
11387 9.09872340425532
11387 1.26553191489362
11387 25.7642553191489
11387 17.4297872340426
11387 13.0817021276596
11387 1.48936170212766
11231 9.09872340425532
11231 1.26553191489362
11231 25.7642553191489
11231 17.4297872340426
11231 13.0817021276596
11231 1.48936170212766
11457 9.09872340425532
11457 1.26553191489362
11457 25.7642553191489
11457 17.4297872340426
11457 13.0817021276596
11457 1.48936170212766
11524 9.09872340425532
11524 1.26553191489362
11524 25.7642553191489
11524 17.4297872340426
11524 13.0817021276596
11524 1.48936170212766
11388 9.09872340425532
11388 1.26553191489362
11388 25.7642553191489
11388 17.4297872340426
11388 13.0817021276596
11388 1.48936170212766
11232 9.09872340425532
11232 1.26553191489362
11232 25.7642553191489
11232 17.4297872340426
11232 13.0817021276596
11232 1.48936170212766
11458 9.09872340425532
11458 1.26553191489362
11458 25.7642553191489
11458 17.4297872340426
11458 13.0817021276596
11458 1.48936170212766
11525 9.09872340425532
11525 1.26553191489362
11525 25.7642553191489
11525 17.4297872340426
11525 13.0817021276596
11525 1.48936170212766
11233 9.09872340425532
11233 1.26553191489362
11233 25.7642553191489
11233 17.4297872340426
11233 13.0817021276596
11233 1.48936170212766
11459 9.09872340425532
11459 1.26553191489362
11459 25.7642553191489
11459 17.4297872340426
11459 13.0817021276596
11459 1.48936170212766
11526 9.09872340425532
11526 1.26553191489362
11526 25.7642553191489
11526 17.4297872340426
11526 13.0817021276596
11526 1.48936170212766
11234 9.09872340425532
11234 1.26553191489362
11234 25.7642553191489
11234 17.4297872340426
11234 13.0817021276596
11234 1.48936170212766
11460 9.09872340425532
11460 1.26553191489362
11460 25.7642553191489
11460 17.4297872340426
11460 13.0817021276596
11460 1.48936170212766
11235 9.09872340425532
11235 1.26553191489362
11235 25.7642553191489
11235 17.4297872340426
11235 13.0817021276596
11235 1.48936170212766
11527 9.09872340425532
11527 1.26553191489362
11527 25.7642553191489
11527 17.4297872340426
11527 13.0817021276596
11527 1.48936170212766
11461 9.09872340425532
11461 1.26553191489362
11461 25.7642553191489
11461 17.4297872340426
11461 13.0817021276596
11461 1.48936170212766
11528 9.09872340425532
11528 1.26553191489362
11528 25.7642553191489
11528 17.4297872340426
11528 13.0817021276596
11528 1.48936170212766
11462 9.09872340425532
11462 1.26553191489362
11462 25.7642553191489
11462 17.4297872340426
11462 13.0817021276596
11462 1.48936170212766
11529 9.09872340425532
11529 1.26553191489362
11529 25.7642553191489
11529 17.4297872340426
11529 13.0817021276596
11529 1.48936170212766
11463 9.09872340425532
11463 1.26553191489362
11463 25.7642553191489
11463 17.4297872340426
11463 13.0817021276596
11463 1.48936170212766
11394 9.09872340425532
11394 1.26553191489362
11394 25.7642553191489
11394 17.4297872340426
11394 13.0817021276596
11394 1.48936170212766
11530 9.09872340425532
11530 1.26553191489362
11530 25.7642553191489
11530 17.4297872340426
11530 13.0817021276596
11530 1.48936170212766
11464 9.09872340425532
11464 1.26553191489362
11464 25.7642553191489
11464 17.4297872340426
11464 13.0817021276596
11464 1.48936170212766
11395 9.09872340425532
11395 1.26553191489362
11395 25.7642553191489
11395 17.4297872340426
11395 13.0817021276596
11395 1.48936170212766
11597 9.09872340425532
11597 1.26553191489362
11597 25.7642553191489
11597 17.4297872340426
11597 13.0817021276596
11597 1.48936170212766
11531 9.09872340425532
11531 1.26553191489362
11531 25.7642553191489
11531 17.4297872340426
11531 13.0817021276596
11531 1.48936170212766
11598 9.09872340425532
11598 1.26553191489362
11598 25.7642553191489
11598 17.4297872340426
11598 13.0817021276596
11598 1.48936170212766
11532 9.09872340425532
11532 1.26553191489362
11532 25.7642553191489
11532 17.4297872340426
11532 13.0817021276596
11532 1.48936170212766
11466 9.09872340425532
11466 1.26553191489362
11466 25.7642553191489
11466 17.4297872340426
11466 13.0817021276596
11466 1.48936170212766
11319 9.09872340425532
11319 1.26553191489362
11319 25.7642553191489
11319 17.4297872340426
11319 13.0817021276596
11319 1.48936170212766
11533 9.09872340425532
11533 1.26553191489362
11533 25.7642553191489
11533 17.4297872340426
11533 13.0817021276596
11533 1.48936170212766
11599 9.09872340425532
11599 1.26553191489362
11599 25.7642553191489
11599 17.4297872340426
11599 13.0817021276596
11599 1.48936170212766
11320 9.09872340425532
11320 1.26553191489362
11320 25.7642553191489
11320 17.4297872340426
11320 13.0817021276596
11320 1.48936170212766
11534 9.09872340425532
11534 1.26553191489362
11534 25.7642553191489
11534 17.4297872340426
11534 13.0817021276596
11534 1.48936170212766
11600 9.09872340425532
11600 1.26553191489362
11600 25.7642553191489
11600 17.4297872340426
11600 13.0817021276596
11600 1.48936170212766
11321 9.09872340425532
11321 1.26553191489362
11321 25.7642553191489
11321 17.4297872340426
11321 13.0817021276596
11321 1.48936170212766
11468 9.09872340425532
11468 1.26553191489362
11468 25.7642553191489
11468 17.4297872340426
11468 13.0817021276596
11468 1.48936170212766
11535 9.09872340425532
11535 1.26553191489362
11535 25.7642553191489
11535 17.4297872340426
11535 13.0817021276596
11535 1.48936170212766
11601 9.09872340425532
11601 1.26553191489362
11601 25.7642553191489
11601 17.4297872340426
11601 13.0817021276596
11601 1.48936170212766
11322 9.09872340425532
11322 1.26553191489362
11322 25.7642553191489
11322 17.4297872340426
11322 13.0817021276596
11322 1.48936170212766
11469 9.09872340425532
11469 1.26553191489362
11469 25.7642553191489
11469 17.4297872340426
11469 13.0817021276596
11469 1.48936170212766
11536 9.09872340425532
11536 1.26553191489362
11536 25.7642553191489
11536 17.4297872340426
11536 13.0817021276596
11536 1.48936170212766
11602 9.09872340425532
11602 1.26553191489362
11602 25.7642553191489
11602 17.4297872340426
11602 13.0817021276596
11602 1.48936170212766
11470 9.09872340425532
11470 1.26553191489362
11470 25.7642553191489
11470 17.4297872340426
11470 13.0817021276596
11470 1.48936170212766
11537 9.09872340425532
11537 1.26553191489362
11537 25.7642553191489
11537 17.4297872340426
11537 13.0817021276596
11537 1.48936170212766
11603 9.09872340425532
11603 1.26553191489362
11603 25.7642553191489
11603 17.4297872340426
11603 13.0817021276596
11603 1.48936170212766
11471 9.09872340425532
11471 1.26553191489362
11471 25.7642553191489
11471 17.4297872340426
11471 13.0817021276596
11471 1.48936170212766
11538 9.09872340425532
11538 1.26553191489362
11538 25.7642553191489
11538 17.4297872340426
11538 13.0817021276596
11538 1.48936170212766
11604 9.09872340425532
11604 1.26553191489362
11604 25.7642553191489
11604 17.4297872340426
11604 13.0817021276596
11604 1.48936170212766
11472 9.09872340425532
11472 1.26553191489362
11472 25.7642553191489
11472 17.4297872340426
11472 13.0817021276596
11472 1.48936170212766
11539 9.09872340425532
11539 1.26553191489362
11539 25.7642553191489
11539 17.4297872340426
11539 13.0817021276596
11539 1.48936170212766
11605 9.09872340425532
11605 1.26553191489362
11605 25.7642553191489
11605 17.4297872340426
11605 13.0817021276596
11605 1.48936170212766
11540 9.09872340425532
11540 1.26553191489362
11540 25.7642553191489
11540 17.4297872340426
11540 13.0817021276596
11540 1.48936170212766
11606 9.09872340425532
11606 1.26553191489362
11606 25.7642553191489
11606 17.4297872340426
11606 13.0817021276596
11606 1.48936170212766
11672 9.09872340425532
11672 1.26553191489362
11672 25.7642553191489
11672 17.4297872340426
11672 13.0817021276596
11672 1.48936170212766
11541 9.09872340425532
11541 1.26553191489362
11541 25.7642553191489
11541 17.4297872340426
11541 13.0817021276596
11541 1.48936170212766
11607 9.09872340425532
11607 1.26553191489362
11607 25.7642553191489
11607 17.4297872340426
11607 13.0817021276596
11607 1.48936170212766
11673 9.09872340425532
11673 1.26553191489362
11673 25.7642553191489
11673 17.4297872340426
11673 13.0817021276596
11673 1.48936170212766
11608 9.09872340425532
11608 1.26553191489362
11608 25.7642553191489
11608 17.4297872340426
11608 13.0817021276596
11608 1.48936170212766
11674 9.09872340425532
11674 1.26553191489362
11674 25.7642553191489
11674 17.4297872340426
11674 13.0817021276596
11674 1.48936170212766
11543 9.09872340425532
11543 1.26553191489362
11543 25.7642553191489
11543 17.4297872340426
11543 13.0817021276596
11543 1.48936170212766
11609 9.09872340425532
11609 1.26553191489362
11609 25.7642553191489
11609 17.4297872340426
11609 13.0817021276596
11609 1.48936170212766
11675 9.09872340425532
11675 1.26553191489362
11675 25.7642553191489
11675 17.4297872340426
11675 13.0817021276596
11675 1.48936170212766
11544 9.09872340425532
11544 1.26553191489362
11544 25.7642553191489
11544 17.4297872340426
11544 13.0817021276596
11544 1.48936170212766
11610 9.09872340425532
11610 1.26553191489362
11610 25.7642553191489
11610 17.4297872340426
11610 13.0817021276596
11610 1.48936170212766
11676 9.09872340425532
11676 1.26553191489362
11676 25.7642553191489
11676 17.4297872340426
11676 13.0817021276596
11676 1.48936170212766
11545 9.09872340425532
11545 1.26553191489362
11545 25.7642553191489
11545 17.4297872340426
11545 13.0817021276596
11545 1.48936170212766
11611 9.09872340425532
11611 1.26553191489362
11611 25.7642553191489
11611 17.4297872340426
11611 13.0817021276596
11611 1.48936170212766
11677 9.09872340425532
11677 1.26553191489362
11677 25.7642553191489
11677 17.4297872340426
11677 13.0817021276596
11677 1.48936170212766
11546 9.09872340425532
11546 1.26553191489362
11546 25.7642553191489
11546 17.4297872340426
11546 13.0817021276596
11546 1.48936170212766
11612 9.09872340425532
11612 1.26553191489362
11612 25.7642553191489
11612 17.4297872340426
11612 13.0817021276596
11612 1.48936170212766
11678 9.09872340425532
11678 1.26553191489362
11678 25.7642553191489
11678 17.4297872340426
11678 13.0817021276596
11678 1.48936170212766
11613 9.09872340425532
11613 1.26553191489362
11613 25.7642553191489
11613 17.4297872340426
11613 13.0817021276596
11613 1.48936170212766
11679 9.09872340425532
11679 1.26553191489362
11679 25.7642553191489
11679 17.4297872340426
11679 13.0817021276596
11679 1.48936170212766
11614 9.09872340425532
11614 1.26553191489362
11614 25.7642553191489
11614 17.4297872340426
11614 13.0817021276596
11614 1.48936170212766
11680 9.09872340425532
11680 1.26553191489362
11680 25.7642553191489
11680 17.4297872340426
11680 13.0817021276596
11680 1.48936170212766
11747 9.09872340425532
11747 1.26553191489362
11747 25.7642553191489
11747 17.4297872340426
11747 13.0817021276596
11747 1.48936170212766
11615 9.09872340425532
11615 1.26553191489362
11615 25.7642553191489
11615 17.4297872340426
11615 13.0817021276596
11615 1.48936170212766
11681 9.09872340425532
11681 1.26553191489362
11681 25.7642553191489
11681 17.4297872340426
11681 13.0817021276596
11681 1.48936170212766
11748 9.09872340425532
11748 1.26553191489362
11748 25.7642553191489
11748 17.4297872340426
11748 13.0817021276596
11748 1.48936170212766
11616 9.09872340425532
11616 1.26553191489362
11616 25.7642553191489
11616 17.4297872340426
11616 13.0817021276596
11616 1.48936170212766
11682 9.09872340425532
11682 1.26553191489362
11682 25.7642553191489
11682 17.4297872340426
11682 13.0817021276596
11682 1.48936170212766
11749 9.09872340425532
11749 1.26553191489362
11749 25.7642553191489
11749 17.4297872340426
11749 13.0817021276596
11749 1.48936170212766
11476 9.09872340425532
11476 1.26553191489362
11476 25.7642553191489
11476 17.4297872340426
11476 13.0817021276596
11476 1.48936170212766
11617 9.09872340425532
11617 1.26553191489362
11617 25.7642553191489
11617 17.4297872340426
11617 13.0817021276596
11617 1.48936170212766
11683 9.09872340425532
11683 1.26553191489362
11683 25.7642553191489
11683 17.4297872340426
11683 13.0817021276596
11683 1.48936170212766
11750 9.09872340425532
11750 1.26553191489362
11750 25.7642553191489
11750 17.4297872340426
11750 13.0817021276596
11750 1.48936170212766
11618 9.09872340425532
11618 1.26553191489362
11618 25.7642553191489
11618 17.4297872340426
11618 13.0817021276596
11618 1.48936170212766
11684 9.09872340425532
11684 1.26553191489362
11684 25.7642553191489
11684 17.4297872340426
11684 13.0817021276596
11684 1.48936170212766
11751 9.09872340425532
11751 1.26553191489362
11751 25.7642553191489
11751 17.4297872340426
11751 13.0817021276596
11751 1.48936170212766
11619 9.09872340425532
11619 1.26553191489362
11619 25.7642553191489
11619 17.4297872340426
11619 13.0817021276596
11619 1.48936170212766
11685 9.09872340425532
11685 1.26553191489362
11685 25.7642553191489
11685 17.4297872340426
11685 13.0817021276596
11685 1.48936170212766
11752 9.09872340425532
11752 1.26553191489362
11752 25.7642553191489
11752 17.4297872340426
11752 13.0817021276596
11752 1.48936170212766
11686 9.09872340425532
11686 1.26553191489362
11686 25.7642553191489
11686 17.4297872340426
11686 13.0817021276596
11686 1.48936170212766
11753 9.09872340425532
11753 1.26553191489362
11753 25.7642553191489
11753 17.4297872340426
11753 13.0817021276596
11753 1.48936170212766
11687 9.09872340425532
11687 1.26553191489362
11687 25.7642553191489
11687 17.4297872340426
11687 13.0817021276596
11687 1.48936170212766
11754 9.09872340425532
11754 1.26553191489362
11754 25.7642553191489
11754 17.4297872340426
11754 13.0817021276596
11754 1.48936170212766
11688 9.09872340425532
11688 1.26553191489362
11688 25.7642553191489
11688 17.4297872340426
11688 13.0817021276596
11688 1.48936170212766
11826 9.09872340425532
11826 1.26553191489362
11826 25.7642553191489
11826 17.4297872340426
11826 13.0817021276596
11826 1.48936170212766
11755 9.09872340425532
11755 1.26553191489362
11755 25.7642553191489
11755 17.4297872340426
11755 13.0817021276596
11755 1.48936170212766
11689 9.09872340425532
11689 1.26553191489362
11689 25.7642553191489
11689 17.4297872340426
11689 13.0817021276596
11689 1.48936170212766
11827 9.09872340425532
11827 1.26553191489362
11827 25.7642553191489
11827 17.4297872340426
11827 13.0817021276596
11827 1.48936170212766
11756 9.09872340425532
11756 1.26553191489362
11756 25.7642553191489
11756 17.4297872340426
11756 13.0817021276596
11756 1.48936170212766
11690 9.09872340425532
11690 1.26553191489362
11690 25.7642553191489
11690 17.4297872340426
11690 13.0817021276596
11690 1.48936170212766
11828 9.09872340425532
11828 1.26553191489362
11828 25.7642553191489
11828 17.4297872340426
11828 13.0817021276596
11828 1.48936170212766
11757 9.09872340425532
11757 1.26553191489362
11757 25.7642553191489
11757 17.4297872340426
11757 13.0817021276596
11757 1.48936170212766
11691 9.09872340425532
11691 1.26553191489362
11691 25.7642553191489
11691 17.4297872340426
11691 13.0817021276596
11691 1.48936170212766
11550 9.09872340425532
11550 1.26553191489362
11550 25.7642553191489
11550 17.4297872340426
11550 13.0817021276596
11550 1.48936170212766
11829 9.09872340425532
11829 1.26553191489362
11829 25.7642553191489
11829 17.4297872340426
11829 13.0817021276596
11829 1.48936170212766
11758 9.09872340425532
11758 1.26553191489362
11758 25.7642553191489
11758 17.4297872340426
11758 13.0817021276596
11758 1.48936170212766
11692 9.09872340425532
11692 1.26553191489362
11692 25.7642553191489
11692 17.4297872340426
11692 13.0817021276596
11692 1.48936170212766
11759 9.09872340425532
11759 1.26553191489362
11759 25.7642553191489
11759 17.4297872340426
11759 13.0817021276596
11759 1.48936170212766
11830 9.09872340425532
11830 1.26553191489362
11830 25.7642553191489
11830 17.4297872340426
11830 13.0817021276596
11830 1.48936170212766
11760 9.09872340425532
11760 1.26553191489362
11760 25.7642553191489
11760 17.4297872340426
11760 13.0817021276596
11760 1.48936170212766
11831 9.09872340425532
11831 1.26553191489362
11831 25.7642553191489
11831 17.4297872340426
11831 13.0817021276596
11831 1.48936170212766
11761 9.09872340425532
11761 1.26553191489362
11761 25.7642553191489
11761 17.4297872340426
11761 13.0817021276596
11761 1.48936170212766
11832 9.09872340425532
11832 1.26553191489362
11832 25.7642553191489
11832 17.4297872340426
11832 13.0817021276596
11832 1.48936170212766
11762 9.09872340425532
11762 1.26553191489362
11762 25.7642553191489
11762 17.4297872340426
11762 13.0817021276596
11762 1.48936170212766
11833 9.09872340425532
11833 1.26553191489362
11833 25.7642553191489
11833 17.4297872340426
11833 13.0817021276596
11833 1.48936170212766
11763 9.09872340425532
11763 1.26553191489362
11763 25.7642553191489
11763 17.4297872340426
11763 13.0817021276596
11763 1.48936170212766
11903 9.09872340425532
11903 1.26553191489362
11903 25.7642553191489
11903 17.4297872340426
11903 13.0817021276596
11903 1.48936170212766
11834 9.09872340425532
11834 1.26553191489362
11834 25.7642553191489
11834 17.4297872340426
11834 13.0817021276596
11834 1.48936170212766
11764 9.09872340425532
11764 1.26553191489362
11764 25.7642553191489
11764 17.4297872340426
11764 13.0817021276596
11764 1.48936170212766
11835 9.09872340425532
11835 1.26553191489362
11835 25.7642553191489
11835 17.4297872340426
11835 13.0817021276596
11835 1.48936170212766
11904 9.09872340425532
11904 1.26553191489362
11904 25.7642553191489
11904 17.4297872340426
11904 13.0817021276596
11904 1.48936170212766
11765 9.09872340425532
11765 1.26553191489362
11765 25.7642553191489
11765 17.4297872340426
11765 13.0817021276596
11765 1.48936170212766
11836 9.09872340425532
11836 1.26553191489362
11836 25.7642553191489
11836 17.4297872340426
11836 13.0817021276596
11836 1.48936170212766
11905 9.09872340425532
11905 1.26553191489362
11905 25.7642553191489
11905 17.4297872340426
11905 13.0817021276596
11905 1.48936170212766
11624 9.09872340425532
11624 1.26553191489362
11624 25.7642553191489
11624 17.4297872340426
11624 13.0817021276596
11624 1.48936170212766
11766 9.09872340425532
11766 1.26553191489362
11766 25.7642553191489
11766 17.4297872340426
11766 13.0817021276596
11766 1.48936170212766
11837 9.09872340425532
11837 1.26553191489362
11837 25.7642553191489
11837 17.4297872340426
11837 13.0817021276596
11837 1.48936170212766
11906 9.09872340425532
11906 1.26553191489362
11906 25.7642553191489
11906 17.4297872340426
11906 13.0817021276596
11906 1.48936170212766
11767 9.09872340425532
11767 1.26553191489362
11767 25.7642553191489
11767 17.4297872340426
11767 13.0817021276596
11767 1.48936170212766
11838 9.09872340425532
11838 1.26553191489362
11838 25.7642553191489
11838 17.4297872340426
11838 13.0817021276596
11838 1.48936170212766
11907 9.09872340425532
11907 1.26553191489362
11907 25.7642553191489
11907 17.4297872340426
11907 13.0817021276596
11907 1.48936170212766
11839 9.09872340425532
11839 1.26553191489362
11839 25.7642553191489
11839 17.4297872340426
11839 13.0817021276596
11839 1.48936170212766
11908 9.09872340425532
11908 1.26553191489362
11908 25.7642553191489
11908 17.4297872340426
11908 13.0817021276596
11908 1.48936170212766
11840 9.09872340425532
11840 1.26553191489362
11840 25.7642553191489
11840 17.4297872340426
11840 13.0817021276596
11840 1.48936170212766
11909 9.09872340425532
11909 1.26553191489362
11909 25.7642553191489
11909 17.4297872340426
11909 13.0817021276596
11909 1.48936170212766
11841 9.09872340425532
11841 1.26553191489362
11841 25.7642553191489
11841 17.4297872340426
11841 13.0817021276596
11841 1.48936170212766
11910 9.09872340425532
11910 1.26553191489362
11910 25.7642553191489
11910 17.4297872340426
11910 13.0817021276596
11910 1.48936170212766
11842 9.09872340425532
11842 1.26553191489362
11842 25.7642553191489
11842 17.4297872340426
11842 13.0817021276596
11842 1.48936170212766
11981 9.09872340425532
11981 1.26553191489362
11981 25.7642553191489
11981 17.4297872340426
11981 13.0817021276596
11981 1.48936170212766
11911 9.09872340425532
11911 1.26553191489362
11911 25.7642553191489
11911 17.4297872340426
11911 13.0817021276596
11911 1.48936170212766
11843 9.09872340425532
11843 1.26553191489362
11843 25.7642553191489
11843 17.4297872340426
11843 13.0817021276596
11843 1.48936170212766
11912 9.09872340425532
11912 1.26553191489362
11912 25.7642553191489
11912 17.4297872340426
11912 13.0817021276596
11912 1.48936170212766
11982 9.09872340425532
11982 1.26553191489362
11982 25.7642553191489
11982 17.4297872340426
11982 13.0817021276596
11982 1.48936170212766
11844 9.09872340425532
11844 1.26553191489362
11844 25.7642553191489
11844 17.4297872340426
11844 13.0817021276596
11844 1.48936170212766
11699 9.09872340425532
11699 1.26553191489362
11699 25.7642553191489
11699 17.4297872340426
11699 13.0817021276596
11699 1.48936170212766
11913 9.09872340425532
11913 1.26553191489362
11913 25.7642553191489
11913 17.4297872340426
11913 13.0817021276596
11913 1.48936170212766
11983 9.09872340425532
11983 1.26553191489362
11983 25.7642553191489
11983 17.4297872340426
11983 13.0817021276596
11983 1.48936170212766
11914 9.09872340425532
11914 1.26553191489362
11914 25.7642553191489
11914 17.4297872340426
11914 13.0817021276596
11914 1.48936170212766
11984 9.09872340425532
11984 1.26553191489362
11984 25.7642553191489
11984 17.4297872340426
11984 13.0817021276596
11984 1.48936170212766
11915 9.09872340425532
11915 1.26553191489362
11915 25.7642553191489
11915 17.4297872340426
11915 13.0817021276596
11915 1.48936170212766
11985 9.09872340425532
11985 1.26553191489362
11985 25.7642553191489
11985 17.4297872340426
11985 13.0817021276596
11985 1.48936170212766
11916 9.09872340425532
11916 1.26553191489362
11916 25.7642553191489
11916 17.4297872340426
11916 13.0817021276596
11916 1.48936170212766
11986 9.09872340425532
11986 1.26553191489362
11986 25.7642553191489
11986 17.4297872340426
11986 13.0817021276596
11986 1.48936170212766
11917 9.09872340425532
11917 1.26553191489362
11917 25.7642553191489
11917 17.4297872340426
11917 13.0817021276596
11917 1.48936170212766
11987 9.09872340425532
11987 1.26553191489362
11987 25.7642553191489
11987 17.4297872340426
11987 13.0817021276596
11987 1.48936170212766
11918 9.09872340425532
11918 1.26553191489362
11918 25.7642553191489
11918 17.4297872340426
11918 13.0817021276596
11918 1.48936170212766
11988 9.09872340425532
11988 1.26553191489362
11988 25.7642553191489
11988 17.4297872340426
11988 13.0817021276596
11988 1.48936170212766
11847 9.09872340425532
11847 1.26553191489362
11847 25.7642553191489
11847 17.4297872340426
11847 13.0817021276596
11847 1.48936170212766
11919 9.09872340425532
11919 1.26553191489362
11919 25.7642553191489
11919 17.4297872340426
11919 13.0817021276596
11919 1.48936170212766
12058 9.09872340425532
12058 1.26553191489362
12058 25.7642553191489
12058 17.4297872340426
12058 13.0817021276596
12058 1.48936170212766
11989 9.09872340425532
11989 1.26553191489362
11989 25.7642553191489
11989 17.4297872340426
11989 13.0817021276596
11989 1.48936170212766
11920 9.09872340425532
11920 1.26553191489362
11920 25.7642553191489
11920 17.4297872340426
11920 13.0817021276596
11920 1.48936170212766
11990 9.09872340425532
11990 1.26553191489362
11990 25.7642553191489
11990 17.4297872340426
11990 13.0817021276596
11990 1.48936170212766
12059 9.09872340425532
12059 1.26553191489362
12059 25.7642553191489
12059 17.4297872340426
12059 13.0817021276596
12059 1.48936170212766
11991 9.09872340425532
11991 1.26553191489362
11991 25.7642553191489
11991 17.4297872340426
11991 13.0817021276596
11991 1.48936170212766
12060 9.09872340425532
12060 1.26553191489362
12060 25.7642553191489
12060 17.4297872340426
12060 13.0817021276596
12060 1.48936170212766
11992 9.09872340425532
11992 1.26553191489362
11992 25.7642553191489
11992 17.4297872340426
11992 13.0817021276596
11992 1.48936170212766
12061 9.09872340425532
12061 1.26553191489362
12061 25.7642553191489
12061 17.4297872340426
12061 13.0817021276596
12061 1.48936170212766
11993 9.09872340425532
11993 1.26553191489362
11993 25.7642553191489
11993 17.4297872340426
11993 13.0817021276596
11993 1.48936170212766
12062 9.09872340425532
12062 1.26553191489362
12062 25.7642553191489
12062 17.4297872340426
12062 13.0817021276596
12062 1.48936170212766
11994 9.09872340425532
11994 1.26553191489362
11994 25.7642553191489
11994 17.4297872340426
11994 13.0817021276596
11994 1.48936170212766
12063 9.09872340425532
12063 1.26553191489362
12063 25.7642553191489
12063 17.4297872340426
12063 13.0817021276596
12063 1.48936170212766
11995 9.09872340425532
11995 1.26553191489362
11995 25.7642553191489
11995 17.4297872340426
11995 13.0817021276596
11995 1.48936170212766
12064 9.09872340425532
12064 1.26553191489362
12064 25.7642553191489
12064 17.4297872340426
12064 13.0817021276596
12064 1.48936170212766
11924 9.09872340425532
11924 1.26553191489362
11924 25.7642553191489
11924 17.4297872340426
11924 13.0817021276596
11924 1.48936170212766
11996 9.09872340425532
11996 1.26553191489362
11996 25.7642553191489
11996 17.4297872340426
11996 13.0817021276596
11996 1.48936170212766
12065 9.09872340425532
12065 1.26553191489362
12065 25.7642553191489
12065 17.4297872340426
12065 13.0817021276596
12065 1.48936170212766
11925 9.09872340425532
11925 1.26553191489362
11925 25.7642553191489
11925 17.4297872340426
11925 13.0817021276596
11925 1.48936170212766
11997 9.09872340425532
11997 1.26553191489362
11997 25.7642553191489
11997 17.4297872340426
11997 13.0817021276596
11997 1.48936170212766
12066 9.09872340425532
12066 1.26553191489362
12066 25.7642553191489
12066 17.4297872340426
12066 13.0817021276596
12066 1.48936170212766
11926 9.09872340425532
11926 1.26553191489362
11926 25.7642553191489
11926 17.4297872340426
11926 13.0817021276596
11926 1.48936170212766
12132 9.09872340425532
12132 1.26553191489362
12132 25.7642553191489
12132 17.4297872340426
12132 13.0817021276596
12132 1.48936170212766
12067 9.09872340425532
12067 1.26553191489362
12067 25.7642553191489
12067 17.4297872340426
12067 13.0817021276596
12067 1.48936170212766
12133 9.09872340425532
12133 1.26553191489362
12133 25.7642553191489
12133 17.4297872340426
12133 13.0817021276596
12133 1.48936170212766
12068 9.09872340425532
12068 1.26553191489362
12068 25.7642553191489
12068 17.4297872340426
12068 13.0817021276596
12068 1.48936170212766
12134 9.09872340425532
12134 1.26553191489362
12134 25.7642553191489
12134 17.4297872340426
12134 13.0817021276596
12134 1.48936170212766
12069 9.09872340425532
12069 1.26553191489362
12069 25.7642553191489
12069 17.4297872340426
12069 13.0817021276596
12069 1.48936170212766
12135 9.09872340425532
12135 1.26553191489362
12135 25.7642553191489
12135 17.4297872340426
12135 13.0817021276596
12135 1.48936170212766
12070 9.09872340425532
12070 1.26553191489362
12070 25.7642553191489
12070 17.4297872340426
12070 13.0817021276596
12070 1.48936170212766
12071 9.09872340425532
12071 1.26553191489362
12071 25.7642553191489
12071 17.4297872340426
12071 13.0817021276596
12071 1.48936170212766
12136 9.09872340425532
12136 1.26553191489362
12136 25.7642553191489
12136 17.4297872340426
12136 13.0817021276596
12136 1.48936170212766
12003 9.09872340425532
12003 1.26553191489362
12003 25.7642553191489
12003 17.4297872340426
12003 13.0817021276596
12003 1.48936170212766
12072 9.09872340425532
12072 1.26553191489362
12072 25.7642553191489
12072 17.4297872340426
12072 13.0817021276596
12072 1.48936170212766
12137 9.09872340425532
12137 1.26553191489362
12137 25.7642553191489
12137 17.4297872340426
12137 13.0817021276596
12137 1.48936170212766
12004 9.09872340425532
12004 1.26553191489362
12004 25.7642553191489
12004 17.4297872340426
12004 13.0817021276596
12004 1.48936170212766
12073 9.09872340425532
12073 1.26553191489362
12073 25.7642553191489
12073 17.4297872340426
12073 13.0817021276596
12073 1.48936170212766
12138 9.09872340425532
12138 1.26553191489362
12138 25.7642553191489
12138 17.4297872340426
12138 13.0817021276596
12138 1.48936170212766
12005 9.09872340425532
12005 1.26553191489362
12005 25.7642553191489
12005 17.4297872340426
12005 13.0817021276596
12005 1.48936170212766
12074 9.09872340425532
12074 1.26553191489362
12074 25.7642553191489
12074 17.4297872340426
12074 13.0817021276596
12074 1.48936170212766
12139 9.09872340425532
12139 1.26553191489362
12139 25.7642553191489
12139 17.4297872340426
12139 13.0817021276596
12139 1.48936170212766
12006 9.09872340425532
12006 1.26553191489362
12006 25.7642553191489
12006 17.4297872340426
12006 13.0817021276596
12006 1.48936170212766
12207 9.09872340425532
12207 1.26553191489362
12207 25.7642553191489
12207 17.4297872340426
12207 13.0817021276596
12207 1.48936170212766
12140 9.09872340425532
12140 1.26553191489362
12140 25.7642553191489
12140 17.4297872340426
12140 13.0817021276596
12140 1.48936170212766
12007 9.09872340425532
12007 1.26553191489362
12007 25.7642553191489
12007 17.4297872340426
12007 13.0817021276596
12007 1.48936170212766
12141 9.09872340425532
12141 1.26553191489362
12141 25.7642553191489
12141 17.4297872340426
12141 13.0817021276596
12141 1.48936170212766
12208 9.09872340425532
12208 1.26553191489362
12208 25.7642553191489
12208 17.4297872340426
12208 13.0817021276596
12208 1.48936170212766
12142 9.09872340425532
12142 1.26553191489362
12142 25.7642553191489
12142 17.4297872340426
12142 13.0817021276596
12142 1.48936170212766
12209 9.09872340425532
12209 1.26553191489362
12209 25.7642553191489
12209 17.4297872340426
12209 13.0817021276596
12209 1.48936170212766
12143 9.09872340425532
12143 1.26553191489362
12143 25.7642553191489
12143 17.4297872340426
12143 13.0817021276596
12143 1.48936170212766
12210 9.09872340425532
12210 1.26553191489362
12210 25.7642553191489
12210 17.4297872340426
12210 13.0817021276596
12210 1.48936170212766
12076 9.09872340425532
12076 1.26553191489362
12076 25.7642553191489
12076 17.4297872340426
12076 13.0817021276596
12076 1.48936170212766
12144 9.09872340425532
12144 1.26553191489362
12144 25.7642553191489
12144 17.4297872340426
12144 13.0817021276596
12144 1.48936170212766
12211 9.09872340425532
12211 1.26553191489362
12211 25.7642553191489
12211 17.4297872340426
12211 13.0817021276596
12211 1.48936170212766
12077 9.09872340425532
12077 1.26553191489362
12077 25.7642553191489
12077 17.4297872340426
12077 13.0817021276596
12077 1.48936170212766
12145 9.09872340425532
12145 1.26553191489362
12145 25.7642553191489
12145 17.4297872340426
12145 13.0817021276596
12145 1.48936170212766
12212 9.09872340425532
12212 1.26553191489362
12212 25.7642553191489
12212 17.4297872340426
12212 13.0817021276596
12212 1.48936170212766
12078 9.09872340425532
12078 1.26553191489362
12078 25.7642553191489
12078 17.4297872340426
12078 13.0817021276596
12078 1.48936170212766
12146 9.09872340425532
12146 1.26553191489362
12146 25.7642553191489
12146 17.4297872340426
12146 13.0817021276596
12146 1.48936170212766
12213 9.09872340425532
12213 1.26553191489362
12213 25.7642553191489
12213 17.4297872340426
12213 13.0817021276596
12213 1.48936170212766
12079 9.09872340425532
12079 1.26553191489362
12079 25.7642553191489
12079 17.4297872340426
12079 13.0817021276596
12079 1.48936170212766
12214 9.09872340425532
12214 1.26553191489362
12214 25.7642553191489
12214 17.4297872340426
12214 13.0817021276596
12214 1.48936170212766
12080 9.09872340425532
12080 1.26553191489362
12080 25.7642553191489
12080 17.4297872340426
12080 13.0817021276596
12080 1.48936170212766
12273 9.09872340425532
12273 1.26553191489362
12273 25.7642553191489
12273 17.4297872340426
12273 13.0817021276596
12273 1.48936170212766
12215 9.09872340425532
12215 1.26553191489362
12215 25.7642553191489
12215 17.4297872340426
12215 13.0817021276596
12215 1.48936170212766
12081 9.09872340425532
12081 1.26553191489362
12081 25.7642553191489
12081 17.4297872340426
12081 13.0817021276596
12081 1.48936170212766
12274 9.09872340425532
12274 1.26553191489362
12274 25.7642553191489
12274 17.4297872340426
12274 13.0817021276596
12274 1.48936170212766
12216 9.09872340425532
12216 1.26553191489362
12216 25.7642553191489
12216 17.4297872340426
12216 13.0817021276596
12216 1.48936170212766
12275 9.09872340425532
12275 1.26553191489362
12275 25.7642553191489
12275 17.4297872340426
12275 13.0817021276596
12275 1.48936170212766
12217 9.09872340425532
12217 1.26553191489362
12217 25.7642553191489
12217 17.4297872340426
12217 13.0817021276596
12217 1.48936170212766
12218 9.09872340425532
12218 1.26553191489362
12218 25.7642553191489
12218 17.4297872340426
12218 13.0817021276596
12218 1.48936170212766
12276 9.09872340425532
12276 1.26553191489362
12276 25.7642553191489
12276 17.4297872340426
12276 13.0817021276596
12276 1.48936170212766
12219 9.09872340425532
12219 1.26553191489362
12219 25.7642553191489
12219 17.4297872340426
12219 13.0817021276596
12219 1.48936170212766
12277 9.09872340425532
12277 1.26553191489362
12277 25.7642553191489
12277 17.4297872340426
12277 13.0817021276596
12277 1.48936170212766
12220 9.09872340425532
12220 1.26553191489362
12220 25.7642553191489
12220 17.4297872340426
12220 13.0817021276596
12220 1.48936170212766
12278 9.09872340425532
12278 1.26553191489362
12278 25.7642553191489
12278 17.4297872340426
12278 13.0817021276596
12278 1.48936170212766
12279 9.09872340425532
12279 1.26553191489362
12279 25.7642553191489
12279 17.4297872340426
12279 13.0817021276596
12279 1.48936170212766
12280 9.09872340425532
12280 1.26553191489362
12280 25.7642553191489
12280 17.4297872340426
12280 13.0817021276596
12280 1.48936170212766
12281 9.09872340425532
12281 1.26553191489362
12281 25.7642553191489
12281 17.4297872340426
12281 13.0817021276596
12281 1.48936170212766
12340 9.09872340425532
12340 1.26553191489362
12340 25.7642553191489
12340 17.4297872340426
12340 13.0817021276596
12340 1.48936170212766
12282 9.09872340425532
12282 1.26553191489362
12282 25.7642553191489
12282 17.4297872340426
12282 13.0817021276596
12282 1.48936170212766
12341 9.09872340425532
12341 1.26553191489362
12341 25.7642553191489
12341 17.4297872340426
12341 13.0817021276596
12341 1.48936170212766
12283 9.09872340425532
12283 1.26553191489362
12283 25.7642553191489
12283 17.4297872340426
12283 13.0817021276596
12283 1.48936170212766
12342 9.09872340425532
12342 1.26553191489362
12342 25.7642553191489
12342 17.4297872340426
12342 13.0817021276596
12342 1.48936170212766
12284 9.09872340425532
12284 1.26553191489362
12284 25.7642553191489
12284 17.4297872340426
12284 13.0817021276596
12284 1.48936170212766
12343 9.09872340425532
12343 1.26553191489362
12343 25.7642553191489
12343 17.4297872340426
12343 13.0817021276596
12343 1.48936170212766
12285 9.09872340425532
12285 1.26553191489362
12285 25.7642553191489
12285 17.4297872340426
12285 13.0817021276596
12285 1.48936170212766
12344 9.09872340425532
12344 1.26553191489362
12344 25.7642553191489
12344 17.4297872340426
12344 13.0817021276596
12344 1.48936170212766
12345 9.09872340425532
12345 1.26553191489362
12345 25.7642553191489
12345 17.4297872340426
12345 13.0817021276596
12345 1.48936170212766
12346 9.09872340425532
12346 1.26553191489362
12346 25.7642553191489
12346 17.4297872340426
12346 13.0817021276596
12346 1.48936170212766
12347 9.09872340425532
12347 1.26553191489362
12347 25.7642553191489
12347 17.4297872340426
12347 13.0817021276596
12347 1.48936170212766
12401 9.09872340425532
12401 1.26553191489362
12401 25.7642553191489
12401 17.4297872340426
12401 13.0817021276596
12401 1.48936170212766
12348 9.09872340425532
12348 1.26553191489362
12348 25.7642553191489
12348 17.4297872340426
12348 13.0817021276596
12348 1.48936170212766
12402 9.09872340425532
12402 1.26553191489362
12402 25.7642553191489
12402 17.4297872340426
12402 13.0817021276596
12402 1.48936170212766
12349 9.09872340425532
12349 1.26553191489362
12349 25.7642553191489
12349 17.4297872340426
12349 13.0817021276596
12349 1.48936170212766
12350 9.09872340425532
12350 1.26553191489362
12350 25.7642553191489
12350 17.4297872340426
12350 13.0817021276596
12350 1.48936170212766
12403 9.09872340425532
12403 1.26553191489362
12403 25.7642553191489
12403 17.4297872340426
12403 13.0817021276596
12403 1.48936170212766
12351 9.09872340425532
12351 1.26553191489362
12351 25.7642553191489
12351 17.4297872340426
12351 13.0817021276596
12351 1.48936170212766
12404 9.09872340425532
12404 1.26553191489362
12404 25.7642553191489
12404 17.4297872340426
12404 13.0817021276596
12404 1.48936170212766
12405 9.09872340425532
12405 1.26553191489362
12405 25.7642553191489
12405 17.4297872340426
12405 13.0817021276596
12405 1.48936170212766
12406 9.09872340425532
12406 1.26553191489362
12406 25.7642553191489
12406 17.4297872340426
12406 13.0817021276596
12406 1.48936170212766
12407 9.09872340425532
12407 1.26553191489362
12407 25.7642553191489
12407 17.4297872340426
12407 13.0817021276596
12407 1.48936170212766
12408 9.09872340425532
12408 1.26553191489362
12408 25.7642553191489
12408 17.4297872340426
12408 13.0817021276596
12408 1.48936170212766
12409 9.09872340425532
12409 1.26553191489362
12409 25.7642553191489
12409 17.4297872340426
12409 13.0817021276596
12409 1.48936170212766
12463 9.09872340425532
12463 1.26553191489362
12463 25.7642553191489
12463 17.4297872340426
12463 13.0817021276596
12463 1.48936170212766
12410 9.09872340425532
12410 1.26553191489362
12410 25.7642553191489
12410 17.4297872340426
12410 13.0817021276596
12410 1.48936170212766
12411 9.09872340425532
12411 1.26553191489362
12411 25.7642553191489
12411 17.4297872340426
12411 13.0817021276596
12411 1.48936170212766
12464 9.09872340425532
12464 1.26553191489362
12464 25.7642553191489
12464 17.4297872340426
12464 13.0817021276596
12464 1.48936170212766
12412 9.09872340425532
12412 1.26553191489362
12412 25.7642553191489
12412 17.4297872340426
12412 13.0817021276596
12412 1.48936170212766
12465 9.09872340425532
12465 1.26553191489362
12465 25.7642553191489
12465 17.4297872340426
12465 13.0817021276596
12465 1.48936170212766
12466 9.09872340425532
12466 1.26553191489362
12466 25.7642553191489
12466 17.4297872340426
12466 13.0817021276596
12466 1.48936170212766
12467 9.09872340425532
12467 1.26553191489362
12467 25.7642553191489
12467 17.4297872340426
12467 13.0817021276596
12467 1.48936170212766
12468 9.09872340425532
12468 1.26553191489362
12468 25.7642553191489
12468 17.4297872340426
12468 13.0817021276596
12468 1.48936170212766
12469 9.09872340425532
12469 1.26553191489362
12469 25.7642553191489
12469 17.4297872340426
12469 13.0817021276596
12469 1.48936170212766
12470 9.09872340425532
12470 1.26553191489362
12470 25.7642553191489
12470 17.4297872340426
12470 13.0817021276596
12470 1.48936170212766
12524 9.09872340425532
12524 1.26553191489362
12524 25.7642553191489
12524 17.4297872340426
12524 13.0817021276596
12524 1.48936170212766
12471 9.09872340425532
12471 1.26553191489362
12471 25.7642553191489
12471 17.4297872340426
12471 13.0817021276596
12471 1.48936170212766
12525 9.09872340425532
12525 1.26553191489362
12525 25.7642553191489
12525 17.4297872340426
12525 13.0817021276596
12525 1.48936170212766
12472 9.09872340425532
12472 1.26553191489362
12472 25.7642553191489
12472 17.4297872340426
12472 13.0817021276596
12472 1.48936170212766
12526 9.09872340425532
12526 1.26553191489362
12526 25.7642553191489
12526 17.4297872340426
12526 13.0817021276596
12526 1.48936170212766
12473 9.09872340425532
12473 1.26553191489362
12473 25.7642553191489
12473 17.4297872340426
12473 13.0817021276596
12473 1.48936170212766
12527 9.09872340425532
12527 1.26553191489362
12527 25.7642553191489
12527 17.4297872340426
12527 13.0817021276596
12527 1.48936170212766
12528 9.09872340425532
12528 1.26553191489362
12528 25.7642553191489
12528 17.4297872340426
12528 13.0817021276596
12528 1.48936170212766
12529 9.09872340425532
12529 1.26553191489362
12529 25.7642553191489
12529 17.4297872340426
12529 13.0817021276596
12529 1.48936170212766
12530 9.09872340425532
12530 1.26553191489362
12530 25.7642553191489
12530 17.4297872340426
12530 13.0817021276596
12530 1.48936170212766
12531 9.09872340425532
12531 1.26553191489362
12531 25.7642553191489
12531 17.4297872340426
12531 13.0817021276596
12531 1.48936170212766
12532 9.09872340425532
12532 1.26553191489362
12532 25.7642553191489
12532 17.4297872340426
12532 13.0817021276596
12532 1.48936170212766
12586 9.09872340425532
12586 1.26553191489362
12586 25.7642553191489
12586 17.4297872340426
12586 13.0817021276596
12586 1.48936170212766
12533 9.09872340425532
12533 1.26553191489362
12533 25.7642553191489
12533 17.4297872340426
12533 13.0817021276596
12533 1.48936170212766
12534 9.09872340425532
12534 1.26553191489362
12534 25.7642553191489
12534 17.4297872340426
12534 13.0817021276596
12534 1.48936170212766
12587 9.09872340425532
12587 1.26553191489362
12587 25.7642553191489
12587 17.4297872340426
12587 13.0817021276596
12587 1.48936170212766
12588 9.09872340425532
12588 1.26553191489362
12588 25.7642553191489
12588 17.4297872340426
12588 13.0817021276596
12588 1.48936170212766
12589 9.09872340425532
12589 1.26553191489362
12589 25.7642553191489
12589 17.4297872340426
12589 13.0817021276596
12589 1.48936170212766
12590 9.09872340425532
12590 1.26553191489362
12590 25.7642553191489
12590 17.4297872340426
12590 13.0817021276596
12590 1.48936170212766
12591 9.09872340425532
12591 1.26553191489362
12591 25.7642553191489
12591 17.4297872340426
12591 13.0817021276596
12591 1.48936170212766
12592 9.09872340425532
12592 1.26553191489362
12592 25.7642553191489
12592 17.4297872340426
12592 13.0817021276596
12592 1.48936170212766
12593 9.09872340425532
12593 1.26553191489362
12593 25.7642553191489
12593 17.4297872340426
12593 13.0817021276596
12593 1.48936170212766
12647 9.09872340425532
12647 1.26553191489362
12647 25.7642553191489
12647 17.4297872340426
12647 13.0817021276596
12647 1.48936170212766
12594 9.09872340425532
12594 1.26553191489362
12594 25.7642553191489
12594 17.4297872340426
12594 13.0817021276596
12594 1.48936170212766
12648 9.09872340425532
12648 1.26553191489362
12648 25.7642553191489
12648 17.4297872340426
12648 13.0817021276596
12648 1.48936170212766
12649 9.09872340425532
12649 1.26553191489362
12649 25.7642553191489
12649 17.4297872340426
12649 13.0817021276596
12649 1.48936170212766
12650 9.09872340425532
12650 1.26553191489362
12650 25.7642553191489
12650 17.4297872340426
12650 13.0817021276596
12650 1.48936170212766
12709 9.09872340425532
12709 1.26553191489362
12709 25.7642553191489
12709 17.4297872340426
12709 13.0817021276596
12709 1.48936170212766
12710 9.09872340425532
12710 1.26553191489362
12710 25.7642553191489
12710 17.4297872340426
12710 13.0817021276596
12710 1.48936170212766
12770 9.09872340425532
12770 1.26553191489362
12770 25.7642553191489
12770 17.4297872340426
12770 13.0817021276596
12770 1.48936170212766
12771 9.09872340425532
12771 1.26553191489362
12771 25.7642553191489
12771 17.4297872340426
12771 13.0817021276596
12771 1.48936170212766
