pt_graph met
9736 0
9737 0
9738 0
9739 0
9740 0
9741 0
9742 0
9743 0
9745 0
9748 0
9827 0
9828 0
9829 0
9830 0
9831 0
9832 0
9833 0
9834 0
9835 0
9836 0
9837 0
9838 0
9839 0
9840 0
9841 0
9842 0
9843 0
9844 0
9845 0
9921 0
9922 0
9923 0
9924 0
9925 0
9926 0
9927 0
9928 0
9929 0
9930 0
9931 0
9932 0
9933 0
9934 0
9935 0
9936 0
9937 0
9938 0
9940 0
9941 0
9942 0
9943 0
10012 0
10013 0
10014 0
10015 0
10019 0
10020 0
10021 0
10022 0
10023 0
10024 0
10025 0
10026 0
10027 0
10028 0
10029 0
10030 0
10032 0
10033 0
10034 0
10035 0
10036 0
10098 0
10099 0
10100 0
10101 0
10102 0
10103 0
10104 0
10105 0
10106 0
10107 0
10108 0
10109 0
10110 0
10111 0
10112 0
10113 0
10115 0
10116 0
10117 0
10118 0
10119 0
10120 0
10121 0
10122 0
10123 0
10176 0
10177 0
10178 0
10179 0
10180 0
10181 0
10182 0
10183 0
10184 0
10185 0
10186 0
10187 0
10188 0
10189 0
10190 0
10191 0
10192 0
10193 0
10194 0
10195 0
10196 0
10197 0
10198 0
10199 0
10200 0
10201 0
10202 0
10204 0
10256 0
10257 0
10258 0
10259 0
10260 0
10261 0
10262 0
10263 0
10264 0
10265 0
10266 0
10267 0
10268 0
10269 0
10270 0
10271 0
10272 0
10273 0
10274 0
10275 0
10276 0
10277 0
10278 0
10279 0
10280 0
10281 0
10282 0
10340 0
10341 0
10342 0
10343 0
10344 0
10345 0
10346 0
10347 0
10348 0
10349 0
10350 0
10351 0
10354 0
10355 0
10356 0
10357 0
10358 0
10359 0
10360 0
10361 0
10362 0
10363 0
10364 0
10365 0
10366 0
10425 0
10426 0
10427 0
10428 0
10429 0
10430 0
10431 0
10432 0
10433 0
10434 0
10435 0
10436 0
10437 0
10439 0
10440 0
10441 0
10442 0
10443 0
10444 0
10445 0
10446 0
10447 0
10448 0
10449 0
10450 0
10452 0
10517 0
10518 0
10519 0
10520 0
10521 0
10522 0
10523 0
10524 0
10525 0
10527 0
10528 0
10529 0
10538 0
10539 0
10609 0
10610 0
10611 0
10612 0
10613 0
10614 0
10615 0
10616 0
10621 0
10622 0
10623 0
10629 0
10699 0
10700 0
10701 0
10702 0
10703 0
10704 0
10705 0
10711 0
10712 0
10713 0
10714 0
10715 0
10719 0
10720 0
10786 0
10787 0
10788 0
10789 0
10790 0
10791 0
10792 0
10793 0
10796 0
10797 0
10798 0
10799 0
10800 0
10801 0
10802 0
10807 0
10864 0
10865 0
10866 0
10867 0
10868 0
10869 0
10870 0
10871 0
10872 0
10873 0
10874 0
10875 0
10876 0
10877 0
10878 0
10879 0
10880 0
10881 0
10882 0
10883 0
10884 0
10890 0
10945 0
10946 0
10947 0
10951 0
10952 0
10953 0
10954 0
10955 0
10956 0
10957 0
10958 0
10959 0
10960 0
10961 0
10962 0
10963 0
10964 0
10965 0
10966 0
10967 0
10968 0
10969 0
11027 0
11028 0
11029 0
11033 0
11034 0
11035 0
11036 0
11037 0
11038 0
11039 0
11040 0
11041 0
11042 0
11043 0
11044 0
11045 0
11046 0
11047 0
11048 0
11050 0
11062 0
11063 0
11108 0
11109 0
11110 0
11114 0
11115 0
11116 0
11117 0
11118 0
11119 0
11120 0
11121 0
11122 0
11123 0
11124 0
11125 0
11126 0
11127 0
11128 0
11129 0
11130 0
11131 0
11132 0
11141 0
11142 0
11143 0
11144 0
11145 0
11146 0
11189 0
11190 0
11191 0
11192 0
11194 0
11195 0
11196 0
11197 0
11198 0
11199 0
11200 0
11201 0
11202 0
11203 0
11204 0
11206 0
11207 0
11208 0
11209 0
11210 0
11211 0
11212 0
11227 0
11228 0
11229 0
11230 0
11231 0
11232 0
11233 0
11234 0
11235 0
11275 0
11276 0
11277 0
11278 0
11279 0
11280 0
11281 0
11282 0
11283 0
11284 0
11285 0
11286 0
11287 0
11288 0
11289 0
11290 0
11291 0
11292 0
11293 0
11294 0
11295 0
11296 0
11297 0
11298 0
11299 0
11319 0
11320 0
11321 0
11322 0
11362 0
11363 0
11364 0
11365 0
11366 0
11367 0
11368 0
11369 0
11370 0
11371 0
11372 0
11373 0
11374 0
11375 0
11376 0
11377 0
11378 0
11379 0
11380 0
11381 0
11382 0
11383 0
11384 0
11385 0
11386 0
11387 0
11388 0
11394 0
11395 0
11440 0
11441 0
11442 0
11443 0
11444 0
11445 0
11446 0
11447 0
11448 0
11449 0
11450 0
11451 0
11452 0
11453 0
11454 0
11455 0
11456 0
11457 0
11458 0
11459 0
11460 0
11461 0
11462 0
11463 0
11464 0
11466 0
11468 0
11469 0
11470 0
11471 0
11472 0
11476 0
11515 0
11516 0
11517 0
11518 0
11519 0
11520 0
11521 0
11522 0
11523 0
11524 0
11525 0
11526 0
11527 0
11528 0
11529 0
11530 0
11531 0
11532 0
11533 0
11534 0
11535 0
11536 0
11537 0
11538 0
11539 0
11540 0
11541 0
11543 0
11544 0
11545 0
11546 0
11550 0
11589 0
11590 0
11591 0
11592 0
11593 0
11594 0
11595 0
11596 0
11597 0
11598 0
11599 0
11600 0
11601 0
11602 0
11603 0
11604 0
11605 0
11606 0
11607 0
11608 0
11609 0
11610 0
11611 0
11612 0
11613 0
11614 0
11615 0
11616 0
11617 0
11618 0
11619 0
11624 0
11663 0
11664 0
11665 0
11666 0
11667 0
11668 0
11669 0
11670 0
11671 0
11672 0
11673 0
11674 0
11675 0
11676 0
11677 0
11678 0
11679 0
11680 0
11681 0
11682 0
11683 0
11684 0
11685 0
11686 0
11687 0
11688 0
11689 0
11690 0
11691 0
11692 0
11699 0
11738 0
11739 0
11740 0
11741 0
11742 0
11743 0
11744 0
11745 0
11746 0
11747 0
11748 0
11749 0
11750 0
11751 0
11752 0
11753 0
11754 0
11755 0
11756 0
11757 0
11758 0
11759 0
11760 0
11761 0
11762 0
11763 0
11764 0
11765 0
11766 0
11767 0
11818 0
11819 0
11820 0
11821 0
11822 0
11823 0
11824 0
11825 0
11826 0
11827 0
11828 0
11829 0
11830 0
11831 0
11832 0
11833 0
11834 0
11835 0
11836 0
11837 0
11838 0
11839 0
11840 0
11841 0
11842 0
11843 0
11844 0
11847 0
11895 0
11896 0
11897 0
11898 0
11899 0
11900 0
11901 0
11902 0
11903 0
11904 0
11905 0
11906 0
11907 0
11908 0
11909 0
11910 0
11911 0
11912 0
11913 0
11914 0
11915 0
11916 0
11917 0
11918 0
11919 0
11920 0
11924 0
11925 0
11926 0
11974 0
11975 0
11976 0
11977 0
11978 0
11979 0
11980 0
11981 0
11982 0
11983 0
11984 0
11985 0
11986 0
11987 0
11988 0
11989 0
11990 0
11991 0
11992 0
11993 0
11994 0
11995 0
11996 0
11997 0
12003 0
12004 0
12005 0
12006 0
12007 0
12051 0
12052 0
12053 0
12054 0
12055 0
12056 0
12057 0
12058 0
12059 0
12060 0
12061 0
12062 0
12063 0
12064 0
12065 0
12066 0
12067 0
12068 0
12069 0
12070 0
12071 0
12072 0
12073 0
12074 0
12076 0
12077 0
12078 0
12079 0
12080 0
12081 0
12126 0
12127 0
12128 0
12129 0
12130 0
12131 0
12132 0
12133 0
12134 0
12135 0
12136 0
12137 0
12138 0
12139 0
12140 0
12141 0
12142 0
12143 0
12144 0
12145 0
12146 0
12202 0
12203 0
12204 0
12205 0
12206 0
12207 0
12208 0
12209 0
12210 0
12211 0
12212 0
12213 0
12214 0
12215 0
12216 0
12217 0
12218 0
12219 0
12220 0
12267 0
12270 0
12271 0
12272 0
12273 0
12274 0
12275 0
12276 0
12277 0
12278 0
12279 0
12280 0
12281 0
12282 0
12283 0
12284 0
12285 0
12332 0
12333 0
12334 0
12335 0
12336 0
12337 0
12338 0
12339 0
12340 0
12341 0
12342 0
12343 0
12344 0
12345 0
12346 0
12347 0
12348 0
12349 0
12350 0
12351 0
12393 0
12394 0
12395 0
12396 0
12397 0
12398 0
12399 0
12400 0
12401 0
12402 0
12403 0
12404 0
12405 0
12406 0
12407 0
12408 0
12409 0
12410 0
12411 0
12412 0
12454 0
12455 0
12456 0
12457 0
12458 0
12459 0
12460 0
12461 0
12462 0
12463 0
12464 0
12465 0
12466 0
12467 0
12468 0
12469 0
12470 0
12471 0
12472 0
12473 0
12516 0
12517 0
12518 0
12519 0
12520 0
12521 0
12522 0
12523 0
12524 0
12525 0
12526 0
12527 0
12528 0
12529 0
12530 0
12531 0
12532 0
12533 0
12534 0
12577 0
12578 0
12579 0
12580 0
12581 0
12582 0
12583 0
12584 0
12585 0
12586 0
12587 0
12588 0
12589 0
12590 0
12591 0
12592 0
12593 0
12594 0
12639 0
12640 0
12641 0
12642 0
12643 0
12644 0
12645 0
12646 0
12647 0
12648 0
12649 0
12650 0
12700 0
12701 0
12702 0
12703 0
12704 0
12705 0
12706 0
12707 0
12708 0
12709 0
12710 0
12762 0
12763 0
12764 0
12765 0
12766 0
12767 0
12768 0
12769 0
12770 0
12771 0
12823 0
12824 0
12825 0
12826 0
12827 0
12828 0
12829 0
12830 0
12831 0
12883 0
12884 0
12885 0
12886 0
12887 0
12888 0
12889 0
12944 0
12945 0
12946 0
12947 0
12948 0
13004 0
13005 0
13006 0
13007 0
13008 0
13011 0
13062 0
13063 0
13064 0
13068 0
13069 0
13123 0
13124 0
13245 0
