pt_graph shape
13826 1
13826 1
13826 1
13826 1
13826 1
13826 1
13886 1
13886 1
13886 1
13886 1
13886 1
13886 1
13887 1
13887 1
13887 1
13887 1
13887 1
13887 1
13943 1
13943 1
13943 1
13943 1
13943 1
13943 1
13944 1
13944 1
13944 1
13944 1
13944 1
13944 1
13946 1
13946 1
13946 1
13946 1
13946 1
13946 1
13947 1
13947 1
13947 1
13947 1
13947 1
13947 1
13948 1
13948 1
13948 1
13948 1
13948 1
13948 1
14003 1
14003 1
14003 1
14003 1
14003 1
14003 1
14004 1
14004 1
14004 1
14004 1
14004 1
14004 1
14005 1
14005 1
14005 1
14005 1
14005 1
14005 1
13950 1
13950 1
13950 1
13950 1
13950 1
13950 1
14006 1
14006 1
14006 1
14006 1
14006 1
14006 1
14007 1
14007 1
14007 1
14007 1
14007 1
14007 1
14008 1
14008 1
14008 1
14008 1
14008 1
14008 1
14009 1
14009 1
14009 1
14009 1
14009 1
14009 1
14010 1
14010 1
14010 1
14010 1
14010 1
14010 1
14065 1
14065 1
14065 1
14065 1
14065 1
14065 1
14066 1
14066 1
14066 1
14066 1
14066 1
14066 1
14011 1
14011 1
14011 1
14011 1
14011 1
14011 1
14067 1
14067 1
14067 1
14067 1
14067 1
14067 1
14012 1
14012 1
14012 1
14012 1
14012 1
14012 1
14068 1
14068 1
14068 1
14068 1
14068 1
14068 1
14069 1
14069 1
14069 1
14069 1
14069 1
14069 1
14071 1
14071 1
14071 1
14071 1
14071 1
14071 1
14127 1
14127 1
14127 1
14127 1
14127 1
14127 1
14128 1
14128 1
14128 1
14128 1
14128 1
14128 1
14072 1
14072 1
14072 1
14072 1
14072 1
14072 1
14073 1
14073 1
14073 1
14073 1
14073 1
14073 1
14130 1
14130 1
14130 1
14130 1
14130 1
14130 1
14190 1
14190 1
14190 1
14190 1
14190 1
14190 1
14131 1
14131 1
14131 1
14131 1
14131 1
14131 1
14191 1
14191 1
14191 1
14191 1
14191 1
14191 1
14132 1
14132 1
14132 1
14132 1
14132 1
14132 1
14192 1
14192 1
14192 1
14192 1
14192 1
14192 1
14133 1
14133 1
14133 1
14133 1
14133 1
14133 1
14193 1
14193 1
14193 1
14193 1
14193 1
14193 1
14195 1
14195 1
14195 1
14195 1
14195 1
14195 1
14196 1
14196 1
14196 1
14196 1
14196 1
14196 1
14255 1
14255 1
14255 1
14255 1
14255 1
14255 1
14197 1
14197 1
14197 1
14197 1
14197 1
14197 1
14256 1
14256 1
14256 1
14256 1
14256 1
14256 1
14198 1
14198 1
14198 1
14198 1
14198 1
14198 1
14257 1
14257 1
14257 1
14257 1
14257 1
14257 1
14199 1
14199 1
14199 1
14199 1
14199 1
14199 1
14258 1
14258 1
14258 1
14258 1
14258 1
14258 1
14260 1
14260 1
14260 1
14260 1
14260 1
14260 1
14261 1
14261 1
14261 1
14261 1
14261 1
14261 1
14262 1
14262 1
14262 1
14262 1
14262 1
14262 1
14322 1
14322 1
14322 1
14322 1
14322 1
14322 1
14263 1
14263 1
14263 1
14263 1
14263 1
14263 1
14323 1
14323 1
14323 1
14323 1
14323 1
14323 1
14264 1
14264 1
14264 1
14264 1
14264 1
14264 1
14324 1
14324 1
14324 1
14324 1
14324 1
14324 1
14265 1
14265 1
14265 1
14265 1
14265 1
14265 1
14325 1
14325 1
14325 1
14325 1
14325 1
14325 1
14266 1
14266 1
14266 1
14266 1
14266 1
14266 1
14326 1
14326 1
14326 1
14326 1
14326 1
14326 1
14327 1
14327 1
14327 1
14327 1
14327 1
14327 1
14328 1
14328 1
14328 1
14328 1
14328 1
14328 1
14392 1
14392 1
14392 1
14392 1
14392 1
14392 1
14329 1
14329 1
14329 1
14329 1
14329 1
14329 1
14393 1
14393 1
14393 1
14393 1
14393 1
14393 1
14330 1
14330 1
14330 1
14330 1
14330 1
14330 1
14394 1
14394 1
14394 1
14394 1
14394 1
14394 1
14331 1
14331 1
14331 1
14331 1
14331 1
14331 1
14332 1
14332 1
14332 1
14332 1
14332 1
14332 1
14395 1
14395 1
14395 1
14395 1
14395 1
14395 1
14396 1
14396 1
14396 1
14396 1
14396 1
14396 1
14397 1
14397 1
14397 1
14397 1
14397 1
14397 1
14461 1
14461 1
14461 1
14461 1
14461 1
14461 1
14398 1
14398 1
14398 1
14398 1
14398 1
14398 1
14462 1
14462 1
14462 1
14462 1
14462 1
14462 1
14399 1
14399 1
14399 1
14399 1
14399 1
14399 1
14463 1
14463 1
14463 1
14463 1
14463 1
14463 1
14400 1
14400 1
14400 1
14400 1
14400 1
14400 1
14464 1
14464 1
14464 1
14464 1
14464 1
14464 1
14401 1
14401 1
14401 1
14401 1
14401 1
14401 1
14465 1
14465 1
14465 1
14465 1
14465 1
14465 1
14535 1
14535 1
14535 1
14535 1
14535 1
14535 1
14466 1
14466 1
14466 1
14466 1
14466 1
14466 1
14334 1
14334 1
14334 1
14334 1
14334 1
14334 1
14402 1
14402 1
14402 1
14402 1
14402 1
14402 1
14536 1
14536 1
14536 1
14536 1
14536 1
14536 1
14467 1
14467 1
14467 1
14467 1
14467 1
14467 1
14468 1
14468 1
14468 1
14468 1
14468 1
14468 1
14537 1
14537 1
14537 1
14537 1
14537 1
14537 1
14403 1
14403 1
14403 1
14403 1
14403 1
14403 1
14469 1
14469 1
14469 1
14469 1
14469 1
14469 1
14538 1
14538 1
14538 1
14538 1
14538 1
14538 1
14470 1
14470 1
14470 1
14470 1
14470 1
14470 1
14471 1
14471 1
14471 1
14471 1
14471 1
14471 1
14539 1
14539 1
14539 1
14539 1
14539 1
14539 1
14404 1
14404 1
14404 1
14404 1
14404 1
14404 1
14472 1
14472 1
14472 1
14472 1
14472 1
14472 1
14540 1
14540 1
14540 1
14540 1
14540 1
14540 1
14405 1
14405 1
14405 1
14405 1
14405 1
14405 1
14473 1
14473 1
14473 1
14473 1
14473 1
14473 1
14541 1
14541 1
14541 1
14541 1
14541 1
14541 1
14607 1
14607 1
14607 1
14607 1
14607 1
14607 1
14542 1
14542 1
14542 1
14542 1
14542 1
14542 1
14608 1
14608 1
14608 1
14608 1
14608 1
14608 1
14475 1
14475 1
14475 1
14475 1
14475 1
14475 1
14543 1
14543 1
14543 1
14543 1
14543 1
14543 1
14609 1
14609 1
14609 1
14609 1
14609 1
14609 1
14476 1
14476 1
14476 1
14476 1
14476 1
14476 1
14544 1
14544 1
14544 1
14544 1
14544 1
14544 1
14610 1
14610 1
14610 1
14610 1
14610 1
14610 1
14545 1
14545 1
14545 1
14545 1
14545 1
14545 1
14611 1
14611 1
14611 1
14611 1
14611 1
14611 1
14478 1
14478 1
14478 1
14478 1
14478 1
14478 1
14612 1
14612 1
14612 1
14612 1
14612 1
14612 1
14479 1
14479 1
14479 1
14479 1
14479 1
14479 1
14677 1
14677 1
14677 1
14677 1
14677 1
14677 1
14613 1
14613 1
14613 1
14613 1
14613 1
14613 1
14480 1
14480 1
14480 1
14480 1
14480 1
14480 1
14614 1
14614 1
14614 1
14614 1
14614 1
14614 1
14678 1
14678 1
14678 1
14678 1
14678 1
14678 1
14547 1
14547 1
14547 1
14547 1
14547 1
14547 1
14615 1
14615 1
14615 1
14615 1
14615 1
14615 1
14679 1
14679 1
14679 1
14679 1
14679 1
14679 1
14548 1
14548 1
14548 1
14548 1
14548 1
14548 1
14616 1
14616 1
14616 1
14616 1
14616 1
14616 1
14549 1
14549 1
14549 1
14549 1
14549 1
14549 1
14617 1
14617 1
14617 1
14617 1
14617 1
14617 1
14680 1
14680 1
14680 1
14680 1
14680 1
14680 1
14618 1
14618 1
14618 1
14618 1
14618 1
14618 1
14681 1
14681 1
14681 1
14681 1
14681 1
14681 1
14550 1
14550 1
14550 1
14550 1
14550 1
14550 1
14682 1
14682 1
14682 1
14682 1
14682 1
14682 1
14619 1
14619 1
14619 1
14619 1
14619 1
14619 1
14746 1
14746 1
14746 1
14746 1
14746 1
14746 1
14683 1
14683 1
14683 1
14683 1
14683 1
14683 1
14747 1
14747 1
14747 1
14747 1
14747 1
14747 1
14684 1
14684 1
14684 1
14684 1
14684 1
14684 1
14685 1
14685 1
14685 1
14685 1
14685 1
14685 1
14749 1
14749 1
14749 1
14749 1
14749 1
14749 1
14686 1
14686 1
14686 1
14686 1
14686 1
14686 1
14687 1
14687 1
14687 1
14687 1
14687 1
14687 1
14750 1
14750 1
14750 1
14750 1
14750 1
14750 1
14621 1
14621 1
14621 1
14621 1
14621 1
14621 1
14688 1
14688 1
14688 1
14688 1
14688 1
14688 1
14751 1
14751 1
14751 1
14751 1
14751 1
14751 1
14622 1
14622 1
14622 1
14622 1
14622 1
14622 1
14689 1
14689 1
14689 1
14689 1
14689 1
14689 1
14752 1
14752 1
14752 1
14752 1
14752 1
14752 1
14690 1
14690 1
14690 1
14690 1
14690 1
14690 1
14753 1
14753 1
14753 1
14753 1
14753 1
14753 1
14818 1
14818 1
14818 1
14818 1
14818 1
14818 1
14754 1
14754 1
14754 1
14754 1
14754 1
14754 1
14755 1
14755 1
14755 1
14755 1
14755 1
14755 1
14820 1
14820 1
14820 1
14820 1
14820 1
14820 1
14756 1
14756 1
14756 1
14756 1
14756 1
14756 1
14821 1
14821 1
14821 1
14821 1
14821 1
14821 1
14691 1
14691 1
14691 1
14691 1
14691 1
14691 1
14757 1
14757 1
14757 1
14757 1
14757 1
14757 1
14758 1
14758 1
14758 1
14758 1
14758 1
14758 1
14759 1
14759 1
14759 1
14759 1
14759 1
14759 1
14889 1
14889 1
14889 1
14889 1
14889 1
14889 1
14825 1
14825 1
14825 1
14825 1
14825 1
14825 1
14890 1
14890 1
14890 1
14890 1
14890 1
14890 1
14826 1
14826 1
14826 1
14826 1
14826 1
14826 1
14891 1
14891 1
14891 1
14891 1
14891 1
14891 1
14827 1
14827 1
14827 1
14827 1
14827 1
14827 1
14892 1
14892 1
14892 1
14892 1
14892 1
14892 1
14762 1
14762 1
14762 1
14762 1
14762 1
14762 1
14828 1
14828 1
14828 1
14828 1
14828 1
14828 1
14829 1
14829 1
14829 1
14829 1
14829 1
14829 1
14894 1
14894 1
14894 1
14894 1
14894 1
14894 1
14895 1
14895 1
14895 1
14895 1
14895 1
14895 1
14960 1
14960 1
14960 1
14960 1
14960 1
14960 1
14961 1
14961 1
14961 1
14961 1
14961 1
14961 1
14896 1
14896 1
14896 1
14896 1
14896 1
14896 1
14897 1
14897 1
14897 1
14897 1
14897 1
14897 1
14962 1
14962 1
14962 1
14962 1
14962 1
14962 1
14831 1
14831 1
14831 1
14831 1
14831 1
14831 1
14898 1
14898 1
14898 1
14898 1
14898 1
14898 1
14963 1
14963 1
14963 1
14963 1
14963 1
14963 1
14899 1
14899 1
14899 1
14899 1
14899 1
14899 1
14900 1
14900 1
14900 1
14900 1
14900 1
14900 1
14965 1
14965 1
14965 1
14965 1
14965 1
14965 1
15030 1
15030 1
15030 1
15030 1
15030 1
15030 1
14901 1
14901 1
14901 1
14901 1
14901 1
14901 1
14966 1
14966 1
14966 1
14966 1
14966 1
14966 1
15031 1
15031 1
15031 1
15031 1
15031 1
15031 1
15032 1
15032 1
15032 1
15032 1
15032 1
15032 1
14968 1
14968 1
14968 1
14968 1
14968 1
14968 1
15033 1
15033 1
15033 1
15033 1
15033 1
15033 1
14969 1
14969 1
14969 1
14969 1
14969 1
14969 1
14902 1
14902 1
14902 1
14902 1
14902 1
14902 1
15034 1
15034 1
15034 1
15034 1
15034 1
15034 1
14970 1
14970 1
14970 1
14970 1
14970 1
14970 1
15035 1
15035 1
15035 1
15035 1
15035 1
15035 1
14971 1
14971 1
14971 1
14971 1
14971 1
14971 1
15036 1
15036 1
15036 1
15036 1
15036 1
15036 1
15101 1
15101 1
15101 1
15101 1
15101 1
15101 1
15037 1
15037 1
15037 1
15037 1
15037 1
15037 1
15102 1
15102 1
15102 1
15102 1
15102 1
15102 1
15038 1
15038 1
15038 1
15038 1
15038 1
15038 1
15103 1
15103 1
15103 1
15103 1
15103 1
15103 1
15039 1
15039 1
15039 1
15039 1
15039 1
15039 1
14973 1
14973 1
14973 1
14973 1
14973 1
14973 1
15040 1
15040 1
15040 1
15040 1
15040 1
15040 1
14974 1
14974 1
14974 1
14974 1
14974 1
14974 1
15041 1
15041 1
15041 1
15041 1
15041 1
15041 1
15104 1
15104 1
15104 1
15104 1
15104 1
15104 1
15105 1
15105 1
15105 1
15105 1
15105 1
15105 1
15171 1
15171 1
15171 1
15171 1
15171 1
15171 1
15042 1
15042 1
15042 1
15042 1
15042 1
15042 1
15106 1
15106 1
15106 1
15106 1
15106 1
15106 1
15172 1
15172 1
15172 1
15172 1
15172 1
15172 1
15107 1
15107 1
15107 1
15107 1
15107 1
15107 1
15173 1
15173 1
15173 1
15173 1
15173 1
15173 1
15108 1
15108 1
15108 1
15108 1
15108 1
15108 1
15174 1
15174 1
15174 1
15174 1
15174 1
15174 1
15109 1
15109 1
15109 1
15109 1
15109 1
15109 1
15044 1
15044 1
15044 1
15044 1
15044 1
15044 1
15110 1
15110 1
15110 1
15110 1
15110 1
15110 1
15176 1
15176 1
15176 1
15176 1
15176 1
15176 1
15112 1
15112 1
15112 1
15112 1
15112 1
15112 1
15177 1
15177 1
15177 1
15177 1
15177 1
15177 1
15178 1
15178 1
15178 1
15178 1
15178 1
15178 1
15242 1
15242 1
15242 1
15242 1
15242 1
15242 1
15179 1
15179 1
15179 1
15179 1
15179 1
15179 1
15243 1
15243 1
15243 1
15243 1
15243 1
15243 1
15113 1
15113 1
15113 1
15113 1
15113 1
15113 1
15180 1
15180 1
15180 1
15180 1
15180 1
15180 1
15244 1
15244 1
15244 1
15244 1
15244 1
15244 1
15181 1
15181 1
15181 1
15181 1
15181 1
15181 1
15115 1
15115 1
15115 1
15115 1
15115 1
15115 1
15182 1
15182 1
15182 1
15182 1
15182 1
15182 1
15183 1
15183 1
15183 1
15183 1
15183 1
15183 1
15309 1
15309 1
15309 1
15309 1
15309 1
15309 1
15246 1
15246 1
15246 1
15246 1
15246 1
15246 1
15184 1
15184 1
15184 1
15184 1
15184 1
15184 1
15310 1
15310 1
15310 1
15310 1
15310 1
15310 1
15247 1
15247 1
15247 1
15247 1
15247 1
15247 1
15311 1
15311 1
15311 1
15311 1
15311 1
15311 1
15248 1
15248 1
15248 1
15248 1
15248 1
15248 1
15312 1
15312 1
15312 1
15312 1
15312 1
15312 1
15249 1
15249 1
15249 1
15249 1
15249 1
15249 1
15250 1
15250 1
15250 1
15250 1
15250 1
15250 1
15186 1
15186 1
15186 1
15186 1
15186 1
15186 1
15251 1
15251 1
15251 1
15251 1
15251 1
15251 1
15314 1
15314 1
15314 1
15314 1
15314 1
15314 1
15252 1
15252 1
15252 1
15252 1
15252 1
15252 1
18088 1
18088 1
18088 1
18088 1
18088 1
18088 1
15253 1
15253 1
15253 1
15253 1
15253 1
15253 1
15315 1
15315 1
15315 1
15315 1
15315 1
15315 1
15378 1
15378 1
15378 1
15378 1
15378 1
15378 1
15254 1
15254 1
15254 1
15254 1
15254 1
15254 1
15316 1
15316 1
15316 1
15316 1
15316 1
15316 1
15379 1
15379 1
15379 1
15379 1
15379 1
15379 1
15317 1
15317 1
15317 1
15317 1
15317 1
15317 1
15380 1
15380 1
15380 1
15380 1
15380 1
15380 1
15318 1
15318 1
15318 1
15318 1
15318 1
15318 1
15319 1
15319 1
15319 1
15319 1
15319 1
15319 1
15382 1
15382 1
15382 1
15382 1
15382 1
15382 1
15320 1
15320 1
15320 1
15320 1
15320 1
15320 1
15444 1
15444 1
15444 1
15444 1
15444 1
15444 1
15383 1
15383 1
15383 1
15383 1
15383 1
15383 1
15321 1
15321 1
15321 1
15321 1
15321 1
15321 1
15445 1
15445 1
15445 1
15445 1
15445 1
15445 1
15384 1
15384 1
15384 1
15384 1
15384 1
15384 1
15322 1
15322 1
15322 1
15322 1
15322 1
15322 1
15446 1
15446 1
15446 1
15446 1
15446 1
15446 1
15385 1
15385 1
15385 1
15385 1
15385 1
15385 1
15447 1
15447 1
15447 1
15447 1
15447 1
15447 1
15386 1
15386 1
15386 1
15386 1
15386 1
15386 1
15448 1
15448 1
15448 1
15448 1
15448 1
15448 1
15387 1
15387 1
15387 1
15387 1
15387 1
15387 1
15324 1
15324 1
15324 1
15324 1
15324 1
15324 1
15388 1
15388 1
15388 1
15388 1
15388 1
15388 1
15449 1
15449 1
15449 1
15449 1
15449 1
15449 1
15389 1
15389 1
15389 1
15389 1
15389 1
15389 1
15450 1
15450 1
15450 1
15450 1
15450 1
15450 1
15390 1
15390 1
15390 1
15390 1
15390 1
15390 1
15512 1
15512 1
15512 1
15512 1
15512 1
15512 1
15451 1
15451 1
15451 1
15451 1
15451 1
15451 1
15391 1
15391 1
15391 1
15391 1
15391 1
15391 1
15452 1
15452 1
15452 1
15452 1
15452 1
15452 1
15514 1
15514 1
15514 1
15514 1
15514 1
15514 1
15453 1
15453 1
15453 1
15453 1
15453 1
15453 1
15454 1
15454 1
15454 1
15454 1
15454 1
15454 1
15455 1
15455 1
15455 1
15455 1
15455 1
15455 1
15577 1
15577 1
15577 1
15577 1
15577 1
15577 1
15515 1
15515 1
15515 1
15515 1
15515 1
15515 1
15456 1
15456 1
15456 1
15456 1
15456 1
15456 1
15578 1
15578 1
15578 1
15578 1
15578 1
15578 1
15516 1
15516 1
15516 1
15516 1
15516 1
15516 1
15457 1
15457 1
15457 1
15457 1
15457 1
15457 1
15579 1
15579 1
15579 1
15579 1
15579 1
15579 1
15517 1
15517 1
15517 1
15517 1
15517 1
15517 1
15458 1
15458 1
15458 1
15458 1
15458 1
15458 1
15518 1
15518 1
15518 1
15518 1
15518 1
15518 1
15581 1
15581 1
15581 1
15581 1
15581 1
15581 1
15519 1
15519 1
15519 1
15519 1
15519 1
15519 1
15582 1
15582 1
15582 1
15582 1
15582 1
15582 1
15520 1
15520 1
15520 1
15520 1
15520 1
15520 1
15521 1
15521 1
15521 1
15521 1
15521 1
15521 1
15459 1
15459 1
15459 1
15459 1
15459 1
15459 1
15583 1
15583 1
15583 1
15583 1
15583 1
15583 1
15522 1
15522 1
15522 1
15522 1
15522 1
15522 1
15646 1
15646 1
15646 1
15646 1
15646 1
15646 1
15523 1
15523 1
15523 1
15523 1
15523 1
15523 1
15647 1
15647 1
15647 1
15647 1
15647 1
15647 1
15524 1
15524 1
15524 1
15524 1
15524 1
15524 1
15586 1
15586 1
15586 1
15586 1
15586 1
15586 1
15648 1
15648 1
15648 1
15648 1
15648 1
15648 1
15525 1
15525 1
15525 1
15525 1
15525 1
15525 1
15587 1
15587 1
15587 1
15587 1
15587 1
15587 1
15649 1
15649 1
15649 1
15649 1
15649 1
15649 1
15588 1
15588 1
15588 1
15588 1
15588 1
15588 1
15527 1
15527 1
15527 1
15527 1
15527 1
15527 1
15589 1
15589 1
15589 1
15589 1
15589 1
15589 1
15650 1
15650 1
15650 1
15650 1
15650 1
15650 1
15590 1
15590 1
15590 1
15590 1
15590 1
15590 1
15712 1
15712 1
15712 1
15712 1
15712 1
15712 1
15591 1
15591 1
15591 1
15591 1
15591 1
15591 1
15713 1
15713 1
15713 1
15713 1
15713 1
15713 1
15592 1
15592 1
15592 1
15592 1
15592 1
15592 1
15714 1
15714 1
15714 1
15714 1
15714 1
15714 1
15652 1
15652 1
15652 1
15652 1
15652 1
15652 1
15593 1
15593 1
15593 1
15593 1
15593 1
15593 1
15715 1
15715 1
15715 1
15715 1
15715 1
15715 1
15594 1
15594 1
15594 1
15594 1
15594 1
15594 1
15653 1
15653 1
15653 1
15653 1
15653 1
15653 1
15595 1
15595 1
15595 1
15595 1
15595 1
15595 1
15654 1
15654 1
15654 1
15654 1
15654 1
15654 1
15716 1
15716 1
15716 1
15716 1
15716 1
15716 1
15655 1
15655 1
15655 1
15655 1
15655 1
15655 1
15778 1
15778 1
15778 1
15778 1
15778 1
15778 1
15656 1
15656 1
15656 1
15656 1
15656 1
15656 1
15779 1
15779 1
15779 1
15779 1
15779 1
15779 1
15717 1
15717 1
15717 1
15717 1
15717 1
15717 1
15658 1
15658 1
15658 1
15658 1
15658 1
15658 1
15780 1
15780 1
15780 1
15780 1
15780 1
15780 1
15718 1
15718 1
15718 1
15718 1
15718 1
15718 1
15659 1
15659 1
15659 1
15659 1
15659 1
15659 1
15781 1
15781 1
15781 1
15781 1
15781 1
15781 1
15719 1
15719 1
15719 1
15719 1
15719 1
15719 1
15660 1
15660 1
15660 1
15660 1
15660 1
15660 1
15896 1
15896 1
15896 1
15896 1
15896 1
15896 1
15720 1
15720 1
15720 1
15720 1
15720 1
15720 1
15661 1
15661 1
15661 1
15661 1
15661 1
15661 1
15840 1
15840 1
15840 1
15840 1
15840 1
15840 1
15897 1
15897 1
15897 1
15897 1
15897 1
15897 1
15721 1
15721 1
15721 1
15721 1
15721 1
15721 1
15841 1
15841 1
15841 1
15841 1
15841 1
15841 1
15722 1
15722 1
15722 1
15722 1
15722 1
15722 1
15842 1
15842 1
15842 1
15842 1
15842 1
15842 1
15723 1
15723 1
15723 1
15723 1
15723 1
15723 1
15843 1
15843 1
15843 1
15843 1
15843 1
15843 1
15782 1
15782 1
15782 1
15782 1
15782 1
15782 1
15724 1
15724 1
15724 1
15724 1
15724 1
15724 1
15783 1
15783 1
15783 1
15783 1
15783 1
15783 1
15725 1
15725 1
15725 1
15725 1
15725 1
15725 1
15844 1
15844 1
15844 1
15844 1
15844 1
15844 1
15784 1
15784 1
15784 1
15784 1
15784 1
15784 1
15726 1
15726 1
15726 1
15726 1
15726 1
15726 1
15964 1
15964 1
15964 1
15964 1
15964 1
15964 1
15727 1
15727 1
15727 1
15727 1
15727 1
15727 1
15785 1
15785 1
15785 1
15785 1
15785 1
15785 1
15965 1
15965 1
15965 1
15965 1
15965 1
15965 1
15786 1
15786 1
15786 1
15786 1
15786 1
15786 1
15904 1
15904 1
15904 1
15904 1
15904 1
15904 1
15966 1
15966 1
15966 1
15966 1
15966 1
15966 1
15787 1
15787 1
15787 1
15787 1
15787 1
15787 1
15905 1
15905 1
15905 1
15905 1
15905 1
15905 1
15967 1
15967 1
15967 1
15967 1
15967 1
15967 1
15788 1
15788 1
15788 1
15788 1
15788 1
15788 1
15906 1
15906 1
15906 1
15906 1
15906 1
15906 1
15845 1
15845 1
15845 1
15845 1
15845 1
15845 1
15789 1
15789 1
15789 1
15789 1
15789 1
15789 1
15968 1
15968 1
15968 1
15968 1
15968 1
15968 1
15907 1
15907 1
15907 1
15907 1
15907 1
15907 1
15846 1
15846 1
15846 1
15846 1
15846 1
15846 1
15790 1
15790 1
15790 1
15790 1
15790 1
15790 1
16027 1
16027 1
16027 1
16027 1
16027 1
16027 1
15908 1
15908 1
15908 1
15908 1
15908 1
15908 1
15847 1
15847 1
15847 1
15847 1
15847 1
15847 1
16028 1
16028 1
16028 1
16028 1
16028 1
16028 1
15909 1
15909 1
15909 1
15909 1
15909 1
15909 1
15791 1
15791 1
15791 1
15791 1
15791 1
15791 1
15848 1
15848 1
15848 1
15848 1
15848 1
15848 1
15910 1
15910 1
15910 1
15910 1
15910 1
15910 1
16029 1
16029 1
16029 1
16029 1
16029 1
16029 1
15849 1
15849 1
15849 1
15849 1
15849 1
15849 1
15972 1
15972 1
15972 1
15972 1
15972 1
15972 1
16030 1
16030 1
16030 1
16030 1
16030 1
16030 1
15850 1
15850 1
15850 1
15850 1
15850 1
15850 1
15973 1
15973 1
15973 1
15973 1
15973 1
15973 1
16031 1
16031 1
16031 1
16031 1
16031 1
16031 1
15851 1
15851 1
15851 1
15851 1
15851 1
15851 1
15974 1
15974 1
15974 1
15974 1
15974 1
15974 1
15912 1
15912 1
15912 1
15912 1
15912 1
15912 1
15852 1
15852 1
15852 1
15852 1
15852 1
15852 1
16032 1
16032 1
16032 1
16032 1
16032 1
16032 1
15975 1
15975 1
15975 1
15975 1
15975 1
15975 1
15913 1
15913 1
15913 1
15913 1
15913 1
15913 1
16033 1
16033 1
16033 1
16033 1
16033 1
16033 1
16091 1
16091 1
16091 1
16091 1
16091 1
16091 1
15976 1
15976 1
15976 1
15976 1
15976 1
15976 1
15914 1
15914 1
15914 1
15914 1
15914 1
15914 1
16092 1
16092 1
16092 1
16092 1
16092 1
16092 1
15977 1
15977 1
15977 1
15977 1
15977 1
15977 1
15915 1
15915 1
15915 1
15915 1
15915 1
15915 1
15854 1
15854 1
15854 1
15854 1
15854 1
15854 1
15978 1
15978 1
15978 1
15978 1
15978 1
15978 1
16093 1
16093 1
16093 1
16093 1
16093 1
16093 1
15916 1
15916 1
15916 1
15916 1
15916 1
15916 1
16036 1
16036 1
16036 1
16036 1
16036 1
16036 1
16094 1
16094 1
16094 1
16094 1
16094 1
16094 1
15917 1
15917 1
15917 1
15917 1
15917 1
15917 1
16037 1
16037 1
16037 1
16037 1
16037 1
16037 1
15918 1
15918 1
15918 1
15918 1
15918 1
15918 1
16095 1
16095 1
16095 1
16095 1
16095 1
16095 1
16038 1
16038 1
16038 1
16038 1
16038 1
16038 1
15919 1
15919 1
15919 1
15919 1
15919 1
15919 1
16096 1
16096 1
16096 1
16096 1
16096 1
16096 1
16039 1
16039 1
16039 1
16039 1
16039 1
16039 1
15980 1
15980 1
15980 1
15980 1
15980 1
15980 1
16097 1
16097 1
16097 1
16097 1
16097 1
16097 1
16040 1
16040 1
16040 1
16040 1
16040 1
16040 1
15981 1
15981 1
15981 1
15981 1
15981 1
15981 1
16098 1
16098 1
16098 1
16098 1
16098 1
16098 1
16158 1
16158 1
16158 1
16158 1
16158 1
16158 1
16041 1
16041 1
16041 1
16041 1
16041 1
16041 1
15982 1
15982 1
15982 1
15982 1
15982 1
15982 1
15921 1
15921 1
15921 1
15921 1
15921 1
15921 1
16099 1
16099 1
16099 1
16099 1
16099 1
16099 1
16159 1
16159 1
16159 1
16159 1
16159 1
16159 1
16042 1
16042 1
16042 1
16042 1
16042 1
16042 1
15983 1
15983 1
15983 1
15983 1
15983 1
15983 1
16100 1
16100 1
16100 1
16100 1
16100 1
16100 1
16160 1
16160 1
16160 1
16160 1
16160 1
16160 1
15984 1
15984 1
15984 1
15984 1
15984 1
15984 1
16101 1
16101 1
16101 1
16101 1
16101 1
16101 1
16161 1
16161 1
16161 1
16161 1
16161 1
16161 1
15985 1
15985 1
15985 1
15985 1
15985 1
15985 1
16102 1
16102 1
16102 1
16102 1
16102 1
16102 1
16162 1
16162 1
16162 1
16162 1
16162 1
16162 1
16103 1
16103 1
16103 1
16103 1
16103 1
16103 1
16044 1
16044 1
16044 1
16044 1
16044 1
16044 1
16163 1
16163 1
16163 1
16163 1
16163 1
16163 1
16104 1
16104 1
16104 1
16104 1
16104 1
16104 1
16045 1
16045 1
16045 1
16045 1
16045 1
16045 1
16164 1
16164 1
16164 1
16164 1
16164 1
16164 1
16221 1
16221 1
16221 1
16221 1
16221 1
16221 1
16105 1
16105 1
16105 1
16105 1
16105 1
16105 1
16046 1
16046 1
16046 1
16046 1
16046 1
16046 1
15986 1
15986 1
15986 1
15986 1
15986 1
15986 1
16165 1
16165 1
16165 1
16165 1
16165 1
16165 1
16222 1
16222 1
16222 1
16222 1
16222 1
16222 1
16106 1
16106 1
16106 1
16106 1
16106 1
16106 1
16047 1
16047 1
16047 1
16047 1
16047 1
16047 1
16166 1
16166 1
16166 1
16166 1
16166 1
16166 1
16223 1
16223 1
16223 1
16223 1
16223 1
16223 1
16107 1
16107 1
16107 1
16107 1
16107 1
16107 1
16048 1
16048 1
16048 1
16048 1
16048 1
16048 1
16167 1
16167 1
16167 1
16167 1
16167 1
16167 1
16224 1
16224 1
16224 1
16224 1
16224 1
16224 1
16168 1
16168 1
16168 1
16168 1
16168 1
16168 1
16169 1
16169 1
16169 1
16169 1
16169 1
16169 1
16225 1
16225 1
16225 1
16225 1
16225 1
16225 1
16285 1
16285 1
16285 1
16285 1
16285 1
16285 1
16170 1
16170 1
16170 1
16170 1
16170 1
16170 1
16109 1
16109 1
16109 1
16109 1
16109 1
16109 1
16226 1
16226 1
16226 1
16226 1
16226 1
16226 1
16286 1
16286 1
16286 1
16286 1
16286 1
16286 1
16171 1
16171 1
16171 1
16171 1
16171 1
16171 1
16110 1
16110 1
16110 1
16110 1
16110 1
16110 1
16050 1
16050 1
16050 1
16050 1
16050 1
16050 1
16227 1
16227 1
16227 1
16227 1
16227 1
16227 1
16287 1
16287 1
16287 1
16287 1
16287 1
16287 1
16172 1
16172 1
16172 1
16172 1
16172 1
16172 1
16111 1
16111 1
16111 1
16111 1
16111 1
16111 1
16051 1
16051 1
16051 1
16051 1
16051 1
16051 1
16228 1
16228 1
16228 1
16228 1
16228 1
16228 1
16173 1
16173 1
16173 1
16173 1
16173 1
16173 1
16288 1
16288 1
16288 1
16288 1
16288 1
16288 1
16112 1
16112 1
16112 1
16112 1
16112 1
16112 1
16229 1
16229 1
16229 1
16229 1
16229 1
16229 1
16289 1
16289 1
16289 1
16289 1
16289 1
16289 1
16113 1
16113 1
16113 1
16113 1
16113 1
16113 1
16230 1
16230 1
16230 1
16230 1
16230 1
16230 1
16231 1
16231 1
16231 1
16231 1
16231 1
16231 1
16349 1
16349 1
16349 1
16349 1
16349 1
16349 1
16232 1
16232 1
16232 1
16232 1
16232 1
16232 1
16174 1
16174 1
16174 1
16174 1
16174 1
16174 1
16115 1
16115 1
16115 1
16115 1
16115 1
16115 1
16350 1
16350 1
16350 1
16350 1
16350 1
16350 1
16233 1
16233 1
16233 1
16233 1
16233 1
16233 1
16175 1
16175 1
16175 1
16175 1
16175 1
16175 1
16116 1
16116 1
16116 1
16116 1
16116 1
16116 1
16291 1
16291 1
16291 1
16291 1
16291 1
16291 1
16351 1
16351 1
16351 1
16351 1
16351 1
16351 1
16234 1
16234 1
16234 1
16234 1
16234 1
16234 1
16176 1
16176 1
16176 1
16176 1
16176 1
16176 1
16117 1
16117 1
16117 1
16117 1
16117 1
16117 1
16292 1
16292 1
16292 1
16292 1
16292 1
16292 1
16352 1
16352 1
16352 1
16352 1
16352 1
16352 1
16177 1
16177 1
16177 1
16177 1
16177 1
16177 1
16293 1
16293 1
16293 1
16293 1
16293 1
16293 1
16178 1
16178 1
16178 1
16178 1
16178 1
16178 1
16294 1
16294 1
16294 1
16294 1
16294 1
16294 1
16179 1
16179 1
16179 1
16179 1
16179 1
16179 1
16295 1
16295 1
16295 1
16295 1
16295 1
16295 1
16413 1
16413 1
16413 1
16413 1
16413 1
16413 1
16296 1
16296 1
16296 1
16296 1
16296 1
16296 1
16236 1
16236 1
16236 1
16236 1
16236 1
16236 1
16414 1
16414 1
16414 1
16414 1
16414 1
16414 1
16297 1
16297 1
16297 1
16297 1
16297 1
16297 1
16237 1
16237 1
16237 1
16237 1
16237 1
16237 1
16180 1
16180 1
16180 1
16180 1
16180 1
16180 1
16354 1
16354 1
16354 1
16354 1
16354 1
16354 1
16415 1
16415 1
16415 1
16415 1
16415 1
16415 1
16298 1
16298 1
16298 1
16298 1
16298 1
16298 1
16238 1
16238 1
16238 1
16238 1
16238 1
16238 1
16355 1
16355 1
16355 1
16355 1
16355 1
16355 1
16416 1
16416 1
16416 1
16416 1
16416 1
16416 1
16299 1
16299 1
16299 1
16299 1
16299 1
16299 1
16239 1
16239 1
16239 1
16239 1
16239 1
16239 1
16356 1
16356 1
16356 1
16356 1
16356 1
16356 1
16240 1
16240 1
16240 1
16240 1
16240 1
16240 1
16357 1
16357 1
16357 1
16357 1
16357 1
16357 1
16241 1
16241 1
16241 1
16241 1
16241 1
16241 1
16475 1
16475 1
16475 1
16475 1
16475 1
16475 1
16358 1
16358 1
16358 1
16358 1
16358 1
16358 1
16242 1
16242 1
16242 1
16242 1
16242 1
16242 1
16476 1
16476 1
16476 1
16476 1
16476 1
16476 1
16359 1
16359 1
16359 1
16359 1
16359 1
16359 1
16243 1
16243 1
16243 1
16243 1
16243 1
16243 1
16477 1
16477 1
16477 1
16477 1
16477 1
16477 1
16360 1
16360 1
16360 1
16360 1
16360 1
16360 1
16301 1
16301 1
16301 1
16301 1
16301 1
16301 1
16478 1
16478 1
16478 1
16478 1
16478 1
16478 1
16361 1
16361 1
16361 1
16361 1
16361 1
16361 1
16302 1
16302 1
16302 1
16302 1
16302 1
16302 1
16244 1
16244 1
16244 1
16244 1
16244 1
16244 1
16418 1
16418 1
16418 1
16418 1
16418 1
16418 1
16479 1
16479 1
16479 1
16479 1
16479 1
16479 1
16362 1
16362 1
16362 1
16362 1
16362 1
16362 1
16303 1
16303 1
16303 1
16303 1
16303 1
16303 1
16245 1
16245 1
16245 1
16245 1
16245 1
16245 1
16419 1
16419 1
16419 1
16419 1
16419 1
16419 1
16304 1
16304 1
16304 1
16304 1
16304 1
16304 1
16420 1
16420 1
16420 1
16420 1
16420 1
16420 1
16536 1
16536 1
16536 1
16536 1
16536 1
16536 1
16305 1
16305 1
16305 1
16305 1
16305 1
16305 1
16421 1
16421 1
16421 1
16421 1
16421 1
16421 1
16306 1
16306 1
16306 1
16306 1
16306 1
16306 1
16537 1
16537 1
16537 1
16537 1
16537 1
16537 1
16422 1
16422 1
16422 1
16422 1
16422 1
16422 1
16307 1
16307 1
16307 1
16307 1
16307 1
16307 1
16538 1
16538 1
16538 1
16538 1
16538 1
16538 1
16423 1
16423 1
16423 1
16423 1
16423 1
16423 1
16364 1
16364 1
16364 1
16364 1
16364 1
16364 1
16308 1
16308 1
16308 1
16308 1
16308 1
16308 1
16539 1
16539 1
16539 1
16539 1
16539 1
16539 1
16424 1
16424 1
16424 1
16424 1
16424 1
16424 1
16365 1
16365 1
16365 1
16365 1
16365 1
16365 1
16309 1
16309 1
16309 1
16309 1
16309 1
16309 1
16540 1
16540 1
16540 1
16540 1
16540 1
16540 1
16425 1
16425 1
16425 1
16425 1
16425 1
16425 1
16366 1
16366 1
16366 1
16366 1
16366 1
16366 1
16481 1
16481 1
16481 1
16481 1
16481 1
16481 1
16541 1
16541 1
16541 1
16541 1
16541 1
16541 1
16367 1
16367 1
16367 1
16367 1
16367 1
16367 1
16482 1
16482 1
16482 1
16482 1
16482 1
16482 1
16591 1
16591 1
16591 1
16591 1
16591 1
16591 1
16368 1
16368 1
16368 1
16368 1
16368 1
16368 1
16483 1
16483 1
16483 1
16483 1
16483 1
16483 1
16369 1
16369 1
16369 1
16369 1
16369 1
16369 1
16592 1
16592 1
16592 1
16592 1
16592 1
16592 1
16484 1
16484 1
16484 1
16484 1
16484 1
16484 1
16370 1
16370 1
16370 1
16370 1
16370 1
16370 1
16593 1
16593 1
16593 1
16593 1
16593 1
16593 1
16485 1
16485 1
16485 1
16485 1
16485 1
16485 1
16371 1
16371 1
16371 1
16371 1
16371 1
16371 1
16594 1
16594 1
16594 1
16594 1
16594 1
16594 1
16486 1
16486 1
16486 1
16486 1
16486 1
16486 1
16427 1
16427 1
16427 1
16427 1
16427 1
16427 1
16487 1
16487 1
16487 1
16487 1
16487 1
16487 1
16428 1
16428 1
16428 1
16428 1
16428 1
16428 1
16488 1
16488 1
16488 1
16488 1
16488 1
16488 1
16429 1
16429 1
16429 1
16429 1
16429 1
16429 1
16373 1
16373 1
16373 1
16373 1
16373 1
16373 1
16542 1
16542 1
16542 1
16542 1
16542 1
16542 1
16642 1
16642 1
16642 1
16642 1
16642 1
16642 1
16430 1
16430 1
16430 1
16430 1
16430 1
16430 1
16374 1
16374 1
16374 1
16374 1
16374 1
16374 1
16543 1
16543 1
16543 1
16543 1
16543 1
16543 1
16489 1
16489 1
16489 1
16489 1
16489 1
16489 1
16643 1
16643 1
16643 1
16643 1
16643 1
16643 1
16431 1
16431 1
16431 1
16431 1
16431 1
16431 1
16544 1
16544 1
16544 1
16544 1
16544 1
16544 1
16432 1
16432 1
16432 1
16432 1
16432 1
16432 1
16644 1
16644 1
16644 1
16644 1
16644 1
16644 1
16545 1
16545 1
16545 1
16545 1
16545 1
16545 1
16645 1
16645 1
16645 1
16645 1
16645 1
16645 1
16546 1
16546 1
16546 1
16546 1
16546 1
16546 1
16490 1
16490 1
16490 1
16490 1
16490 1
16490 1
16434 1
16434 1
16434 1
16434 1
16434 1
16434 1
16646 1
16646 1
16646 1
16646 1
16646 1
16646 1
16547 1
16547 1
16547 1
16547 1
16547 1
16547 1
16491 1
16491 1
16491 1
16491 1
16491 1
16491 1
16435 1
16435 1
16435 1
16435 1
16435 1
16435 1
16647 1
16647 1
16647 1
16647 1
16647 1
16647 1
16548 1
16548 1
16548 1
16548 1
16548 1
16548 1
16492 1
16492 1
16492 1
16492 1
16492 1
16492 1
16436 1
16436 1
16436 1
16436 1
16436 1
16436 1
16648 1
16648 1
16648 1
16648 1
16648 1
16648 1
16697 1
16697 1
16697 1
16697 1
16697 1
16697 1
16493 1
16493 1
16493 1
16493 1
16493 1
16493 1
16437 1
16437 1
16437 1
16437 1
16437 1
16437 1
16595 1
16595 1
16595 1
16595 1
16595 1
16595 1
16698 1
16698 1
16698 1
16698 1
16698 1
16698 1
16494 1
16494 1
16494 1
16494 1
16494 1
16494 1
16438 1
16438 1
16438 1
16438 1
16438 1
16438 1
16596 1
16596 1
16596 1
16596 1
16596 1
16596 1
16495 1
16495 1
16495 1
16495 1
16495 1
16495 1
16699 1
16699 1
16699 1
16699 1
16699 1
16699 1
16597 1
16597 1
16597 1
16597 1
16597 1
16597 1
16700 1
16700 1
16700 1
16700 1
16700 1
16700 1
16598 1
16598 1
16598 1
16598 1
16598 1
16598 1
16701 1
16701 1
16701 1
16701 1
16701 1
16701 1
16599 1
16599 1
16599 1
16599 1
16599 1
16599 1
16550 1
16550 1
16550 1
16550 1
16550 1
16550 1
16702 1
16702 1
16702 1
16702 1
16702 1
16702 1
16600 1
16600 1
16600 1
16600 1
16600 1
16600 1
16497 1
16497 1
16497 1
16497 1
16497 1
16497 1
16601 1
16601 1
16601 1
16601 1
16601 1
16601 1
16551 1
16551 1
16551 1
16551 1
16551 1
16551 1
16498 1
16498 1
16498 1
16498 1
16498 1
16498 1
16602 1
16602 1
16602 1
16602 1
16602 1
16602 1
16747 1
16747 1
16747 1
16747 1
16747 1
16747 1
16552 1
16552 1
16552 1
16552 1
16552 1
16552 1
16499 1
16499 1
16499 1
16499 1
16499 1
16499 1
16748 1
16748 1
16748 1
16748 1
16748 1
16748 1
16749 1
16749 1
16749 1
16749 1
16749 1
16749 1
16649 1
16649 1
16649 1
16649 1
16649 1
16649 1
16750 1
16750 1
16750 1
16750 1
16750 1
16750 1
16650 1
16650 1
16650 1
16650 1
16650 1
16650 1
16604 1
16604 1
16604 1
16604 1
16604 1
16604 1
16751 1
16751 1
16751 1
16751 1
16751 1
16751 1
16651 1
16651 1
16651 1
16651 1
16651 1
16651 1
16752 1
16752 1
16752 1
16752 1
16752 1
16752 1
16652 1
16652 1
16652 1
16652 1
16652 1
16652 1
16605 1
16605 1
16605 1
16605 1
16605 1
16605 1
16554 1
16554 1
16554 1
16554 1
16554 1
16554 1
16653 1
16653 1
16653 1
16653 1
16653 1
16653 1
16793 1
16793 1
16793 1
16793 1
16793 1
16793 1
16606 1
16606 1
16606 1
16606 1
16606 1
16606 1
16555 1
16555 1
16555 1
16555 1
16555 1
16555 1
16654 1
16654 1
16654 1
16654 1
16654 1
16654 1
16794 1
16794 1
16794 1
16794 1
16794 1
16794 1
16795 1
16795 1
16795 1
16795 1
16795 1
16795 1
16796 1
16796 1
16796 1
16796 1
16796 1
16796 1
16705 1
16705 1
16705 1
16705 1
16705 1
16705 1
16656 1
16656 1
16656 1
16656 1
16656 1
16656 1
16797 1
16797 1
16797 1
16797 1
16797 1
16797 1
16706 1
16706 1
16706 1
16706 1
16706 1
16706 1
16657 1
16657 1
16657 1
16657 1
16657 1
16657 1
16838 1
16838 1
16838 1
16838 1
16838 1
16838 1
16707 1
16707 1
16707 1
16707 1
16707 1
16707 1
16607 1
16607 1
16607 1
16607 1
16607 1
16607 1
16839 1
16839 1
16839 1
16839 1
16839 1
16839 1
16708 1
16708 1
16708 1
16708 1
16708 1
16708 1
16659 1
16659 1
16659 1
16659 1
16659 1
16659 1
16709 1
16709 1
16709 1
16709 1
16709 1
16709 1
16840 1
16840 1
16840 1
16840 1
16840 1
16840 1
16841 1
16841 1
16841 1
16841 1
16841 1
16841 1
16710 1
16710 1
16710 1
16710 1
16710 1
16710 1
16842 1
16842 1
16842 1
16842 1
16842 1
16842 1
16753 1
16753 1
16753 1
16753 1
16753 1
16753 1
16711 1
16711 1
16711 1
16711 1
16711 1
16711 1
16754 1
16754 1
16754 1
16754 1
16754 1
16754 1
16661 1
16661 1
16661 1
16661 1
16661 1
16661 1
16880 1
16880 1
16880 1
16880 1
16880 1
16880 1
16755 1
16755 1
16755 1
16755 1
16755 1
16755 1
16662 1
16662 1
16662 1
16662 1
16662 1
16662 1
16756 1
16756 1
16756 1
16756 1
16756 1
16756 1
16881 1
16881 1
16881 1
16881 1
16881 1
16881 1
16663 1
16663 1
16663 1
16663 1
16663 1
16663 1
16757 1
16757 1
16757 1
16757 1
16757 1
16757 1
16882 1
16882 1
16882 1
16882 1
16882 1
16882 1
16883 1
16883 1
16883 1
16883 1
16883 1
16883 1
16758 1
16758 1
16758 1
16758 1
16758 1
16758 1
16884 1
16884 1
16884 1
16884 1
16884 1
16884 1
16759 1
16759 1
16759 1
16759 1
16759 1
16759 1
16800 1
16800 1
16800 1
16800 1
16800 1
16800 1
16801 1
16801 1
16801 1
16801 1
16801 1
16801 1
16714 1
16714 1
16714 1
16714 1
16714 1
16714 1
16920 1
16920 1
16920 1
16920 1
16920 1
16920 1
16802 1
16802 1
16802 1
16802 1
16802 1
16802 1
16715 1
16715 1
16715 1
16715 1
16715 1
16715 1
16921 1
16921 1
16921 1
16921 1
16921 1
16921 1
16922 1
16922 1
16922 1
16922 1
16922 1
16922 1
16804 1
16804 1
16804 1
16804 1
16804 1
16804 1
16805 1
16805 1
16805 1
16805 1
16805 1
16805 1
16844 1
16844 1
16844 1
16844 1
16844 1
16844 1
16760 1
16760 1
16760 1
16760 1
16760 1
16760 1
16845 1
16845 1
16845 1
16845 1
16845 1
16845 1
16761 1
16761 1
16761 1
16761 1
16761 1
16761 1
16960 1
16960 1
16960 1
16960 1
16960 1
16960 1
16846 1
16846 1
16846 1
16846 1
16846 1
16846 1
16762 1
16762 1
16762 1
16762 1
16762 1
16762 1
16961 1
16961 1
16961 1
16961 1
16961 1
16961 1
16847 1
16847 1
16847 1
16847 1
16847 1
16847 1
16962 1
16962 1
16962 1
16962 1
16962 1
16962 1
16848 1
16848 1
16848 1
16848 1
16848 1
16848 1
16963 1
16963 1
16963 1
16963 1
16963 1
16963 1
16849 1
16849 1
16849 1
16849 1
16849 1
16849 1
16806 1
16806 1
16806 1
16806 1
16806 1
16806 1
16807 1
16807 1
16807 1
16807 1
16807 1
16807 1
16886 1
16886 1
16886 1
16886 1
16886 1
16886 1
16808 1
16808 1
16808 1
16808 1
16808 1
16808 1
16997 1
16997 1
16997 1
16997 1
16997 1
16997 1
16887 1
16887 1
16887 1
16887 1
16887 1
16887 1
16809 1
16809 1
16809 1
16809 1
16809 1
16809 1
16998 1
16998 1
16998 1
16998 1
16998 1
16998 1
16810 1
16810 1
16810 1
16810 1
16810 1
16810 1
16999 1
16999 1
16999 1
16999 1
16999 1
16999 1
17000 1
17000 1
17000 1
17000 1
17000 1
17000 1
16889 1
16889 1
16889 1
16889 1
16889 1
16889 1
16850 1
16850 1
16850 1
16850 1
16850 1
16850 1
16890 1
16890 1
16890 1
16890 1
16890 1
16890 1
16851 1
16851 1
16851 1
16851 1
16851 1
16851 1
16852 1
16852 1
16852 1
16852 1
16852 1
16852 1
17038 1
17038 1
17038 1
17038 1
17038 1
17038 1
16925 1
16925 1
16925 1
16925 1
16925 1
16925 1
16853 1
16853 1
16853 1
16853 1
16853 1
16853 1
17039 1
17039 1
17039 1
17039 1
17039 1
17039 1
17040 1
17040 1
17040 1
17040 1
17040 1
17040 1
17041 1
17041 1
17041 1
17041 1
17041 1
17041 1
16927 1
16927 1
16927 1
16927 1
16927 1
16927 1
16928 1
16928 1
16928 1
16928 1
16928 1
16928 1
16892 1
16892 1
16892 1
16892 1
16892 1
16892 1
16929 1
16929 1
16929 1
16929 1
16929 1
16929 1
16930 1
16930 1
16930 1
16930 1
16930 1
16930 1
17082 1
17082 1
17082 1
17082 1
17082 1
17082 1
16964 1
16964 1
16964 1
16964 1
16964 1
16964 1
17083 1
17083 1
17083 1
17083 1
17083 1
17083 1
17084 1
17084 1
17084 1
17084 1
17084 1
17084 1
16966 1
16966 1
16966 1
16966 1
16966 1
16966 1
16932 1
16932 1
16932 1
16932 1
16932 1
16932 1
16967 1
16967 1
16967 1
16967 1
16967 1
16967 1
16968 1
16968 1
16968 1
16968 1
16968 1
16968 1
17124 1
17124 1
17124 1
17124 1
17124 1
17124 1
16969 1
16969 1
16969 1
16969 1
16969 1
16969 1
17125 1
17125 1
17125 1
17125 1
17125 1
17125 1
17001 1
17001 1
17001 1
17001 1
17001 1
17001 1
17126 1
17126 1
17126 1
17126 1
17126 1
17126 1
17002 1
17002 1
17002 1
17002 1
17002 1
17002 1
17003 1
17003 1
17003 1
17003 1
17003 1
17003 1
17004 1
17004 1
17004 1
17004 1
17004 1
17004 1
16970 1
16970 1
16970 1
16970 1
16970 1
16970 1
17005 1
17005 1
17005 1
17005 1
17005 1
17005 1
17006 1
17006 1
17006 1
17006 1
17006 1
17006 1
17164 1
17164 1
17164 1
17164 1
17164 1
17164 1
17007 1
17007 1
17007 1
17007 1
17007 1
17007 1
17165 1
17165 1
17165 1
17165 1
17165 1
17165 1
17045 1
17045 1
17045 1
17045 1
17045 1
17045 1
17166 1
17166 1
17166 1
17166 1
17166 1
17166 1
17046 1
17046 1
17046 1
17046 1
17046 1
17046 1
17047 1
17047 1
17047 1
17047 1
17047 1
17047 1
17048 1
17048 1
17048 1
17048 1
17048 1
17048 1
17049 1
17049 1
17049 1
17049 1
17049 1
17049 1
17050 1
17050 1
17050 1
17050 1
17050 1
17050 1
17205 1
17205 1
17205 1
17205 1
17205 1
17205 1
17051 1
17051 1
17051 1
17051 1
17051 1
17051 1
17206 1
17206 1
17206 1
17206 1
17206 1
17206 1
17086 1
17086 1
17086 1
17086 1
17086 1
17086 1
17207 1
17207 1
17207 1
17207 1
17207 1
17207 1
17087 1
17087 1
17087 1
17087 1
17087 1
17087 1
17088 1
17088 1
17088 1
17088 1
17088 1
17088 1
17089 1
17089 1
17089 1
17089 1
17089 1
17089 1
17090 1
17090 1
17090 1
17090 1
17090 1
17090 1
17091 1
17091 1
17091 1
17091 1
17091 1
17091 1
17246 1
17246 1
17246 1
17246 1
17246 1
17246 1
17092 1
17092 1
17092 1
17092 1
17092 1
17092 1
17247 1
17247 1
17247 1
17247 1
17247 1
17247 1
17248 1
17248 1
17248 1
17248 1
17248 1
17248 1
17128 1
17128 1
17128 1
17128 1
17128 1
17128 1
17129 1
17129 1
17129 1
17129 1
17129 1
17129 1
17130 1
17130 1
17130 1
17130 1
17130 1
17130 1
17131 1
17131 1
17131 1
17131 1
17131 1
17131 1
17132 1
17132 1
17132 1
17132 1
17132 1
17132 1
17133 1
17133 1
17133 1
17133 1
17133 1
17133 1
17284 1
17284 1
17284 1
17284 1
17284 1
17284 1
17134 1
17134 1
17134 1
17134 1
17134 1
17134 1
17285 1
17285 1
17285 1
17285 1
17285 1
17285 1
17168 1
17168 1
17168 1
17168 1
17168 1
17168 1
17286 1
17286 1
17286 1
17286 1
17286 1
17286 1
17169 1
17169 1
17169 1
17169 1
17169 1
17169 1
17170 1
17170 1
17170 1
17170 1
17170 1
17170 1
17171 1
17171 1
17171 1
17171 1
17171 1
17171 1
17172 1
17172 1
17172 1
17172 1
17172 1
17172 1
17173 1
17173 1
17173 1
17173 1
17173 1
17173 1
17317 1
17317 1
17317 1
17317 1
17317 1
17317 1
17174 1
17174 1
17174 1
17174 1
17174 1
17174 1
17318 1
17318 1
17318 1
17318 1
17318 1
17318 1
17319 1
17319 1
17319 1
17319 1
17319 1
17319 1
17209 1
17209 1
17209 1
17209 1
17209 1
17209 1
17210 1
17210 1
17210 1
17210 1
17210 1
17210 1
17211 1
17211 1
17211 1
17211 1
17211 1
17211 1
17212 1
17212 1
17212 1
17212 1
17212 1
17212 1
17213 1
17213 1
17213 1
17213 1
17213 1
17213 1
17351 1
17351 1
17351 1
17351 1
17351 1
17351 1
17352 1
17352 1
17352 1
17352 1
17352 1
17352 1
17353 1
17353 1
17353 1
17353 1
17353 1
17353 1
17250 1
17250 1
17250 1
17250 1
17250 1
17250 1
17251 1
17251 1
17251 1
17251 1
17251 1
17251 1
17252 1
17252 1
17252 1
17252 1
17252 1
17252 1
17386 1
17386 1
17386 1
17386 1
17386 1
17386 1
17387 1
17387 1
17387 1
17387 1
17387 1
17387 1
17388 1
17388 1
17388 1
17388 1
17388 1
17388 1
17389 1
17389 1
17389 1
17389 1
17389 1
17389 1
17287 1
17287 1
17287 1
17287 1
17287 1
17287 1
17421 1
17421 1
17421 1
17421 1
17421 1
17421 1
17422 1
17422 1
17422 1
17422 1
17422 1
17422 1
17423 1
17423 1
17423 1
17423 1
17423 1
17423 1
17456 1
17456 1
17456 1
17456 1
17456 1
17456 1
17457 1
17457 1
17457 1
17457 1
17457 1
17457 1
17458 1
17458 1
17458 1
17458 1
17458 1
17458 1
17492 1
17492 1
17492 1
17492 1
17492 1
17492 1
17493 1
17493 1
17493 1
17493 1
17493 1
17493 1
17494 1
17494 1
17494 1
17494 1
17494 1
17494 1
17528 1
17528 1
17528 1
17528 1
17528 1
17528 1
17529 1
17529 1
17529 1
17529 1
17529 1
17529 1
17530 1
17530 1
17530 1
17530 1
17530 1
17530 1
17531 1
17531 1
17531 1
17531 1
17531 1
17531 1
17563 1
17563 1
17563 1
17563 1
17563 1
17563 1
17564 1
17564 1
17564 1
17564 1
17564 1
17564 1
17565 1
17565 1
17565 1
17565 1
17565 1
17565 1
17566 1
17566 1
17566 1
17566 1
17566 1
17566 1
17598 1
17598 1
17598 1
17598 1
17598 1
17598 1
17599 1
17599 1
17599 1
17599 1
17599 1
17599 1
17600 1
17600 1
17600 1
17600 1
17600 1
17600 1
17633 1
17633 1
17633 1
17633 1
17633 1
17633 1
17634 1
17634 1
17634 1
17634 1
17634 1
17634 1
17635 1
17635 1
17635 1
17635 1
17635 1
17635 1
17636 1
17636 1
17636 1
17636 1
17636 1
17636 1
17669 1
17669 1
17669 1
17669 1
17669 1
17669 1
17670 1
17670 1
17670 1
17670 1
17670 1
17670 1
17671 1
17671 1
17671 1
17671 1
17671 1
17671 1
17672 1
17672 1
17672 1
17672 1
17672 1
17672 1
17673 1
17673 1
17673 1
17673 1
17673 1
17673 1
17701 1
17701 1
17701 1
17701 1
17701 1
17701 1
17702 1
17702 1
17702 1
17702 1
17702 1
17702 1
17703 1
17703 1
17703 1
17703 1
17703 1
17703 1
17704 1
17704 1
17704 1
17704 1
17704 1
17704 1
17705 1
17705 1
17705 1
17705 1
17705 1
17705 1
17706 1
17706 1
17706 1
17706 1
17706 1
17706 1
17736 1
17736 1
17736 1
17736 1
17736 1
17736 1
17737 1
17737 1
17737 1
17737 1
17737 1
17737 1
17710 1
17710 1
17710 1
17710 1
17710 1
17710 1
17738 1
17738 1
17738 1
17738 1
17738 1
17738 1
17739 1
17739 1
17739 1
17739 1
17739 1
17739 1
17740 1
17740 1
17740 1
17740 1
17740 1
17740 1
17741 1
17741 1
17741 1
17741 1
17741 1
17741 1
17742 1
17742 1
17742 1
17742 1
17742 1
17742 1
17743 1
17743 1
17743 1
17743 1
17743 1
17743 1
17773 1
17773 1
17773 1
17773 1
17773 1
17773 1
17774 1
17774 1
17774 1
17774 1
17774 1
17774 1
17775 1
17775 1
17775 1
17775 1
17775 1
17775 1
17776 1
17776 1
17776 1
17776 1
17776 1
17776 1
