pt_graph scale
13826 0
13826 1.85057692307692
13826 0.01
13826 0.666923076923077
13826 0.369615384615385
13826 0
13886 0
13886 1.85057692307692
13886 0.01
13886 0.666923076923077
13886 0.369615384615385
13886 0
13887 0
13887 1.85057692307692
13887 0.01
13887 0.666923076923077
13887 0.369615384615385
13887 0
13943 0
13943 1.85057692307692
13943 0.01
13943 0.666923076923077
13943 0.369615384615385
13943 0
13944 0
13944 1.85057692307692
13944 0.01
13944 0.666923076923077
13944 0.369615384615385
13944 0
13946 0
13946 1.85057692307692
13946 0.01
13946 0.666923076923077
13946 0.369615384615385
13946 0
13947 0
13947 1.85057692307692
13947 0.01
13947 0.666923076923077
13947 0.369615384615385
13947 0
13948 0
13948 1.85057692307692
13948 0.01
13948 0.666923076923077
13948 0.369615384615385
13948 0
14003 0
14003 1.85057692307692
14003 0.01
14003 0.666923076923077
14003 0.369615384615385
14003 0
14004 0
14004 1.85057692307692
14004 0.01
14004 0.666923076923077
14004 0.369615384615385
14004 0
14005 0
14005 1.85057692307692
14005 0.01
14005 0.666923076923077
14005 0.369615384615385
14005 0
13950 0
13950 1.85057692307692
13950 0.01
13950 0.666923076923077
13950 0.369615384615385
13950 0
14006 0
14006 1.85057692307692
14006 0.01
14006 0.666923076923077
14006 0.369615384615385
14006 0
14007 0
14007 1.85057692307692
14007 0.01
14007 0.666923076923077
14007 0.369615384615385
14007 0
14008 0
14008 1.85057692307692
14008 0.01
14008 0.666923076923077
14008 0.369615384615385
14008 0
14009 0
14009 1.85057692307692
14009 0.01
14009 0.666923076923077
14009 0.369615384615385
14009 0
14010 0
14010 1.85057692307692
14010 0.01
14010 0.666923076923077
14010 0.369615384615385
14010 0
14065 0
14065 1.85057692307692
14065 0.01
14065 0.666923076923077
14065 0.369615384615385
14065 0
14066 0
14066 1.85057692307692
14066 0.01
14066 0.666923076923077
14066 0.369615384615385
14066 0
14011 0
14011 1.85057692307692
14011 0.01
14011 0.666923076923077
14011 0.369615384615385
14011 0
14067 0
14067 1.85057692307692
14067 0.01
14067 0.666923076923077
14067 0.369615384615385
14067 0
14012 0
14012 1.85057692307692
14012 0.01
14012 0.666923076923077
14012 0.369615384615385
14012 0
14068 0
14068 1.85057692307692
14068 0.01
14068 0.666923076923077
14068 0.369615384615385
14068 0
14069 0
14069 1.85057692307692
14069 0.01
14069 0.666923076923077
14069 0.369615384615385
14069 0
14071 0
14071 1.85057692307692
14071 0.01
14071 0.666923076923077
14071 0.369615384615385
14071 0
14127 0
14127 1.85057692307692
14127 0.01
14127 0.666923076923077
14127 0.369615384615385
14127 0
14128 0
14128 1.85057692307692
14128 0.01
14128 0.666923076923077
14128 0.369615384615385
14128 0
14072 0
14072 1.85057692307692
14072 0.01
14072 0.666923076923077
14072 0.369615384615385
14072 0
14073 0
14073 1.85057692307692
14073 0.01
14073 0.666923076923077
14073 0.369615384615385
14073 0
14130 0
14130 1.85057692307692
14130 0.01
14130 0.666923076923077
14130 0.369615384615385
14130 0
14190 0
14190 1.85057692307692
14190 0.01
14190 0.666923076923077
14190 0.369615384615385
14190 0
14131 0
14131 1.85057692307692
14131 0.01
14131 0.666923076923077
14131 0.369615384615385
14131 0
14191 0
14191 1.85057692307692
14191 0.01
14191 0.666923076923077
14191 0.369615384615385
14191 0
14132 0
14132 1.85057692307692
14132 0.01
14132 0.666923076923077
14132 0.369615384615385
14132 0
14192 0
14192 1.85057692307692
14192 0.01
14192 0.666923076923077
14192 0.369615384615385
14192 0
14133 0
14133 1.85057692307692
14133 0.01
14133 0.666923076923077
14133 0.369615384615385
14133 0
14193 0
14193 1.85057692307692
14193 0.01
14193 0.666923076923077
14193 0.369615384615385
14193 0
14195 0
14195 1.85057692307692
14195 0.01
14195 0.666923076923077
14195 0.369615384615385
14195 0
14196 0
14196 1.85057692307692
14196 0.01
14196 0.666923076923077
14196 0.369615384615385
14196 0
14255 0
14255 1.85057692307692
14255 0.01
14255 0.666923076923077
14255 0.369615384615385
14255 0
14197 0
14197 1.85057692307692
14197 0.01
14197 0.666923076923077
14197 0.369615384615385
14197 0
14256 0
14256 1.85057692307692
14256 0.01
14256 0.666923076923077
14256 0.369615384615385
14256 0
14198 0
14198 1.85057692307692
14198 0.01
14198 0.666923076923077
14198 0.369615384615385
14198 0
14257 0
14257 1.85057692307692
14257 0.01
14257 0.666923076923077
14257 0.369615384615385
14257 0
14199 0
14199 1.85057692307692
14199 0.01
14199 0.666923076923077
14199 0.369615384615385
14199 0
14258 0
14258 1.85057692307692
14258 0.01
14258 0.666923076923077
14258 0.369615384615385
14258 0
14260 0
14260 1.85057692307692
14260 0.01
14260 0.666923076923077
14260 0.369615384615385
14260 0
14261 0
14261 1.85057692307692
14261 0.01
14261 0.666923076923077
14261 0.369615384615385
14261 0
14262 0
14262 1.85057692307692
14262 0.01
14262 0.666923076923077
14262 0.369615384615385
14262 0
14322 0
14322 1.85057692307692
14322 0.01
14322 0.666923076923077
14322 0.369615384615385
14322 0
14263 0
14263 1.85057692307692
14263 0.01
14263 0.666923076923077
14263 0.369615384615385
14263 0
14323 0
14323 1.85057692307692
14323 0.01
14323 0.666923076923077
14323 0.369615384615385
14323 0
14264 0
14264 1.85057692307692
14264 0.01
14264 0.666923076923077
14264 0.369615384615385
14264 0
14324 0
14324 1.85057692307692
14324 0.01
14324 0.666923076923077
14324 0.369615384615385
14324 0
14265 0
14265 1.85057692307692
14265 0.01
14265 0.666923076923077
14265 0.369615384615385
14265 0
14325 0
14325 1.85057692307692
14325 0.01
14325 0.666923076923077
14325 0.369615384615385
14325 0
14266 0
14266 1.85057692307692
14266 0.01
14266 0.666923076923077
14266 0.369615384615385
14266 0
14326 0
14326 1.85057692307692
14326 0.01
14326 0.666923076923077
14326 0.369615384615385
14326 0
14327 0
14327 1.85057692307692
14327 0.01
14327 0.666923076923077
14327 0.369615384615385
14327 0
14328 0
14328 1.85057692307692
14328 0.01
14328 0.666923076923077
14328 0.369615384615385
14328 0
14392 0
14392 1.85057692307692
14392 0.01
14392 0.666923076923077
14392 0.369615384615385
14392 0
14329 0
14329 1.85057692307692
14329 0.01
14329 0.666923076923077
14329 0.369615384615385
14329 0
14393 0
14393 1.85057692307692
14393 0.01
14393 0.666923076923077
14393 0.369615384615385
14393 0
14330 0
14330 1.85057692307692
14330 0.01
14330 0.666923076923077
14330 0.369615384615385
14330 0
14394 0
14394 1.85057692307692
14394 0.01
14394 0.666923076923077
14394 0.369615384615385
14394 0
14331 0
14331 1.85057692307692
14331 0.01
14331 0.666923076923077
14331 0.369615384615385
14331 0
14332 0
14332 1.85057692307692
14332 0.01
14332 0.666923076923077
14332 0.369615384615385
14332 0
14395 0
14395 1.85057692307692
14395 0.01
14395 0.666923076923077
14395 0.369615384615385
14395 0
14396 0
14396 1.85057692307692
14396 0.01
14396 0.666923076923077
14396 0.369615384615385
14396 0
14397 0
14397 1.85057692307692
14397 0.01
14397 0.666923076923077
14397 0.369615384615385
14397 0
14461 0
14461 1.85057692307692
14461 0.01
14461 0.666923076923077
14461 0.369615384615385
14461 0
14398 0
14398 1.85057692307692
14398 0.01
14398 0.666923076923077
14398 0.369615384615385
14398 0
14462 0
14462 1.85057692307692
14462 0.01
14462 0.666923076923077
14462 0.369615384615385
14462 0
14399 0
14399 1.85057692307692
14399 0.01
14399 0.666923076923077
14399 0.369615384615385
14399 0
14463 0
14463 1.85057692307692
14463 0.01
14463 0.666923076923077
14463 0.369615384615385
14463 0
14400 0
14400 1.85057692307692
14400 0.01
14400 0.666923076923077
14400 0.369615384615385
14400 0
14464 0
14464 1.85057692307692
14464 0.01
14464 0.666923076923077
14464 0.369615384615385
14464 0
14401 0
14401 1.85057692307692
14401 0.01
14401 0.666923076923077
14401 0.369615384615385
14401 0
14465 0
14465 1.85057692307692
14465 0.01
14465 0.666923076923077
14465 0.369615384615385
14465 0
14535 0
14535 1.85057692307692
14535 0.01
14535 0.666923076923077
14535 0.369615384615385
14535 0
14466 0
14466 1.85057692307692
14466 0.01
14466 0.666923076923077
14466 0.369615384615385
14466 0
14334 0
14334 1.85057692307692
14334 0.01
14334 0.666923076923077
14334 0.369615384615385
14334 0
14402 0
14402 1.85057692307692
14402 0.01
14402 0.666923076923077
14402 0.369615384615385
14402 0
14536 0
14536 1.85057692307692
14536 0.01
14536 0.666923076923077
14536 0.369615384615385
14536 0
14467 0
14467 1.85057692307692
14467 0.01
14467 0.666923076923077
14467 0.369615384615385
14467 0
14468 0
14468 1.85057692307692
14468 0.01
14468 0.666923076923077
14468 0.369615384615385
14468 0
14537 0
14537 1.85057692307692
14537 0.01
14537 0.666923076923077
14537 0.369615384615385
14537 0
14403 0
14403 1.85057692307692
14403 0.01
14403 0.666923076923077
14403 0.369615384615385
14403 0
14469 0
14469 1.85057692307692
14469 0.01
14469 0.666923076923077
14469 0.369615384615385
14469 0
14538 0
14538 1.85057692307692
14538 0.01
14538 0.666923076923077
14538 0.369615384615385
14538 0
14470 0
14470 1.85057692307692
14470 0.01
14470 0.666923076923077
14470 0.369615384615385
14470 0
14471 0
14471 1.85057692307692
14471 0.01
14471 0.666923076923077
14471 0.369615384615385
14471 0
14539 0
14539 1.85057692307692
14539 0.01
14539 0.666923076923077
14539 0.369615384615385
14539 0
14404 0
14404 1.85057692307692
14404 0.01
14404 0.666923076923077
14404 0.369615384615385
14404 0
14472 0
14472 1.85057692307692
14472 0.01
14472 0.666923076923077
14472 0.369615384615385
14472 0
14540 0
14540 1.85057692307692
14540 0.01
14540 0.666923076923077
14540 0.369615384615385
14540 0
14405 0
14405 1.85057692307692
14405 0.01
14405 0.666923076923077
14405 0.369615384615385
14405 0
14473 0
14473 1.85057692307692
14473 0.01
14473 0.666923076923077
14473 0.369615384615385
14473 0
14541 0
14541 1.85057692307692
14541 0.01
14541 0.666923076923077
14541 0.369615384615385
14541 0
14607 0
14607 1.85057692307692
14607 0.01
14607 0.666923076923077
14607 0.369615384615385
14607 0
14542 0
14542 1.85057692307692
14542 0.01
14542 0.666923076923077
14542 0.369615384615385
14542 0
14608 0
14608 1.85057692307692
14608 0.01
14608 0.666923076923077
14608 0.369615384615385
14608 0
14475 0
14475 1.85057692307692
14475 0.01
14475 0.666923076923077
14475 0.369615384615385
14475 0
14543 0
14543 1.85057692307692
14543 0.01
14543 0.666923076923077
14543 0.369615384615385
14543 0
14609 0
14609 1.85057692307692
14609 0.01
14609 0.666923076923077
14609 0.369615384615385
14609 0
14476 0
14476 1.85057692307692
14476 0.01
14476 0.666923076923077
14476 0.369615384615385
14476 0
14544 0
14544 1.85057692307692
14544 0.01
14544 0.666923076923077
14544 0.369615384615385
14544 0
14610 0
14610 1.85057692307692
14610 0.01
14610 0.666923076923077
14610 0.369615384615385
14610 0
14545 0
14545 1.85057692307692
14545 0.01
14545 0.666923076923077
14545 0.369615384615385
14545 0
14611 0
14611 1.85057692307692
14611 0.01
14611 0.666923076923077
14611 0.369615384615385
14611 0
14478 0
14478 1.85057692307692
14478 0.01
14478 0.666923076923077
14478 0.369615384615385
14478 0
14612 0
14612 1.85057692307692
14612 0.01
14612 0.666923076923077
14612 0.369615384615385
14612 0
14479 0
14479 1.85057692307692
14479 0.01
14479 0.666923076923077
14479 0.369615384615385
14479 0
14677 0
14677 1.85057692307692
14677 0.01
14677 0.666923076923077
14677 0.369615384615385
14677 0
14613 0
14613 1.85057692307692
14613 0.01
14613 0.666923076923077
14613 0.369615384615385
14613 0
14480 0
14480 1.85057692307692
14480 0.01
14480 0.666923076923077
14480 0.369615384615385
14480 0
14614 0
14614 1.85057692307692
14614 0.01
14614 0.666923076923077
14614 0.369615384615385
14614 0
14678 0
14678 1.85057692307692
14678 0.01
14678 0.666923076923077
14678 0.369615384615385
14678 0
14547 0
14547 1.85057692307692
14547 0.01
14547 0.666923076923077
14547 0.369615384615385
14547 0
14615 0
14615 1.85057692307692
14615 0.01
14615 0.666923076923077
14615 0.369615384615385
14615 0
14679 0
14679 1.85057692307692
14679 0.01
14679 0.666923076923077
14679 0.369615384615385
14679 0
14548 0
14548 1.85057692307692
14548 0.01
14548 0.666923076923077
14548 0.369615384615385
14548 0
14616 0
14616 1.85057692307692
14616 0.01
14616 0.666923076923077
14616 0.369615384615385
14616 0
14549 0
14549 1.85057692307692
14549 0.01
14549 0.666923076923077
14549 0.369615384615385
14549 0
14617 0
14617 1.85057692307692
14617 0.01
14617 0.666923076923077
14617 0.369615384615385
14617 0
14680 0
14680 1.85057692307692
14680 0.01
14680 0.666923076923077
14680 0.369615384615385
14680 0
14618 0
14618 1.85057692307692
14618 0.01
14618 0.666923076923077
14618 0.369615384615385
14618 0
14681 0
14681 1.85057692307692
14681 0.01
14681 0.666923076923077
14681 0.369615384615385
14681 0
14550 0
14550 1.85057692307692
14550 0.01
14550 0.666923076923077
14550 0.369615384615385
14550 0
14682 0
14682 1.85057692307692
14682 0.01
14682 0.666923076923077
14682 0.369615384615385
14682 0
14619 0
14619 1.85057692307692
14619 0.01
14619 0.666923076923077
14619 0.369615384615385
14619 0
14746 0
14746 1.85057692307692
14746 0.01
14746 0.666923076923077
14746 0.369615384615385
14746 0
14683 0
14683 1.85057692307692
14683 0.01
14683 0.666923076923077
14683 0.369615384615385
14683 0
14747 0
14747 1.85057692307692
14747 0.01
14747 0.666923076923077
14747 0.369615384615385
14747 0
14684 0
14684 1.85057692307692
14684 0.01
14684 0.666923076923077
14684 0.369615384615385
14684 0
14685 0
14685 1.85057692307692
14685 0.01
14685 0.666923076923077
14685 0.369615384615385
14685 0
14749 0
14749 1.85057692307692
14749 0.01
14749 0.666923076923077
14749 0.369615384615385
14749 0
14686 0
14686 1.85057692307692
14686 0.01
14686 0.666923076923077
14686 0.369615384615385
14686 0
14687 0
14687 1.85057692307692
14687 0.01
14687 0.666923076923077
14687 0.369615384615385
14687 0
14750 0
14750 1.85057692307692
14750 0.01
14750 0.666923076923077
14750 0.369615384615385
14750 0
14621 0
14621 1.85057692307692
14621 0.01
14621 0.666923076923077
14621 0.369615384615385
14621 0
14688 0
14688 1.85057692307692
14688 0.01
14688 0.666923076923077
14688 0.369615384615385
14688 0
14751 0
14751 1.85057692307692
14751 0.01
14751 0.666923076923077
14751 0.369615384615385
14751 0
14622 0
14622 1.85057692307692
14622 0.01
14622 0.666923076923077
14622 0.369615384615385
14622 0
14689 0
14689 1.85057692307692
14689 0.01
14689 0.666923076923077
14689 0.369615384615385
14689 0
14752 0
14752 1.85057692307692
14752 0.01
14752 0.666923076923077
14752 0.369615384615385
14752 0
14690 0
14690 1.85057692307692
14690 0.01
14690 0.666923076923077
14690 0.369615384615385
14690 0
14753 0
14753 1.85057692307692
14753 0.01
14753 0.666923076923077
14753 0.369615384615385
14753 0
14818 0
14818 1.85057692307692
14818 0.01
14818 0.666923076923077
14818 0.369615384615385
14818 0
14754 0
14754 1.85057692307692
14754 0.01
14754 0.666923076923077
14754 0.369615384615385
14754 0
14755 0
14755 1.85057692307692
14755 0.01
14755 0.666923076923077
14755 0.369615384615385
14755 0
14820 0
14820 1.85057692307692
14820 0.01
14820 0.666923076923077
14820 0.369615384615385
14820 0
14756 0
14756 1.85057692307692
14756 0.01
14756 0.666923076923077
14756 0.369615384615385
14756 0
14821 0
14821 1.85057692307692
14821 0.01
14821 0.666923076923077
14821 0.369615384615385
14821 0
14691 0
14691 1.85057692307692
14691 0.01
14691 0.666923076923077
14691 0.369615384615385
14691 0
14757 0
14757 1.85057692307692
14757 0.01
14757 0.666923076923077
14757 0.369615384615385
14757 0
14758 0
14758 1.85057692307692
14758 0.01
14758 0.666923076923077
14758 0.369615384615385
14758 0
14759 0
14759 1.85057692307692
14759 0.01
14759 0.666923076923077
14759 0.369615384615385
14759 0
14889 0
14889 1.85057692307692
14889 0.01
14889 0.666923076923077
14889 0.369615384615385
14889 0
14825 0
14825 1.85057692307692
14825 0.01
14825 0.666923076923077
14825 0.369615384615385
14825 0
14890 0
14890 1.85057692307692
14890 0.01
14890 0.666923076923077
14890 0.369615384615385
14890 0
14826 0
14826 1.85057692307692
14826 0.01
14826 0.666923076923077
14826 0.369615384615385
14826 0
14891 0
14891 1.85057692307692
14891 0.01
14891 0.666923076923077
14891 0.369615384615385
14891 0
14827 0
14827 1.85057692307692
14827 0.01
14827 0.666923076923077
14827 0.369615384615385
14827 0
14892 0
14892 1.85057692307692
14892 0.01
14892 0.666923076923077
14892 0.369615384615385
14892 0
14762 0
14762 1.85057692307692
14762 0.01
14762 0.666923076923077
14762 0.369615384615385
14762 0
14828 0
14828 1.85057692307692
14828 0.01
14828 0.666923076923077
14828 0.369615384615385
14828 0
14829 0
14829 1.85057692307692
14829 0.01
14829 0.666923076923077
14829 0.369615384615385
14829 0
14894 0
14894 1.85057692307692
14894 0.01
14894 0.666923076923077
14894 0.369615384615385
14894 0
14895 0
14895 1.85057692307692
14895 0.01
14895 0.666923076923077
14895 0.369615384615385
14895 0
14960 0
14960 1.85057692307692
14960 0.01
14960 0.666923076923077
14960 0.369615384615385
14960 0
14961 0
14961 1.85057692307692
14961 0.01
14961 0.666923076923077
14961 0.369615384615385
14961 0
14896 0
14896 1.85057692307692
14896 0.01
14896 0.666923076923077
14896 0.369615384615385
14896 0
14897 0
14897 1.85057692307692
14897 0.01
14897 0.666923076923077
14897 0.369615384615385
14897 0
14962 0
14962 1.85057692307692
14962 0.01
14962 0.666923076923077
14962 0.369615384615385
14962 0
14831 0
14831 1.85057692307692
14831 0.01
14831 0.666923076923077
14831 0.369615384615385
14831 0
14898 0
14898 1.85057692307692
14898 0.01
14898 0.666923076923077
14898 0.369615384615385
14898 0
14963 0
14963 1.85057692307692
14963 0.01
14963 0.666923076923077
14963 0.369615384615385
14963 0
14899 0
14899 1.85057692307692
14899 0.01
14899 0.666923076923077
14899 0.369615384615385
14899 0
14900 0
14900 1.85057692307692
14900 0.01
14900 0.666923076923077
14900 0.369615384615385
14900 0
14965 0
14965 1.85057692307692
14965 0.01
14965 0.666923076923077
14965 0.369615384615385
14965 0
15030 0
15030 1.85057692307692
15030 0.01
15030 0.666923076923077
15030 0.369615384615385
15030 0
14901 0
14901 1.85057692307692
14901 0.01
14901 0.666923076923077
14901 0.369615384615385
14901 0
14966 0
14966 1.85057692307692
14966 0.01
14966 0.666923076923077
14966 0.369615384615385
14966 0
15031 0
15031 1.85057692307692
15031 0.01
15031 0.666923076923077
15031 0.369615384615385
15031 0
15032 0
15032 1.85057692307692
15032 0.01
15032 0.666923076923077
15032 0.369615384615385
15032 0
14968 0
14968 1.85057692307692
14968 0.01
14968 0.666923076923077
14968 0.369615384615385
14968 0
15033 0
15033 1.85057692307692
15033 0.01
15033 0.666923076923077
15033 0.369615384615385
15033 0
14969 0
14969 1.85057692307692
14969 0.01
14969 0.666923076923077
14969 0.369615384615385
14969 0
14902 0
14902 1.85057692307692
14902 0.01
14902 0.666923076923077
14902 0.369615384615385
14902 0
15034 0
15034 1.85057692307692
15034 0.01
15034 0.666923076923077
15034 0.369615384615385
15034 0
14970 0
14970 1.85057692307692
14970 0.01
14970 0.666923076923077
14970 0.369615384615385
14970 0
15035 0
15035 1.85057692307692
15035 0.01
15035 0.666923076923077
15035 0.369615384615385
15035 0
14971 0
14971 1.85057692307692
14971 0.01
14971 0.666923076923077
14971 0.369615384615385
14971 0
15036 0
15036 1.85057692307692
15036 0.01
15036 0.666923076923077
15036 0.369615384615385
15036 0
15101 0
15101 1.85057692307692
15101 0.01
15101 0.666923076923077
15101 0.369615384615385
15101 0
15037 0
15037 1.85057692307692
15037 0.01
15037 0.666923076923077
15037 0.369615384615385
15037 0
15102 0
15102 1.85057692307692
15102 0.01
15102 0.666923076923077
15102 0.369615384615385
15102 0
15038 0
15038 1.85057692307692
15038 0.01
15038 0.666923076923077
15038 0.369615384615385
15038 0
15103 0
15103 1.85057692307692
15103 0.01
15103 0.666923076923077
15103 0.369615384615385
15103 0
15039 0
15039 1.85057692307692
15039 0.01
15039 0.666923076923077
15039 0.369615384615385
15039 0
14973 0
14973 1.85057692307692
14973 0.01
14973 0.666923076923077
14973 0.369615384615385
14973 0
15040 0
15040 1.85057692307692
15040 0.01
15040 0.666923076923077
15040 0.369615384615385
15040 0
14974 0
14974 1.85057692307692
14974 0.01
14974 0.666923076923077
14974 0.369615384615385
14974 0
15041 0
15041 1.85057692307692
15041 0.01
15041 0.666923076923077
15041 0.369615384615385
15041 0
15104 0
15104 1.85057692307692
15104 0.01
15104 0.666923076923077
15104 0.369615384615385
15104 0
15105 0
15105 1.85057692307692
15105 0.01
15105 0.666923076923077
15105 0.369615384615385
15105 0
15171 0
15171 1.85057692307692
15171 0.01
15171 0.666923076923077
15171 0.369615384615385
15171 0
15042 0
15042 1.85057692307692
15042 0.01
15042 0.666923076923077
15042 0.369615384615385
15042 0
15106 0
15106 1.85057692307692
15106 0.01
15106 0.666923076923077
15106 0.369615384615385
15106 0
15172 0
15172 1.85057692307692
15172 0.01
15172 0.666923076923077
15172 0.369615384615385
15172 0
15107 0
15107 1.85057692307692
15107 0.01
15107 0.666923076923077
15107 0.369615384615385
15107 0
15173 0
15173 1.85057692307692
15173 0.01
15173 0.666923076923077
15173 0.369615384615385
15173 0
15108 0
15108 1.85057692307692
15108 0.01
15108 0.666923076923077
15108 0.369615384615385
15108 0
15174 0
15174 1.85057692307692
15174 0.01
15174 0.666923076923077
15174 0.369615384615385
15174 0
15109 0
15109 1.85057692307692
15109 0.01
15109 0.666923076923077
15109 0.369615384615385
15109 0
15044 0
15044 1.85057692307692
15044 0.01
15044 0.666923076923077
15044 0.369615384615385
15044 0
15110 0
15110 1.85057692307692
15110 0.01
15110 0.666923076923077
15110 0.369615384615385
15110 0
15176 0
15176 1.85057692307692
15176 0.01
15176 0.666923076923077
15176 0.369615384615385
15176 0
15112 0
15112 1.85057692307692
15112 0.01
15112 0.666923076923077
15112 0.369615384615385
15112 0
15177 0
15177 1.85057692307692
15177 0.01
15177 0.666923076923077
15177 0.369615384615385
15177 0
15178 0
15178 1.85057692307692
15178 0.01
15178 0.666923076923077
15178 0.369615384615385
15178 0
15242 0
15242 1.85057692307692
15242 0.01
15242 0.666923076923077
15242 0.369615384615385
15242 0
15179 0
15179 1.85057692307692
15179 0.01
15179 0.666923076923077
15179 0.369615384615385
15179 0
15243 0
15243 1.85057692307692
15243 0.01
15243 0.666923076923077
15243 0.369615384615385
15243 0
15113 0
15113 1.85057692307692
15113 0.01
15113 0.666923076923077
15113 0.369615384615385
15113 0
15180 0
15180 1.85057692307692
15180 0.01
15180 0.666923076923077
15180 0.369615384615385
15180 0
15244 0
15244 1.85057692307692
15244 0.01
15244 0.666923076923077
15244 0.369615384615385
15244 0
15181 0
15181 1.85057692307692
15181 0.01
15181 0.666923076923077
15181 0.369615384615385
15181 0
15115 0
15115 1.85057692307692
15115 0.01
15115 0.666923076923077
15115 0.369615384615385
15115 0
15182 0
15182 1.85057692307692
15182 0.01
15182 0.666923076923077
15182 0.369615384615385
15182 0
15183 0
15183 1.85057692307692
15183 0.01
15183 0.666923076923077
15183 0.369615384615385
15183 0
15309 0
15309 1.85057692307692
15309 0.01
15309 0.666923076923077
15309 0.369615384615385
15309 0
15246 0
15246 1.85057692307692
15246 0.01
15246 0.666923076923077
15246 0.369615384615385
15246 0
15184 0
15184 1.85057692307692
15184 0.01
15184 0.666923076923077
15184 0.369615384615385
15184 0
15310 0
15310 1.85057692307692
15310 0.01
15310 0.666923076923077
15310 0.369615384615385
15310 0
15247 0
15247 1.85057692307692
15247 0.01
15247 0.666923076923077
15247 0.369615384615385
15247 0
15311 0
15311 1.85057692307692
15311 0.01
15311 0.666923076923077
15311 0.369615384615385
15311 0
15248 0
15248 1.85057692307692
15248 0.01
15248 0.666923076923077
15248 0.369615384615385
15248 0
15312 0
15312 1.85057692307692
15312 0.01
15312 0.666923076923077
15312 0.369615384615385
15312 0
15249 0
15249 1.85057692307692
15249 0.01
15249 0.666923076923077
15249 0.369615384615385
15249 0
15250 0
15250 1.85057692307692
15250 0.01
15250 0.666923076923077
15250 0.369615384615385
15250 0
15186 0
15186 1.85057692307692
15186 0.01
15186 0.666923076923077
15186 0.369615384615385
15186 0
15251 0
15251 1.85057692307692
15251 0.01
15251 0.666923076923077
15251 0.369615384615385
15251 0
15314 0
15314 1.85057692307692
15314 0.01
15314 0.666923076923077
15314 0.369615384615385
15314 0
15252 0
15252 1.85057692307692
15252 0.01
15252 0.666923076923077
15252 0.369615384615385
15252 0
18088 0
18088 1.85057692307692
18088 0.01
18088 0.666923076923077
18088 0.369615384615385
18088 0
15253 0
15253 1.85057692307692
15253 0.01
15253 0.666923076923077
15253 0.369615384615385
15253 0
15315 0
15315 1.85057692307692
15315 0.01
15315 0.666923076923077
15315 0.369615384615385
15315 0
15378 0
15378 1.85057692307692
15378 0.01
15378 0.666923076923077
15378 0.369615384615385
15378 0
15254 0
15254 1.85057692307692
15254 0.01
15254 0.666923076923077
15254 0.369615384615385
15254 0
15316 0
15316 1.85057692307692
15316 0.01
15316 0.666923076923077
15316 0.369615384615385
15316 0
15379 0
15379 1.85057692307692
15379 0.01
15379 0.666923076923077
15379 0.369615384615385
15379 0
15317 0
15317 1.85057692307692
15317 0.01
15317 0.666923076923077
15317 0.369615384615385
15317 0
15380 0
15380 1.85057692307692
15380 0.01
15380 0.666923076923077
15380 0.369615384615385
15380 0
15318 0
15318 1.85057692307692
15318 0.01
15318 0.666923076923077
15318 0.369615384615385
15318 0
15319 0
15319 1.85057692307692
15319 0.01
15319 0.666923076923077
15319 0.369615384615385
15319 0
15382 0
15382 1.85057692307692
15382 0.01
15382 0.666923076923077
15382 0.369615384615385
15382 0
15320 0
15320 1.85057692307692
15320 0.01
15320 0.666923076923077
15320 0.369615384615385
15320 0
15444 0
15444 1.85057692307692
15444 0.01
15444 0.666923076923077
15444 0.369615384615385
15444 0
15383 0
15383 1.85057692307692
15383 0.01
15383 0.666923076923077
15383 0.369615384615385
15383 0
15321 0
15321 1.85057692307692
15321 0.01
15321 0.666923076923077
15321 0.369615384615385
15321 0
15445 0
15445 1.85057692307692
15445 0.01
15445 0.666923076923077
15445 0.369615384615385
15445 0
15384 0
15384 1.85057692307692
15384 0.01
15384 0.666923076923077
15384 0.369615384615385
15384 0
15322 0
15322 1.85057692307692
15322 0.01
15322 0.666923076923077
15322 0.369615384615385
15322 0
15446 0
15446 1.85057692307692
15446 0.01
15446 0.666923076923077
15446 0.369615384615385
15446 0
15385 0
15385 1.85057692307692
15385 0.01
15385 0.666923076923077
15385 0.369615384615385
15385 0
15447 0
15447 1.85057692307692
15447 0.01
15447 0.666923076923077
15447 0.369615384615385
15447 0
15386 0
15386 1.85057692307692
15386 0.01
15386 0.666923076923077
15386 0.369615384615385
15386 0
15448 0
15448 1.85057692307692
15448 0.01
15448 0.666923076923077
15448 0.369615384615385
15448 0
15387 0
15387 1.85057692307692
15387 0.01
15387 0.666923076923077
15387 0.369615384615385
15387 0
15324 0
15324 1.85057692307692
15324 0.01
15324 0.666923076923077
15324 0.369615384615385
15324 0
15388 0
15388 1.85057692307692
15388 0.01
15388 0.666923076923077
15388 0.369615384615385
15388 0
15449 0
15449 1.85057692307692
15449 0.01
15449 0.666923076923077
15449 0.369615384615385
15449 0
15389 0
15389 1.85057692307692
15389 0.01
15389 0.666923076923077
15389 0.369615384615385
15389 0
15450 0
15450 1.85057692307692
15450 0.01
15450 0.666923076923077
15450 0.369615384615385
15450 0
15390 0
15390 1.85057692307692
15390 0.01
15390 0.666923076923077
15390 0.369615384615385
15390 0
15512 0
15512 1.85057692307692
15512 0.01
15512 0.666923076923077
15512 0.369615384615385
15512 0
15451 0
15451 1.85057692307692
15451 0.01
15451 0.666923076923077
15451 0.369615384615385
15451 0
15391 0
15391 1.85057692307692
15391 0.01
15391 0.666923076923077
15391 0.369615384615385
15391 0
15452 0
15452 1.85057692307692
15452 0.01
15452 0.666923076923077
15452 0.369615384615385
15452 0
15514 0
15514 1.85057692307692
15514 0.01
15514 0.666923076923077
15514 0.369615384615385
15514 0
15453 0
15453 1.85057692307692
15453 0.01
15453 0.666923076923077
15453 0.369615384615385
15453 0
15454 0
15454 1.85057692307692
15454 0.01
15454 0.666923076923077
15454 0.369615384615385
15454 0
15455 0
15455 1.85057692307692
15455 0.01
15455 0.666923076923077
15455 0.369615384615385
15455 0
15577 0
15577 1.85057692307692
15577 0.01
15577 0.666923076923077
15577 0.369615384615385
15577 0
15515 0
15515 1.85057692307692
15515 0.01
15515 0.666923076923077
15515 0.369615384615385
15515 0
15456 0
15456 1.85057692307692
15456 0.01
15456 0.666923076923077
15456 0.369615384615385
15456 0
15578 0
15578 1.85057692307692
15578 0.01
15578 0.666923076923077
15578 0.369615384615385
15578 0
15516 0
15516 1.85057692307692
15516 0.01
15516 0.666923076923077
15516 0.369615384615385
15516 0
15457 0
15457 1.85057692307692
15457 0.01
15457 0.666923076923077
15457 0.369615384615385
15457 0
15579 0
15579 1.85057692307692
15579 0.01
15579 0.666923076923077
15579 0.369615384615385
15579 0
15517 0
15517 1.85057692307692
15517 0.01
15517 0.666923076923077
15517 0.369615384615385
15517 0
15458 0
15458 1.85057692307692
15458 0.01
15458 0.666923076923077
15458 0.369615384615385
15458 0
15518 0
15518 1.85057692307692
15518 0.01
15518 0.666923076923077
15518 0.369615384615385
15518 0
15581 0
15581 1.85057692307692
15581 0.01
15581 0.666923076923077
15581 0.369615384615385
15581 0
15519 0
15519 1.85057692307692
15519 0.01
15519 0.666923076923077
15519 0.369615384615385
15519 0
15582 0
15582 1.85057692307692
15582 0.01
15582 0.666923076923077
15582 0.369615384615385
15582 0
15520 0
15520 1.85057692307692
15520 0.01
15520 0.666923076923077
15520 0.369615384615385
15520 0
15521 0
15521 1.85057692307692
15521 0.01
15521 0.666923076923077
15521 0.369615384615385
15521 0
15459 0
15459 1.85057692307692
15459 0.01
15459 0.666923076923077
15459 0.369615384615385
15459 0
15583 0
15583 1.85057692307692
15583 0.01
15583 0.666923076923077
15583 0.369615384615385
15583 0
15522 0
15522 1.85057692307692
15522 0.01
15522 0.666923076923077
15522 0.369615384615385
15522 0
15646 0
15646 1.85057692307692
15646 0.01
15646 0.666923076923077
15646 0.369615384615385
15646 0
15523 0
15523 1.85057692307692
15523 0.01
15523 0.666923076923077
15523 0.369615384615385
15523 0
15647 0
15647 1.85057692307692
15647 0.01
15647 0.666923076923077
15647 0.369615384615385
15647 0
15524 0
15524 1.85057692307692
15524 0.01
15524 0.666923076923077
15524 0.369615384615385
15524 0
15586 0
15586 1.85057692307692
15586 0.01
15586 0.666923076923077
15586 0.369615384615385
15586 0
15648 0
15648 1.85057692307692
15648 0.01
15648 0.666923076923077
15648 0.369615384615385
15648 0
15525 0
15525 1.85057692307692
15525 0.01
15525 0.666923076923077
15525 0.369615384615385
15525 0
15587 0
15587 1.85057692307692
15587 0.01
15587 0.666923076923077
15587 0.369615384615385
15587 0
15649 0
15649 1.85057692307692
15649 0.01
15649 0.666923076923077
15649 0.369615384615385
15649 0
15588 0
15588 1.85057692307692
15588 0.01
15588 0.666923076923077
15588 0.369615384615385
15588 0
15527 0
15527 1.85057692307692
15527 0.01
15527 0.666923076923077
15527 0.369615384615385
15527 0
15589 0
15589 1.85057692307692
15589 0.01
15589 0.666923076923077
15589 0.369615384615385
15589 0
15650 0
15650 1.85057692307692
15650 0.01
15650 0.666923076923077
15650 0.369615384615385
15650 0
15590 0
15590 1.85057692307692
15590 0.01
15590 0.666923076923077
15590 0.369615384615385
15590 0
15712 0
15712 1.85057692307692
15712 0.01
15712 0.666923076923077
15712 0.369615384615385
15712 0
15591 0
15591 1.85057692307692
15591 0.01
15591 0.666923076923077
15591 0.369615384615385
15591 0
15713 0
15713 1.85057692307692
15713 0.01
15713 0.666923076923077
15713 0.369615384615385
15713 0
15592 0
15592 1.85057692307692
15592 0.01
15592 0.666923076923077
15592 0.369615384615385
15592 0
15714 0
15714 1.85057692307692
15714 0.01
15714 0.666923076923077
15714 0.369615384615385
15714 0
15652 0
15652 1.85057692307692
15652 0.01
15652 0.666923076923077
15652 0.369615384615385
15652 0
15593 0
15593 1.85057692307692
15593 0.01
15593 0.666923076923077
15593 0.369615384615385
15593 0
15715 0
15715 1.85057692307692
15715 0.01
15715 0.666923076923077
15715 0.369615384615385
15715 0
15594 0
15594 1.85057692307692
15594 0.01
15594 0.666923076923077
15594 0.369615384615385
15594 0
15653 0
15653 1.85057692307692
15653 0.01
15653 0.666923076923077
15653 0.369615384615385
15653 0
15595 0
15595 1.85057692307692
15595 0.01
15595 0.666923076923077
15595 0.369615384615385
15595 0
15654 0
15654 1.85057692307692
15654 0.01
15654 0.666923076923077
15654 0.369615384615385
15654 0
15716 0
15716 1.85057692307692
15716 0.01
15716 0.666923076923077
15716 0.369615384615385
15716 0
15655 0
15655 1.85057692307692
15655 0.01
15655 0.666923076923077
15655 0.369615384615385
15655 0
15778 0
15778 1.85057692307692
15778 0.01
15778 0.666923076923077
15778 0.369615384615385
15778 0
15656 0
15656 1.85057692307692
15656 0.01
15656 0.666923076923077
15656 0.369615384615385
15656 0
15779 0
15779 1.85057692307692
15779 0.01
15779 0.666923076923077
15779 0.369615384615385
15779 0
15717 0
15717 1.85057692307692
15717 0.01
15717 0.666923076923077
15717 0.369615384615385
15717 0
15658 0
15658 1.85057692307692
15658 0.01
15658 0.666923076923077
15658 0.369615384615385
15658 0
15780 0
15780 1.85057692307692
15780 0.01
15780 0.666923076923077
15780 0.369615384615385
15780 0
15718 0
15718 1.85057692307692
15718 0.01
15718 0.666923076923077
15718 0.369615384615385
15718 0
15659 0
15659 1.85057692307692
15659 0.01
15659 0.666923076923077
15659 0.369615384615385
15659 0
15781 0
15781 1.85057692307692
15781 0.01
15781 0.666923076923077
15781 0.369615384615385
15781 0
15719 0
15719 1.85057692307692
15719 0.01
15719 0.666923076923077
15719 0.369615384615385
15719 0
15660 0
15660 1.85057692307692
15660 0.01
15660 0.666923076923077
15660 0.369615384615385
15660 0
15896 0
15896 1.85057692307692
15896 0.01
15896 0.666923076923077
15896 0.369615384615385
15896 0
15720 0
15720 1.85057692307692
15720 0.01
15720 0.666923076923077
15720 0.369615384615385
15720 0
15661 0
15661 1.85057692307692
15661 0.01
15661 0.666923076923077
15661 0.369615384615385
15661 0
15840 0
15840 1.85057692307692
15840 0.01
15840 0.666923076923077
15840 0.369615384615385
15840 0
15897 0
15897 1.85057692307692
15897 0.01
15897 0.666923076923077
15897 0.369615384615385
15897 0
15721 0
15721 1.85057692307692
15721 0.01
15721 0.666923076923077
15721 0.369615384615385
15721 0
15841 0
15841 1.85057692307692
15841 0.01
15841 0.666923076923077
15841 0.369615384615385
15841 0
15722 0
15722 1.85057692307692
15722 0.01
15722 0.666923076923077
15722 0.369615384615385
15722 0
15842 0
15842 1.85057692307692
15842 0.01
15842 0.666923076923077
15842 0.369615384615385
15842 0
15723 0
15723 1.85057692307692
15723 0.01
15723 0.666923076923077
15723 0.369615384615385
15723 0
15843 0
15843 1.85057692307692
15843 0.01
15843 0.666923076923077
15843 0.369615384615385
15843 0
15782 0
15782 1.85057692307692
15782 0.01
15782 0.666923076923077
15782 0.369615384615385
15782 0
15724 0
15724 1.85057692307692
15724 0.01
15724 0.666923076923077
15724 0.369615384615385
15724 0
15783 0
15783 1.85057692307692
15783 0.01
15783 0.666923076923077
15783 0.369615384615385
15783 0
15725 0
15725 1.85057692307692
15725 0.01
15725 0.666923076923077
15725 0.369615384615385
15725 0
15844 0
15844 1.85057692307692
15844 0.01
15844 0.666923076923077
15844 0.369615384615385
15844 0
15784 0
15784 1.85057692307692
15784 0.01
15784 0.666923076923077
15784 0.369615384615385
15784 0
15726 0
15726 1.85057692307692
15726 0.01
15726 0.666923076923077
15726 0.369615384615385
15726 0
15964 0
15964 1.85057692307692
15964 0.01
15964 0.666923076923077
15964 0.369615384615385
15964 0
15727 0
15727 1.85057692307692
15727 0.01
15727 0.666923076923077
15727 0.369615384615385
15727 0
15785 0
15785 1.85057692307692
15785 0.01
15785 0.666923076923077
15785 0.369615384615385
15785 0
15965 0
15965 1.85057692307692
15965 0.01
15965 0.666923076923077
15965 0.369615384615385
15965 0
15786 0
15786 1.85057692307692
15786 0.01
15786 0.666923076923077
15786 0.369615384615385
15786 0
15904 0
15904 1.85057692307692
15904 0.01
15904 0.666923076923077
15904 0.369615384615385
15904 0
15966 0
15966 1.85057692307692
15966 0.01
15966 0.666923076923077
15966 0.369615384615385
15966 0
15787 0
15787 1.85057692307692
15787 0.01
15787 0.666923076923077
15787 0.369615384615385
15787 0
15905 0
15905 1.85057692307692
15905 0.01
15905 0.666923076923077
15905 0.369615384615385
15905 0
15967 0
15967 1.85057692307692
15967 0.01
15967 0.666923076923077
15967 0.369615384615385
15967 0
15788 0
15788 1.85057692307692
15788 0.01
15788 0.666923076923077
15788 0.369615384615385
15788 0
15906 0
15906 1.85057692307692
15906 0.01
15906 0.666923076923077
15906 0.369615384615385
15906 0
15845 0
15845 1.85057692307692
15845 0.01
15845 0.666923076923077
15845 0.369615384615385
15845 0
15789 0
15789 1.85057692307692
15789 0.01
15789 0.666923076923077
15789 0.369615384615385
15789 0
15968 0
15968 1.85057692307692
15968 0.01
15968 0.666923076923077
15968 0.369615384615385
15968 0
15907 0
15907 1.85057692307692
15907 0.01
15907 0.666923076923077
15907 0.369615384615385
15907 0
15846 0
15846 1.85057692307692
15846 0.01
15846 0.666923076923077
15846 0.369615384615385
15846 0
15790 0
15790 1.85057692307692
15790 0.01
15790 0.666923076923077
15790 0.369615384615385
15790 0
16027 0
16027 1.85057692307692
16027 0.01
16027 0.666923076923077
16027 0.369615384615385
16027 0
15908 0
15908 1.85057692307692
15908 0.01
15908 0.666923076923077
15908 0.369615384615385
15908 0
15847 0
15847 1.85057692307692
15847 0.01
15847 0.666923076923077
15847 0.369615384615385
15847 0
16028 0
16028 1.85057692307692
16028 0.01
16028 0.666923076923077
16028 0.369615384615385
16028 0
15909 0
15909 1.85057692307692
15909 0.01
15909 0.666923076923077
15909 0.369615384615385
15909 0
15791 0
15791 1.85057692307692
15791 0.01
15791 0.666923076923077
15791 0.369615384615385
15791 0
15848 0
15848 1.85057692307692
15848 0.01
15848 0.666923076923077
15848 0.369615384615385
15848 0
15910 0
15910 1.85057692307692
15910 0.01
15910 0.666923076923077
15910 0.369615384615385
15910 0
16029 0
16029 1.85057692307692
16029 0.01
16029 0.666923076923077
16029 0.369615384615385
16029 0
15849 0
15849 1.85057692307692
15849 0.01
15849 0.666923076923077
15849 0.369615384615385
15849 0
15972 0
15972 1.85057692307692
15972 0.01
15972 0.666923076923077
15972 0.369615384615385
15972 0
16030 0
16030 1.85057692307692
16030 0.01
16030 0.666923076923077
16030 0.369615384615385
16030 0
15850 0
15850 1.85057692307692
15850 0.01
15850 0.666923076923077
15850 0.369615384615385
15850 0
15973 0
15973 1.85057692307692
15973 0.01
15973 0.666923076923077
15973 0.369615384615385
15973 0
16031 0
16031 1.85057692307692
16031 0.01
16031 0.666923076923077
16031 0.369615384615385
16031 0
15851 0
15851 1.85057692307692
15851 0.01
15851 0.666923076923077
15851 0.369615384615385
15851 0
15974 0
15974 1.85057692307692
15974 0.01
15974 0.666923076923077
15974 0.369615384615385
15974 0
15912 0
15912 1.85057692307692
15912 0.01
15912 0.666923076923077
15912 0.369615384615385
15912 0
15852 0
15852 1.85057692307692
15852 0.01
15852 0.666923076923077
15852 0.369615384615385
15852 0
16032 0
16032 1.85057692307692
16032 0.01
16032 0.666923076923077
16032 0.369615384615385
16032 0
15975 0
15975 1.85057692307692
15975 0.01
15975 0.666923076923077
15975 0.369615384615385
15975 0
15913 0
15913 1.85057692307692
15913 0.01
15913 0.666923076923077
15913 0.369615384615385
15913 0
16033 0
16033 1.85057692307692
16033 0.01
16033 0.666923076923077
16033 0.369615384615385
16033 0
16091 0
16091 1.85057692307692
16091 0.01
16091 0.666923076923077
16091 0.369615384615385
16091 0
15976 0
15976 1.85057692307692
15976 0.01
15976 0.666923076923077
15976 0.369615384615385
15976 0
15914 0
15914 1.85057692307692
15914 0.01
15914 0.666923076923077
15914 0.369615384615385
15914 0
16092 0
16092 1.85057692307692
16092 0.01
16092 0.666923076923077
16092 0.369615384615385
16092 0
15977 0
15977 1.85057692307692
15977 0.01
15977 0.666923076923077
15977 0.369615384615385
15977 0
15915 0
15915 1.85057692307692
15915 0.01
15915 0.666923076923077
15915 0.369615384615385
15915 0
15854 0
15854 1.85057692307692
15854 0.01
15854 0.666923076923077
15854 0.369615384615385
15854 0
15978 0
15978 1.85057692307692
15978 0.01
15978 0.666923076923077
15978 0.369615384615385
15978 0
16093 0
16093 1.85057692307692
16093 0.01
16093 0.666923076923077
16093 0.369615384615385
16093 0
15916 0
15916 1.85057692307692
15916 0.01
15916 0.666923076923077
15916 0.369615384615385
15916 0
16036 0
16036 1.85057692307692
16036 0.01
16036 0.666923076923077
16036 0.369615384615385
16036 0
16094 0
16094 1.85057692307692
16094 0.01
16094 0.666923076923077
16094 0.369615384615385
16094 0
15917 0
15917 1.85057692307692
15917 0.01
15917 0.666923076923077
15917 0.369615384615385
15917 0
16037 0
16037 1.85057692307692
16037 0.01
16037 0.666923076923077
16037 0.369615384615385
16037 0
15918 0
15918 1.85057692307692
15918 0.01
15918 0.666923076923077
15918 0.369615384615385
15918 0
16095 0
16095 1.85057692307692
16095 0.01
16095 0.666923076923077
16095 0.369615384615385
16095 0
16038 0
16038 1.85057692307692
16038 0.01
16038 0.666923076923077
16038 0.369615384615385
16038 0
15919 0
15919 1.85057692307692
15919 0.01
15919 0.666923076923077
15919 0.369615384615385
15919 0
16096 0
16096 1.85057692307692
16096 0.01
16096 0.666923076923077
16096 0.369615384615385
16096 0
16039 0
16039 1.85057692307692
16039 0.01
16039 0.666923076923077
16039 0.369615384615385
16039 0
15980 0
15980 1.85057692307692
15980 0.01
15980 0.666923076923077
15980 0.369615384615385
15980 0
16097 0
16097 1.85057692307692
16097 0.01
16097 0.666923076923077
16097 0.369615384615385
16097 0
16040 0
16040 1.85057692307692
16040 0.01
16040 0.666923076923077
16040 0.369615384615385
16040 0
15981 0
15981 1.85057692307692
15981 0.01
15981 0.666923076923077
15981 0.369615384615385
15981 0
16098 0
16098 1.85057692307692
16098 0.01
16098 0.666923076923077
16098 0.369615384615385
16098 0
16158 0
16158 1.85057692307692
16158 0.01
16158 0.666923076923077
16158 0.369615384615385
16158 0
16041 0
16041 1.85057692307692
16041 0.01
16041 0.666923076923077
16041 0.369615384615385
16041 0
15982 0
15982 1.85057692307692
15982 0.01
15982 0.666923076923077
15982 0.369615384615385
15982 0
15921 0
15921 1.85057692307692
15921 0.01
15921 0.666923076923077
15921 0.369615384615385
15921 0
16099 0
16099 1.85057692307692
16099 0.01
16099 0.666923076923077
16099 0.369615384615385
16099 0
16159 0
16159 1.85057692307692
16159 0.01
16159 0.666923076923077
16159 0.369615384615385
16159 0
16042 0
16042 1.85057692307692
16042 0.01
16042 0.666923076923077
16042 0.369615384615385
16042 0
15983 0
15983 1.85057692307692
15983 0.01
15983 0.666923076923077
15983 0.369615384615385
15983 0
16100 0
16100 1.85057692307692
16100 0.01
16100 0.666923076923077
16100 0.369615384615385
16100 0
16160 0
16160 1.85057692307692
16160 0.01
16160 0.666923076923077
16160 0.369615384615385
16160 0
15984 0
15984 1.85057692307692
15984 0.01
15984 0.666923076923077
15984 0.369615384615385
15984 0
16101 0
16101 1.85057692307692
16101 0.01
16101 0.666923076923077
16101 0.369615384615385
16101 0
16161 0
16161 1.85057692307692
16161 0.01
16161 0.666923076923077
16161 0.369615384615385
16161 0
15985 0
15985 1.85057692307692
15985 0.01
15985 0.666923076923077
15985 0.369615384615385
15985 0
16102 0
16102 1.85057692307692
16102 0.01
16102 0.666923076923077
16102 0.369615384615385
16102 0
16162 0
16162 1.85057692307692
16162 0.01
16162 0.666923076923077
16162 0.369615384615385
16162 0
16103 0
16103 1.85057692307692
16103 0.01
16103 0.666923076923077
16103 0.369615384615385
16103 0
16044 0
16044 1.85057692307692
16044 0.01
16044 0.666923076923077
16044 0.369615384615385
16044 0
16163 0
16163 1.85057692307692
16163 0.01
16163 0.666923076923077
16163 0.369615384615385
16163 0
16104 0
16104 1.85057692307692
16104 0.01
16104 0.666923076923077
16104 0.369615384615385
16104 0
16045 0
16045 1.85057692307692
16045 0.01
16045 0.666923076923077
16045 0.369615384615385
16045 0
16164 0
16164 1.85057692307692
16164 0.01
16164 0.666923076923077
16164 0.369615384615385
16164 0
16221 0
16221 1.85057692307692
16221 0.01
16221 0.666923076923077
16221 0.369615384615385
16221 0
16105 0
16105 1.85057692307692
16105 0.01
16105 0.666923076923077
16105 0.369615384615385
16105 0
16046 0
16046 1.85057692307692
16046 0.01
16046 0.666923076923077
16046 0.369615384615385
16046 0
15986 0
15986 1.85057692307692
15986 0.01
15986 0.666923076923077
15986 0.369615384615385
15986 0
16165 0
16165 1.85057692307692
16165 0.01
16165 0.666923076923077
16165 0.369615384615385
16165 0
16222 0
16222 1.85057692307692
16222 0.01
16222 0.666923076923077
16222 0.369615384615385
16222 0
16106 0
16106 1.85057692307692
16106 0.01
16106 0.666923076923077
16106 0.369615384615385
16106 0
16047 0
16047 1.85057692307692
16047 0.01
16047 0.666923076923077
16047 0.369615384615385
16047 0
16166 0
16166 1.85057692307692
16166 0.01
16166 0.666923076923077
16166 0.369615384615385
16166 0
16223 0
16223 1.85057692307692
16223 0.01
16223 0.666923076923077
16223 0.369615384615385
16223 0
16107 0
16107 1.85057692307692
16107 0.01
16107 0.666923076923077
16107 0.369615384615385
16107 0
16048 0
16048 1.85057692307692
16048 0.01
16048 0.666923076923077
16048 0.369615384615385
16048 0
16167 0
16167 1.85057692307692
16167 0.01
16167 0.666923076923077
16167 0.369615384615385
16167 0
16224 0
16224 1.85057692307692
16224 0.01
16224 0.666923076923077
16224 0.369615384615385
16224 0
16168 0
16168 1.85057692307692
16168 0.01
16168 0.666923076923077
16168 0.369615384615385
16168 0
16169 0
16169 1.85057692307692
16169 0.01
16169 0.666923076923077
16169 0.369615384615385
16169 0
16225 0
16225 1.85057692307692
16225 0.01
16225 0.666923076923077
16225 0.369615384615385
16225 0
16285 0
16285 1.85057692307692
16285 0.01
16285 0.666923076923077
16285 0.369615384615385
16285 0
16170 0
16170 1.85057692307692
16170 0.01
16170 0.666923076923077
16170 0.369615384615385
16170 0
16109 0
16109 1.85057692307692
16109 0.01
16109 0.666923076923077
16109 0.369615384615385
16109 0
16226 0
16226 1.85057692307692
16226 0.01
16226 0.666923076923077
16226 0.369615384615385
16226 0
16286 0
16286 1.85057692307692
16286 0.01
16286 0.666923076923077
16286 0.369615384615385
16286 0
16171 0
16171 1.85057692307692
16171 0.01
16171 0.666923076923077
16171 0.369615384615385
16171 0
16110 0
16110 1.85057692307692
16110 0.01
16110 0.666923076923077
16110 0.369615384615385
16110 0
16050 0
16050 1.85057692307692
16050 0.01
16050 0.666923076923077
16050 0.369615384615385
16050 0
16227 0
16227 1.85057692307692
16227 0.01
16227 0.666923076923077
16227 0.369615384615385
16227 0
16287 0
16287 1.85057692307692
16287 0.01
16287 0.666923076923077
16287 0.369615384615385
16287 0
16172 0
16172 1.85057692307692
16172 0.01
16172 0.666923076923077
16172 0.369615384615385
16172 0
16111 0
16111 1.85057692307692
16111 0.01
16111 0.666923076923077
16111 0.369615384615385
16111 0
16051 0
16051 1.85057692307692
16051 0.01
16051 0.666923076923077
16051 0.369615384615385
16051 0
16228 0
16228 1.85057692307692
16228 0.01
16228 0.666923076923077
16228 0.369615384615385
16228 0
16173 0
16173 1.85057692307692
16173 0.01
16173 0.666923076923077
16173 0.369615384615385
16173 0
16288 0
16288 1.85057692307692
16288 0.01
16288 0.666923076923077
16288 0.369615384615385
16288 0
16112 0
16112 1.85057692307692
16112 0.01
16112 0.666923076923077
16112 0.369615384615385
16112 0
16229 0
16229 1.85057692307692
16229 0.01
16229 0.666923076923077
16229 0.369615384615385
16229 0
16289 0
16289 1.85057692307692
16289 0.01
16289 0.666923076923077
16289 0.369615384615385
16289 0
16113 0
16113 1.85057692307692
16113 0.01
16113 0.666923076923077
16113 0.369615384615385
16113 0
16230 0
16230 1.85057692307692
16230 0.01
16230 0.666923076923077
16230 0.369615384615385
16230 0
16231 0
16231 1.85057692307692
16231 0.01
16231 0.666923076923077
16231 0.369615384615385
16231 0
16349 0
16349 1.85057692307692
16349 0.01
16349 0.666923076923077
16349 0.369615384615385
16349 0
16232 0
16232 1.85057692307692
16232 0.01
16232 0.666923076923077
16232 0.369615384615385
16232 0
16174 0
16174 1.85057692307692
16174 0.01
16174 0.666923076923077
16174 0.369615384615385
16174 0
16115 0
16115 1.85057692307692
16115 0.01
16115 0.666923076923077
16115 0.369615384615385
16115 0
16350 0
16350 1.85057692307692
16350 0.01
16350 0.666923076923077
16350 0.369615384615385
16350 0
16233 0
16233 1.85057692307692
16233 0.01
16233 0.666923076923077
16233 0.369615384615385
16233 0
16175 0
16175 1.85057692307692
16175 0.01
16175 0.666923076923077
16175 0.369615384615385
16175 0
16116 0
16116 1.85057692307692
16116 0.01
16116 0.666923076923077
16116 0.369615384615385
16116 0
16291 0
16291 1.85057692307692
16291 0.01
16291 0.666923076923077
16291 0.369615384615385
16291 0
16351 0
16351 1.85057692307692
16351 0.01
16351 0.666923076923077
16351 0.369615384615385
16351 0
16234 0
16234 1.85057692307692
16234 0.01
16234 0.666923076923077
16234 0.369615384615385
16234 0
16176 0
16176 1.85057692307692
16176 0.01
16176 0.666923076923077
16176 0.369615384615385
16176 0
16117 0
16117 1.85057692307692
16117 0.01
16117 0.666923076923077
16117 0.369615384615385
16117 0
16292 0
16292 1.85057692307692
16292 0.01
16292 0.666923076923077
16292 0.369615384615385
16292 0
16352 0
16352 1.85057692307692
16352 0.01
16352 0.666923076923077
16352 0.369615384615385
16352 0
16177 0
16177 1.85057692307692
16177 0.01
16177 0.666923076923077
16177 0.369615384615385
16177 0
16293 0
16293 1.85057692307692
16293 0.01
16293 0.666923076923077
16293 0.369615384615385
16293 0
16178 0
16178 1.85057692307692
16178 0.01
16178 0.666923076923077
16178 0.369615384615385
16178 0
16294 0
16294 1.85057692307692
16294 0.01
16294 0.666923076923077
16294 0.369615384615385
16294 0
16179 0
16179 1.85057692307692
16179 0.01
16179 0.666923076923077
16179 0.369615384615385
16179 0
16295 0
16295 1.85057692307692
16295 0.01
16295 0.666923076923077
16295 0.369615384615385
16295 0
16413 0
16413 1.85057692307692
16413 0.01
16413 0.666923076923077
16413 0.369615384615385
16413 0
16296 0
16296 1.85057692307692
16296 0.01
16296 0.666923076923077
16296 0.369615384615385
16296 0
16236 0
16236 1.85057692307692
16236 0.01
16236 0.666923076923077
16236 0.369615384615385
16236 0
16414 0
16414 1.85057692307692
16414 0.01
16414 0.666923076923077
16414 0.369615384615385
16414 0
16297 0
16297 1.85057692307692
16297 0.01
16297 0.666923076923077
16297 0.369615384615385
16297 0
16237 0
16237 1.85057692307692
16237 0.01
16237 0.666923076923077
16237 0.369615384615385
16237 0
16180 0
16180 1.85057692307692
16180 0.01
16180 0.666923076923077
16180 0.369615384615385
16180 0
16354 0
16354 1.85057692307692
16354 0.01
16354 0.666923076923077
16354 0.369615384615385
16354 0
16415 0
16415 1.85057692307692
16415 0.01
16415 0.666923076923077
16415 0.369615384615385
16415 0
16298 0
16298 1.85057692307692
16298 0.01
16298 0.666923076923077
16298 0.369615384615385
16298 0
16238 0
16238 1.85057692307692
16238 0.01
16238 0.666923076923077
16238 0.369615384615385
16238 0
16355 0
16355 1.85057692307692
16355 0.01
16355 0.666923076923077
16355 0.369615384615385
16355 0
16416 0
16416 1.85057692307692
16416 0.01
16416 0.666923076923077
16416 0.369615384615385
16416 0
16299 0
16299 1.85057692307692
16299 0.01
16299 0.666923076923077
16299 0.369615384615385
16299 0
16239 0
16239 1.85057692307692
16239 0.01
16239 0.666923076923077
16239 0.369615384615385
16239 0
16356 0
16356 1.85057692307692
16356 0.01
16356 0.666923076923077
16356 0.369615384615385
16356 0
16240 0
16240 1.85057692307692
16240 0.01
16240 0.666923076923077
16240 0.369615384615385
16240 0
16357 0
16357 1.85057692307692
16357 0.01
16357 0.666923076923077
16357 0.369615384615385
16357 0
16241 0
16241 1.85057692307692
16241 0.01
16241 0.666923076923077
16241 0.369615384615385
16241 0
16475 0
16475 1.85057692307692
16475 0.01
16475 0.666923076923077
16475 0.369615384615385
16475 0
16358 0
16358 1.85057692307692
16358 0.01
16358 0.666923076923077
16358 0.369615384615385
16358 0
16242 0
16242 1.85057692307692
16242 0.01
16242 0.666923076923077
16242 0.369615384615385
16242 0
16476 0
16476 1.85057692307692
16476 0.01
16476 0.666923076923077
16476 0.369615384615385
16476 0
16359 0
16359 1.85057692307692
16359 0.01
16359 0.666923076923077
16359 0.369615384615385
16359 0
16243 0
16243 1.85057692307692
16243 0.01
16243 0.666923076923077
16243 0.369615384615385
16243 0
16477 0
16477 1.85057692307692
16477 0.01
16477 0.666923076923077
16477 0.369615384615385
16477 0
16360 0
16360 1.85057692307692
16360 0.01
16360 0.666923076923077
16360 0.369615384615385
16360 0
16301 0
16301 1.85057692307692
16301 0.01
16301 0.666923076923077
16301 0.369615384615385
16301 0
16478 0
16478 1.85057692307692
16478 0.01
16478 0.666923076923077
16478 0.369615384615385
16478 0
16361 0
16361 1.85057692307692
16361 0.01
16361 0.666923076923077
16361 0.369615384615385
16361 0
16302 0
16302 1.85057692307692
16302 0.01
16302 0.666923076923077
16302 0.369615384615385
16302 0
16244 0
16244 1.85057692307692
16244 0.01
16244 0.666923076923077
16244 0.369615384615385
16244 0
16418 0
16418 1.85057692307692
16418 0.01
16418 0.666923076923077
16418 0.369615384615385
16418 0
16479 0
16479 1.85057692307692
16479 0.01
16479 0.666923076923077
16479 0.369615384615385
16479 0
16362 0
16362 1.85057692307692
16362 0.01
16362 0.666923076923077
16362 0.369615384615385
16362 0
16303 0
16303 1.85057692307692
16303 0.01
16303 0.666923076923077
16303 0.369615384615385
16303 0
16245 0
16245 1.85057692307692
16245 0.01
16245 0.666923076923077
16245 0.369615384615385
16245 0
16419 0
16419 1.85057692307692
16419 0.01
16419 0.666923076923077
16419 0.369615384615385
16419 0
16304 0
16304 1.85057692307692
16304 0.01
16304 0.666923076923077
16304 0.369615384615385
16304 0
16420 0
16420 1.85057692307692
16420 0.01
16420 0.666923076923077
16420 0.369615384615385
16420 0
16536 0
16536 1.85057692307692
16536 0.01
16536 0.666923076923077
16536 0.369615384615385
16536 0
16305 0
16305 1.85057692307692
16305 0.01
16305 0.666923076923077
16305 0.369615384615385
16305 0
16421 0
16421 1.85057692307692
16421 0.01
16421 0.666923076923077
16421 0.369615384615385
16421 0
16306 0
16306 1.85057692307692
16306 0.01
16306 0.666923076923077
16306 0.369615384615385
16306 0
16537 0
16537 1.85057692307692
16537 0.01
16537 0.666923076923077
16537 0.369615384615385
16537 0
16422 0
16422 1.85057692307692
16422 0.01
16422 0.666923076923077
16422 0.369615384615385
16422 0
16307 0
16307 1.85057692307692
16307 0.01
16307 0.666923076923077
16307 0.369615384615385
16307 0
16538 0
16538 1.85057692307692
16538 0.01
16538 0.666923076923077
16538 0.369615384615385
16538 0
16423 0
16423 1.85057692307692
16423 0.01
16423 0.666923076923077
16423 0.369615384615385
16423 0
16364 0
16364 1.85057692307692
16364 0.01
16364 0.666923076923077
16364 0.369615384615385
16364 0
16308 0
16308 1.85057692307692
16308 0.01
16308 0.666923076923077
16308 0.369615384615385
16308 0
16539 0
16539 1.85057692307692
16539 0.01
16539 0.666923076923077
16539 0.369615384615385
16539 0
16424 0
16424 1.85057692307692
16424 0.01
16424 0.666923076923077
16424 0.369615384615385
16424 0
16365 0
16365 1.85057692307692
16365 0.01
16365 0.666923076923077
16365 0.369615384615385
16365 0
16309 0
16309 1.85057692307692
16309 0.01
16309 0.666923076923077
16309 0.369615384615385
16309 0
16540 0
16540 1.85057692307692
16540 0.01
16540 0.666923076923077
16540 0.369615384615385
16540 0
16425 0
16425 1.85057692307692
16425 0.01
16425 0.666923076923077
16425 0.369615384615385
16425 0
16366 0
16366 1.85057692307692
16366 0.01
16366 0.666923076923077
16366 0.369615384615385
16366 0
16481 0
16481 1.85057692307692
16481 0.01
16481 0.666923076923077
16481 0.369615384615385
16481 0
16541 0
16541 1.85057692307692
16541 0.01
16541 0.666923076923077
16541 0.369615384615385
16541 0
16367 0
16367 1.85057692307692
16367 0.01
16367 0.666923076923077
16367 0.369615384615385
16367 0
16482 0
16482 1.85057692307692
16482 0.01
16482 0.666923076923077
16482 0.369615384615385
16482 0
16591 0
16591 1.85057692307692
16591 0.01
16591 0.666923076923077
16591 0.369615384615385
16591 0
16368 0
16368 1.85057692307692
16368 0.01
16368 0.666923076923077
16368 0.369615384615385
16368 0
16483 0
16483 1.85057692307692
16483 0.01
16483 0.666923076923077
16483 0.369615384615385
16483 0
16369 0
16369 1.85057692307692
16369 0.01
16369 0.666923076923077
16369 0.369615384615385
16369 0
16592 0
16592 1.85057692307692
16592 0.01
16592 0.666923076923077
16592 0.369615384615385
16592 0
16484 0
16484 1.85057692307692
16484 0.01
16484 0.666923076923077
16484 0.369615384615385
16484 0
16370 0
16370 1.85057692307692
16370 0.01
16370 0.666923076923077
16370 0.369615384615385
16370 0
16593 0
16593 1.85057692307692
16593 0.01
16593 0.666923076923077
16593 0.369615384615385
16593 0
16485 0
16485 1.85057692307692
16485 0.01
16485 0.666923076923077
16485 0.369615384615385
16485 0
16371 0
16371 1.85057692307692
16371 0.01
16371 0.666923076923077
16371 0.369615384615385
16371 0
16594 0
16594 1.85057692307692
16594 0.01
16594 0.666923076923077
16594 0.369615384615385
16594 0
16486 0
16486 1.85057692307692
16486 0.01
16486 0.666923076923077
16486 0.369615384615385
16486 0
16427 0
16427 1.85057692307692
16427 0.01
16427 0.666923076923077
16427 0.369615384615385
16427 0
16487 0
16487 1.85057692307692
16487 0.01
16487 0.666923076923077
16487 0.369615384615385
16487 0
16428 0
16428 1.85057692307692
16428 0.01
16428 0.666923076923077
16428 0.369615384615385
16428 0
16488 0
16488 1.85057692307692
16488 0.01
16488 0.666923076923077
16488 0.369615384615385
16488 0
16429 0
16429 1.85057692307692
16429 0.01
16429 0.666923076923077
16429 0.369615384615385
16429 0
16373 0
16373 1.85057692307692
16373 0.01
16373 0.666923076923077
16373 0.369615384615385
16373 0
16542 0
16542 1.85057692307692
16542 0.01
16542 0.666923076923077
16542 0.369615384615385
16542 0
16642 0
16642 1.85057692307692
16642 0.01
16642 0.666923076923077
16642 0.369615384615385
16642 0
16430 0
16430 1.85057692307692
16430 0.01
16430 0.666923076923077
16430 0.369615384615385
16430 0
16374 0
16374 1.85057692307692
16374 0.01
16374 0.666923076923077
16374 0.369615384615385
16374 0
16543 0
16543 1.85057692307692
16543 0.01
16543 0.666923076923077
16543 0.369615384615385
16543 0
16489 0
16489 1.85057692307692
16489 0.01
16489 0.666923076923077
16489 0.369615384615385
16489 0
16643 0
16643 1.85057692307692
16643 0.01
16643 0.666923076923077
16643 0.369615384615385
16643 0
16431 0
16431 1.85057692307692
16431 0.01
16431 0.666923076923077
16431 0.369615384615385
16431 0
16544 0
16544 1.85057692307692
16544 0.01
16544 0.666923076923077
16544 0.369615384615385
16544 0
16432 0
16432 1.85057692307692
16432 0.01
16432 0.666923076923077
16432 0.369615384615385
16432 0
16644 0
16644 1.85057692307692
16644 0.01
16644 0.666923076923077
16644 0.369615384615385
16644 0
16545 0
16545 1.85057692307692
16545 0.01
16545 0.666923076923077
16545 0.369615384615385
16545 0
16645 0
16645 1.85057692307692
16645 0.01
16645 0.666923076923077
16645 0.369615384615385
16645 0
16546 0
16546 1.85057692307692
16546 0.01
16546 0.666923076923077
16546 0.369615384615385
16546 0
16490 0
16490 1.85057692307692
16490 0.01
16490 0.666923076923077
16490 0.369615384615385
16490 0
16434 0
16434 1.85057692307692
16434 0.01
16434 0.666923076923077
16434 0.369615384615385
16434 0
16646 0
16646 1.85057692307692
16646 0.01
16646 0.666923076923077
16646 0.369615384615385
16646 0
16547 0
16547 1.85057692307692
16547 0.01
16547 0.666923076923077
16547 0.369615384615385
16547 0
16491 0
16491 1.85057692307692
16491 0.01
16491 0.666923076923077
16491 0.369615384615385
16491 0
16435 0
16435 1.85057692307692
16435 0.01
16435 0.666923076923077
16435 0.369615384615385
16435 0
16647 0
16647 1.85057692307692
16647 0.01
16647 0.666923076923077
16647 0.369615384615385
16647 0
16548 0
16548 1.85057692307692
16548 0.01
16548 0.666923076923077
16548 0.369615384615385
16548 0
16492 0
16492 1.85057692307692
16492 0.01
16492 0.666923076923077
16492 0.369615384615385
16492 0
16436 0
16436 1.85057692307692
16436 0.01
16436 0.666923076923077
16436 0.369615384615385
16436 0
16648 0
16648 1.85057692307692
16648 0.01
16648 0.666923076923077
16648 0.369615384615385
16648 0
16697 0
16697 1.85057692307692
16697 0.01
16697 0.666923076923077
16697 0.369615384615385
16697 0
16493 0
16493 1.85057692307692
16493 0.01
16493 0.666923076923077
16493 0.369615384615385
16493 0
16437 0
16437 1.85057692307692
16437 0.01
16437 0.666923076923077
16437 0.369615384615385
16437 0
16595 0
16595 1.85057692307692
16595 0.01
16595 0.666923076923077
16595 0.369615384615385
16595 0
16698 0
16698 1.85057692307692
16698 0.01
16698 0.666923076923077
16698 0.369615384615385
16698 0
16494 0
16494 1.85057692307692
16494 0.01
16494 0.666923076923077
16494 0.369615384615385
16494 0
16438 0
16438 1.85057692307692
16438 0.01
16438 0.666923076923077
16438 0.369615384615385
16438 0
16596 0
16596 1.85057692307692
16596 0.01
16596 0.666923076923077
16596 0.369615384615385
16596 0
16495 0
16495 1.85057692307692
16495 0.01
16495 0.666923076923077
16495 0.369615384615385
16495 0
16699 0
16699 1.85057692307692
16699 0.01
16699 0.666923076923077
16699 0.369615384615385
16699 0
16597 0
16597 1.85057692307692
16597 0.01
16597 0.666923076923077
16597 0.369615384615385
16597 0
16700 0
16700 1.85057692307692
16700 0.01
16700 0.666923076923077
16700 0.369615384615385
16700 0
16598 0
16598 1.85057692307692
16598 0.01
16598 0.666923076923077
16598 0.369615384615385
16598 0
16701 0
16701 1.85057692307692
16701 0.01
16701 0.666923076923077
16701 0.369615384615385
16701 0
16599 0
16599 1.85057692307692
16599 0.01
16599 0.666923076923077
16599 0.369615384615385
16599 0
16550 0
16550 1.85057692307692
16550 0.01
16550 0.666923076923077
16550 0.369615384615385
16550 0
16702 0
16702 1.85057692307692
16702 0.01
16702 0.666923076923077
16702 0.369615384615385
16702 0
16600 0
16600 1.85057692307692
16600 0.01
16600 0.666923076923077
16600 0.369615384615385
16600 0
16497 0
16497 1.85057692307692
16497 0.01
16497 0.666923076923077
16497 0.369615384615385
16497 0
16601 0
16601 1.85057692307692
16601 0.01
16601 0.666923076923077
16601 0.369615384615385
16601 0
16551 0
16551 1.85057692307692
16551 0.01
16551 0.666923076923077
16551 0.369615384615385
16551 0
16498 0
16498 1.85057692307692
16498 0.01
16498 0.666923076923077
16498 0.369615384615385
16498 0
16602 0
16602 1.85057692307692
16602 0.01
16602 0.666923076923077
16602 0.369615384615385
16602 0
16747 0
16747 1.85057692307692
16747 0.01
16747 0.666923076923077
16747 0.369615384615385
16747 0
16552 0
16552 1.85057692307692
16552 0.01
16552 0.666923076923077
16552 0.369615384615385
16552 0
16499 0
16499 1.85057692307692
16499 0.01
16499 0.666923076923077
16499 0.369615384615385
16499 0
16748 0
16748 1.85057692307692
16748 0.01
16748 0.666923076923077
16748 0.369615384615385
16748 0
16749 0
16749 1.85057692307692
16749 0.01
16749 0.666923076923077
16749 0.369615384615385
16749 0
16649 0
16649 1.85057692307692
16649 0.01
16649 0.666923076923077
16649 0.369615384615385
16649 0
16750 0
16750 1.85057692307692
16750 0.01
16750 0.666923076923077
16750 0.369615384615385
16750 0
16650 0
16650 1.85057692307692
16650 0.01
16650 0.666923076923077
16650 0.369615384615385
16650 0
16604 0
16604 1.85057692307692
16604 0.01
16604 0.666923076923077
16604 0.369615384615385
16604 0
16751 0
16751 1.85057692307692
16751 0.01
16751 0.666923076923077
16751 0.369615384615385
16751 0
16651 0
16651 1.85057692307692
16651 0.01
16651 0.666923076923077
16651 0.369615384615385
16651 0
16752 0
16752 1.85057692307692
16752 0.01
16752 0.666923076923077
16752 0.369615384615385
16752 0
16652 0
16652 1.85057692307692
16652 0.01
16652 0.666923076923077
16652 0.369615384615385
16652 0
16605 0
16605 1.85057692307692
16605 0.01
16605 0.666923076923077
16605 0.369615384615385
16605 0
16554 0
16554 1.85057692307692
16554 0.01
16554 0.666923076923077
16554 0.369615384615385
16554 0
16653 0
16653 1.85057692307692
16653 0.01
16653 0.666923076923077
16653 0.369615384615385
16653 0
16793 0
16793 1.85057692307692
16793 0.01
16793 0.666923076923077
16793 0.369615384615385
16793 0
16606 0
16606 1.85057692307692
16606 0.01
16606 0.666923076923077
16606 0.369615384615385
16606 0
16555 0
16555 1.85057692307692
16555 0.01
16555 0.666923076923077
16555 0.369615384615385
16555 0
16654 0
16654 1.85057692307692
16654 0.01
16654 0.666923076923077
16654 0.369615384615385
16654 0
16794 0
16794 1.85057692307692
16794 0.01
16794 0.666923076923077
16794 0.369615384615385
16794 0
16795 0
16795 1.85057692307692
16795 0.01
16795 0.666923076923077
16795 0.369615384615385
16795 0
16796 0
16796 1.85057692307692
16796 0.01
16796 0.666923076923077
16796 0.369615384615385
16796 0
16705 0
16705 1.85057692307692
16705 0.01
16705 0.666923076923077
16705 0.369615384615385
16705 0
16656 0
16656 1.85057692307692
16656 0.01
16656 0.666923076923077
16656 0.369615384615385
16656 0
16797 0
16797 1.85057692307692
16797 0.01
16797 0.666923076923077
16797 0.369615384615385
16797 0
16706 0
16706 1.85057692307692
16706 0.01
16706 0.666923076923077
16706 0.369615384615385
16706 0
16657 0
16657 1.85057692307692
16657 0.01
16657 0.666923076923077
16657 0.369615384615385
16657 0
16838 0
16838 1.85057692307692
16838 0.01
16838 0.666923076923077
16838 0.369615384615385
16838 0
16707 0
16707 1.85057692307692
16707 0.01
16707 0.666923076923077
16707 0.369615384615385
16707 0
16607 0
16607 1.85057692307692
16607 0.01
16607 0.666923076923077
16607 0.369615384615385
16607 0
16839 0
16839 1.85057692307692
16839 0.01
16839 0.666923076923077
16839 0.369615384615385
16839 0
16708 0
16708 1.85057692307692
16708 0.01
16708 0.666923076923077
16708 0.369615384615385
16708 0
16659 0
16659 1.85057692307692
16659 0.01
16659 0.666923076923077
16659 0.369615384615385
16659 0
16709 0
16709 1.85057692307692
16709 0.01
16709 0.666923076923077
16709 0.369615384615385
16709 0
16840 0
16840 1.85057692307692
16840 0.01
16840 0.666923076923077
16840 0.369615384615385
16840 0
16841 0
16841 1.85057692307692
16841 0.01
16841 0.666923076923077
16841 0.369615384615385
16841 0
16710 0
16710 1.85057692307692
16710 0.01
16710 0.666923076923077
16710 0.369615384615385
16710 0
16842 0
16842 1.85057692307692
16842 0.01
16842 0.666923076923077
16842 0.369615384615385
16842 0
16753 0
16753 1.85057692307692
16753 0.01
16753 0.666923076923077
16753 0.369615384615385
16753 0
16711 0
16711 1.85057692307692
16711 0.01
16711 0.666923076923077
16711 0.369615384615385
16711 0
16754 0
16754 1.85057692307692
16754 0.01
16754 0.666923076923077
16754 0.369615384615385
16754 0
16661 0
16661 1.85057692307692
16661 0.01
16661 0.666923076923077
16661 0.369615384615385
16661 0
16880 0
16880 1.85057692307692
16880 0.01
16880 0.666923076923077
16880 0.369615384615385
16880 0
16755 0
16755 1.85057692307692
16755 0.01
16755 0.666923076923077
16755 0.369615384615385
16755 0
16662 0
16662 1.85057692307692
16662 0.01
16662 0.666923076923077
16662 0.369615384615385
16662 0
16756 0
16756 1.85057692307692
16756 0.01
16756 0.666923076923077
16756 0.369615384615385
16756 0
16881 0
16881 1.85057692307692
16881 0.01
16881 0.666923076923077
16881 0.369615384615385
16881 0
16663 0
16663 1.85057692307692
16663 0.01
16663 0.666923076923077
16663 0.369615384615385
16663 0
16757 0
16757 1.85057692307692
16757 0.01
16757 0.666923076923077
16757 0.369615384615385
16757 0
16882 0
16882 1.85057692307692
16882 0.01
16882 0.666923076923077
16882 0.369615384615385
16882 0
16883 0
16883 1.85057692307692
16883 0.01
16883 0.666923076923077
16883 0.369615384615385
16883 0
16758 0
16758 1.85057692307692
16758 0.01
16758 0.666923076923077
16758 0.369615384615385
16758 0
16884 0
16884 1.85057692307692
16884 0.01
16884 0.666923076923077
16884 0.369615384615385
16884 0
16759 0
16759 1.85057692307692
16759 0.01
16759 0.666923076923077
16759 0.369615384615385
16759 0
16800 0
16800 1.85057692307692
16800 0.01
16800 0.666923076923077
16800 0.369615384615385
16800 0
16801 0
16801 1.85057692307692
16801 0.01
16801 0.666923076923077
16801 0.369615384615385
16801 0
16714 0
16714 1.85057692307692
16714 0.01
16714 0.666923076923077
16714 0.369615384615385
16714 0
16920 0
16920 1.85057692307692
16920 0.01
16920 0.666923076923077
16920 0.369615384615385
16920 0
16802 0
16802 1.85057692307692
16802 0.01
16802 0.666923076923077
16802 0.369615384615385
16802 0
16715 0
16715 1.85057692307692
16715 0.01
16715 0.666923076923077
16715 0.369615384615385
16715 0
16921 0
16921 1.85057692307692
16921 0.01
16921 0.666923076923077
16921 0.369615384615385
16921 0
16922 0
16922 1.85057692307692
16922 0.01
16922 0.666923076923077
16922 0.369615384615385
16922 0
16804 0
16804 1.85057692307692
16804 0.01
16804 0.666923076923077
16804 0.369615384615385
16804 0
16805 0
16805 1.85057692307692
16805 0.01
16805 0.666923076923077
16805 0.369615384615385
16805 0
16844 0
16844 1.85057692307692
16844 0.01
16844 0.666923076923077
16844 0.369615384615385
16844 0
16760 0
16760 1.85057692307692
16760 0.01
16760 0.666923076923077
16760 0.369615384615385
16760 0
16845 0
16845 1.85057692307692
16845 0.01
16845 0.666923076923077
16845 0.369615384615385
16845 0
16761 0
16761 1.85057692307692
16761 0.01
16761 0.666923076923077
16761 0.369615384615385
16761 0
16960 0
16960 1.85057692307692
16960 0.01
16960 0.666923076923077
16960 0.369615384615385
16960 0
16846 0
16846 1.85057692307692
16846 0.01
16846 0.666923076923077
16846 0.369615384615385
16846 0
16762 0
16762 1.85057692307692
16762 0.01
16762 0.666923076923077
16762 0.369615384615385
16762 0
16961 0
16961 1.85057692307692
16961 0.01
16961 0.666923076923077
16961 0.369615384615385
16961 0
16847 0
16847 1.85057692307692
16847 0.01
16847 0.666923076923077
16847 0.369615384615385
16847 0
16962 0
16962 1.85057692307692
16962 0.01
16962 0.666923076923077
16962 0.369615384615385
16962 0
16848 0
16848 1.85057692307692
16848 0.01
16848 0.666923076923077
16848 0.369615384615385
16848 0
16963 0
16963 1.85057692307692
16963 0.01
16963 0.666923076923077
16963 0.369615384615385
16963 0
16849 0
16849 1.85057692307692
16849 0.01
16849 0.666923076923077
16849 0.369615384615385
16849 0
16806 0
16806 1.85057692307692
16806 0.01
16806 0.666923076923077
16806 0.369615384615385
16806 0
16807 0
16807 1.85057692307692
16807 0.01
16807 0.666923076923077
16807 0.369615384615385
16807 0
16886 0
16886 1.85057692307692
16886 0.01
16886 0.666923076923077
16886 0.369615384615385
16886 0
16808 0
16808 1.85057692307692
16808 0.01
16808 0.666923076923077
16808 0.369615384615385
16808 0
16997 0
16997 1.85057692307692
16997 0.01
16997 0.666923076923077
16997 0.369615384615385
16997 0
16887 0
16887 1.85057692307692
16887 0.01
16887 0.666923076923077
16887 0.369615384615385
16887 0
16809 0
16809 1.85057692307692
16809 0.01
16809 0.666923076923077
16809 0.369615384615385
16809 0
16998 0
16998 1.85057692307692
16998 0.01
16998 0.666923076923077
16998 0.369615384615385
16998 0
16810 0
16810 1.85057692307692
16810 0.01
16810 0.666923076923077
16810 0.369615384615385
16810 0
16999 0
16999 1.85057692307692
16999 0.01
16999 0.666923076923077
16999 0.369615384615385
16999 0
17000 0
17000 1.85057692307692
17000 0.01
17000 0.666923076923077
17000 0.369615384615385
17000 0
16889 0
16889 1.85057692307692
16889 0.01
16889 0.666923076923077
16889 0.369615384615385
16889 0
16850 0
16850 1.85057692307692
16850 0.01
16850 0.666923076923077
16850 0.369615384615385
16850 0
16890 0
16890 1.85057692307692
16890 0.01
16890 0.666923076923077
16890 0.369615384615385
16890 0
16851 0
16851 1.85057692307692
16851 0.01
16851 0.666923076923077
16851 0.369615384615385
16851 0
16852 0
16852 1.85057692307692
16852 0.01
16852 0.666923076923077
16852 0.369615384615385
16852 0
17038 0
17038 1.85057692307692
17038 0.01
17038 0.666923076923077
17038 0.369615384615385
17038 0
16925 0
16925 1.85057692307692
16925 0.01
16925 0.666923076923077
16925 0.369615384615385
16925 0
16853 0
16853 1.85057692307692
16853 0.01
16853 0.666923076923077
16853 0.369615384615385
16853 0
17039 0
17039 1.85057692307692
17039 0.01
17039 0.666923076923077
17039 0.369615384615385
17039 0
17040 0
17040 1.85057692307692
17040 0.01
17040 0.666923076923077
17040 0.369615384615385
17040 0
17041 0
17041 1.85057692307692
17041 0.01
17041 0.666923076923077
17041 0.369615384615385
17041 0
16927 0
16927 1.85057692307692
16927 0.01
16927 0.666923076923077
16927 0.369615384615385
16927 0
16928 0
16928 1.85057692307692
16928 0.01
16928 0.666923076923077
16928 0.369615384615385
16928 0
16892 0
16892 1.85057692307692
16892 0.01
16892 0.666923076923077
16892 0.369615384615385
16892 0
16929 0
16929 1.85057692307692
16929 0.01
16929 0.666923076923077
16929 0.369615384615385
16929 0
16930 0
16930 1.85057692307692
16930 0.01
16930 0.666923076923077
16930 0.369615384615385
16930 0
17082 0
17082 1.85057692307692
17082 0.01
17082 0.666923076923077
17082 0.369615384615385
17082 0
16964 0
16964 1.85057692307692
16964 0.01
16964 0.666923076923077
16964 0.369615384615385
16964 0
17083 0
17083 1.85057692307692
17083 0.01
17083 0.666923076923077
17083 0.369615384615385
17083 0
17084 0
17084 1.85057692307692
17084 0.01
17084 0.666923076923077
17084 0.369615384615385
17084 0
16966 0
16966 1.85057692307692
16966 0.01
16966 0.666923076923077
16966 0.369615384615385
16966 0
16932 0
16932 1.85057692307692
16932 0.01
16932 0.666923076923077
16932 0.369615384615385
16932 0
16967 0
16967 1.85057692307692
16967 0.01
16967 0.666923076923077
16967 0.369615384615385
16967 0
16968 0
16968 1.85057692307692
16968 0.01
16968 0.666923076923077
16968 0.369615384615385
16968 0
17124 0
17124 1.85057692307692
17124 0.01
17124 0.666923076923077
17124 0.369615384615385
17124 0
16969 0
16969 1.85057692307692
16969 0.01
16969 0.666923076923077
16969 0.369615384615385
16969 0
17125 0
17125 1.85057692307692
17125 0.01
17125 0.666923076923077
17125 0.369615384615385
17125 0
17001 0
17001 1.85057692307692
17001 0.01
17001 0.666923076923077
17001 0.369615384615385
17001 0
17126 0
17126 1.85057692307692
17126 0.01
17126 0.666923076923077
17126 0.369615384615385
17126 0
17002 0
17002 1.85057692307692
17002 0.01
17002 0.666923076923077
17002 0.369615384615385
17002 0
17003 0
17003 1.85057692307692
17003 0.01
17003 0.666923076923077
17003 0.369615384615385
17003 0
17004 0
17004 1.85057692307692
17004 0.01
17004 0.666923076923077
17004 0.369615384615385
17004 0
16970 0
16970 1.85057692307692
16970 0.01
16970 0.666923076923077
16970 0.369615384615385
16970 0
17005 0
17005 1.85057692307692
17005 0.01
17005 0.666923076923077
17005 0.369615384615385
17005 0
17006 0
17006 1.85057692307692
17006 0.01
17006 0.666923076923077
17006 0.369615384615385
17006 0
17164 0
17164 1.85057692307692
17164 0.01
17164 0.666923076923077
17164 0.369615384615385
17164 0
17007 0
17007 1.85057692307692
17007 0.01
17007 0.666923076923077
17007 0.369615384615385
17007 0
17165 0
17165 1.85057692307692
17165 0.01
17165 0.666923076923077
17165 0.369615384615385
17165 0
17045 0
17045 1.85057692307692
17045 0.01
17045 0.666923076923077
17045 0.369615384615385
17045 0
17166 0
17166 1.85057692307692
17166 0.01
17166 0.666923076923077
17166 0.369615384615385
17166 0
17046 0
17046 1.85057692307692
17046 0.01
17046 0.666923076923077
17046 0.369615384615385
17046 0
17047 0
17047 1.85057692307692
17047 0.01
17047 0.666923076923077
17047 0.369615384615385
17047 0
17048 0
17048 1.85057692307692
17048 0.01
17048 0.666923076923077
17048 0.369615384615385
17048 0
17049 0
17049 1.85057692307692
17049 0.01
17049 0.666923076923077
17049 0.369615384615385
17049 0
17050 0
17050 1.85057692307692
17050 0.01
17050 0.666923076923077
17050 0.369615384615385
17050 0
17205 0
17205 1.85057692307692
17205 0.01
17205 0.666923076923077
17205 0.369615384615385
17205 0
17051 0
17051 1.85057692307692
17051 0.01
17051 0.666923076923077
17051 0.369615384615385
17051 0
17206 0
17206 1.85057692307692
17206 0.01
17206 0.666923076923077
17206 0.369615384615385
17206 0
17086 0
17086 1.85057692307692
17086 0.01
17086 0.666923076923077
17086 0.369615384615385
17086 0
17207 0
17207 1.85057692307692
17207 0.01
17207 0.666923076923077
17207 0.369615384615385
17207 0
17087 0
17087 1.85057692307692
17087 0.01
17087 0.666923076923077
17087 0.369615384615385
17087 0
17088 0
17088 1.85057692307692
17088 0.01
17088 0.666923076923077
17088 0.369615384615385
17088 0
17089 0
17089 1.85057692307692
17089 0.01
17089 0.666923076923077
17089 0.369615384615385
17089 0
17090 0
17090 1.85057692307692
17090 0.01
17090 0.666923076923077
17090 0.369615384615385
17090 0
17091 0
17091 1.85057692307692
17091 0.01
17091 0.666923076923077
17091 0.369615384615385
17091 0
17246 0
17246 1.85057692307692
17246 0.01
17246 0.666923076923077
17246 0.369615384615385
17246 0
17092 0
17092 1.85057692307692
17092 0.01
17092 0.666923076923077
17092 0.369615384615385
17092 0
17247 0
17247 1.85057692307692
17247 0.01
17247 0.666923076923077
17247 0.369615384615385
17247 0
17248 0
17248 1.85057692307692
17248 0.01
17248 0.666923076923077
17248 0.369615384615385
17248 0
17128 0
17128 1.85057692307692
17128 0.01
17128 0.666923076923077
17128 0.369615384615385
17128 0
17129 0
17129 1.85057692307692
17129 0.01
17129 0.666923076923077
17129 0.369615384615385
17129 0
17130 0
17130 1.85057692307692
17130 0.01
17130 0.666923076923077
17130 0.369615384615385
17130 0
17131 0
17131 1.85057692307692
17131 0.01
17131 0.666923076923077
17131 0.369615384615385
17131 0
17132 0
17132 1.85057692307692
17132 0.01
17132 0.666923076923077
17132 0.369615384615385
17132 0
17133 0
17133 1.85057692307692
17133 0.01
17133 0.666923076923077
17133 0.369615384615385
17133 0
17284 0
17284 1.85057692307692
17284 0.01
17284 0.666923076923077
17284 0.369615384615385
17284 0
17134 0
17134 1.85057692307692
17134 0.01
17134 0.666923076923077
17134 0.369615384615385
17134 0
17285 0
17285 1.85057692307692
17285 0.01
17285 0.666923076923077
17285 0.369615384615385
17285 0
17168 0
17168 1.85057692307692
17168 0.01
17168 0.666923076923077
17168 0.369615384615385
17168 0
17286 0
17286 1.85057692307692
17286 0.01
17286 0.666923076923077
17286 0.369615384615385
17286 0
17169 0
17169 1.85057692307692
17169 0.01
17169 0.666923076923077
17169 0.369615384615385
17169 0
17170 0
17170 1.85057692307692
17170 0.01
17170 0.666923076923077
17170 0.369615384615385
17170 0
17171 0
17171 1.85057692307692
17171 0.01
17171 0.666923076923077
17171 0.369615384615385
17171 0
17172 0
17172 1.85057692307692
17172 0.01
17172 0.666923076923077
17172 0.369615384615385
17172 0
17173 0
17173 1.85057692307692
17173 0.01
17173 0.666923076923077
17173 0.369615384615385
17173 0
17317 0
17317 1.85057692307692
17317 0.01
17317 0.666923076923077
17317 0.369615384615385
17317 0
17174 0
17174 1.85057692307692
17174 0.01
17174 0.666923076923077
17174 0.369615384615385
17174 0
17318 0
17318 1.85057692307692
17318 0.01
17318 0.666923076923077
17318 0.369615384615385
17318 0
17319 0
17319 1.85057692307692
17319 0.01
17319 0.666923076923077
17319 0.369615384615385
17319 0
17209 0
17209 1.85057692307692
17209 0.01
17209 0.666923076923077
17209 0.369615384615385
17209 0
17210 0
17210 1.85057692307692
17210 0.01
17210 0.666923076923077
17210 0.369615384615385
17210 0
17211 0
17211 1.85057692307692
17211 0.01
17211 0.666923076923077
17211 0.369615384615385
17211 0
17212 0
17212 1.85057692307692
17212 0.01
17212 0.666923076923077
17212 0.369615384615385
17212 0
17213 0
17213 1.85057692307692
17213 0.01
17213 0.666923076923077
17213 0.369615384615385
17213 0
17351 0
17351 1.85057692307692
17351 0.01
17351 0.666923076923077
17351 0.369615384615385
17351 0
17352 0
17352 1.85057692307692
17352 0.01
17352 0.666923076923077
17352 0.369615384615385
17352 0
17353 0
17353 1.85057692307692
17353 0.01
17353 0.666923076923077
17353 0.369615384615385
17353 0
17250 0
17250 1.85057692307692
17250 0.01
17250 0.666923076923077
17250 0.369615384615385
17250 0
17251 0
17251 1.85057692307692
17251 0.01
17251 0.666923076923077
17251 0.369615384615385
17251 0
17252 0
17252 1.85057692307692
17252 0.01
17252 0.666923076923077
17252 0.369615384615385
17252 0
17386 0
17386 1.85057692307692
17386 0.01
17386 0.666923076923077
17386 0.369615384615385
17386 0
17387 0
17387 1.85057692307692
17387 0.01
17387 0.666923076923077
17387 0.369615384615385
17387 0
17388 0
17388 1.85057692307692
17388 0.01
17388 0.666923076923077
17388 0.369615384615385
17388 0
17389 0
17389 1.85057692307692
17389 0.01
17389 0.666923076923077
17389 0.369615384615385
17389 0
17287 0
17287 1.85057692307692
17287 0.01
17287 0.666923076923077
17287 0.369615384615385
17287 0
17421 0
17421 1.85057692307692
17421 0.01
17421 0.666923076923077
17421 0.369615384615385
17421 0
17422 0
17422 1.85057692307692
17422 0.01
17422 0.666923076923077
17422 0.369615384615385
17422 0
17423 0
17423 1.85057692307692
17423 0.01
17423 0.666923076923077
17423 0.369615384615385
17423 0
17456 0
17456 1.85057692307692
17456 0.01
17456 0.666923076923077
17456 0.369615384615385
17456 0
17457 0
17457 1.85057692307692
17457 0.01
17457 0.666923076923077
17457 0.369615384615385
17457 0
17458 0
17458 1.85057692307692
17458 0.01
17458 0.666923076923077
17458 0.369615384615385
17458 0
17492 0
17492 1.85057692307692
17492 0.01
17492 0.666923076923077
17492 0.369615384615385
17492 0
17493 0
17493 1.85057692307692
17493 0.01
17493 0.666923076923077
17493 0.369615384615385
17493 0
17494 0
17494 1.85057692307692
17494 0.01
17494 0.666923076923077
17494 0.369615384615385
17494 0
17528 0
17528 1.85057692307692
17528 0.01
17528 0.666923076923077
17528 0.369615384615385
17528 0
17529 0
17529 1.85057692307692
17529 0.01
17529 0.666923076923077
17529 0.369615384615385
17529 0
17530 0
17530 1.85057692307692
17530 0.01
17530 0.666923076923077
17530 0.369615384615385
17530 0
17531 0
17531 1.85057692307692
17531 0.01
17531 0.666923076923077
17531 0.369615384615385
17531 0
17563 0
17563 1.85057692307692
17563 0.01
17563 0.666923076923077
17563 0.369615384615385
17563 0
17564 0
17564 1.85057692307692
17564 0.01
17564 0.666923076923077
17564 0.369615384615385
17564 0
17565 0
17565 1.85057692307692
17565 0.01
17565 0.666923076923077
17565 0.369615384615385
17565 0
17566 0
17566 1.85057692307692
17566 0.01
17566 0.666923076923077
17566 0.369615384615385
17566 0
17598 0
17598 1.85057692307692
17598 0.01
17598 0.666923076923077
17598 0.369615384615385
17598 0
17599 0
17599 1.85057692307692
17599 0.01
17599 0.666923076923077
17599 0.369615384615385
17599 0
17600 0
17600 1.85057692307692
17600 0.01
17600 0.666923076923077
17600 0.369615384615385
17600 0
17633 0
17633 1.85057692307692
17633 0.01
17633 0.666923076923077
17633 0.369615384615385
17633 0
17634 0
17634 1.85057692307692
17634 0.01
17634 0.666923076923077
17634 0.369615384615385
17634 0
17635 0
17635 1.85057692307692
17635 0.01
17635 0.666923076923077
17635 0.369615384615385
17635 0
17636 0
17636 1.85057692307692
17636 0.01
17636 0.666923076923077
17636 0.369615384615385
17636 0
17669 0
17669 1.85057692307692
17669 0.01
17669 0.666923076923077
17669 0.369615384615385
17669 0
17670 0
17670 1.85057692307692
17670 0.01
17670 0.666923076923077
17670 0.369615384615385
17670 0
17671 0
17671 1.85057692307692
17671 0.01
17671 0.666923076923077
17671 0.369615384615385
17671 0
17672 0
17672 1.85057692307692
17672 0.01
17672 0.666923076923077
17672 0.369615384615385
17672 0
17673 0
17673 1.85057692307692
17673 0.01
17673 0.666923076923077
17673 0.369615384615385
17673 0
17701 0
17701 1.85057692307692
17701 0.01
17701 0.666923076923077
17701 0.369615384615385
17701 0
17702 0
17702 1.85057692307692
17702 0.01
17702 0.666923076923077
17702 0.369615384615385
17702 0
17703 0
17703 1.85057692307692
17703 0.01
17703 0.666923076923077
17703 0.369615384615385
17703 0
17704 0
17704 1.85057692307692
17704 0.01
17704 0.666923076923077
17704 0.369615384615385
17704 0
17705 0
17705 1.85057692307692
17705 0.01
17705 0.666923076923077
17705 0.369615384615385
17705 0
17706 0
17706 1.85057692307692
17706 0.01
17706 0.666923076923077
17706 0.369615384615385
17706 0
17736 0
17736 1.85057692307692
17736 0.01
17736 0.666923076923077
17736 0.369615384615385
17736 0
17737 0
17737 1.85057692307692
17737 0.01
17737 0.666923076923077
17737 0.369615384615385
17737 0
17710 0
17710 1.85057692307692
17710 0.01
17710 0.666923076923077
17710 0.369615384615385
17710 0
17738 0
17738 1.85057692307692
17738 0.01
17738 0.666923076923077
17738 0.369615384615385
17738 0
17739 0
17739 1.85057692307692
17739 0.01
17739 0.666923076923077
17739 0.369615384615385
17739 0
17740 0
17740 1.85057692307692
17740 0.01
17740 0.666923076923077
17740 0.369615384615385
17740 0
17741 0
17741 1.85057692307692
17741 0.01
17741 0.666923076923077
17741 0.369615384615385
17741 0
17742 0
17742 1.85057692307692
17742 0.01
17742 0.666923076923077
17742 0.369615384615385
17742 0
17743 0
17743 1.85057692307692
17743 0.01
17743 0.666923076923077
17743 0.369615384615385
17743 0
17773 0
17773 1.85057692307692
17773 0.01
17773 0.666923076923077
17773 0.369615384615385
17773 0
17774 0
17774 1.85057692307692
17774 0.01
17774 0.666923076923077
17774 0.369615384615385
17774 0
17775 0
17775 1.85057692307692
17775 0.01
17775 0.666923076923077
17775 0.369615384615385
17775 0
17776 0
17776 1.85057692307692
17776 0.01
17776 0.666923076923077
17776 0.369615384615385
17776 0
