pt_graph shape
16236 1
16236 1
16236 1
16236 1
16236 1
16236 1
16301 1
16301 1
16301 1
16301 1
16301 1
16301 1
16302 1
16302 1
16302 1
16302 1
16302 1
16302 1
16362 1
16362 1
16362 1
16362 1
16362 1
16362 1
16364 1
16364 1
16364 1
16364 1
16364 1
16364 1
16365 1
16365 1
16365 1
16365 1
16365 1
16365 1
16425 1
16425 1
16425 1
16425 1
16425 1
16425 1
16366 1
16366 1
16366 1
16366 1
16366 1
16366 1
16427 1
16427 1
16427 1
16427 1
16427 1
16427 1
16487 1
16487 1
16487 1
16487 1
16487 1
16487 1
16428 1
16428 1
16428 1
16428 1
16428 1
16428 1
16488 1
16488 1
16488 1
16488 1
16488 1
16488 1
16429 1
16429 1
16429 1
16429 1
16429 1
16429 1
16489 1
16489 1
16489 1
16489 1
16489 1
16489 1
16490 1
16490 1
16490 1
16490 1
16490 1
16490 1
16547 1
16547 1
16547 1
16547 1
16547 1
16547 1
16491 1
16491 1
16491 1
16491 1
16491 1
16491 1
16548 1
16548 1
16548 1
16548 1
16548 1
16548 1
16492 1
16492 1
16492 1
16492 1
16492 1
16492 1
16493 1
16493 1
16493 1
16493 1
16493 1
16493 1
16599 1
16599 1
16599 1
16599 1
16599 1
16599 1
16550 1
16550 1
16550 1
16550 1
16550 1
16550 1
16600 1
16600 1
16600 1
16600 1
16600 1
16600 1
16601 1
16601 1
16601 1
16601 1
16601 1
16601 1
16551 1
16551 1
16551 1
16551 1
16551 1
16551 1
16602 1
16602 1
16602 1
16602 1
16602 1
16602 1
16604 1
16604 1
16604 1
16604 1
16604 1
16604 1
16651 1
16651 1
16651 1
16651 1
16651 1
16651 1
16652 1
16652 1
16652 1
16652 1
16652 1
16652 1
16605 1
16605 1
16605 1
16605 1
16605 1
16605 1
16653 1
16653 1
16653 1
16653 1
16653 1
16653 1
16654 1
16654 1
16654 1
16654 1
16654 1
16654 1
16656 1
16656 1
16656 1
16656 1
16656 1
16656 1
16657 1
16657 1
16657 1
16657 1
16657 1
16657 1
16707 1
16707 1
16707 1
16707 1
16707 1
16707 1
16708 1
16708 1
16708 1
16708 1
16708 1
16708 1
16659 1
16659 1
16659 1
16659 1
16659 1
16659 1
16709 1
16709 1
16709 1
16709 1
16709 1
16709 1
16710 1
16710 1
16710 1
16710 1
16710 1
16710 1
16711 1
16711 1
16711 1
16711 1
16711 1
16711 1
16755 1
16755 1
16755 1
16755 1
16755 1
16755 1
16756 1
16756 1
16756 1
16756 1
16756 1
16756 1
16757 1
16757 1
16757 1
16757 1
16757 1
16757 1
16758 1
16758 1
16758 1
16758 1
16758 1
16758 1
16759 1
16759 1
16759 1
16759 1
16759 1
16759 1
16804 1
16804 1
16804 1
16804 1
16804 1
16804 1
16805 1
16805 1
16805 1
16805 1
16805 1
16805 1
16848 1
16848 1
16848 1
16848 1
16848 1
16848 1
16849 1
16849 1
16849 1
16849 1
16849 1
16849 1
