pt_graph cpue_kghour
18814 0.76
18814 1.36
18814 13.8
18814 8.92
18815 0.76
18815 1.36
18815 13.8
18815 8.92
18816 0.76
18816 1.36
18816 13.8
18816 8.92
18817 0.76
18817 1.36
18817 13.8
18817 8.92
18818 0.76
18818 1.36
18818 13.8
18818 8.92
18819 0.76
18819 1.36
18819 13.8
18819 8.92
18820 0.76
18820 1.36
18820 13.8
18820 8.92
18877 0.76
18877 1.36
18877 13.8
18877 8.92
18878 0.76
18878 1.36
18878 13.8
18878 8.92
18879 0.76
18879 1.36
18879 13.8
18879 8.92
18880 0.76
18880 1.36
18880 13.8
18880 8.92
18881 0.76
18881 1.36
18881 13.8
18881 8.92
18882 0.76
18882 1.36
18882 13.8
18882 8.92
18883 0.76
18883 1.36
18883 13.8
18883 8.92
18884 0.76
18884 1.36
18884 13.8
18884 8.92
18885 0.76
18885 1.36
18885 13.8
18885 8.92
18886 0.76
18886 1.36
18886 13.8
18886 8.92
18887 0.76
18887 1.36
18887 13.8
18887 8.92
18888 0.76
18888 1.36
18888 13.8
18888 8.92
18889 0.76
18889 1.36
18889 13.8
18889 8.92
18890 0.76
18890 1.36
18890 13.8
18890 8.92
18891 0.76
18891 1.36
18891 13.8
18891 8.92
18892 0.76
18892 1.36
18892 13.8
18892 8.92
18893 0.76
18893 1.36
18893 13.8
18893 8.92
18894 0.76
18894 1.36
18894 13.8
18894 8.92
18895 0.76
18895 1.36
18895 13.8
18895 8.92
18943 0.76
18943 1.36
18943 13.8
18943 8.92
18944 0.76
18944 1.36
18944 13.8
18944 8.92
18945 0.76
18945 1.36
18945 13.8
18945 8.92
18946 0.76
18946 1.36
18946 13.8
18946 8.92
18947 0.76
18947 1.36
18947 13.8
18947 8.92
18948 0.76
18948 1.36
18948 13.8
18948 8.92
18949 0.76
18949 1.36
18949 13.8
18949 8.92
18950 0.76
18950 1.36
18950 13.8
18950 8.92
18951 0.76
18951 1.36
18951 13.8
18951 8.92
18952 0.76
18952 1.36
18952 13.8
18952 8.92
18953 0.76
18953 1.36
18953 13.8
18953 8.92
18954 0.76
18954 1.36
18954 13.8
18954 8.92
18955 0.76
18955 1.36
18955 13.8
18955 8.92
18956 0.76
18956 1.36
18956 13.8
18956 8.92
18957 0.76
18957 1.36
18957 13.8
18957 8.92
18958 0.76
18958 1.36
18958 13.8
18958 8.92
18959 0.76
18959 1.36
18959 13.8
18959 8.92
18960 0.76
18960 1.36
18960 13.8
18960 8.92
18961 0.76
18961 1.36
18961 13.8
18961 8.92
18962 0.76
18962 1.36
18962 13.8
18962 8.92
18963 0.76
18963 1.36
18963 13.8
18963 8.92
18964 0.76
18964 1.36
18964 13.8
18964 8.92
19009 0.76
19009 1.36
19009 13.8
19009 8.92
19010 0.76
19010 1.36
19010 13.8
19010 8.92
19011 0.76
19011 1.36
19011 13.8
19011 8.92
19012 0.76
19012 1.36
19012 13.8
19012 8.92
19013 0.76
19013 1.36
19013 13.8
19013 8.92
19014 0.76
19014 1.36
19014 13.8
19014 8.92
19015 0.76
19015 1.36
19015 13.8
19015 8.92
19016 0.76
19016 1.36
19016 13.8
19016 8.92
19017 0.76
19017 1.36
19017 13.8
19017 8.92
19018 0.76
19018 1.36
19018 13.8
19018 8.92
19019 0.76
19019 1.36
19019 13.8
19019 8.92
19020 0.76
19020 1.36
19020 13.8
19020 8.92
19021 0.76
19021 1.36
19021 13.8
19021 8.92
19022 0.76
19022 1.36
19022 13.8
19022 8.92
19023 0.76
19023 1.36
19023 13.8
19023 8.92
19024 0.76
19024 1.36
19024 13.8
19024 8.92
19025 0.76
19025 1.36
19025 13.8
19025 8.92
19026 0.76
19026 1.36
19026 13.8
19026 8.92
19027 0.76
19027 1.36
19027 13.8
19027 8.92
19028 0.76
19028 1.36
19028 13.8
19028 8.92
19029 0.76
19029 1.36
19029 13.8
19029 8.92
19030 0.76
19030 1.36
19030 13.8
19030 8.92
19031 0.76
19031 1.36
19031 13.8
19031 8.92
19032 0.76
19032 1.36
19032 13.8
19032 8.92
19033 0.76
19033 1.36
19033 13.8
19033 8.92
19073 0.76
19073 1.36
19073 13.8
19073 8.92
19074 0.76
19074 1.36
19074 13.8
19074 8.92
19075 0.76
19075 1.36
19075 13.8
19075 8.92
19076 0.76
19076 1.36
19076 13.8
19076 8.92
19077 0.76
19077 1.36
19077 13.8
19077 8.92
19078 0.76
19078 1.36
19078 13.8
19078 8.92
19079 0.76
19079 1.36
19079 13.8
19079 8.92
19080 0.76
19080 1.36
19080 13.8
19080 8.92
19081 0.76
19081 1.36
19081 13.8
19081 8.92
19082 0.76
19082 1.36
19082 13.8
19082 8.92
19083 0.76
19083 1.36
19083 13.8
19083 8.92
19084 0.76
19084 1.36
19084 13.8
19084 8.92
19085 0.76
19085 1.36
19085 13.8
19085 8.92
19086 0.76
19086 1.36
19086 13.8
19086 8.92
19087 0.76
19087 1.36
19087 13.8
19087 8.92
19088 0.76
19088 1.36
19088 13.8
19088 8.92
19089 0.76
19089 1.36
19089 13.8
19089 8.92
19090 0.76
19090 1.36
19090 13.8
19090 8.92
19091 0.76
19091 1.36
19091 13.8
19091 8.92
19092 0.76
19092 1.36
19092 13.8
19092 8.92
19093 0.76
19093 1.36
19093 13.8
19093 8.92
19094 0.76
19094 1.36
19094 13.8
19094 8.92
19095 0.76
19095 1.36
19095 13.8
19095 8.92
19096 0.76
19096 1.36
19096 13.8
19096 8.92
19097 0.76
19097 1.36
19097 13.8
19097 8.92
19098 0.76
19098 1.36
19098 13.8
19098 8.92
19099 0.76
19099 1.36
19099 13.8
19099 8.92
19137 0.76
19137 1.36
19137 13.8
19137 8.92
19138 0.76
19138 1.36
19138 13.8
19138 8.92
19139 0.76
19139 1.36
19139 13.8
19139 8.92
19140 0.76
19140 1.36
19140 13.8
19140 8.92
19141 0.76
19141 1.36
19141 13.8
19141 8.92
19142 0.76
19142 1.36
19142 13.8
19142 8.92
19143 0.76
19143 1.36
19143 13.8
19143 8.92
19144 0.76
19144 1.36
19144 13.8
19144 8.92
19145 0.76
19145 1.36
19145 13.8
19145 8.92
19146 0.76
19146 1.36
19146 13.8
19146 8.92
19147 0.76
19147 1.36
19147 13.8
19147 8.92
19148 0.76
19148 1.36
19148 13.8
19148 8.92
19149 0.76
19149 1.36
19149 13.8
19149 8.92
19150 0.76
19150 1.36
19150 13.8
19150 8.92
19151 0.76
19151 1.36
19151 13.8
19151 8.92
19152 0.76
19152 1.36
19152 13.8
19152 8.92
19153 0.76
19153 1.36
19153 13.8
19153 8.92
19154 0.76
19154 1.36
19154 13.8
19154 8.92
19155 0.76
19155 1.36
19155 13.8
19155 8.92
19156 0.76
19156 1.36
19156 13.8
19156 8.92
19157 0.76
19157 1.36
19157 13.8
19157 8.92
19158 0.76
19158 1.36
19158 13.8
19158 8.92
19159 0.76
19159 1.36
19159 13.8
19159 8.92
19160 0.76
19160 1.36
19160 13.8
19160 8.92
19161 0.76
19161 1.36
19161 13.8
19161 8.92
19162 0.76
19162 1.36
19162 13.8
19162 8.92
19163 0.76
19163 1.36
19163 13.8
19163 8.92
19164 0.76
19164 1.36
19164 13.8
19164 8.92
19165 0.76
19165 1.36
19165 13.8
19165 8.92
19166 0.76
19166 1.36
19166 13.8
19166 8.92
19202 0.76
19202 1.36
19202 13.8
19202 8.92
19203 0.76
19203 1.36
19203 13.8
19203 8.92
19204 0.76
19204 1.36
19204 13.8
19204 8.92
19205 0.76
19205 1.36
19205 13.8
19205 8.92
19206 0.76
19206 1.36
19206 13.8
19206 8.92
19207 0.76
19207 1.36
19207 13.8
19207 8.92
19208 0.76
19208 1.36
19208 13.8
19208 8.92
19209 0.76
19209 1.36
19209 13.8
19209 8.92
19210 0.76
19210 1.36
19210 13.8
19210 8.92
19211 0.76
19211 1.36
19211 13.8
19211 8.92
19212 0.76
19212 1.36
19212 13.8
19212 8.92
19213 0.76
19213 1.36
19213 13.8
19213 8.92
19214 0.76
19214 1.36
19214 13.8
19214 8.92
19215 0.76
19215 1.36
19215 13.8
19215 8.92
19216 0.76
19216 1.36
19216 13.8
19216 8.92
19217 0.76
19217 1.36
19217 13.8
19217 8.92
19218 0.76
19218 1.36
19218 13.8
19218 8.92
19219 0.76
19219 1.36
19219 13.8
19219 8.92
19220 0.76
19220 1.36
19220 13.8
19220 8.92
19221 0.76
19221 1.36
19221 13.8
19221 8.92
19222 0.76
19222 1.36
19222 13.8
19222 8.92
19223 0.76
19223 1.36
19223 13.8
19223 8.92
19224 0.76
19224 1.36
19224 13.8
19224 8.92
19225 0.76
19225 1.36
19225 13.8
19225 8.92
19226 0.76
19226 1.36
19226 13.8
19226 8.92
19227 0.76
19227 1.36
19227 13.8
19227 8.92
19228 0.76
19228 1.36
19228 13.8
19228 8.92
19229 0.76
19229 1.36
19229 13.8
19229 8.92
19230 0.76
19230 1.36
19230 13.8
19230 8.92
19270 0.76
19270 1.36
19270 13.8
19270 8.92
19271 0.76
19271 1.36
19271 13.8
19271 8.92
19272 0.76
19272 1.36
19272 13.8
19272 8.92
19273 0.76
19273 1.36
19273 13.8
19273 8.92
19274 0.76
19274 1.36
19274 13.8
19274 8.92
19275 0.76
19275 1.36
19275 13.8
19275 8.92
19276 0.76
19276 1.36
19276 13.8
19276 8.92
19277 0.76
19277 1.36
19277 13.8
19277 8.92
19278 0.76
19278 1.36
19278 13.8
19278 8.92
19279 0.76
19279 1.36
19279 13.8
19279 8.92
19280 0.76
19280 1.36
19280 13.8
19280 8.92
19281 0.76
19281 1.36
19281 13.8
19281 8.92
19282 0.76
19282 1.36
19282 13.8
19282 8.92
19283 0.76
19283 1.36
19283 13.8
19283 8.92
19284 0.76
19284 1.36
19284 13.8
19284 8.92
19285 0.76
19285 1.36
19285 13.8
19285 8.92
19286 0.76
19286 1.36
19286 13.8
19286 8.92
19287 0.76
19287 1.36
19287 13.8
19287 8.92
19288 0.76
19288 1.36
19288 13.8
19288 8.92
19289 0.76
19289 1.36
19289 13.8
19289 8.92
19290 0.76
19290 1.36
19290 13.8
19290 8.92
19291 0.76
19291 1.36
19291 13.8
19291 8.92
19292 0.76
19292 1.36
19292 13.8
19292 8.92
19293 0.76
19293 1.36
19293 13.8
19293 8.92
19294 0.76
19294 1.36
19294 13.8
19294 8.92
19295 0.76
19295 1.36
19295 13.8
19295 8.92
19296 0.76
19296 1.36
19296 13.8
19296 8.92
19297 0.76
19297 1.36
19297 13.8
19297 8.92
19298 0.76
19298 1.36
19298 13.8
19298 8.92
19299 0.76
19299 1.36
19299 13.8
19299 8.92
19300 0.76
19300 1.36
19300 13.8
19300 8.92
19339 0.76
19339 1.36
19339 13.8
19339 8.92
19340 0.76
19340 1.36
19340 13.8
19340 8.92
19341 0.76
19341 1.36
19341 13.8
19341 8.92
19342 0.76
19342 1.36
19342 13.8
19342 8.92
19343 0.76
19343 1.36
19343 13.8
19343 8.92
19344 0.76
19344 1.36
19344 13.8
19344 8.92
19345 0.76
19345 1.36
19345 13.8
19345 8.92
19346 0.76
19346 1.36
19346 13.8
19346 8.92
19347 0.76
19347 1.36
19347 13.8
19347 8.92
19348 0.76
19348 1.36
19348 13.8
19348 8.92
19349 0.76
19349 1.36
19349 13.8
19349 8.92
19350 0.76
19350 1.36
19350 13.8
19350 8.92
19351 0.76
19351 1.36
19351 13.8
19351 8.92
19352 0.76
19352 1.36
19352 13.8
19352 8.92
19353 0.76
19353 1.36
19353 13.8
19353 8.92
19354 0.76
19354 1.36
19354 13.8
19354 8.92
19355 0.76
19355 1.36
19355 13.8
19355 8.92
19356 0.76
19356 1.36
19356 13.8
19356 8.92
19357 0.76
19357 1.36
19357 13.8
19357 8.92
19358 0.76
19358 1.36
19358 13.8
19358 8.92
19359 0.76
19359 1.36
19359 13.8
19359 8.92
19360 0.76
19360 1.36
19360 13.8
19360 8.92
19361 0.76
19361 1.36
19361 13.8
19361 8.92
19362 0.76
19362 1.36
19362 13.8
19362 8.92
19363 0.76
19363 1.36
19363 13.8
19363 8.92
19364 0.76
19364 1.36
19364 13.8
19364 8.92
19365 0.76
19365 1.36
19365 13.8
19365 8.92
19366 0.76
19366 1.36
19366 13.8
19366 8.92
19367 0.76
19367 1.36
19367 13.8
19367 8.92
19368 0.76
19368 1.36
19368 13.8
19368 8.92
19369 0.76
19369 1.36
19369 13.8
19369 8.92
19370 0.76
19370 1.36
19370 13.8
19370 8.92
19408 0.76
19408 1.36
19408 13.8
19408 8.92
19409 0.76
19409 1.36
19409 13.8
19409 8.92
19410 0.76
19410 1.36
19410 13.8
19410 8.92
19411 0.76
19411 1.36
19411 13.8
19411 8.92
19412 0.76
19412 1.36
19412 13.8
19412 8.92
19413 0.76
19413 1.36
19413 13.8
19413 8.92
19414 0.76
19414 1.36
19414 13.8
19414 8.92
19415 0.76
19415 1.36
19415 13.8
19415 8.92
19416 0.76
19416 1.36
19416 13.8
19416 8.92
19417 0.76
19417 1.36
19417 13.8
19417 8.92
19418 0.76
19418 1.36
19418 13.8
19418 8.92
19419 0.76
19419 1.36
19419 13.8
19419 8.92
19420 0.76
19420 1.36
19420 13.8
19420 8.92
19421 0.76
19421 1.36
19421 13.8
19421 8.92
19422 0.76
19422 1.36
19422 13.8
19422 8.92
19423 0.76
19423 1.36
19423 13.8
19423 8.92
19424 0.76
19424 1.36
19424 13.8
19424 8.92
19425 0.76
19425 1.36
19425 13.8
19425 8.92
19426 0.76
19426 1.36
19426 13.8
19426 8.92
19427 0.76
19427 1.36
19427 13.8
19427 8.92
19428 0.76
19428 1.36
19428 13.8
19428 8.92
19429 0.76
19429 1.36
19429 13.8
19429 8.92
19430 0.76
19430 1.36
19430 13.8
19430 8.92
19431 0.76
19431 1.36
19431 13.8
19431 8.92
19432 0.76
19432 1.36
19432 13.8
19432 8.92
19433 0.76
19433 1.36
19433 13.8
19433 8.92
19434 0.76
19434 1.36
19434 13.8
19434 8.92
19435 0.76
19435 1.36
19435 13.8
19435 8.92
19436 0.76
19436 1.36
19436 13.8
19436 8.92
19437 0.76
19437 1.36
19437 13.8
19437 8.92
19438 0.76
19438 1.36
19438 13.8
19438 8.92
19439 0.76
19439 1.36
19439 13.8
19439 8.92
19440 0.76
19440 1.36
19440 13.8
19440 8.92
19441 0.76
19441 1.36
19441 13.8
19441 8.92
19446 0.76
19446 1.36
19446 13.8
19446 8.92
19447 0.76
19447 1.36
19447 13.8
19447 8.92
19480 0.76
19480 1.36
19480 13.8
19480 8.92
19481 0.76
19481 1.36
19481 13.8
19481 8.92
19482 0.76
19482 1.36
19482 13.8
19482 8.92
19483 0.76
19483 1.36
19483 13.8
19483 8.92
19484 0.76
19484 1.36
19484 13.8
19484 8.92
19485 0.76
19485 1.36
19485 13.8
19485 8.92
19486 0.76
19486 1.36
19486 13.8
19486 8.92
19487 0.76
19487 1.36
19487 13.8
19487 8.92
19488 0.76
19488 1.36
19488 13.8
19488 8.92
19489 0.76
19489 1.36
19489 13.8
19489 8.92
19490 0.76
19490 1.36
19490 13.8
19490 8.92
19491 0.76
19491 1.36
19491 13.8
19491 8.92
19492 0.76
19492 1.36
19492 13.8
19492 8.92
19493 0.76
19493 1.36
19493 13.8
19493 8.92
19494 0.76
19494 1.36
19494 13.8
19494 8.92
19495 0.76
19495 1.36
19495 13.8
19495 8.92
19496 0.76
19496 1.36
19496 13.8
19496 8.92
19497 0.76
19497 1.36
19497 13.8
19497 8.92
19498 0.76
19498 1.36
19498 13.8
19498 8.92
19499 0.76
19499 1.36
19499 13.8
19499 8.92
19500 0.76
19500 1.36
19500 13.8
19500 8.92
19501 0.76
19501 1.36
19501 13.8
19501 8.92
19502 0.76
19502 1.36
19502 13.8
19502 8.92
19503 0.76
19503 1.36
19503 13.8
19503 8.92
19504 0.76
19504 1.36
19504 13.8
19504 8.92
19505 0.76
19505 1.36
19505 13.8
19505 8.92
19506 0.76
19506 1.36
19506 13.8
19506 8.92
19507 0.76
19507 1.36
19507 13.8
19507 8.92
19508 0.76
19508 1.36
19508 13.8
19508 8.92
19509 0.76
19509 1.36
19509 13.8
19509 8.92
19510 0.76
19510 1.36
19510 13.8
19510 8.92
19511 0.76
19511 1.36
19511 13.8
19511 8.92
19512 0.76
19512 1.36
19512 13.8
19512 8.92
19513 0.76
19513 1.36
19513 13.8
19513 8.92
19514 0.76
19514 1.36
19514 13.8
19514 8.92
19519 0.76
19519 1.36
19519 13.8
19519 8.92
19520 0.76
19520 1.36
19520 13.8
19520 8.92
19549 0.76
19549 1.36
19549 13.8
19549 8.92
19550 0.76
19550 1.36
19550 13.8
19550 8.92
19551 0.76
19551 1.36
19551 13.8
19551 8.92
19552 0.76
19552 1.36
19552 13.8
19552 8.92
19553 0.76
19553 1.36
19553 13.8
19553 8.92
19554 0.76
19554 1.36
19554 13.8
19554 8.92
19555 0.76
19555 1.36
19555 13.8
19555 8.92
19556 0.76
19556 1.36
19556 13.8
19556 8.92
19557 0.76
19557 1.36
19557 13.8
19557 8.92
19558 0.76
19558 1.36
19558 13.8
19558 8.92
19559 0.76
19559 1.36
19559 13.8
19559 8.92
19560 0.76
19560 1.36
19560 13.8
19560 8.92
19561 0.76
19561 1.36
19561 13.8
19561 8.92
19562 0.76
19562 1.36
19562 13.8
19562 8.92
19563 0.76
19563 1.36
19563 13.8
19563 8.92
19564 0.76
19564 1.36
19564 13.8
19564 8.92
19565 0.76
19565 1.36
19565 13.8
19565 8.92
19566 0.76
19566 1.36
19566 13.8
19566 8.92
19567 0.76
19567 1.36
19567 13.8
19567 8.92
19568 0.76
19568 1.36
19568 13.8
19568 8.92
19569 0.76
19569 1.36
19569 13.8
19569 8.92
19570 0.76
19570 1.36
19570 13.8
19570 8.92
19571 0.76
19571 1.36
19571 13.8
19571 8.92
19572 0.76
19572 1.36
19572 13.8
19572 8.92
19573 0.76
19573 1.36
19573 13.8
19573 8.92
19574 0.76
19574 1.36
19574 13.8
19574 8.92
19575 0.76
19575 1.36
19575 13.8
19575 8.92
19576 0.76
19576 1.36
19576 13.8
19576 8.92
19577 0.76
19577 1.36
19577 13.8
19577 8.92
19578 0.76
19578 1.36
19578 13.8
19578 8.92
19579 0.76
19579 1.36
19579 13.8
19579 8.92
19580 0.76
19580 1.36
19580 13.8
19580 8.92
19581 0.76
19581 1.36
19581 13.8
19581 8.92
19582 0.76
19582 1.36
19582 13.8
19582 8.92
19583 0.76
19583 1.36
19583 13.8
19583 8.92
19584 0.76
19584 1.36
19584 13.8
19584 8.92
19585 0.76
19585 1.36
19585 13.8
19585 8.92
19619 0.76
19619 1.36
19619 13.8
19619 8.92
19620 0.76
19620 1.36
19620 13.8
19620 8.92
19621 0.76
19621 1.36
19621 13.8
19621 8.92
19622 0.76
19622 1.36
19622 13.8
19622 8.92
19623 0.76
19623 1.36
19623 13.8
19623 8.92
19624 0.76
19624 1.36
19624 13.8
19624 8.92
19625 0.76
19625 1.36
19625 13.8
19625 8.92
19626 0.76
19626 1.36
19626 13.8
19626 8.92
19627 0.76
19627 1.36
19627 13.8
19627 8.92
19628 0.76
19628 1.36
19628 13.8
19628 8.92
19629 0.76
19629 1.36
19629 13.8
19629 8.92
19630 0.76
19630 1.36
19630 13.8
19630 8.92
19631 0.76
19631 1.36
19631 13.8
19631 8.92
19632 0.76
19632 1.36
19632 13.8
19632 8.92
19633 0.76
19633 1.36
19633 13.8
19633 8.92
19634 0.76
19634 1.36
19634 13.8
19634 8.92
19635 0.76
19635 1.36
19635 13.8
19635 8.92
19636 0.76
19636 1.36
19636 13.8
19636 8.92
19637 0.76
19637 1.36
19637 13.8
19637 8.92
19638 0.76
19638 1.36
19638 13.8
19638 8.92
19639 0.76
19639 1.36
19639 13.8
19639 8.92
19640 0.76
19640 1.36
19640 13.8
19640 8.92
19641 0.76
19641 1.36
19641 13.8
19641 8.92
19642 0.76
19642 1.36
19642 13.8
19642 8.92
19643 0.76
19643 1.36
19643 13.8
19643 8.92
19644 0.76
19644 1.36
19644 13.8
19644 8.92
19645 0.76
19645 1.36
19645 13.8
19645 8.92
19646 0.76
19646 1.36
19646 13.8
19646 8.92
19647 0.76
19647 1.36
19647 13.8
19647 8.92
19648 0.76
19648 1.36
19648 13.8
19648 8.92
19649 0.76
19649 1.36
19649 13.8
19649 8.92
19650 0.76
19650 1.36
19650 13.8
19650 8.92
19651 0.76
19651 1.36
19651 13.8
19651 8.92
19652 0.76
19652 1.36
19652 13.8
19652 8.92
19653 0.76
19653 1.36
19653 13.8
19653 8.92
19654 0.76
19654 1.36
19654 13.8
19654 8.92
19655 0.76
19655 1.36
19655 13.8
19655 8.92
19689 0.76
19689 1.36
19689 13.8
19689 8.92
19690 0.76
19690 1.36
19690 13.8
19690 8.92
19691 0.76
19691 1.36
19691 13.8
19691 8.92
19692 0.76
19692 1.36
19692 13.8
19692 8.92
19693 0.76
19693 1.36
19693 13.8
19693 8.92
19694 0.76
19694 1.36
19694 13.8
19694 8.92
19695 0.76
19695 1.36
19695 13.8
19695 8.92
19696 0.76
19696 1.36
19696 13.8
19696 8.92
19697 0.76
19697 1.36
19697 13.8
19697 8.92
19698 0.76
19698 1.36
19698 13.8
19698 8.92
19699 0.76
19699 1.36
19699 13.8
19699 8.92
19700 0.76
19700 1.36
19700 13.8
19700 8.92
19701 0.76
19701 1.36
19701 13.8
19701 8.92
19702 0.76
19702 1.36
19702 13.8
19702 8.92
19703 0.76
19703 1.36
19703 13.8
19703 8.92
19704 0.76
19704 1.36
19704 13.8
19704 8.92
19705 0.76
19705 1.36
19705 13.8
19705 8.92
19706 0.76
19706 1.36
19706 13.8
19706 8.92
19707 0.76
19707 1.36
19707 13.8
19707 8.92
19708 0.76
19708 1.36
19708 13.8
19708 8.92
19709 0.76
19709 1.36
19709 13.8
19709 8.92
19710 0.76
19710 1.36
19710 13.8
19710 8.92
19711 0.76
19711 1.36
19711 13.8
19711 8.92
19712 0.76
19712 1.36
19712 13.8
19712 8.92
19713 0.76
19713 1.36
19713 13.8
19713 8.92
19714 0.76
19714 1.36
19714 13.8
19714 8.92
19715 0.76
19715 1.36
19715 13.8
19715 8.92
19716 0.76
19716 1.36
19716 13.8
19716 8.92
19717 0.76
19717 1.36
19717 13.8
19717 8.92
19718 0.76
19718 1.36
19718 13.8
19718 8.92
19719 0.76
19719 1.36
19719 13.8
19719 8.92
19720 0.76
19720 1.36
19720 13.8
19720 8.92
19721 0.76
19721 1.36
19721 13.8
19721 8.92
19722 0.76
19722 1.36
19722 13.8
19722 8.92
19723 0.76
19723 1.36
19723 13.8
19723 8.92
19724 0.76
19724 1.36
19724 13.8
19724 8.92
19755 0.76
19755 1.36
19755 13.8
19755 8.92
19756 0.76
19756 1.36
19756 13.8
19756 8.92
19757 0.76
19757 1.36
19757 13.8
19757 8.92
19758 0.76
19758 1.36
19758 13.8
19758 8.92
19759 0.76
19759 1.36
19759 13.8
19759 8.92
19760 0.76
19760 1.36
19760 13.8
19760 8.92
19761 0.76
19761 1.36
19761 13.8
19761 8.92
19762 0.76
19762 1.36
19762 13.8
19762 8.92
19763 0.76
19763 1.36
19763 13.8
19763 8.92
19764 0.76
19764 1.36
19764 13.8
19764 8.92
19765 0.76
19765 1.36
19765 13.8
19765 8.92
19766 0.76
19766 1.36
19766 13.8
19766 8.92
19767 0.76
19767 1.36
19767 13.8
19767 8.92
19768 0.76
19768 1.36
19768 13.8
19768 8.92
19769 0.76
19769 1.36
19769 13.8
19769 8.92
19770 0.76
19770 1.36
19770 13.8
19770 8.92
19771 0.76
19771 1.36
19771 13.8
19771 8.92
19772 0.76
19772 1.36
19772 13.8
19772 8.92
19773 0.76
19773 1.36
19773 13.8
19773 8.92
19774 0.76
19774 1.36
19774 13.8
19774 8.92
19775 0.76
19775 1.36
19775 13.8
19775 8.92
19776 0.76
19776 1.36
19776 13.8
19776 8.92
19777 0.76
19777 1.36
19777 13.8
19777 8.92
19778 0.76
19778 1.36
19778 13.8
19778 8.92
19779 0.76
19779 1.36
19779 13.8
19779 8.92
19780 0.76
19780 1.36
19780 13.8
19780 8.92
19781 0.76
19781 1.36
19781 13.8
19781 8.92
19782 0.76
19782 1.36
19782 13.8
19782 8.92
19783 0.76
19783 1.36
19783 13.8
19783 8.92
19784 0.76
19784 1.36
19784 13.8
19784 8.92
19785 0.76
19785 1.36
19785 13.8
19785 8.92
19786 0.76
19786 1.36
19786 13.8
19786 8.92
19787 0.76
19787 1.36
19787 13.8
19787 8.92
19788 0.76
19788 1.36
19788 13.8
19788 8.92
19789 0.76
19789 1.36
19789 13.8
19789 8.92
19817 0.76
19817 1.36
19817 13.8
19817 8.92
19818 0.76
19818 1.36
19818 13.8
19818 8.92
19819 0.76
19819 1.36
19819 13.8
19819 8.92
19820 0.76
19820 1.36
19820 13.8
19820 8.92
19821 0.76
19821 1.36
19821 13.8
19821 8.92
19822 0.76
19822 1.36
19822 13.8
19822 8.92
19823 0.76
19823 1.36
19823 13.8
19823 8.92
19824 0.76
19824 1.36
19824 13.8
19824 8.92
19825 0.76
19825 1.36
19825 13.8
19825 8.92
19826 0.76
19826 1.36
19826 13.8
19826 8.92
19827 0.76
19827 1.36
19827 13.8
19827 8.92
19828 0.76
19828 1.36
19828 13.8
19828 8.92
19829 0.76
19829 1.36
19829 13.8
19829 8.92
19830 0.76
19830 1.36
19830 13.8
19830 8.92
19831 0.76
19831 1.36
19831 13.8
19831 8.92
19832 0.76
19832 1.36
19832 13.8
19832 8.92
19833 0.76
19833 1.36
19833 13.8
19833 8.92
19834 0.76
19834 1.36
19834 13.8
19834 8.92
19835 0.76
19835 1.36
19835 13.8
19835 8.92
19836 0.76
19836 1.36
19836 13.8
19836 8.92
19837 0.76
19837 1.36
19837 13.8
19837 8.92
19838 0.76
19838 1.36
19838 13.8
19838 8.92
19839 0.76
19839 1.36
19839 13.8
19839 8.92
19840 0.76
19840 1.36
19840 13.8
19840 8.92
19841 0.76
19841 1.36
19841 13.8
19841 8.92
19842 0.76
19842 1.36
19842 13.8
19842 8.92
19843 0.76
19843 1.36
19843 13.8
19843 8.92
19844 0.76
19844 1.36
19844 13.8
19844 8.92
19845 0.76
19845 1.36
19845 13.8
19845 8.92
19846 0.76
19846 1.36
19846 13.8
19846 8.92
19847 0.76
19847 1.36
19847 13.8
19847 8.92
19848 0.76
19848 1.36
19848 13.8
19848 8.92
19849 0.76
19849 1.36
19849 13.8
19849 8.92
19850 0.76
19850 1.36
19850 13.8
19850 8.92
19851 0.76
19851 1.36
19851 13.8
19851 8.92
19852 0.76
19852 1.36
19852 13.8
19852 8.92
19881 0.76
19881 1.36
19881 13.8
19881 8.92
19882 0.76
19882 1.36
19882 13.8
19882 8.92
19883 0.76
19883 1.36
19883 13.8
19883 8.92
19884 0.76
19884 1.36
19884 13.8
19884 8.92
19885 0.76
19885 1.36
19885 13.8
19885 8.92
19886 0.76
19886 1.36
19886 13.8
19886 8.92
19887 0.76
19887 1.36
19887 13.8
19887 8.92
19888 0.76
19888 1.36
19888 13.8
19888 8.92
19889 0.76
19889 1.36
19889 13.8
19889 8.92
19890 0.76
19890 1.36
19890 13.8
19890 8.92
19891 0.76
19891 1.36
19891 13.8
19891 8.92
19892 0.76
19892 1.36
19892 13.8
19892 8.92
19893 0.76
19893 1.36
19893 13.8
19893 8.92
19894 0.76
19894 1.36
19894 13.8
19894 8.92
19895 0.76
19895 1.36
19895 13.8
19895 8.92
19896 0.76
19896 1.36
19896 13.8
19896 8.92
19897 0.76
19897 1.36
19897 13.8
19897 8.92
19898 0.76
19898 1.36
19898 13.8
19898 8.92
19899 0.76
19899 1.36
19899 13.8
19899 8.92
19900 0.76
19900 1.36
19900 13.8
19900 8.92
19901 0.76
19901 1.36
19901 13.8
19901 8.92
19902 0.76
19902 1.36
19902 13.8
19902 8.92
19903 0.76
19903 1.36
19903 13.8
19903 8.92
19904 0.76
19904 1.36
19904 13.8
19904 8.92
19905 0.76
19905 1.36
19905 13.8
19905 8.92
19935 0.76
19935 1.36
19935 13.8
19935 8.92
19936 0.76
19936 1.36
19936 13.8
19936 8.92
19937 0.76
19937 1.36
19937 13.8
19937 8.92
19938 0.76
19938 1.36
19938 13.8
19938 8.92
19939 0.76
19939 1.36
19939 13.8
19939 8.92
19940 0.76
19940 1.36
19940 13.8
19940 8.92
19941 0.76
19941 1.36
19941 13.8
19941 8.92
19942 0.76
19942 1.36
19942 13.8
19942 8.92
19943 0.76
19943 1.36
19943 13.8
19943 8.92
19944 0.76
19944 1.36
19944 13.8
19944 8.92
19945 0.76
19945 1.36
19945 13.8
19945 8.92
19946 0.76
19946 1.36
19946 13.8
19946 8.92
19947 0.76
19947 1.36
19947 13.8
19947 8.92
19948 0.76
19948 1.36
19948 13.8
19948 8.92
19949 0.76
19949 1.36
19949 13.8
19949 8.92
19950 0.76
19950 1.36
19950 13.8
19950 8.92
19951 0.76
19951 1.36
19951 13.8
19951 8.92
19952 0.76
19952 1.36
19952 13.8
19952 8.92
19953 0.76
19953 1.36
19953 13.8
19953 8.92
19954 0.76
19954 1.36
19954 13.8
19954 8.92
19955 0.76
19955 1.36
19955 13.8
19955 8.92
19956 0.76
19956 1.36
19956 13.8
19956 8.92
19957 0.76
19957 1.36
19957 13.8
19957 8.92
19958 0.76
19958 1.36
19958 13.8
19958 8.92
19987 0.76
19987 1.36
19987 13.8
19987 8.92
19988 0.76
19988 1.36
19988 13.8
19988 8.92
19989 0.76
19989 1.36
19989 13.8
19989 8.92
19990 0.76
19990 1.36
19990 13.8
19990 8.92
19991 0.76
19991 1.36
19991 13.8
19991 8.92
19992 0.76
19992 1.36
19992 13.8
19992 8.92
19993 0.76
19993 1.36
19993 13.8
19993 8.92
19994 0.76
19994 1.36
19994 13.8
19994 8.92
19995 0.76
19995 1.36
19995 13.8
19995 8.92
19996 0.76
19996 1.36
19996 13.8
19996 8.92
19997 0.76
19997 1.36
19997 13.8
19997 8.92
19998 0.76
19998 1.36
19998 13.8
19998 8.92
19999 0.76
19999 1.36
19999 13.8
19999 8.92
20000 0.76
20000 1.36
20000 13.8
20000 8.92
20001 0.76
20001 1.36
20001 13.8
20001 8.92
20002 0.76
20002 1.36
20002 13.8
20002 8.92
20003 0.76
20003 1.36
20003 13.8
20003 8.92
20004 0.76
20004 1.36
20004 13.8
20004 8.92
20005 0.76
20005 1.36
20005 13.8
20005 8.92
20006 0.76
20006 1.36
20006 13.8
20006 8.92
20007 0.76
20007 1.36
20007 13.8
20007 8.92
20008 0.76
20008 1.36
20008 13.8
20008 8.92
20009 0.76
20009 1.36
20009 13.8
20009 8.92
20010 0.76
20010 1.36
20010 13.8
20010 8.92
20011 0.76
20011 1.36
20011 13.8
20011 8.92
20041 0.76
20041 1.36
20041 13.8
20041 8.92
20042 0.76
20042 1.36
20042 13.8
20042 8.92
20043 0.76
20043 1.36
20043 13.8
20043 8.92
20044 0.76
20044 1.36
20044 13.8
20044 8.92
20045 0.76
20045 1.36
20045 13.8
20045 8.92
20046 0.76
20046 1.36
20046 13.8
20046 8.92
20047 0.76
20047 1.36
20047 13.8
20047 8.92
20048 0.76
20048 1.36
20048 13.8
20048 8.92
20049 0.76
20049 1.36
20049 13.8
20049 8.92
20050 0.76
20050 1.36
20050 13.8
20050 8.92
20051 0.76
20051 1.36
20051 13.8
20051 8.92
20052 0.76
20052 1.36
20052 13.8
20052 8.92
20053 0.76
20053 1.36
20053 13.8
20053 8.92
20054 0.76
20054 1.36
20054 13.8
20054 8.92
20055 0.76
20055 1.36
20055 13.8
20055 8.92
20056 0.76
20056 1.36
20056 13.8
20056 8.92
20057 0.76
20057 1.36
20057 13.8
20057 8.92
20058 0.76
20058 1.36
20058 13.8
20058 8.92
20059 0.76
20059 1.36
20059 13.8
20059 8.92
20060 0.76
20060 1.36
20060 13.8
20060 8.92
20061 0.76
20061 1.36
20061 13.8
20061 8.92
20062 0.76
20062 1.36
20062 13.8
20062 8.92
20063 0.76
20063 1.36
20063 13.8
20063 8.92
20064 0.76
20064 1.36
20064 13.8
20064 8.92
20093 0.76
20093 1.36
20093 13.8
20093 8.92
20094 0.76
20094 1.36
20094 13.8
20094 8.92
20095 0.76
20095 1.36
20095 13.8
20095 8.92
20096 0.76
20096 1.36
20096 13.8
20096 8.92
20097 0.76
20097 1.36
20097 13.8
20097 8.92
20098 0.76
20098 1.36
20098 13.8
20098 8.92
20099 0.76
20099 1.36
20099 13.8
20099 8.92
20100 0.76
20100 1.36
20100 13.8
20100 8.92
20101 0.76
20101 1.36
20101 13.8
20101 8.92
20102 0.76
20102 1.36
20102 13.8
20102 8.92
20103 0.76
20103 1.36
20103 13.8
20103 8.92
20104 0.76
20104 1.36
20104 13.8
20104 8.92
20105 0.76
20105 1.36
20105 13.8
20105 8.92
20106 0.76
20106 1.36
20106 13.8
20106 8.92
20107 0.76
20107 1.36
20107 13.8
20107 8.92
20108 0.76
20108 1.36
20108 13.8
20108 8.92
20109 0.76
20109 1.36
20109 13.8
20109 8.92
20110 0.76
20110 1.36
20110 13.8
20110 8.92
20111 0.76
20111 1.36
20111 13.8
20111 8.92
20112 0.76
20112 1.36
20112 13.8
20112 8.92
20113 0.76
20113 1.36
20113 13.8
20113 8.92
20114 0.76
20114 1.36
20114 13.8
20114 8.92
20115 0.76
20115 1.36
20115 13.8
20115 8.92
20116 0.76
20116 1.36
20116 13.8
20116 8.92
20117 0.76
20117 1.36
20117 13.8
20117 8.92
20118 0.76
20118 1.36
20118 13.8
20118 8.92
20119 0.76
20119 1.36
20119 13.8
20119 8.92
20145 0.76
20145 1.36
20145 13.8
20145 8.92
20146 0.76
20146 1.36
20146 13.8
20146 8.92
20147 0.76
20147 1.36
20147 13.8
20147 8.92
20148 0.76
20148 1.36
20148 13.8
20148 8.92
20149 0.76
20149 1.36
20149 13.8
20149 8.92
20150 0.76
20150 1.36
20150 13.8
20150 8.92
20151 0.76
20151 1.36
20151 13.8
20151 8.92
20152 0.76
20152 1.36
20152 13.8
20152 8.92
20153 0.76
20153 1.36
20153 13.8
20153 8.92
20154 0.76
20154 1.36
20154 13.8
20154 8.92
20155 0.76
20155 1.36
20155 13.8
20155 8.92
20156 0.76
20156 1.36
20156 13.8
20156 8.92
20157 0.76
20157 1.36
20157 13.8
20157 8.92
20158 0.76
20158 1.36
20158 13.8
20158 8.92
20159 0.76
20159 1.36
20159 13.8
20159 8.92
20160 0.76
20160 1.36
20160 13.8
20160 8.92
20161 0.76
20161 1.36
20161 13.8
20161 8.92
20162 0.76
20162 1.36
20162 13.8
20162 8.92
20163 0.76
20163 1.36
20163 13.8
20163 8.92
20164 0.76
20164 1.36
20164 13.8
20164 8.92
20165 0.76
20165 1.36
20165 13.8
20165 8.92
20166 0.76
20166 1.36
20166 13.8
20166 8.92
20167 0.76
20167 1.36
20167 13.8
20167 8.92
20168 0.76
20168 1.36
20168 13.8
20168 8.92
20169 0.76
20169 1.36
20169 13.8
20169 8.92
20170 0.76
20170 1.36
20170 13.8
20170 8.92
20190 0.76
20190 1.36
20190 13.8
20190 8.92
20191 0.76
20191 1.36
20191 13.8
20191 8.92
20192 0.76
20192 1.36
20192 13.8
20192 8.92
20193 0.76
20193 1.36
20193 13.8
20193 8.92
20194 0.76
20194 1.36
20194 13.8
20194 8.92
20195 0.76
20195 1.36
20195 13.8
20195 8.92
20196 0.76
20196 1.36
20196 13.8
20196 8.92
20197 0.76
20197 1.36
20197 13.8
20197 8.92
20198 0.76
20198 1.36
20198 13.8
20198 8.92
20199 0.76
20199 1.36
20199 13.8
20199 8.92
20200 0.76
20200 1.36
20200 13.8
20200 8.92
20201 0.76
20201 1.36
20201 13.8
20201 8.92
20202 0.76
20202 1.36
20202 13.8
20202 8.92
20203 0.76
20203 1.36
20203 13.8
20203 8.92
20204 0.76
20204 1.36
20204 13.8
20204 8.92
20205 0.76
20205 1.36
20205 13.8
20205 8.92
20206 0.76
20206 1.36
20206 13.8
20206 8.92
20207 0.76
20207 1.36
20207 13.8
20207 8.92
20208 0.76
20208 1.36
20208 13.8
20208 8.92
20209 0.76
20209 1.36
20209 13.8
20209 8.92
20210 0.76
20210 1.36
20210 13.8
20210 8.92
20211 0.76
20211 1.36
20211 13.8
20211 8.92
20212 0.76
20212 1.36
20212 13.8
20212 8.92
20213 0.76
20213 1.36
20213 13.8
20213 8.92
20214 0.76
20214 1.36
20214 13.8
20214 8.92
20215 0.76
20215 1.36
20215 13.8
20215 8.92
20216 0.76
20216 1.36
20216 13.8
20216 8.92
20238 0.76
20238 1.36
20238 13.8
20238 8.92
20239 0.76
20239 1.36
20239 13.8
20239 8.92
20240 0.76
20240 1.36
20240 13.8
20240 8.92
20241 0.76
20241 1.36
20241 13.8
20241 8.92
20242 0.76
20242 1.36
20242 13.8
20242 8.92
20243 0.76
20243 1.36
20243 13.8
20243 8.92
20244 0.76
20244 1.36
20244 13.8
20244 8.92
20245 0.76
20245 1.36
20245 13.8
20245 8.92
20246 0.76
20246 1.36
20246 13.8
20246 8.92
20247 0.76
20247 1.36
20247 13.8
20247 8.92
20248 0.76
20248 1.36
20248 13.8
20248 8.92
20249 0.76
20249 1.36
20249 13.8
20249 8.92
20250 0.76
20250 1.36
20250 13.8
20250 8.92
20251 0.76
20251 1.36
20251 13.8
20251 8.92
20252 0.76
20252 1.36
20252 13.8
20252 8.92
20253 0.76
20253 1.36
20253 13.8
20253 8.92
20254 0.76
20254 1.36
20254 13.8
20254 8.92
20255 0.76
20255 1.36
20255 13.8
20255 8.92
20256 0.76
20256 1.36
20256 13.8
20256 8.92
20257 0.76
20257 1.36
20257 13.8
20257 8.92
20258 0.76
20258 1.36
20258 13.8
20258 8.92
20259 0.76
20259 1.36
20259 13.8
20259 8.92
20260 0.76
20260 1.36
20260 13.8
20260 8.92
20277 0.76
20277 1.36
20277 13.8
20277 8.92
20278 0.76
20278 1.36
20278 13.8
20278 8.92
20279 0.76
20279 1.36
20279 13.8
20279 8.92
20280 0.76
20280 1.36
20280 13.8
20280 8.92
20281 0.76
20281 1.36
20281 13.8
20281 8.92
20282 0.76
20282 1.36
20282 13.8
20282 8.92
20283 0.76
20283 1.36
20283 13.8
20283 8.92
20284 0.76
20284 1.36
20284 13.8
20284 8.92
20285 0.76
20285 1.36
20285 13.8
20285 8.92
20286 0.76
20286 1.36
20286 13.8
20286 8.92
20287 0.76
20287 1.36
20287 13.8
20287 8.92
20288 0.76
20288 1.36
20288 13.8
20288 8.92
20289 0.76
20289 1.36
20289 13.8
20289 8.92
20290 0.76
20290 1.36
20290 13.8
20290 8.92
20291 0.76
20291 1.36
20291 13.8
20291 8.92
20292 0.76
20292 1.36
20292 13.8
20292 8.92
20293 0.76
20293 1.36
20293 13.8
20293 8.92
20294 0.76
20294 1.36
20294 13.8
20294 8.92
20295 0.76
20295 1.36
20295 13.8
20295 8.92
20296 0.76
20296 1.36
20296 13.8
20296 8.92
20297 0.76
20297 1.36
20297 13.8
20297 8.92
20298 0.76
20298 1.36
20298 13.8
20298 8.92
20328 0.76
20328 1.36
20328 13.8
20328 8.92
20329 0.76
20329 1.36
20329 13.8
20329 8.92
20330 0.76
20330 1.36
20330 13.8
20330 8.92
20331 0.76
20331 1.36
20331 13.8
20331 8.92
20332 0.76
20332 1.36
20332 13.8
20332 8.92
20333 0.76
20333 1.36
20333 13.8
20333 8.92
20334 0.76
20334 1.36
20334 13.8
20334 8.92
20335 0.76
20335 1.36
20335 13.8
20335 8.92
20336 0.76
20336 1.36
20336 13.8
20336 8.92
20337 0.76
20337 1.36
20337 13.8
20337 8.92
20338 0.76
20338 1.36
20338 13.8
20338 8.92
20339 0.76
20339 1.36
20339 13.8
20339 8.92
20364 0.76
20364 1.36
20364 13.8
20364 8.92
20365 0.76
20365 1.36
20365 13.8
20365 8.92
20366 0.76
20366 1.36
20366 13.8
20366 8.92
20367 0.76
20367 1.36
20367 13.8
20367 8.92
20368 0.76
20368 1.36
20368 13.8
20368 8.92
20369 0.76
20369 1.36
20369 13.8
20369 8.92
20370 0.76
20370 1.36
20370 13.8
20370 8.92
20371 0.76
20371 1.36
20371 13.8
20371 8.92
20372 0.76
20372 1.36
20372 13.8
20372 8.92
20373 0.76
20373 1.36
20373 13.8
20373 8.92
20374 0.76
20374 1.36
20374 13.8
20374 8.92
20408 0.76
20408 1.36
20408 13.8
20408 8.92
20409 0.76
20409 1.36
20409 13.8
20409 8.92
20410 0.76
20410 1.36
20410 13.8
20410 8.92
20411 0.76
20411 1.36
20411 13.8
20411 8.92
20412 0.76
20412 1.36
20412 13.8
20412 8.92
20413 0.76
20413 1.36
20413 13.8
20413 8.92
20414 0.76
20414 1.36
20414 13.8
20414 8.92
20415 0.76
20415 1.36
20415 13.8
20415 8.92
20416 0.76
20416 1.36
20416 13.8
20416 8.92
20417 0.76
20417 1.36
20417 13.8
20417 8.92
20418 0.76
20418 1.36
20418 13.8
20418 8.92
20419 0.76
20419 1.36
20419 13.8
20419 8.92
20420 0.76
20420 1.36
20420 13.8
20420 8.92
20421 0.76
20421 1.36
20421 13.8
20421 8.92
20442 0.76
20442 1.36
20442 13.8
20442 8.92
20443 0.76
20443 1.36
20443 13.8
20443 8.92
20444 0.76
20444 1.36
20444 13.8
20444 8.92
20445 0.76
20445 1.36
20445 13.8
20445 8.92
20446 0.76
20446 1.36
20446 13.8
20446 8.92
20447 0.76
20447 1.36
20447 13.8
20447 8.92
20448 0.76
20448 1.36
20448 13.8
20448 8.92
20449 0.76
20449 1.36
20449 13.8
20449 8.92
20450 0.76
20450 1.36
20450 13.8
20450 8.92
20451 0.76
20451 1.36
20451 13.8
20451 8.92
20452 0.76
20452 1.36
20452 13.8
20452 8.92
20453 0.76
20453 1.36
20453 13.8
20453 8.92
20454 0.76
20454 1.36
20454 13.8
20454 8.92
20455 0.76
20455 1.36
20455 13.8
20455 8.92
20456 0.76
20456 1.36
20456 13.8
20456 8.92
20481 0.76
20481 1.36
20481 13.8
20481 8.92
20482 0.76
20482 1.36
20482 13.8
20482 8.92
20483 0.76
20483 1.36
20483 13.8
20483 8.92
20484 0.76
20484 1.36
20484 13.8
20484 8.92
20485 0.76
20485 1.36
20485 13.8
20485 8.92
20486 0.76
20486 1.36
20486 13.8
20486 8.92
20487 0.76
20487 1.36
20487 13.8
20487 8.92
20488 0.76
20488 1.36
20488 13.8
20488 8.92
20489 0.76
20489 1.36
20489 13.8
20489 8.92
20490 0.76
20490 1.36
20490 13.8
20490 8.92
20491 0.76
20491 1.36
20491 13.8
20491 8.92
20511 0.76
20511 1.36
20511 13.8
20511 8.92
20512 0.76
20512 1.36
20512 13.8
20512 8.92
20513 0.76
20513 1.36
20513 13.8
20513 8.92
20514 0.76
20514 1.36
20514 13.8
20514 8.92
20515 0.76
20515 1.36
20515 13.8
20515 8.92
20516 0.76
20516 1.36
20516 13.8
20516 8.92
20517 0.76
20517 1.36
20517 13.8
20517 8.92
20518 0.76
20518 1.36
20518 13.8
20518 8.92
20519 0.76
20519 1.36
20519 13.8
20519 8.92
20520 0.76
20520 1.36
20520 13.8
20520 8.92
20521 0.76
20521 1.36
20521 13.8
20521 8.92
20542 0.76
20542 1.36
20542 13.8
20542 8.92
20543 0.76
20543 1.36
20543 13.8
20543 8.92
20544 0.76
20544 1.36
20544 13.8
20544 8.92
20545 0.76
20545 1.36
20545 13.8
20545 8.92
20546 0.76
20546 1.36
20546 13.8
20546 8.92
20547 0.76
20547 1.36
20547 13.8
20547 8.92
20548 0.76
20548 1.36
20548 13.8
20548 8.92
20549 0.76
20549 1.36
20549 13.8
20549 8.92
20550 0.76
20550 1.36
20550 13.8
20550 8.92
20551 0.76
20551 1.36
20551 13.8
20551 8.92
20552 0.76
20552 1.36
20552 13.8
20552 8.92
20573 0.76
20573 1.36
20573 13.8
20573 8.92
20574 0.76
20574 1.36
20574 13.8
20574 8.92
20575 0.76
20575 1.36
20575 13.8
20575 8.92
20576 0.76
20576 1.36
20576 13.8
20576 8.92
20577 0.76
20577 1.36
20577 13.8
20577 8.92
20578 0.76
20578 1.36
20578 13.8
20578 8.92
20579 0.76
20579 1.36
20579 13.8
20579 8.92
20599 0.76
20599 1.36
20599 13.8
20599 8.92
20600 0.76
20600 1.36
20600 13.8
20600 8.92
20601 0.76
20601 1.36
20601 13.8
20601 8.92
20602 0.76
20602 1.36
20602 13.8
20602 8.92
20603 0.76
20603 1.36
20603 13.8
20603 8.92
20604 0.76
20604 1.36
20604 13.8
20604 8.92
20605 0.76
20605 1.36
20605 13.8
20605 8.92
