pt_graph shape
150 1
150 1
150 1
150 1
151 1
151 1
151 1
151 1
152 1
152 1
152 1
152 1
153 1
153 1
153 1
153 1
154 1
154 1
154 1
154 1
203 1
203 1
203 1
203 1
204 1
204 1
204 1
204 1
205 1
205 1
205 1
205 1
206 1
206 1
206 1
206 1
207 1
207 1
207 1
207 1
257 1
257 1
257 1
257 1
258 1
258 1
258 1
258 1
259 1
259 1
259 1
259 1
260 1
260 1
260 1
260 1
261 1
261 1
261 1
261 1
262 1
262 1
262 1
262 1
263 1
263 1
263 1
263 1
264 1
264 1
264 1
264 1
265 1
265 1
265 1
265 1
266 1
266 1
266 1
266 1
322 1
322 1
322 1
322 1
323 1
323 1
323 1
323 1
324 1
324 1
324 1
324 1
325 1
325 1
325 1
325 1
326 1
326 1
326 1
326 1
327 1
327 1
327 1
327 1
328 1
328 1
328 1
328 1
329 1
329 1
329 1
329 1
330 1
330 1
330 1
330 1
331 1
331 1
331 1
331 1
332 1
332 1
332 1
332 1
392 1
392 1
392 1
392 1
393 1
393 1
393 1
393 1
394 1
394 1
394 1
394 1
395 1
395 1
395 1
395 1
396 1
396 1
396 1
396 1
397 1
397 1
397 1
397 1
398 1
398 1
398 1
398 1
399 1
399 1
399 1
399 1
400 1
400 1
400 1
400 1
401 1
401 1
401 1
401 1
402 1
402 1
402 1
402 1
403 1
403 1
403 1
403 1
468 1
468 1
468 1
468 1
469 1
469 1
469 1
469 1
470 1
470 1
470 1
470 1
471 1
471 1
471 1
471 1
472 1
472 1
472 1
472 1
473 1
473 1
473 1
473 1
474 1
474 1
474 1
474 1
475 1
475 1
475 1
475 1
476 1
476 1
476 1
476 1
477 1
477 1
477 1
477 1
478 1
478 1
478 1
478 1
479 1
479 1
479 1
479 1
480 1
480 1
480 1
480 1
481 1
481 1
481 1
481 1
553 1
553 1
553 1
553 1
554 1
554 1
554 1
554 1
555 1
555 1
555 1
555 1
556 1
556 1
556 1
556 1
557 1
557 1
557 1
557 1
558 1
558 1
558 1
558 1
559 1
559 1
559 1
559 1
560 1
560 1
560 1
560 1
561 1
561 1
561 1
561 1
562 1
562 1
562 1
562 1
563 1
563 1
563 1
563 1
564 1
564 1
564 1
564 1
565 1
565 1
565 1
565 1
566 1
566 1
566 1
566 1
639 1
639 1
639 1
639 1
640 1
640 1
640 1
640 1
641 1
641 1
641 1
641 1
642 1
642 1
642 1
642 1
643 1
643 1
643 1
643 1
644 1
644 1
644 1
644 1
645 1
645 1
645 1
645 1
646 1
646 1
646 1
646 1
647 1
647 1
647 1
647 1
648 1
648 1
648 1
648 1
649 1
649 1
649 1
649 1
650 1
650 1
650 1
650 1
651 1
651 1
651 1
651 1
652 1
652 1
652 1
652 1
653 1
653 1
653 1
653 1
654 1
654 1
654 1
654 1
655 1
655 1
655 1
655 1
656 1
656 1
656 1
656 1
657 1
657 1
657 1
657 1
737 1
737 1
737 1
737 1
738 1
738 1
738 1
738 1
739 1
739 1
739 1
739 1
740 1
740 1
740 1
740 1
741 1
741 1
741 1
741 1
742 1
742 1
742 1
742 1
743 1
743 1
743 1
743 1
744 1
744 1
744 1
744 1
745 1
745 1
745 1
745 1
746 1
746 1
746 1
746 1
747 1
747 1
747 1
747 1
748 1
748 1
748 1
748 1
749 1
749 1
749 1
749 1
750 1
750 1
750 1
750 1
751 1
751 1
751 1
751 1
752 1
752 1
752 1
752 1
753 1
753 1
753 1
753 1
754 1
754 1
754 1
754 1
755 1
755 1
755 1
755 1
838 1
838 1
838 1
838 1
839 1
839 1
839 1
839 1
840 1
840 1
840 1
840 1
841 1
841 1
841 1
841 1
842 1
842 1
842 1
842 1
843 1
843 1
843 1
843 1
844 1
844 1
844 1
844 1
845 1
845 1
845 1
845 1
846 1
846 1
846 1
846 1
847 1
847 1
847 1
847 1
848 1
848 1
848 1
848 1
849 1
849 1
849 1
849 1
850 1
850 1
850 1
850 1
851 1
851 1
851 1
851 1
852 1
852 1
852 1
852 1
853 1
853 1
853 1
853 1
854 1
854 1
854 1
854 1
855 1
855 1
855 1
855 1
856 1
856 1
856 1
856 1
857 1
857 1
857 1
857 1
858 1
858 1
858 1
858 1
859 1
859 1
859 1
859 1
860 1
860 1
860 1
860 1
948 1
948 1
948 1
948 1
949 1
949 1
949 1
949 1
950 1
950 1
950 1
950 1
951 1
951 1
951 1
951 1
952 1
952 1
952 1
952 1
953 1
953 1
953 1
953 1
954 1
954 1
954 1
954 1
955 1
955 1
955 1
955 1
956 1
956 1
956 1
956 1
957 1
957 1
957 1
957 1
958 1
958 1
958 1
958 1
959 1
959 1
959 1
959 1
960 1
960 1
960 1
960 1
961 1
961 1
961 1
961 1
962 1
962 1
962 1
962 1
963 1
963 1
963 1
963 1
964 1
964 1
964 1
964 1
965 1
965 1
965 1
965 1
966 1
966 1
966 1
966 1
967 1
967 1
967 1
967 1
968 1
968 1
968 1
968 1
969 1
969 1
969 1
969 1
970 1
970 1
970 1
970 1
971 1
971 1
971 1
971 1
1065 1
1065 1
1065 1
1065 1
1066 1
1066 1
1066 1
1066 1
1067 1
1067 1
1067 1
1067 1
1068 1
1068 1
1068 1
1068 1
1069 1
1069 1
1069 1
1069 1
1070 1
1070 1
1070 1
1070 1
1071 1
1071 1
1071 1
1071 1
1072 1
1072 1
1072 1
1072 1
1073 1
1073 1
1073 1
1073 1
1074 1
1074 1
1074 1
1074 1
1075 1
1075 1
1075 1
1075 1
1076 1
1076 1
1076 1
1076 1
1077 1
1077 1
1077 1
1077 1
1078 1
1078 1
1078 1
1078 1
1079 1
1079 1
1079 1
1079 1
1080 1
1080 1
1080 1
1080 1
1081 1
1081 1
1081 1
1081 1
1082 1
1082 1
1082 1
1082 1
1083 1
1083 1
1083 1
1083 1
1084 1
1084 1
1084 1
1084 1
1085 1
1085 1
1085 1
1085 1
1086 1
1086 1
1086 1
1086 1
1087 1
1087 1
1087 1
1087 1
1185 1
1185 1
1185 1
1185 1
1186 1
1186 1
1186 1
1186 1
1187 1
1187 1
1187 1
1187 1
1188 1
1188 1
1188 1
1188 1
1189 1
1189 1
1189 1
1189 1
1190 1
1190 1
1190 1
1190 1
1191 1
1191 1
1191 1
1191 1
1192 1
1192 1
1192 1
1192 1
1193 1
1193 1
1193 1
1193 1
1194 1
1194 1
1194 1
1194 1
1195 1
1195 1
1195 1
1195 1
1196 1
1196 1
1196 1
1196 1
1197 1
1197 1
1197 1
1197 1
1198 1
1198 1
1198 1
1198 1
1199 1
1199 1
1199 1
1199 1
1200 1
1200 1
1200 1
1200 1
1201 1
1201 1
1201 1
1201 1
1202 1
1202 1
1202 1
1202 1
1203 1
1203 1
1203 1
1203 1
1204 1
1204 1
1204 1
1204 1
1205 1
1205 1
1205 1
1205 1
1206 1
1206 1
1206 1
1206 1
1207 1
1207 1
1207 1
1207 1
1208 1
1208 1
1208 1
1208 1
1209 1
1209 1
1209 1
1209 1
1210 1
1210 1
1210 1
1210 1
1314 1
1314 1
1314 1
1314 1
1315 1
1315 1
1315 1
1315 1
1316 1
1316 1
1316 1
1316 1
1317 1
1317 1
1317 1
1317 1
1318 1
1318 1
1318 1
1318 1
1319 1
1319 1
1319 1
1319 1
1320 1
1320 1
1320 1
1320 1
1321 1
1321 1
1321 1
1321 1
1322 1
1322 1
1322 1
1322 1
1323 1
1323 1
1323 1
1323 1
1324 1
1324 1
1324 1
1324 1
1325 1
1325 1
1325 1
1325 1
1326 1
1326 1
1326 1
1326 1
1327 1
1327 1
1327 1
1327 1
1328 1
1328 1
1328 1
1328 1
1329 1
1329 1
1329 1
1329 1
1330 1
1330 1
1330 1
1330 1
1331 1
1331 1
1331 1
1331 1
1332 1
1332 1
1332 1
1332 1
1333 1
1333 1
1333 1
1333 1
1334 1
1334 1
1334 1
1334 1
1335 1
1335 1
1335 1
1335 1
1336 1
1336 1
1336 1
1336 1
1337 1
1337 1
1337 1
1337 1
1338 1
1338 1
1338 1
1338 1
1339 1
1339 1
1339 1
1339 1
1445 1
1445 1
1445 1
1445 1
1446 1
1446 1
1446 1
1446 1
1447 1
1447 1
1447 1
1447 1
1448 1
1448 1
1448 1
1448 1
1449 1
1449 1
1449 1
1449 1
1450 1
1450 1
1450 1
1450 1
1451 1
1451 1
1451 1
1451 1
1452 1
1452 1
1452 1
1452 1
1453 1
1453 1
1453 1
1453 1
1454 1
1454 1
1454 1
1454 1
1455 1
1455 1
1455 1
1455 1
1456 1
1456 1
1456 1
1456 1
1457 1
1457 1
1457 1
1457 1
1458 1
1458 1
1458 1
1458 1
1459 1
1459 1
1459 1
1459 1
1460 1
1460 1
1460 1
1460 1
1461 1
1461 1
1461 1
1461 1
1462 1
1462 1
1462 1
1462 1
1463 1
1463 1
1463 1
1463 1
1464 1
1464 1
1464 1
1464 1
1465 1
1465 1
1465 1
1465 1
1466 1
1466 1
1466 1
1466 1
1467 1
1467 1
1467 1
1467 1
1468 1
1468 1
1468 1
1468 1
1469 1
1469 1
1469 1
1469 1
1470 1
1470 1
1470 1
1470 1
1471 1
1471 1
1471 1
1471 1
1472 1
1472 1
1472 1
1472 1
1473 1
1473 1
1473 1
1473 1
1474 1
1474 1
1474 1
1474 1
1475 1
1475 1
1475 1
1475 1
1587 1
1587 1
1587 1
1587 1
1588 1
1588 1
1588 1
1588 1
1589 1
1589 1
1589 1
1589 1
1590 1
1590 1
1590 1
1590 1
1591 1
1591 1
1591 1
1591 1
1592 1
1592 1
1592 1
1592 1
1593 1
1593 1
1593 1
1593 1
1594 1
1594 1
1594 1
1594 1
1595 1
1595 1
1595 1
1595 1
1596 1
1596 1
1596 1
1596 1
1597 1
1597 1
1597 1
1597 1
1598 1
1598 1
1598 1
1598 1
1599 1
1599 1
1599 1
1599 1
1600 1
1600 1
1600 1
1600 1
1601 1
1601 1
1601 1
1601 1
1602 1
1602 1
1602 1
1602 1
1603 1
1603 1
1603 1
1603 1
1604 1
1604 1
1604 1
1604 1
1605 1
1605 1
1605 1
1605 1
1606 1
1606 1
1606 1
1606 1
1607 1
1607 1
1607 1
1607 1
1608 1
1608 1
1608 1
1608 1
1609 1
1609 1
1609 1
1609 1
1610 1
1610 1
1610 1
1610 1
1611 1
1611 1
1611 1
1611 1
1612 1
1612 1
1612 1
1612 1
1613 1
1613 1
1613 1
1613 1
1614 1
1614 1
1614 1
1614 1
1615 1
1615 1
1615 1
1615 1
1616 1
1616 1
1616 1
1616 1
1617 1
1617 1
1617 1
1617 1
1733 1
1733 1
1733 1
1733 1
1734 1
1734 1
1734 1
1734 1
1735 1
1735 1
1735 1
1735 1
1736 1
1736 1
1736 1
1736 1
1737 1
1737 1
1737 1
1737 1
1738 1
1738 1
1738 1
1738 1
1739 1
1739 1
1739 1
1739 1
1740 1
1740 1
1740 1
1740 1
1741 1
1741 1
1741 1
1741 1
1742 1
1742 1
1742 1
1742 1
1743 1
1743 1
1743 1
1743 1
1744 1
1744 1
1744 1
1744 1
1745 1
1745 1
1745 1
1745 1
1746 1
1746 1
1746 1
1746 1
1747 1
1747 1
1747 1
1747 1
1748 1
1748 1
1748 1
1748 1
1749 1
1749 1
1749 1
1749 1
1750 1
1750 1
1750 1
1750 1
1751 1
1751 1
1751 1
1751 1
1752 1
1752 1
1752 1
1752 1
1753 1
1753 1
1753 1
1753 1
1754 1
1754 1
1754 1
1754 1
1755 1
1755 1
1755 1
1755 1
1756 1
1756 1
1756 1
1756 1
1757 1
1757 1
1757 1
1757 1
1758 1
1758 1
1758 1
1758 1
1759 1
1759 1
1759 1
1759 1
1760 1
1760 1
1760 1
1760 1
1761 1
1761 1
1761 1
1761 1
1762 1
1762 1
1762 1
1762 1
1763 1
1763 1
1763 1
1763 1
1764 1
1764 1
1764 1
1764 1
1887 1
1887 1
1887 1
1887 1
1888 1
1888 1
1888 1
1888 1
1889 1
1889 1
1889 1
1889 1
1890 1
1890 1
1890 1
1890 1
1891 1
1891 1
1891 1
1891 1
1892 1
1892 1
1892 1
1892 1
1893 1
1893 1
1893 1
1893 1
1894 1
1894 1
1894 1
1894 1
1895 1
1895 1
1895 1
1895 1
1896 1
1896 1
1896 1
1896 1
1897 1
1897 1
1897 1
1897 1
1898 1
1898 1
1898 1
1898 1
1899 1
1899 1
1899 1
1899 1
1900 1
1900 1
1900 1
1900 1
1901 1
1901 1
1901 1
1901 1
1902 1
1902 1
1902 1
1902 1
1903 1
1903 1
1903 1
1903 1
1904 1
1904 1
1904 1
1904 1
1905 1
1905 1
1905 1
1905 1
1906 1
1906 1
1906 1
1906 1
1907 1
1907 1
1907 1
1907 1
1908 1
1908 1
1908 1
1908 1
1909 1
1909 1
1909 1
1909 1
1910 1
1910 1
1910 1
1910 1
1911 1
1911 1
1911 1
1911 1
1912 1
1912 1
1912 1
1912 1
1913 1
1913 1
1913 1
1913 1
1914 1
1914 1
1914 1
1914 1
1915 1
1915 1
1915 1
1915 1
1916 1
1916 1
1916 1
1916 1
1917 1
1917 1
1917 1
1917 1
1918 1
1918 1
1918 1
1918 1
1919 1
1919 1
1919 1
1919 1
2047 1
2047 1
2047 1
2047 1
2048 1
2048 1
2048 1
2048 1
2049 1
2049 1
2049 1
2049 1
2050 1
2050 1
2050 1
2050 1
2051 1
2051 1
2051 1
2051 1
2052 1
2052 1
2052 1
2052 1
2053 1
2053 1
2053 1
2053 1
2054 1
2054 1
2054 1
2054 1
2055 1
2055 1
2055 1
2055 1
2056 1
2056 1
2056 1
2056 1
2057 1
2057 1
2057 1
2057 1
2058 1
2058 1
2058 1
2058 1
2059 1
2059 1
2059 1
2059 1
2060 1
2060 1
2060 1
2060 1
2061 1
2061 1
2061 1
2061 1
2062 1
2062 1
2062 1
2062 1
2063 1
2063 1
2063 1
2063 1
2064 1
2064 1
2064 1
2064 1
2065 1
2065 1
2065 1
2065 1
2066 1
2066 1
2066 1
2066 1
2067 1
2067 1
2067 1
2067 1
2068 1
2068 1
2068 1
2068 1
2069 1
2069 1
2069 1
2069 1
2070 1
2070 1
2070 1
2070 1
2071 1
2071 1
2071 1
2071 1
2072 1
2072 1
2072 1
2072 1
2073 1
2073 1
2073 1
2073 1
2074 1
2074 1
2074 1
2074 1
2075 1
2075 1
2075 1
2075 1
2076 1
2076 1
2076 1
2076 1
2077 1
2077 1
2077 1
2077 1
2078 1
2078 1
2078 1
2078 1
2079 1
2079 1
2079 1
2079 1
2211 1
2211 1
2211 1
2211 1
2212 1
2212 1
2212 1
2212 1
2213 1
2213 1
2213 1
2213 1
2214 1
2214 1
2214 1
2214 1
2215 1
2215 1
2215 1
2215 1
2216 1
2216 1
2216 1
2216 1
2217 1
2217 1
2217 1
2217 1
2218 1
2218 1
2218 1
2218 1
2219 1
2219 1
2219 1
2219 1
2220 1
2220 1
2220 1
2220 1
2221 1
2221 1
2221 1
2221 1
2222 1
2222 1
2222 1
2222 1
2223 1
2223 1
2223 1
2223 1
2224 1
2224 1
2224 1
2224 1
2225 1
2225 1
2225 1
2225 1
2226 1
2226 1
2226 1
2226 1
2227 1
2227 1
2227 1
2227 1
2228 1
2228 1
2228 1
2228 1
2229 1
2229 1
2229 1
2229 1
2230 1
2230 1
2230 1
2230 1
2231 1
2231 1
2231 1
2231 1
2232 1
2232 1
2232 1
2232 1
2233 1
2233 1
2233 1
2233 1
2234 1
2234 1
2234 1
2234 1
2235 1
2235 1
2235 1
2235 1
2236 1
2236 1
2236 1
2236 1
2237 1
2237 1
2237 1
2237 1
2238 1
2238 1
2238 1
2238 1
2239 1
2239 1
2239 1
2239 1
2240 1
2240 1
2240 1
2240 1
2241 1
2241 1
2241 1
2241 1
2242 1
2242 1
2242 1
2242 1
2243 1
2243 1
2243 1
2243 1
2244 1
2244 1
2244 1
2244 1
2245 1
2245 1
2245 1
2245 1
2384 1
2384 1
2384 1
2384 1
2385 1
2385 1
2385 1
2385 1
2386 1
2386 1
2386 1
2386 1
2387 1
2387 1
2387 1
2387 1
2388 1
2388 1
2388 1
2388 1
2389 1
2389 1
2389 1
2389 1
2390 1
2390 1
2390 1
2390 1
2391 1
2391 1
2391 1
2391 1
2392 1
2392 1
2392 1
2392 1
2393 1
2393 1
2393 1
2393 1
2394 1
2394 1
2394 1
2394 1
2395 1
2395 1
2395 1
2395 1
2396 1
2396 1
2396 1
2396 1
2397 1
2397 1
2397 1
2397 1
2398 1
2398 1
2398 1
2398 1
2399 1
2399 1
2399 1
2399 1
2400 1
2400 1
2400 1
2400 1
2401 1
2401 1
2401 1
2401 1
2402 1
2402 1
2402 1
2402 1
2403 1
2403 1
2403 1
2403 1
2404 1
2404 1
2404 1
2404 1
2405 1
2405 1
2405 1
2405 1
2406 1
2406 1
2406 1
2406 1
2407 1
2407 1
2407 1
2407 1
2408 1
2408 1
2408 1
2408 1
2409 1
2409 1
2409 1
2409 1
2410 1
2410 1
2410 1
2410 1
2411 1
2411 1
2411 1
2411 1
2412 1
2412 1
2412 1
2412 1
2413 1
2413 1
2413 1
2413 1
2414 1
2414 1
2414 1
2414 1
2415 1
2415 1
2415 1
2415 1
2416 1
2416 1
2416 1
2416 1
2417 1
2417 1
2417 1
2417 1
2418 1
2418 1
2418 1
2418 1
2556 1
2556 1
2556 1
2556 1
2557 1
2557 1
2557 1
2557 1
2558 1
2558 1
2558 1
2558 1
2559 1
2559 1
2559 1
2559 1
2560 1
2560 1
2560 1
2560 1
2561 1
2561 1
2561 1
2561 1
2562 1
2562 1
2562 1
2562 1
2563 1
2563 1
2563 1
2563 1
2564 1
2564 1
2564 1
2564 1
2565 1
2565 1
2565 1
2565 1
2566 1
2566 1
2566 1
2566 1
2567 1
2567 1
2567 1
2567 1
2568 1
2568 1
2568 1
2568 1
2569 1
2569 1
2569 1
2569 1
2570 1
2570 1
2570 1
2570 1
2571 1
2571 1
2571 1
2571 1
2572 1
2572 1
2572 1
2572 1
2573 1
2573 1
2573 1
2573 1
2574 1
2574 1
2574 1
2574 1
2575 1
2575 1
2575 1
2575 1
2576 1
2576 1
2576 1
2576 1
2577 1
2577 1
2577 1
2577 1
2578 1
2578 1
2578 1
2578 1
2579 1
2579 1
2579 1
2579 1
2580 1
2580 1
2580 1
2580 1
2581 1
2581 1
2581 1
2581 1
2582 1
2582 1
2582 1
2582 1
2583 1
2583 1
2583 1
2583 1
2584 1
2584 1
2584 1
2584 1
2585 1
2585 1
2585 1
2585 1
2586 1
2586 1
2586 1
2586 1
2587 1
2587 1
2587 1
2587 1
2588 1
2588 1
2588 1
2588 1
2589 1
2589 1
2589 1
2589 1
2590 1
2590 1
2590 1
2590 1
2591 1
2591 1
2591 1
2591 1
2592 1
2592 1
2592 1
2592 1
2593 1
2593 1
2593 1
2593 1
2594 1
2594 1
2594 1
2594 1
2733 1
2733 1
2733 1
2733 1
2734 1
2734 1
2734 1
2734 1
2735 1
2735 1
2735 1
2735 1
2736 1
2736 1
2736 1
2736 1
2737 1
2737 1
2737 1
2737 1
2738 1
2738 1
2738 1
2738 1
2739 1
2739 1
2739 1
2739 1
2740 1
2740 1
2740 1
2740 1
2741 1
2741 1
2741 1
2741 1
2742 1
2742 1
2742 1
2742 1
2743 1
2743 1
2743 1
2743 1
2744 1
2744 1
2744 1
2744 1
2745 1
2745 1
2745 1
2745 1
2746 1
2746 1
2746 1
2746 1
2747 1
2747 1
2747 1
2747 1
2748 1
2748 1
2748 1
2748 1
2749 1
2749 1
2749 1
2749 1
2750 1
2750 1
2750 1
2750 1
2751 1
2751 1
2751 1
2751 1
2752 1
2752 1
2752 1
2752 1
2753 1
2753 1
2753 1
2753 1
2754 1
2754 1
2754 1
2754 1
2755 1
2755 1
2755 1
2755 1
2756 1
2756 1
2756 1
2756 1
2757 1
2757 1
2757 1
2757 1
2758 1
2758 1
2758 1
2758 1
2759 1
2759 1
2759 1
2759 1
2760 1
2760 1
2760 1
2760 1
2761 1
2761 1
2761 1
2761 1
2762 1
2762 1
2762 1
2762 1
2763 1
2763 1
2763 1
2763 1
2764 1
2764 1
2764 1
2764 1
2765 1
2765 1
2765 1
2765 1
2766 1
2766 1
2766 1
2766 1
2767 1
2767 1
2767 1
2767 1
2768 1
2768 1
2768 1
2768 1
2769 1
2769 1
2769 1
2769 1
2770 1
2770 1
2770 1
2770 1
2771 1
2771 1
2771 1
2771 1
2908 1
2908 1
2908 1
2908 1
2909 1
2909 1
2909 1
2909 1
2910 1
2910 1
2910 1
2910 1
2911 1
2911 1
2911 1
2911 1
2912 1
2912 1
2912 1
2912 1
2913 1
2913 1
2913 1
2913 1
2914 1
2914 1
2914 1
2914 1
2915 1
2915 1
2915 1
2915 1
2916 1
2916 1
2916 1
2916 1
2917 1
2917 1
2917 1
2917 1
2918 1
2918 1
2918 1
2918 1
2919 1
2919 1
2919 1
2919 1
2920 1
2920 1
2920 1
2920 1
2921 1
2921 1
2921 1
2921 1
2922 1
2922 1
2922 1
2922 1
2923 1
2923 1
2923 1
2923 1
2924 1
2924 1
2924 1
2924 1
2925 1
2925 1
2925 1
2925 1
2926 1
2926 1
2926 1
2926 1
2927 1
2927 1
2927 1
2927 1
2928 1
2928 1
2928 1
2928 1
2929 1
2929 1
2929 1
2929 1
2930 1
2930 1
2930 1
2930 1
2931 1
2931 1
2931 1
2931 1
2932 1
2932 1
2932 1
2932 1
2933 1
2933 1
2933 1
2933 1
2934 1
2934 1
2934 1
2934 1
2935 1
2935 1
2935 1
2935 1
2936 1
2936 1
2936 1
2936 1
2937 1
2937 1
2937 1
2937 1
2938 1
2938 1
2938 1
2938 1
2939 1
2939 1
2939 1
2939 1
2940 1
2940 1
2940 1
2940 1
2941 1
2941 1
2941 1
2941 1
2942 1
2942 1
2942 1
2942 1
2943 1
2943 1
2943 1
2943 1
2944 1
2944 1
2944 1
2944 1
2945 1
2945 1
2945 1
2945 1
2946 1
2946 1
2946 1
2946 1
2947 1
2947 1
2947 1
2947 1
3083 1
3083 1
3083 1
3083 1
3084 1
3084 1
3084 1
3084 1
3085 1
3085 1
3085 1
3085 1
3086 1
3086 1
3086 1
3086 1
3087 1
3087 1
3087 1
3087 1
3088 1
3088 1
3088 1
3088 1
3089 1
3089 1
3089 1
3089 1
3090 1
3090 1
3090 1
3090 1
3091 1
3091 1
3091 1
3091 1
3092 1
3092 1
3092 1
3092 1
3093 1
3093 1
3093 1
3093 1
3094 1
3094 1
3094 1
3094 1
3095 1
3095 1
3095 1
3095 1
3096 1
3096 1
3096 1
3096 1
3097 1
3097 1
3097 1
3097 1
3098 1
3098 1
3098 1
3098 1
3099 1
3099 1
3099 1
3099 1
3100 1
3100 1
3100 1
3100 1
3101 1
3101 1
3101 1
3101 1
3102 1
3102 1
3102 1
3102 1
3103 1
3103 1
3103 1
3103 1
3104 1
3104 1
3104 1
3104 1
3105 1
3105 1
3105 1
3105 1
3106 1
3106 1
3106 1
3106 1
3107 1
3107 1
3107 1
3107 1
3108 1
3108 1
3108 1
3108 1
3109 1
3109 1
3109 1
3109 1
3110 1
3110 1
3110 1
3110 1
3111 1
3111 1
3111 1
3111 1
3112 1
3112 1
3112 1
3112 1
3113 1
3113 1
3113 1
3113 1
3114 1
3114 1
3114 1
3114 1
3115 1
3115 1
3115 1
3115 1
3116 1
3116 1
3116 1
3116 1
3117 1
3117 1
3117 1
3117 1
3118 1
3118 1
3118 1
3118 1
3119 1
3119 1
3119 1
3119 1
3120 1
3120 1
3120 1
3120 1
3121 1
3121 1
3121 1
3121 1
3122 1
3122 1
3122 1
3122 1
3123 1
3123 1
3123 1
3123 1
3258 1
3258 1
3258 1
3258 1
3259 1
3259 1
3259 1
3259 1
3260 1
3260 1
3260 1
3260 1
3261 1
3261 1
3261 1
3261 1
3262 1
3262 1
3262 1
3262 1
3263 1
3263 1
3263 1
3263 1
3264 1
3264 1
3264 1
3264 1
3265 1
3265 1
3265 1
3265 1
3266 1
3266 1
3266 1
3266 1
3267 1
3267 1
3267 1
3267 1
3268 1
3268 1
3268 1
3268 1
3269 1
3269 1
3269 1
3269 1
3270 1
3270 1
3270 1
3270 1
3271 1
3271 1
3271 1
3271 1
3272 1
3272 1
3272 1
3272 1
3273 1
3273 1
3273 1
3273 1
3274 1
3274 1
3274 1
3274 1
3275 1
3275 1
3275 1
3275 1
3276 1
3276 1
3276 1
3276 1
3277 1
3277 1
3277 1
3277 1
3278 1
3278 1
3278 1
3278 1
3279 1
3279 1
3279 1
3279 1
3280 1
3280 1
3280 1
3280 1
3281 1
3281 1
3281 1
3281 1
3282 1
3282 1
3282 1
3282 1
3283 1
3283 1
3283 1
3283 1
3284 1
3284 1
3284 1
3284 1
3285 1
3285 1
3285 1
3285 1
3286 1
3286 1
3286 1
3286 1
3287 1
3287 1
3287 1
3287 1
3288 1
3288 1
3288 1
3288 1
3289 1
3289 1
3289 1
3289 1
3290 1
3290 1
3290 1
3290 1
3291 1
3291 1
3291 1
3291 1
3292 1
3292 1
3292 1
3292 1
3293 1
3293 1
3293 1
3293 1
3294 1
3294 1
3294 1
3294 1
3295 1
3295 1
3295 1
3295 1
3296 1
3296 1
3296 1
3296 1
3297 1
3297 1
3297 1
3297 1
3429 1
3429 1
3429 1
3429 1
3430 1
3430 1
3430 1
3430 1
3431 1
3431 1
3431 1
3431 1
3432 1
3432 1
3432 1
3432 1
3433 1
3433 1
3433 1
3433 1
3434 1
3434 1
3434 1
3434 1
3435 1
3435 1
3435 1
3435 1
3436 1
3436 1
3436 1
3436 1
3437 1
3437 1
3437 1
3437 1
3438 1
3438 1
3438 1
3438 1
3439 1
3439 1
3439 1
3439 1
3440 1
3440 1
3440 1
3440 1
3441 1
3441 1
3441 1
3441 1
3442 1
3442 1
3442 1
3442 1
3443 1
3443 1
3443 1
3443 1
3444 1
3444 1
3444 1
3444 1
3445 1
3445 1
3445 1
3445 1
3446 1
3446 1
3446 1
3446 1
3447 1
3447 1
3447 1
3447 1
3448 1
3448 1
3448 1
3448 1
3449 1
3449 1
3449 1
3449 1
3450 1
3450 1
3450 1
3450 1
3451 1
3451 1
3451 1
3451 1
3452 1
3452 1
3452 1
3452 1
3453 1
3453 1
3453 1
3453 1
3454 1
3454 1
3454 1
3454 1
3455 1
3455 1
3455 1
3455 1
3456 1
3456 1
3456 1
3456 1
3457 1
3457 1
3457 1
3457 1
3458 1
3458 1
3458 1
3458 1
3459 1
3459 1
3459 1
3459 1
3460 1
3460 1
3460 1
3460 1
3461 1
3461 1
3461 1
3461 1
3462 1
3462 1
3462 1
3462 1
3463 1
3463 1
3463 1
3463 1
3464 1
3464 1
3464 1
3464 1
3465 1
3465 1
3465 1
3465 1
3466 1
3466 1
3466 1
3466 1
3467 1
3467 1
3467 1
3467 1
3468 1
3468 1
3468 1
3468 1
3469 1
3469 1
3469 1
3469 1
3470 1
3470 1
3470 1
3470 1
3471 1
3471 1
3471 1
3471 1
3603 1
3603 1
3603 1
3603 1
3604 1
3604 1
3604 1
3604 1
3605 1
3605 1
3605 1
3605 1
3606 1
3606 1
3606 1
3606 1
3607 1
3607 1
3607 1
3607 1
3608 1
3608 1
3608 1
3608 1
3609 1
3609 1
3609 1
3609 1
3610 1
3610 1
3610 1
3610 1
3611 1
3611 1
3611 1
3611 1
3612 1
3612 1
3612 1
3612 1
3613 1
3613 1
3613 1
3613 1
3614 1
3614 1
3614 1
3614 1
3615 1
3615 1
3615 1
3615 1
3616 1
3616 1
3616 1
3616 1
3617 1
3617 1
3617 1
3617 1
3618 1
3618 1
3618 1
3618 1
3619 1
3619 1
3619 1
3619 1
3620 1
3620 1
3620 1
3620 1
3621 1
3621 1
3621 1
3621 1
3622 1
3622 1
3622 1
3622 1
3623 1
3623 1
3623 1
3623 1
3624 1
3624 1
3624 1
3624 1
3625 1
3625 1
3625 1
3625 1
3626 1
3626 1
3626 1
3626 1
3627 1
3627 1
3627 1
3627 1
3628 1
3628 1
3628 1
3628 1
3629 1
3629 1
3629 1
3629 1
3630 1
3630 1
3630 1
3630 1
3631 1
3631 1
3631 1
3631 1
3632 1
3632 1
3632 1
3632 1
3633 1
3633 1
3633 1
3633 1
3634 1
3634 1
3634 1
3634 1
3635 1
3635 1
3635 1
3635 1
3636 1
3636 1
3636 1
3636 1
3637 1
3637 1
3637 1
3637 1
3638 1
3638 1
3638 1
3638 1
3639 1
3639 1
3639 1
3639 1
3640 1
3640 1
3640 1
3640 1
3641 1
3641 1
3641 1
3641 1
3642 1
3642 1
3642 1
3642 1
3643 1
3643 1
3643 1
3643 1
3644 1
3644 1
3644 1
3644 1
3773 1
3773 1
3773 1
3773 1
3774 1
3774 1
3774 1
3774 1
3775 1
3775 1
3775 1
3775 1
3776 1
3776 1
3776 1
3776 1
3777 1
3777 1
3777 1
3777 1
3778 1
3778 1
3778 1
3778 1
3779 1
3779 1
3779 1
3779 1
3780 1
3780 1
3780 1
3780 1
3781 1
3781 1
3781 1
3781 1
3782 1
3782 1
3782 1
3782 1
3783 1
3783 1
3783 1
3783 1
3784 1
3784 1
3784 1
3784 1
3785 1
3785 1
3785 1
3785 1
3786 1
3786 1
3786 1
3786 1
3787 1
3787 1
3787 1
3787 1
3788 1
3788 1
3788 1
3788 1
3789 1
3789 1
3789 1
3789 1
3790 1
3790 1
3790 1
3790 1
3791 1
3791 1
3791 1
3791 1
3792 1
3792 1
3792 1
3792 1
3793 1
3793 1
3793 1
3793 1
3794 1
3794 1
3794 1
3794 1
3795 1
3795 1
3795 1
3795 1
3796 1
3796 1
3796 1
3796 1
3797 1
3797 1
3797 1
3797 1
3798 1
3798 1
3798 1
3798 1
3799 1
3799 1
3799 1
3799 1
3800 1
3800 1
3800 1
3800 1
3801 1
3801 1
3801 1
3801 1
3802 1
3802 1
3802 1
3802 1
3803 1
3803 1
3803 1
3803 1
3804 1
3804 1
3804 1
3804 1
3805 1
3805 1
3805 1
3805 1
3806 1
3806 1
3806 1
3806 1
3807 1
3807 1
3807 1
3807 1
3808 1
3808 1
3808 1
3808 1
3809 1
3809 1
3809 1
3809 1
3810 1
3810 1
3810 1
3810 1
3811 1
3811 1
3811 1
3811 1
3812 1
3812 1
3812 1
3812 1
3813 1
3813 1
3813 1
3813 1
3814 1
3814 1
3814 1
3814 1
3815 1
3815 1
3815 1
3815 1
3816 1
3816 1
3816 1
3816 1
3946 1
3946 1
3946 1
3946 1
3947 1
3947 1
3947 1
3947 1
3948 1
3948 1
3948 1
3948 1
3949 1
3949 1
3949 1
3949 1
3950 1
3950 1
3950 1
3950 1
3951 1
3951 1
3951 1
3951 1
3952 1
3952 1
3952 1
3952 1
3953 1
3953 1
3953 1
3953 1
3954 1
3954 1
3954 1
3954 1
3955 1
3955 1
3955 1
3955 1
3956 1
3956 1
3956 1
3956 1
3957 1
3957 1
3957 1
3957 1
3958 1
3958 1
3958 1
3958 1
3959 1
3959 1
3959 1
3959 1
3960 1
3960 1
3960 1
3960 1
3961 1
3961 1
3961 1
3961 1
3962 1
3962 1
3962 1
3962 1
3963 1
3963 1
3963 1
3963 1
3964 1
3964 1
3964 1
3964 1
3965 1
3965 1
3965 1
3965 1
3966 1
3966 1
3966 1
3966 1
3967 1
3967 1
3967 1
3967 1
3968 1
3968 1
3968 1
3968 1
3969 1
3969 1
3969 1
3969 1
3970 1
3970 1
3970 1
3970 1
3971 1
3971 1
3971 1
3971 1
3972 1
3972 1
3972 1
3972 1
3973 1
3973 1
3973 1
3973 1
3974 1
3974 1
3974 1
3974 1
3975 1
3975 1
3975 1
3975 1
3976 1
3976 1
3976 1
3976 1
3977 1
3977 1
3977 1
3977 1
3978 1
3978 1
3978 1
3978 1
3979 1
3979 1
3979 1
3979 1
3980 1
3980 1
3980 1
3980 1
3981 1
3981 1
3981 1
3981 1
3982 1
3982 1
3982 1
3982 1
3983 1
3983 1
3983 1
3983 1
3984 1
3984 1
3984 1
3984 1
3985 1
3985 1
3985 1
3985 1
3986 1
3986 1
3986 1
3986 1
3987 1
3987 1
3987 1
3987 1
3988 1
3988 1
3988 1
3988 1
3989 1
3989 1
3989 1
3989 1
4118 1
4118 1
4118 1
4118 1
4119 1
4119 1
4119 1
4119 1
4120 1
4120 1
4120 1
4120 1
4121 1
4121 1
4121 1
4121 1
4122 1
4122 1
4122 1
4122 1
4123 1
4123 1
4123 1
4123 1
4124 1
4124 1
4124 1
4124 1
4125 1
4125 1
4125 1
4125 1
4126 1
4126 1
4126 1
4126 1
4127 1
4127 1
4127 1
4127 1
4128 1
4128 1
4128 1
4128 1
4129 1
4129 1
4129 1
4129 1
4130 1
4130 1
4130 1
4130 1
4131 1
4131 1
4131 1
4131 1
4132 1
4132 1
4132 1
4132 1
4133 1
4133 1
4133 1
4133 1
4134 1
4134 1
4134 1
4134 1
4135 1
4135 1
4135 1
4135 1
4136 1
4136 1
4136 1
4136 1
4137 1
4137 1
4137 1
4137 1
4138 1
4138 1
4138 1
4138 1
4139 1
4139 1
4139 1
4139 1
4140 1
4140 1
4140 1
4140 1
4141 1
4141 1
4141 1
4141 1
4142 1
4142 1
4142 1
4142 1
4143 1
4143 1
4143 1
4143 1
4144 1
4144 1
4144 1
4144 1
4145 1
4145 1
4145 1
4145 1
4146 1
4146 1
4146 1
4146 1
4147 1
4147 1
4147 1
4147 1
4148 1
4148 1
4148 1
4148 1
4149 1
4149 1
4149 1
4149 1
4150 1
4150 1
4150 1
4150 1
4151 1
4151 1
4151 1
4151 1
4152 1
4152 1
4152 1
4152 1
4153 1
4153 1
4153 1
4153 1
4154 1
4154 1
4154 1
4154 1
4155 1
4155 1
4155 1
4155 1
4156 1
4156 1
4156 1
4156 1
4157 1
4157 1
4157 1
4157 1
4158 1
4158 1
4158 1
4158 1
4159 1
4159 1
4159 1
4159 1
4160 1
4160 1
4160 1
4160 1
4161 1
4161 1
4161 1
4161 1
4290 1
4290 1
4290 1
4290 1
4291 1
4291 1
4291 1
4291 1
4292 1
4292 1
4292 1
4292 1
4293 1
4293 1
4293 1
4293 1
4294 1
4294 1
4294 1
4294 1
4295 1
4295 1
4295 1
4295 1
4296 1
4296 1
4296 1
4296 1
4297 1
4297 1
4297 1
4297 1
4298 1
4298 1
4298 1
4298 1
4299 1
4299 1
4299 1
4299 1
4300 1
4300 1
4300 1
4300 1
4301 1
4301 1
4301 1
4301 1
4302 1
4302 1
4302 1
4302 1
4303 1
4303 1
4303 1
4303 1
4304 1
4304 1
4304 1
4304 1
4305 1
4305 1
4305 1
4305 1
4306 1
4306 1
4306 1
4306 1
4307 1
4307 1
4307 1
4307 1
4308 1
4308 1
4308 1
4308 1
4309 1
4309 1
4309 1
4309 1
4310 1
4310 1
4310 1
4310 1
4311 1
4311 1
4311 1
4311 1
4312 1
4312 1
4312 1
4312 1
4313 1
4313 1
4313 1
4313 1
4314 1
4314 1
4314 1
4314 1
4315 1
4315 1
4315 1
4315 1
4316 1
4316 1
4316 1
4316 1
4317 1
4317 1
4317 1
4317 1
4318 1
4318 1
4318 1
4318 1
4319 1
4319 1
4319 1
4319 1
4320 1
4320 1
4320 1
4320 1
4321 1
4321 1
4321 1
4321 1
4322 1
4322 1
4322 1
4322 1
4323 1
4323 1
4323 1
4323 1
4324 1
4324 1
4324 1
4324 1
4325 1
4325 1
4325 1
4325 1
4326 1
4326 1
4326 1
4326 1
4327 1
4327 1
4327 1
4327 1
4328 1
4328 1
4328 1
4328 1
4329 1
4329 1
4329 1
4329 1
4330 1
4330 1
4330 1
4330 1
4331 1
4331 1
4331 1
4331 1
4332 1
4332 1
4332 1
4332 1
4460 1
4460 1
4460 1
4460 1
4461 1
4461 1
4461 1
4461 1
4462 1
4462 1
4462 1
4462 1
4463 1
4463 1
4463 1
4463 1
4464 1
4464 1
4464 1
4464 1
4465 1
4465 1
4465 1
4465 1
4466 1
4466 1
4466 1
4466 1
4467 1
4467 1
4467 1
4467 1
4468 1
4468 1
4468 1
4468 1
4469 1
4469 1
4469 1
4469 1
4470 1
4470 1
4470 1
4470 1
4471 1
4471 1
4471 1
4471 1
4472 1
4472 1
4472 1
4472 1
4473 1
4473 1
4473 1
4473 1
4474 1
4474 1
4474 1
4474 1
4475 1
4475 1
4475 1
4475 1
4476 1
4476 1
4476 1
4476 1
4477 1
4477 1
4477 1
4477 1
4478 1
4478 1
4478 1
4478 1
4479 1
4479 1
4479 1
4479 1
4480 1
4480 1
4480 1
4480 1
4481 1
4481 1
4481 1
4481 1
4482 1
4482 1
4482 1
4482 1
4483 1
4483 1
4483 1
4483 1
4484 1
4484 1
4484 1
4484 1
4485 1
4485 1
4485 1
4485 1
4486 1
4486 1
4486 1
4486 1
4487 1
4487 1
4487 1
4487 1
4488 1
4488 1
4488 1
4488 1
4489 1
4489 1
4489 1
4489 1
4490 1
4490 1
4490 1
4490 1
4491 1
4491 1
4491 1
4491 1
4492 1
4492 1
4492 1
4492 1
4493 1
4493 1
4493 1
4493 1
4494 1
4494 1
4494 1
4494 1
4495 1
4495 1
4495 1
4495 1
4496 1
4496 1
4496 1
4496 1
4497 1
4497 1
4497 1
4497 1
4498 1
4498 1
4498 1
4498 1
4499 1
4499 1
4499 1
4499 1
4500 1
4500 1
4500 1
4500 1
4501 1
4501 1
4501 1
4501 1
4502 1
4502 1
4502 1
4502 1
4628 1
4628 1
4628 1
4628 1
4629 1
4629 1
4629 1
4629 1
4630 1
4630 1
4630 1
4630 1
4631 1
4631 1
4631 1
4631 1
4632 1
4632 1
4632 1
4632 1
4633 1
4633 1
4633 1
4633 1
4634 1
4634 1
4634 1
4634 1
4635 1
4635 1
4635 1
4635 1
4636 1
4636 1
4636 1
4636 1
4637 1
4637 1
4637 1
4637 1
4638 1
4638 1
4638 1
4638 1
4639 1
4639 1
4639 1
4639 1
4640 1
4640 1
4640 1
4640 1
4641 1
4641 1
4641 1
4641 1
4642 1
4642 1
4642 1
4642 1
4643 1
4643 1
4643 1
4643 1
4644 1
4644 1
4644 1
4644 1
4645 1
4645 1
4645 1
4645 1
4646 1
4646 1
4646 1
4646 1
4647 1
4647 1
4647 1
4647 1
4648 1
4648 1
4648 1
4648 1
4649 1
4649 1
4649 1
4649 1
4650 1
4650 1
4650 1
4650 1
4651 1
4651 1
4651 1
4651 1
4652 1
4652 1
4652 1
4652 1
4653 1
4653 1
4653 1
4653 1
4654 1
4654 1
4654 1
4654 1
4655 1
4655 1
4655 1
4655 1
4656 1
4656 1
4656 1
4656 1
4657 1
4657 1
4657 1
4657 1
4658 1
4658 1
4658 1
4658 1
4659 1
4659 1
4659 1
4659 1
4660 1
4660 1
4660 1
4660 1
4661 1
4661 1
4661 1
4661 1
4662 1
4662 1
4662 1
4662 1
4663 1
4663 1
4663 1
4663 1
4664 1
4664 1
4664 1
4664 1
4665 1
4665 1
4665 1
4665 1
4666 1
4666 1
4666 1
4666 1
4667 1
4667 1
4667 1
4667 1
4668 1
4668 1
4668 1
4668 1
4669 1
4669 1
4669 1
4669 1
4670 1
4670 1
4670 1
4670 1
4671 1
4671 1
4671 1
4671 1
4795 1
4795 1
4795 1
4795 1
4796 1
4796 1
4796 1
4796 1
4797 1
4797 1
4797 1
4797 1
4798 1
4798 1
4798 1
4798 1
4799 1
4799 1
4799 1
4799 1
4800 1
4800 1
4800 1
4800 1
4801 1
4801 1
4801 1
4801 1
4802 1
4802 1
4802 1
4802 1
4803 1
4803 1
4803 1
4803 1
4804 1
4804 1
4804 1
4804 1
4805 1
4805 1
4805 1
4805 1
4806 1
4806 1
4806 1
4806 1
4807 1
4807 1
4807 1
4807 1
4808 1
4808 1
4808 1
4808 1
4809 1
4809 1
4809 1
4809 1
4810 1
4810 1
4810 1
4810 1
4811 1
4811 1
4811 1
4811 1
4812 1
4812 1
4812 1
4812 1
4813 1
4813 1
4813 1
4813 1
4814 1
4814 1
4814 1
4814 1
4815 1
4815 1
4815 1
4815 1
4816 1
4816 1
4816 1
4816 1
4817 1
4817 1
4817 1
4817 1
4818 1
4818 1
4818 1
4818 1
4819 1
4819 1
4819 1
4819 1
4820 1
4820 1
4820 1
4820 1
4821 1
4821 1
4821 1
4821 1
4822 1
4822 1
4822 1
4822 1
4823 1
4823 1
4823 1
4823 1
4824 1
4824 1
4824 1
4824 1
4825 1
4825 1
4825 1
4825 1
4826 1
4826 1
4826 1
4826 1
4827 1
4827 1
4827 1
4827 1
4828 1
4828 1
4828 1
4828 1
4829 1
4829 1
4829 1
4829 1
4830 1
4830 1
4830 1
4830 1
4831 1
4831 1
4831 1
4831 1
4832 1
4832 1
4832 1
4832 1
4833 1
4833 1
4833 1
4833 1
4834 1
4834 1
4834 1
4834 1
4835 1
4835 1
4835 1
4835 1
4836 1
4836 1
4836 1
4836 1
4837 1
4837 1
4837 1
4837 1
4838 1
4838 1
4838 1
4838 1
4961 1
4961 1
4961 1
4961 1
4962 1
4962 1
4962 1
4962 1
4963 1
4963 1
4963 1
4963 1
4964 1
4964 1
4964 1
4964 1
4965 1
4965 1
4965 1
4965 1
4966 1
4966 1
4966 1
4966 1
4967 1
4967 1
4967 1
4967 1
4968 1
4968 1
4968 1
4968 1
4969 1
4969 1
4969 1
4969 1
4970 1
4970 1
4970 1
4970 1
4971 1
4971 1
4971 1
4971 1
4972 1
4972 1
4972 1
4972 1
4973 1
4973 1
4973 1
4973 1
4974 1
4974 1
4974 1
4974 1
4975 1
4975 1
4975 1
4975 1
4976 1
4976 1
4976 1
4976 1
4977 1
4977 1
4977 1
4977 1
4978 1
4978 1
4978 1
4978 1
4979 1
4979 1
4979 1
4979 1
4980 1
4980 1
4980 1
4980 1
4981 1
4981 1
4981 1
4981 1
4982 1
4982 1
4982 1
4982 1
4983 1
4983 1
4983 1
4983 1
4984 1
4984 1
4984 1
4984 1
4985 1
4985 1
4985 1
4985 1
4986 1
4986 1
4986 1
4986 1
4987 1
4987 1
4987 1
4987 1
4988 1
4988 1
4988 1
4988 1
4989 1
4989 1
4989 1
4989 1
4990 1
4990 1
4990 1
4990 1
4991 1
4991 1
4991 1
4991 1
4992 1
4992 1
4992 1
4992 1
4993 1
4993 1
4993 1
4993 1
4994 1
4994 1
4994 1
4994 1
4995 1
4995 1
4995 1
4995 1
4996 1
4996 1
4996 1
4996 1
4997 1
4997 1
4997 1
4997 1
4998 1
4998 1
4998 1
4998 1
4999 1
4999 1
4999 1
4999 1
5000 1
5000 1
5000 1
5000 1
5001 1
5001 1
5001 1
5001 1
5002 1
5002 1
5002 1
5002 1
5003 1
5003 1
5003 1
5003 1
5004 1
5004 1
5004 1
5004 1
5122 1
5122 1
5122 1
5122 1
5123 1
5123 1
5123 1
5123 1
5124 1
5124 1
5124 1
5124 1
5125 1
5125 1
5125 1
5125 1
5126 1
5126 1
5126 1
5126 1
5127 1
5127 1
5127 1
5127 1
5128 1
5128 1
5128 1
5128 1
5129 1
5129 1
5129 1
5129 1
5130 1
5130 1
5130 1
5130 1
5131 1
5131 1
5131 1
5131 1
5132 1
5132 1
5132 1
5132 1
5133 1
5133 1
5133 1
5133 1
5134 1
5134 1
5134 1
5134 1
5135 1
5135 1
5135 1
5135 1
5136 1
5136 1
5136 1
5136 1
5137 1
5137 1
5137 1
5137 1
5138 1
5138 1
5138 1
5138 1
5139 1
5139 1
5139 1
5139 1
5140 1
5140 1
5140 1
5140 1
5141 1
5141 1
5141 1
5141 1
5142 1
5142 1
5142 1
5142 1
5143 1
5143 1
5143 1
5143 1
5144 1
5144 1
5144 1
5144 1
5145 1
5145 1
5145 1
5145 1
5146 1
5146 1
5146 1
5146 1
5147 1
5147 1
5147 1
5147 1
5148 1
5148 1
5148 1
5148 1
5149 1
5149 1
5149 1
5149 1
5150 1
5150 1
5150 1
5150 1
5151 1
5151 1
5151 1
5151 1
5152 1
5152 1
5152 1
5152 1
5153 1
5153 1
5153 1
5153 1
5154 1
5154 1
5154 1
5154 1
5155 1
5155 1
5155 1
5155 1
5156 1
5156 1
5156 1
5156 1
5157 1
5157 1
5157 1
5157 1
5158 1
5158 1
5158 1
5158 1
5159 1
5159 1
5159 1
5159 1
5160 1
5160 1
5160 1
5160 1
5161 1
5161 1
5161 1
5161 1
5162 1
5162 1
5162 1
5162 1
5163 1
5163 1
5163 1
5163 1
5164 1
5164 1
5164 1
5164 1
5165 1
5165 1
5165 1
5165 1
5280 1
5280 1
5280 1
5280 1
5281 1
5281 1
5281 1
5281 1
5282 1
5282 1
5282 1
5282 1
5283 1
5283 1
5283 1
5283 1
5284 1
5284 1
5284 1
5284 1
5285 1
5285 1
5285 1
5285 1
5286 1
5286 1
5286 1
5286 1
5287 1
5287 1
5287 1
5287 1
5288 1
5288 1
5288 1
5288 1
5289 1
5289 1
5289 1
5289 1
5290 1
5290 1
5290 1
5290 1
5291 1
5291 1
5291 1
5291 1
5292 1
5292 1
5292 1
5292 1
5293 1
5293 1
5293 1
5293 1
5294 1
5294 1
5294 1
5294 1
5295 1
5295 1
5295 1
5295 1
5296 1
5296 1
5296 1
5296 1
5297 1
5297 1
5297 1
5297 1
5298 1
5298 1
5298 1
5298 1
5299 1
5299 1
5299 1
5299 1
5300 1
5300 1
5300 1
5300 1
5301 1
5301 1
5301 1
5301 1
5302 1
5302 1
5302 1
5302 1
5303 1
5303 1
5303 1
5303 1
5304 1
5304 1
5304 1
5304 1
5305 1
5305 1
5305 1
5305 1
5306 1
5306 1
5306 1
5306 1
5307 1
5307 1
5307 1
5307 1
5308 1
5308 1
5308 1
5308 1
5309 1
5309 1
5309 1
5309 1
5310 1
5310 1
5310 1
5310 1
5311 1
5311 1
5311 1
5311 1
5312 1
5312 1
5312 1
5312 1
5313 1
5313 1
5313 1
5313 1
5314 1
5314 1
5314 1
5314 1
5315 1
5315 1
5315 1
5315 1
5316 1
5316 1
5316 1
5316 1
5317 1
5317 1
5317 1
5317 1
5318 1
5318 1
5318 1
5318 1
5319 1
5319 1
5319 1
5319 1
5320 1
5320 1
5320 1
5320 1
5321 1
5321 1
5321 1
5321 1
5322 1
5322 1
5322 1
5322 1
5323 1
5323 1
5323 1
5323 1
5324 1
5324 1
5324 1
5324 1
5436 1
5436 1
5436 1
5436 1
5437 1
5437 1
5437 1
5437 1
5438 1
5438 1
5438 1
5438 1
5439 1
5439 1
5439 1
5439 1
5440 1
5440 1
5440 1
5440 1
5441 1
5441 1
5441 1
5441 1
5442 1
5442 1
5442 1
5442 1
5443 1
5443 1
5443 1
5443 1
5444 1
5444 1
5444 1
5444 1
5445 1
5445 1
5445 1
5445 1
5446 1
5446 1
5446 1
5446 1
5447 1
5447 1
5447 1
5447 1
5448 1
5448 1
5448 1
5448 1
5449 1
5449 1
5449 1
5449 1
5450 1
5450 1
5450 1
5450 1
5451 1
5451 1
5451 1
5451 1
5452 1
5452 1
5452 1
5452 1
5453 1
5453 1
5453 1
5453 1
5454 1
5454 1
5454 1
5454 1
5455 1
5455 1
5455 1
5455 1
5456 1
5456 1
5456 1
5456 1
5457 1
5457 1
5457 1
5457 1
5458 1
5458 1
5458 1
5458 1
5459 1
5459 1
5459 1
5459 1
5460 1
5460 1
5460 1
5460 1
5461 1
5461 1
5461 1
5461 1
5462 1
5462 1
5462 1
5462 1
5463 1
5463 1
5463 1
5463 1
5464 1
5464 1
5464 1
5464 1
5465 1
5465 1
5465 1
5465 1
5466 1
5466 1
5466 1
5466 1
5467 1
5467 1
5467 1
5467 1
5468 1
5468 1
5468 1
5468 1
5469 1
5469 1
5469 1
5469 1
5470 1
5470 1
5470 1
5470 1
5471 1
5471 1
5471 1
5471 1
5472 1
5472 1
5472 1
5472 1
5473 1
5473 1
5473 1
5473 1
5474 1
5474 1
5474 1
5474 1
5475 1
5475 1
5475 1
5475 1
5476 1
5476 1
5476 1
5476 1
5477 1
5477 1
5477 1
5477 1
5478 1
5478 1
5478 1
5478 1
5479 1
5479 1
5479 1
5479 1
5480 1
5480 1
5480 1
5480 1
5593 1
5593 1
5593 1
5593 1
5594 1
5594 1
5594 1
5594 1
5595 1
5595 1
5595 1
5595 1
5596 1
5596 1
5596 1
5596 1
5597 1
5597 1
5597 1
5597 1
5598 1
5598 1
5598 1
5598 1
5599 1
5599 1
5599 1
5599 1
5600 1
5600 1
5600 1
5600 1
5601 1
5601 1
5601 1
5601 1
5602 1
5602 1
5602 1
5602 1
5603 1
5603 1
5603 1
5603 1
5604 1
5604 1
5604 1
5604 1
5605 1
5605 1
5605 1
5605 1
5606 1
5606 1
5606 1
5606 1
5607 1
5607 1
5607 1
5607 1
5608 1
5608 1
5608 1
5608 1
5609 1
5609 1
5609 1
5609 1
5610 1
5610 1
5610 1
5610 1
5611 1
5611 1
5611 1
5611 1
5612 1
5612 1
5612 1
5612 1
5613 1
5613 1
5613 1
5613 1
5614 1
5614 1
5614 1
5614 1
5615 1
5615 1
5615 1
5615 1
5616 1
5616 1
5616 1
5616 1
5617 1
5617 1
5617 1
5617 1
5618 1
5618 1
5618 1
5618 1
5619 1
5619 1
5619 1
5619 1
5620 1
5620 1
5620 1
5620 1
5621 1
5621 1
5621 1
5621 1
5622 1
5622 1
5622 1
5622 1
5623 1
5623 1
5623 1
5623 1
5624 1
5624 1
5624 1
5624 1
5625 1
5625 1
5625 1
5625 1
5626 1
5626 1
5626 1
5626 1
5627 1
5627 1
5627 1
5627 1
5628 1
5628 1
5628 1
5628 1
5629 1
5629 1
5629 1
5629 1
5630 1
5630 1
5630 1
5630 1
5631 1
5631 1
5631 1
5631 1
5632 1
5632 1
5632 1
5632 1
5633 1
5633 1
5633 1
5633 1
5634 1
5634 1
5634 1
5634 1
5635 1
5635 1
5635 1
5635 1
5636 1
5636 1
5636 1
5636 1
5752 1
5752 1
5752 1
5752 1
5753 1
5753 1
5753 1
5753 1
5754 1
5754 1
5754 1
5754 1
5755 1
5755 1
5755 1
5755 1
5756 1
5756 1
5756 1
5756 1
5757 1
5757 1
5757 1
5757 1
5758 1
5758 1
5758 1
5758 1
5759 1
5759 1
5759 1
5759 1
5760 1
5760 1
5760 1
5760 1
5761 1
5761 1
5761 1
5761 1
5762 1
5762 1
5762 1
5762 1
5763 1
5763 1
5763 1
5763 1
5764 1
5764 1
5764 1
5764 1
5765 1
5765 1
5765 1
5765 1
5766 1
5766 1
5766 1
5766 1
5767 1
5767 1
5767 1
5767 1
5768 1
5768 1
5768 1
5768 1
5769 1
5769 1
5769 1
5769 1
5770 1
5770 1
5770 1
5770 1
5771 1
5771 1
5771 1
5771 1
5772 1
5772 1
5772 1
5772 1
5773 1
5773 1
5773 1
5773 1
5774 1
5774 1
5774 1
5774 1
5775 1
5775 1
5775 1
5775 1
5776 1
5776 1
5776 1
5776 1
5777 1
5777 1
5777 1
5777 1
5778 1
5778 1
5778 1
5778 1
5779 1
5779 1
5779 1
5779 1
5780 1
5780 1
5780 1
5780 1
5781 1
5781 1
5781 1
5781 1
5782 1
5782 1
5782 1
5782 1
5783 1
5783 1
5783 1
5783 1
5784 1
5784 1
5784 1
5784 1
5785 1
5785 1
5785 1
5785 1
5786 1
5786 1
5786 1
5786 1
5787 1
5787 1
5787 1
5787 1
5788 1
5788 1
5788 1
5788 1
5789 1
5789 1
5789 1
5789 1
5790 1
5790 1
5790 1
5790 1
5791 1
5791 1
5791 1
5791 1
5792 1
5792 1
5792 1
5792 1
5793 1
5793 1
5793 1
5793 1
5794 1
5794 1
5794 1
5794 1
5907 1
5907 1
5907 1
5907 1
5908 1
5908 1
5908 1
5908 1
5909 1
5909 1
5909 1
5909 1
5910 1
5910 1
5910 1
5910 1
5911 1
5911 1
5911 1
5911 1
5912 1
5912 1
5912 1
5912 1
5913 1
5913 1
5913 1
5913 1
5914 1
5914 1
5914 1
5914 1
5915 1
5915 1
5915 1
5915 1
5916 1
5916 1
5916 1
5916 1
5917 1
5917 1
5917 1
5917 1
5918 1
5918 1
5918 1
5918 1
5919 1
5919 1
5919 1
5919 1
5920 1
5920 1
5920 1
5920 1
5921 1
5921 1
5921 1
5921 1
5922 1
5922 1
5922 1
5922 1
5923 1
5923 1
5923 1
5923 1
5924 1
5924 1
5924 1
5924 1
5925 1
5925 1
5925 1
5925 1
5926 1
5926 1
5926 1
5926 1
5927 1
5927 1
5927 1
5927 1
5928 1
5928 1
5928 1
5928 1
5929 1
5929 1
5929 1
5929 1
5930 1
5930 1
5930 1
5930 1
5931 1
5931 1
5931 1
5931 1
5932 1
5932 1
5932 1
5932 1
5933 1
5933 1
5933 1
5933 1
5934 1
5934 1
5934 1
5934 1
5935 1
5935 1
5935 1
5935 1
5936 1
5936 1
5936 1
5936 1
5937 1
5937 1
5937 1
5937 1
5938 1
5938 1
5938 1
5938 1
5939 1
5939 1
5939 1
5939 1
5940 1
5940 1
5940 1
5940 1
5941 1
5941 1
5941 1
5941 1
5942 1
5942 1
5942 1
5942 1
5943 1
5943 1
5943 1
5943 1
5944 1
5944 1
5944 1
5944 1
5945 1
5945 1
5945 1
5945 1
5946 1
5946 1
5946 1
5946 1
5947 1
5947 1
5947 1
5947 1
5948 1
5948 1
5948 1
5948 1
6058 1
6058 1
6058 1
6058 1
6059 1
6059 1
6059 1
6059 1
6060 1
6060 1
6060 1
6060 1
6061 1
6061 1
6061 1
6061 1
6062 1
6062 1
6062 1
6062 1
6063 1
6063 1
6063 1
6063 1
6064 1
6064 1
6064 1
6064 1
6065 1
6065 1
6065 1
6065 1
6066 1
6066 1
6066 1
6066 1
6067 1
6067 1
6067 1
6067 1
6068 1
6068 1
6068 1
6068 1
6069 1
6069 1
6069 1
6069 1
6070 1
6070 1
6070 1
6070 1
6071 1
6071 1
6071 1
6071 1
6072 1
6072 1
6072 1
6072 1
6073 1
6073 1
6073 1
6073 1
6074 1
6074 1
6074 1
6074 1
6075 1
6075 1
6075 1
6075 1
6076 1
6076 1
6076 1
6076 1
6077 1
6077 1
6077 1
6077 1
6078 1
6078 1
6078 1
6078 1
6079 1
6079 1
6079 1
6079 1
6080 1
6080 1
6080 1
6080 1
6081 1
6081 1
6081 1
6081 1
6082 1
6082 1
6082 1
6082 1
6083 1
6083 1
6083 1
6083 1
6084 1
6084 1
6084 1
6084 1
6085 1
6085 1
6085 1
6085 1
6086 1
6086 1
6086 1
6086 1
6087 1
6087 1
6087 1
6087 1
6088 1
6088 1
6088 1
6088 1
6089 1
6089 1
6089 1
6089 1
6090 1
6090 1
6090 1
6090 1
6091 1
6091 1
6091 1
6091 1
6092 1
6092 1
6092 1
6092 1
6093 1
6093 1
6093 1
6093 1
6094 1
6094 1
6094 1
6094 1
6095 1
6095 1
6095 1
6095 1
6096 1
6096 1
6096 1
6096 1
6097 1
6097 1
6097 1
6097 1
6098 1
6098 1
6098 1
6098 1
6099 1
6099 1
6099 1
6099 1
6209 1
6209 1
6209 1
6209 1
6210 1
6210 1
6210 1
6210 1
6211 1
6211 1
6211 1
6211 1
6212 1
6212 1
6212 1
6212 1
6213 1
6213 1
6213 1
6213 1
6214 1
6214 1
6214 1
6214 1
6215 1
6215 1
6215 1
6215 1
6216 1
6216 1
6216 1
6216 1
6217 1
6217 1
6217 1
6217 1
6218 1
6218 1
6218 1
6218 1
6219 1
6219 1
6219 1
6219 1
6220 1
6220 1
6220 1
6220 1
6221 1
6221 1
6221 1
6221 1
6222 1
6222 1
6222 1
6222 1
6223 1
6223 1
6223 1
6223 1
6224 1
6224 1
6224 1
6224 1
6225 1
6225 1
6225 1
6225 1
6226 1
6226 1
6226 1
6226 1
6227 1
6227 1
6227 1
6227 1
6228 1
6228 1
6228 1
6228 1
6229 1
6229 1
6229 1
6229 1
6230 1
6230 1
6230 1
6230 1
6231 1
6231 1
6231 1
6231 1
6232 1
6232 1
6232 1
6232 1
6233 1
6233 1
6233 1
6233 1
6234 1
6234 1
6234 1
6234 1
6235 1
6235 1
6235 1
6235 1
6236 1
6236 1
6236 1
6236 1
6237 1
6237 1
6237 1
6237 1
6238 1
6238 1
6238 1
6238 1
6239 1
6239 1
6239 1
6239 1
6240 1
6240 1
6240 1
6240 1
6241 1
6241 1
6241 1
6241 1
6242 1
6242 1
6242 1
6242 1
6243 1
6243 1
6243 1
6243 1
6244 1
6244 1
6244 1
6244 1
6245 1
6245 1
6245 1
6245 1
6246 1
6246 1
6246 1
6246 1
6247 1
6247 1
6247 1
6247 1
6248 1
6248 1
6248 1
6248 1
6249 1
6249 1
6249 1
6249 1
6357 1
6357 1
6357 1
6357 1
6358 1
6358 1
6358 1
6358 1
6359 1
6359 1
6359 1
6359 1
6360 1
6360 1
6360 1
6360 1
6361 1
6361 1
6361 1
6361 1
6362 1
6362 1
6362 1
6362 1
6363 1
6363 1
6363 1
6363 1
6364 1
6364 1
6364 1
6364 1
6365 1
6365 1
6365 1
6365 1
6366 1
6366 1
6366 1
6366 1
6367 1
6367 1
6367 1
6367 1
6368 1
6368 1
6368 1
6368 1
6369 1
6369 1
6369 1
6369 1
6370 1
6370 1
6370 1
6370 1
6371 1
6371 1
6371 1
6371 1
6372 1
6372 1
6372 1
6372 1
6373 1
6373 1
6373 1
6373 1
6374 1
6374 1
6374 1
6374 1
6375 1
6375 1
6375 1
6375 1
6376 1
6376 1
6376 1
6376 1
6377 1
6377 1
6377 1
6377 1
6378 1
6378 1
6378 1
6378 1
6379 1
6379 1
6379 1
6379 1
6380 1
6380 1
6380 1
6380 1
6381 1
6381 1
6381 1
6381 1
6382 1
6382 1
6382 1
6382 1
6383 1
6383 1
6383 1
6383 1
6384 1
6384 1
6384 1
6384 1
6385 1
6385 1
6385 1
6385 1
6386 1
6386 1
6386 1
6386 1
6387 1
6387 1
6387 1
6387 1
6388 1
6388 1
6388 1
6388 1
6389 1
6389 1
6389 1
6389 1
6390 1
6390 1
6390 1
6390 1
6391 1
6391 1
6391 1
6391 1
6392 1
6392 1
6392 1
6392 1
6393 1
6393 1
6393 1
6393 1
6394 1
6394 1
6394 1
6394 1
6395 1
6395 1
6395 1
6395 1
6396 1
6396 1
6396 1
6396 1
6397 1
6397 1
6397 1
6397 1
6398 1
6398 1
6398 1
6398 1
6503 1
6503 1
6503 1
6503 1
6504 1
6504 1
6504 1
6504 1
6505 1
6505 1
6505 1
6505 1
6506 1
6506 1
6506 1
6506 1
6507 1
6507 1
6507 1
6507 1
6508 1
6508 1
6508 1
6508 1
6509 1
6509 1
6509 1
6509 1
6510 1
6510 1
6510 1
6510 1
6511 1
6511 1
6511 1
6511 1
6512 1
6512 1
6512 1
6512 1
6513 1
6513 1
6513 1
6513 1
6514 1
6514 1
6514 1
6514 1
6515 1
6515 1
6515 1
6515 1
6516 1
6516 1
6516 1
6516 1
6517 1
6517 1
6517 1
6517 1
6518 1
6518 1
6518 1
6518 1
6519 1
6519 1
6519 1
6519 1
6520 1
6520 1
6520 1
6520 1
6521 1
6521 1
6521 1
6521 1
6522 1
6522 1
6522 1
6522 1
6523 1
6523 1
6523 1
6523 1
6524 1
6524 1
6524 1
6524 1
6525 1
6525 1
6525 1
6525 1
6526 1
6526 1
6526 1
6526 1
6527 1
6527 1
6527 1
6527 1
6528 1
6528 1
6528 1
6528 1
6529 1
6529 1
6529 1
6529 1
6530 1
6530 1
6530 1
6530 1
6531 1
6531 1
6531 1
6531 1
6532 1
6532 1
6532 1
6532 1
6533 1
6533 1
6533 1
6533 1
6534 1
6534 1
6534 1
6534 1
6535 1
6535 1
6535 1
6535 1
6536 1
6536 1
6536 1
6536 1
6537 1
6537 1
6537 1
6537 1
6538 1
6538 1
6538 1
6538 1
6539 1
6539 1
6539 1
6539 1
6540 1
6540 1
6540 1
6540 1
6541 1
6541 1
6541 1
6541 1
6542 1
6542 1
6542 1
6542 1
6543 1
6543 1
6543 1
6543 1
6633 1
6633 1
6633 1
6633 1
6634 1
6634 1
6634 1
6634 1
6635 1
6635 1
6635 1
6635 1
6636 1
6636 1
6636 1
6636 1
6637 1
6637 1
6637 1
6637 1
6638 1
6638 1
6638 1
6638 1
6639 1
6639 1
6639 1
6639 1
6640 1
6640 1
6640 1
6640 1
6641 1
6641 1
6641 1
6641 1
6642 1
6642 1
6642 1
6642 1
6643 1
6643 1
6643 1
6643 1
6644 1
6644 1
6644 1
6644 1
6645 1
6645 1
6645 1
6645 1
6646 1
6646 1
6646 1
6646 1
6647 1
6647 1
6647 1
6647 1
6648 1
6648 1
6648 1
6648 1
6649 1
6649 1
6649 1
6649 1
6650 1
6650 1
6650 1
6650 1
6651 1
6651 1
6651 1
6651 1
6652 1
6652 1
6652 1
6652 1
6653 1
6653 1
6653 1
6653 1
6654 1
6654 1
6654 1
6654 1
6655 1
6655 1
6655 1
6655 1
6656 1
6656 1
6656 1
6656 1
6657 1
6657 1
6657 1
6657 1
6658 1
6658 1
6658 1
6658 1
6659 1
6659 1
6659 1
6659 1
6660 1
6660 1
6660 1
6660 1
6661 1
6661 1
6661 1
6661 1
6662 1
6662 1
6662 1
6662 1
6663 1
6663 1
6663 1
6663 1
6664 1
6664 1
6664 1
6664 1
6665 1
6665 1
6665 1
6665 1
6666 1
6666 1
6666 1
6666 1
6667 1
6667 1
6667 1
6667 1
6668 1
6668 1
6668 1
6668 1
6669 1
6669 1
6669 1
6669 1
6670 1
6670 1
6670 1
6670 1
6671 1
6671 1
6671 1
6671 1
6672 1
6672 1
6672 1
6672 1
6762 1
6762 1
6762 1
6762 1
6763 1
6763 1
6763 1
6763 1
6764 1
6764 1
6764 1
6764 1
6765 1
6765 1
6765 1
6765 1
6766 1
6766 1
6766 1
6766 1
6767 1
6767 1
6767 1
6767 1
6768 1
6768 1
6768 1
6768 1
6769 1
6769 1
6769 1
6769 1
6770 1
6770 1
6770 1
6770 1
6771 1
6771 1
6771 1
6771 1
6772 1
6772 1
6772 1
6772 1
6773 1
6773 1
6773 1
6773 1
6774 1
6774 1
6774 1
6774 1
6775 1
6775 1
6775 1
6775 1
6776 1
6776 1
6776 1
6776 1
6777 1
6777 1
6777 1
6777 1
6778 1
6778 1
6778 1
6778 1
6779 1
6779 1
6779 1
6779 1
6780 1
6780 1
6780 1
6780 1
6781 1
6781 1
6781 1
6781 1
6782 1
6782 1
6782 1
6782 1
6783 1
6783 1
6783 1
6783 1
6784 1
6784 1
6784 1
6784 1
6785 1
6785 1
6785 1
6785 1
6786 1
6786 1
6786 1
6786 1
6787 1
6787 1
6787 1
6787 1
6788 1
6788 1
6788 1
6788 1
6789 1
6789 1
6789 1
6789 1
6790 1
6790 1
6790 1
6790 1
6791 1
6791 1
6791 1
6791 1
6792 1
6792 1
6792 1
6792 1
6793 1
6793 1
6793 1
6793 1
6794 1
6794 1
6794 1
6794 1
6795 1
6795 1
6795 1
6795 1
6796 1
6796 1
6796 1
6796 1
6797 1
6797 1
6797 1
6797 1
6798 1
6798 1
6798 1
6798 1
6799 1
6799 1
6799 1
6799 1
6800 1
6800 1
6800 1
6800 1
6890 1
6890 1
6890 1
6890 1
6891 1
6891 1
6891 1
6891 1
6892 1
6892 1
6892 1
6892 1
6893 1
6893 1
6893 1
6893 1
6894 1
6894 1
6894 1
6894 1
6895 1
6895 1
6895 1
6895 1
6896 1
6896 1
6896 1
6896 1
6897 1
6897 1
6897 1
6897 1
6898 1
6898 1
6898 1
6898 1
6899 1
6899 1
6899 1
6899 1
6900 1
6900 1
6900 1
6900 1
6901 1
6901 1
6901 1
6901 1
6902 1
6902 1
6902 1
6902 1
6903 1
6903 1
6903 1
6903 1
6904 1
6904 1
6904 1
6904 1
6905 1
6905 1
6905 1
6905 1
6906 1
6906 1
6906 1
6906 1
6907 1
6907 1
6907 1
6907 1
6908 1
6908 1
6908 1
6908 1
6909 1
6909 1
6909 1
6909 1
6910 1
6910 1
6910 1
6910 1
6911 1
6911 1
6911 1
6911 1
6912 1
6912 1
6912 1
6912 1
6913 1
6913 1
6913 1
6913 1
6914 1
6914 1
6914 1
6914 1
6915 1
6915 1
6915 1
6915 1
6916 1
6916 1
6916 1
6916 1
6917 1
6917 1
6917 1
6917 1
6918 1
6918 1
6918 1
6918 1
6919 1
6919 1
6919 1
6919 1
6920 1
6920 1
6920 1
6920 1
6921 1
6921 1
6921 1
6921 1
6922 1
6922 1
6922 1
6922 1
6923 1
6923 1
6923 1
6923 1
6924 1
6924 1
6924 1
6924 1
6925 1
6925 1
6925 1
6925 1
6926 1
6926 1
6926 1
6926 1
6927 1
6927 1
6927 1
6927 1
7030 1
7030 1
7030 1
7030 1
7031 1
7031 1
7031 1
7031 1
7032 1
7032 1
7032 1
7032 1
7033 1
7033 1
7033 1
7033 1
7034 1
7034 1
7034 1
7034 1
7035 1
7035 1
7035 1
7035 1
7036 1
7036 1
7036 1
7036 1
7037 1
7037 1
7037 1
7037 1
7038 1
7038 1
7038 1
7038 1
7039 1
7039 1
7039 1
7039 1
7040 1
7040 1
7040 1
7040 1
7041 1
7041 1
7041 1
7041 1
7042 1
7042 1
7042 1
7042 1
7043 1
7043 1
7043 1
7043 1
7044 1
7044 1
7044 1
7044 1
7045 1
7045 1
7045 1
7045 1
7046 1
7046 1
7046 1
7046 1
7047 1
7047 1
7047 1
7047 1
7048 1
7048 1
7048 1
7048 1
7049 1
7049 1
7049 1
7049 1
7050 1
7050 1
7050 1
7050 1
7051 1
7051 1
7051 1
7051 1
7052 1
7052 1
7052 1
7052 1
7053 1
7053 1
7053 1
7053 1
7054 1
7054 1
7054 1
7054 1
7055 1
7055 1
7055 1
7055 1
7056 1
7056 1
7056 1
7056 1
7057 1
7057 1
7057 1
7057 1
7058 1
7058 1
7058 1
7058 1
7059 1
7059 1
7059 1
7059 1
7060 1
7060 1
7060 1
7060 1
7061 1
7061 1
7061 1
7061 1
7062 1
7062 1
7062 1
7062 1
7063 1
7063 1
7063 1
7063 1
7064 1
7064 1
7064 1
7064 1
7065 1
7065 1
7065 1
7065 1
7066 1
7066 1
7066 1
7066 1
7173 1
7173 1
7173 1
7173 1
7174 1
7174 1
7174 1
7174 1
7175 1
7175 1
7175 1
7175 1
7176 1
7176 1
7176 1
7176 1
7177 1
7177 1
7177 1
7177 1
7178 1
7178 1
7178 1
7178 1
7179 1
7179 1
7179 1
7179 1
7180 1
7180 1
7180 1
7180 1
7181 1
7181 1
7181 1
7181 1
7182 1
7182 1
7182 1
7182 1
7183 1
7183 1
7183 1
7183 1
7184 1
7184 1
7184 1
7184 1
7185 1
7185 1
7185 1
7185 1
7186 1
7186 1
7186 1
7186 1
7187 1
7187 1
7187 1
7187 1
7188 1
7188 1
7188 1
7188 1
7189 1
7189 1
7189 1
7189 1
7190 1
7190 1
7190 1
7190 1
7191 1
7191 1
7191 1
7191 1
7192 1
7192 1
7192 1
7192 1
7193 1
7193 1
7193 1
7193 1
7194 1
7194 1
7194 1
7194 1
7195 1
7195 1
7195 1
7195 1
7196 1
7196 1
7196 1
7196 1
7197 1
7197 1
7197 1
7197 1
7198 1
7198 1
7198 1
7198 1
7199 1
7199 1
7199 1
7199 1
7200 1
7200 1
7200 1
7200 1
7201 1
7201 1
7201 1
7201 1
7202 1
7202 1
7202 1
7202 1
7203 1
7203 1
7203 1
7203 1
7204 1
7204 1
7204 1
7204 1
7205 1
7205 1
7205 1
7205 1
7206 1
7206 1
7206 1
7206 1
7207 1
7207 1
7207 1
7207 1
7316 1
7316 1
7316 1
7316 1
7317 1
7317 1
7317 1
7317 1
7318 1
7318 1
7318 1
7318 1
7319 1
7319 1
7319 1
7319 1
7320 1
7320 1
7320 1
7320 1
7321 1
7321 1
7321 1
7321 1
7322 1
7322 1
7322 1
7322 1
7323 1
7323 1
7323 1
7323 1
7324 1
7324 1
7324 1
7324 1
7325 1
7325 1
7325 1
7325 1
7326 1
7326 1
7326 1
7326 1
7327 1
7327 1
7327 1
7327 1
7328 1
7328 1
7328 1
7328 1
7329 1
7329 1
7329 1
7329 1
7330 1
7330 1
7330 1
7330 1
7331 1
7331 1
7331 1
7331 1
7332 1
7332 1
7332 1
7332 1
7333 1
7333 1
7333 1
7333 1
7334 1
7334 1
7334 1
7334 1
7335 1
7335 1
7335 1
7335 1
7336 1
7336 1
7336 1
7336 1
7337 1
7337 1
7337 1
7337 1
7338 1
7338 1
7338 1
7338 1
7339 1
7339 1
7339 1
7339 1
7340 1
7340 1
7340 1
7340 1
7341 1
7341 1
7341 1
7341 1
7342 1
7342 1
7342 1
7342 1
7343 1
7343 1
7343 1
7343 1
7344 1
7344 1
7344 1
7344 1
7345 1
7345 1
7345 1
7345 1
7346 1
7346 1
7346 1
7346 1
7347 1
7347 1
7347 1
7347 1
7348 1
7348 1
7348 1
7348 1
7349 1
7349 1
7349 1
7349 1
7350 1
7350 1
7350 1
7350 1
7351 1
7351 1
7351 1
7351 1
7465 1
7465 1
7465 1
7465 1
7466 1
7466 1
7466 1
7466 1
7467 1
7467 1
7467 1
7467 1
7468 1
7468 1
7468 1
7468 1
7469 1
7469 1
7469 1
7469 1
7470 1
7470 1
7470 1
7470 1
7471 1
7471 1
7471 1
7471 1
7472 1
7472 1
7472 1
7472 1
7473 1
7473 1
7473 1
7473 1
7474 1
7474 1
7474 1
7474 1
7475 1
7475 1
7475 1
7475 1
7476 1
7476 1
7476 1
7476 1
7477 1
7477 1
7477 1
7477 1
7478 1
7478 1
7478 1
7478 1
7479 1
7479 1
7479 1
7479 1
7480 1
7480 1
7480 1
7480 1
7481 1
7481 1
7481 1
7481 1
7482 1
7482 1
7482 1
7482 1
7483 1
7483 1
7483 1
7483 1
7484 1
7484 1
7484 1
7484 1
7485 1
7485 1
7485 1
7485 1
7486 1
7486 1
7486 1
7486 1
7487 1
7487 1
7487 1
7487 1
7488 1
7488 1
7488 1
7488 1
7489 1
7489 1
7489 1
7489 1
7490 1
7490 1
7490 1
7490 1
7491 1
7491 1
7491 1
7491 1
7492 1
7492 1
7492 1
7492 1
7493 1
7493 1
7493 1
7493 1
7494 1
7494 1
7494 1
7494 1
7495 1
7495 1
7495 1
7495 1
7496 1
7496 1
7496 1
7496 1
7497 1
7497 1
7497 1
7497 1
7498 1
7498 1
7498 1
7498 1
7612 1
7612 1
7612 1
7612 1
7613 1
7613 1
7613 1
7613 1
7614 1
7614 1
7614 1
7614 1
7615 1
7615 1
7615 1
7615 1
7616 1
7616 1
7616 1
7616 1
7617 1
7617 1
7617 1
7617 1
7618 1
7618 1
7618 1
7618 1
7619 1
7619 1
7619 1
7619 1
7620 1
7620 1
7620 1
7620 1
7621 1
7621 1
7621 1
7621 1
7622 1
7622 1
7622 1
7622 1
7623 1
7623 1
7623 1
7623 1
7624 1
7624 1
7624 1
7624 1
7625 1
7625 1
7625 1
7625 1
7626 1
7626 1
7626 1
7626 1
7627 1
7627 1
7627 1
7627 1
7628 1
7628 1
7628 1
7628 1
7629 1
7629 1
7629 1
7629 1
7630 1
7630 1
7630 1
7630 1
7631 1
7631 1
7631 1
7631 1
7632 1
7632 1
7632 1
7632 1
7633 1
7633 1
7633 1
7633 1
7634 1
7634 1
7634 1
7634 1
7635 1
7635 1
7635 1
7635 1
7636 1
7636 1
7636 1
7636 1
7637 1
7637 1
7637 1
7637 1
7638 1
7638 1
7638 1
7638 1
7639 1
7639 1
7639 1
7639 1
7640 1
7640 1
7640 1
7640 1
7641 1
7641 1
7641 1
7641 1
7642 1
7642 1
7642 1
7642 1
7643 1
7643 1
7643 1
7643 1
7644 1
7644 1
7644 1
7644 1
7760 1
7760 1
7760 1
7760 1
7761 1
7761 1
7761 1
7761 1
7762 1
7762 1
7762 1
7762 1
7763 1
7763 1
7763 1
7763 1
7764 1
7764 1
7764 1
7764 1
7765 1
7765 1
7765 1
7765 1
7766 1
7766 1
7766 1
7766 1
7767 1
7767 1
7767 1
7767 1
7768 1
7768 1
7768 1
7768 1
7769 1
7769 1
7769 1
7769 1
7770 1
7770 1
7770 1
7770 1
7771 1
7771 1
7771 1
7771 1
7772 1
7772 1
7772 1
7772 1
7773 1
7773 1
7773 1
7773 1
7774 1
7774 1
7774 1
7774 1
7775 1
7775 1
7775 1
7775 1
7776 1
7776 1
7776 1
7776 1
7777 1
7777 1
7777 1
7777 1
7778 1
7778 1
7778 1
7778 1
7779 1
7779 1
7779 1
7779 1
7780 1
7780 1
7780 1
7780 1
7781 1
7781 1
7781 1
7781 1
7782 1
7782 1
7782 1
7782 1
7783 1
7783 1
7783 1
7783 1
7784 1
7784 1
7784 1
7784 1
7785 1
7785 1
7785 1
7785 1
7786 1
7786 1
7786 1
7786 1
7787 1
7787 1
7787 1
7787 1
7788 1
7788 1
7788 1
7788 1
7789 1
7789 1
7789 1
7789 1
7790 1
7790 1
7790 1
7790 1
7906 1
7906 1
7906 1
7906 1
7907 1
7907 1
7907 1
7907 1
7908 1
7908 1
7908 1
7908 1
7909 1
7909 1
7909 1
7909 1
7910 1
7910 1
7910 1
7910 1
7911 1
7911 1
7911 1
7911 1
7912 1
7912 1
7912 1
7912 1
7913 1
7913 1
7913 1
7913 1
7914 1
7914 1
7914 1
7914 1
7915 1
7915 1
7915 1
7915 1
7916 1
7916 1
7916 1
7916 1
7917 1
7917 1
7917 1
7917 1
7918 1
7918 1
7918 1
7918 1
7919 1
7919 1
7919 1
7919 1
7920 1
7920 1
7920 1
7920 1
7921 1
7921 1
7921 1
7921 1
7922 1
7922 1
7922 1
7922 1
7923 1
7923 1
7923 1
7923 1
7924 1
7924 1
7924 1
7924 1
7925 1
7925 1
7925 1
7925 1
7926 1
7926 1
7926 1
7926 1
7927 1
7927 1
7927 1
7927 1
7928 1
7928 1
7928 1
7928 1
7929 1
7929 1
7929 1
7929 1
7930 1
7930 1
7930 1
7930 1
7931 1
7931 1
7931 1
7931 1
7932 1
7932 1
7932 1
7932 1
7933 1
7933 1
7933 1
7933 1
7934 1
7934 1
7934 1
7934 1
8038 1
8038 1
8038 1
8038 1
8039 1
8039 1
8039 1
8039 1
8040 1
8040 1
8040 1
8040 1
8041 1
8041 1
8041 1
8041 1
8042 1
8042 1
8042 1
8042 1
8043 1
8043 1
8043 1
8043 1
8044 1
8044 1
8044 1
8044 1
8045 1
8045 1
8045 1
8045 1
8046 1
8046 1
8046 1
8046 1
8047 1
8047 1
8047 1
8047 1
8048 1
8048 1
8048 1
8048 1
8049 1
8049 1
8049 1
8049 1
8050 1
8050 1
8050 1
8050 1
8051 1
8051 1
8051 1
8051 1
8052 1
8052 1
8052 1
8052 1
8053 1
8053 1
8053 1
8053 1
8054 1
8054 1
8054 1
8054 1
8055 1
8055 1
8055 1
8055 1
8056 1
8056 1
8056 1
8056 1
8057 1
8057 1
8057 1
8057 1
8058 1
8058 1
8058 1
8058 1
8059 1
8059 1
8059 1
8059 1
8060 1
8060 1
8060 1
8060 1
8061 1
8061 1
8061 1
8061 1
8062 1
8062 1
8062 1
8062 1
8063 1
8063 1
8063 1
8063 1
8160 1
8160 1
8160 1
8160 1
8161 1
8161 1
8161 1
8161 1
8162 1
8162 1
8162 1
8162 1
8163 1
8163 1
8163 1
8163 1
8164 1
8164 1
8164 1
8164 1
8165 1
8165 1
8165 1
8165 1
8166 1
8166 1
8166 1
8166 1
8167 1
8167 1
8167 1
8167 1
8168 1
8168 1
8168 1
8168 1
8169 1
8169 1
8169 1
8169 1
8170 1
8170 1
8170 1
8170 1
8171 1
8171 1
8171 1
8171 1
8172 1
8172 1
8172 1
8172 1
8173 1
8173 1
8173 1
8173 1
8174 1
8174 1
8174 1
8174 1
8175 1
8175 1
8175 1
8175 1
8176 1
8176 1
8176 1
8176 1
8177 1
8177 1
8177 1
8177 1
8178 1
8178 1
8178 1
8178 1
8179 1
8179 1
8179 1
8179 1
8180 1
8180 1
8180 1
8180 1
8181 1
8181 1
8181 1
8181 1
8182 1
8182 1
8182 1
8182 1
8183 1
8183 1
8183 1
8183 1
8292 1
8292 1
8292 1
8292 1
8293 1
8293 1
8293 1
8293 1
8294 1
8294 1
8294 1
8294 1
8295 1
8295 1
8295 1
8295 1
8296 1
8296 1
8296 1
8296 1
8297 1
8297 1
8297 1
8297 1
8298 1
8298 1
8298 1
8298 1
8299 1
8299 1
8299 1
8299 1
8300 1
8300 1
8300 1
8300 1
8301 1
8301 1
8301 1
8301 1
8302 1
8302 1
8302 1
8302 1
8303 1
8303 1
8303 1
8303 1
8304 1
8304 1
8304 1
8304 1
8305 1
8305 1
8305 1
8305 1
8306 1
8306 1
8306 1
8306 1
