pt_graph scale
20 14.48
20 1.16
20 25.44
20 18.04
21 14.48
21 1.16
21 25.44
21 18.04
22 14.48
22 1.16
22 25.44
22 18.04
23 14.48
23 1.16
23 25.44
23 18.04
24 14.48
24 1.16
24 25.44
24 18.04
25 14.48
25 1.16
25 25.44
25 18.04
26 14.48
26 1.16
26 25.44
26 18.04
27 14.48
27 1.16
27 25.44
27 18.04
28 14.48
28 1.16
28 25.44
28 18.04
29 14.48
29 1.16
29 25.44
29 18.04
30 14.48
30 1.16
30 25.44
30 18.04
31 14.48
31 1.16
31 25.44
31 18.04
32 14.48
32 1.16
32 25.44
32 18.04
33 14.48
33 1.16
33 25.44
33 18.04
34 14.48
34 1.16
34 25.44
34 18.04
35 14.48
35 1.16
35 25.44
35 18.04
36 14.48
36 1.16
36 25.44
36 18.04
37 14.48
37 1.16
37 25.44
37 18.04
38 14.48
38 1.16
38 25.44
38 18.04
39 14.48
39 1.16
39 25.44
39 18.04
40 14.48
40 1.16
40 25.44
40 18.04
43 14.48
43 1.16
43 25.44
43 18.04
44 14.48
44 1.16
44 25.44
44 18.04
45 14.48
45 1.16
45 25.44
45 18.04
46 14.48
46 1.16
46 25.44
46 18.04
47 14.48
47 1.16
47 25.44
47 18.04
48 14.48
48 1.16
48 25.44
48 18.04
49 14.48
49 1.16
49 25.44
49 18.04
50 14.48
50 1.16
50 25.44
50 18.04
51 14.48
51 1.16
51 25.44
51 18.04
52 14.48
52 1.16
52 25.44
52 18.04
53 14.48
53 1.16
53 25.44
53 18.04
54 14.48
54 1.16
54 25.44
54 18.04
55 14.48
55 1.16
55 25.44
55 18.04
56 14.48
56 1.16
56 25.44
56 18.04
57 14.48
57 1.16
57 25.44
57 18.04
58 14.48
58 1.16
58 25.44
58 18.04
59 14.48
59 1.16
59 25.44
59 18.04
60 14.48
60 1.16
60 25.44
60 18.04
61 14.48
61 1.16
61 25.44
61 18.04
62 14.48
62 1.16
62 25.44
62 18.04
63 14.48
63 1.16
63 25.44
63 18.04
64 14.48
64 1.16
64 25.44
64 18.04
65 14.48
65 1.16
65 25.44
65 18.04
66 14.48
66 1.16
66 25.44
66 18.04
67 14.48
67 1.16
67 25.44
67 18.04
68 14.48
68 1.16
68 25.44
68 18.04
69 14.48
69 1.16
69 25.44
69 18.04
73 14.48
73 1.16
73 25.44
73 18.04
74 14.48
74 1.16
74 25.44
74 18.04
75 14.48
75 1.16
75 25.44
75 18.04
76 14.48
76 1.16
76 25.44
76 18.04
77 14.48
77 1.16
77 25.44
77 18.04
78 14.48
78 1.16
78 25.44
78 18.04
79 14.48
79 1.16
79 25.44
79 18.04
80 14.48
80 1.16
80 25.44
80 18.04
81 14.48
81 1.16
81 25.44
81 18.04
82 14.48
82 1.16
82 25.44
82 18.04
83 14.48
83 1.16
83 25.44
83 18.04
84 14.48
84 1.16
84 25.44
84 18.04
85 14.48
85 1.16
85 25.44
85 18.04
86 14.48
86 1.16
86 25.44
86 18.04
87 14.48
87 1.16
87 25.44
87 18.04
88 14.48
88 1.16
88 25.44
88 18.04
89 14.48
89 1.16
89 25.44
89 18.04
90 14.48
90 1.16
90 25.44
90 18.04
91 14.48
91 1.16
91 25.44
91 18.04
92 14.48
92 1.16
92 25.44
92 18.04
93 14.48
93 1.16
93 25.44
93 18.04
94 14.48
94 1.16
94 25.44
94 18.04
95 14.48
95 1.16
95 25.44
95 18.04
96 14.48
96 1.16
96 25.44
96 18.04
97 14.48
97 1.16
97 25.44
97 18.04
98 14.48
98 1.16
98 25.44
98 18.04
99 14.48
99 1.16
99 25.44
99 18.04
100 14.48
100 1.16
100 25.44
100 18.04
101 14.48
101 1.16
101 25.44
101 18.04
102 14.48
102 1.16
102 25.44
102 18.04
103 14.48
103 1.16
103 25.44
103 18.04
104 14.48
104 1.16
104 25.44
104 18.04
105 14.48
105 1.16
105 25.44
105 18.04
110 14.48
110 1.16
110 25.44
110 18.04
111 14.48
111 1.16
111 25.44
111 18.04
112 14.48
112 1.16
112 25.44
112 18.04
113 14.48
113 1.16
113 25.44
113 18.04
114 14.48
114 1.16
114 25.44
114 18.04
115 14.48
115 1.16
115 25.44
115 18.04
116 14.48
116 1.16
116 25.44
116 18.04
117 14.48
117 1.16
117 25.44
117 18.04
118 14.48
118 1.16
118 25.44
118 18.04
119 14.48
119 1.16
119 25.44
119 18.04
120 14.48
120 1.16
120 25.44
120 18.04
121 14.48
121 1.16
121 25.44
121 18.04
122 14.48
122 1.16
122 25.44
122 18.04
123 14.48
123 1.16
123 25.44
123 18.04
124 14.48
124 1.16
124 25.44
124 18.04
125 14.48
125 1.16
125 25.44
125 18.04
126 14.48
126 1.16
126 25.44
126 18.04
127 14.48
127 1.16
127 25.44
127 18.04
128 14.48
128 1.16
128 25.44
128 18.04
129 14.48
129 1.16
129 25.44
129 18.04
130 14.48
130 1.16
130 25.44
130 18.04
131 14.48
131 1.16
131 25.44
131 18.04
132 14.48
132 1.16
132 25.44
132 18.04
133 14.48
133 1.16
133 25.44
133 18.04
134 14.48
134 1.16
134 25.44
134 18.04
135 14.48
135 1.16
135 25.44
135 18.04
136 14.48
136 1.16
136 25.44
136 18.04
137 14.48
137 1.16
137 25.44
137 18.04
138 14.48
138 1.16
138 25.44
138 18.04
139 14.48
139 1.16
139 25.44
139 18.04
140 14.48
140 1.16
140 25.44
140 18.04
141 14.48
141 1.16
141 25.44
141 18.04
142 14.48
142 1.16
142 25.44
142 18.04
143 14.48
143 1.16
143 25.44
143 18.04
144 14.48
144 1.16
144 25.44
144 18.04
145 14.48
145 1.16
145 25.44
145 18.04
146 14.48
146 1.16
146 25.44
146 18.04
147 14.48
147 1.16
147 25.44
147 18.04
148 14.48
148 1.16
148 25.44
148 18.04
150 14.48
150 1.16
150 25.44
150 18.04
151 14.48
151 1.16
151 25.44
151 18.04
152 14.48
152 1.16
152 25.44
152 18.04
153 14.48
153 1.16
153 25.44
153 18.04
154 14.48
154 1.16
154 25.44
154 18.04
155 14.48
155 1.16
155 25.44
155 18.04
156 14.48
156 1.16
156 25.44
156 18.04
157 14.48
157 1.16
157 25.44
157 18.04
158 14.48
158 1.16
158 25.44
158 18.04
159 14.48
159 1.16
159 25.44
159 18.04
160 14.48
160 1.16
160 25.44
160 18.04
161 14.48
161 1.16
161 25.44
161 18.04
162 14.48
162 1.16
162 25.44
162 18.04
163 14.48
163 1.16
163 25.44
163 18.04
164 14.48
164 1.16
164 25.44
164 18.04
165 14.48
165 1.16
165 25.44
165 18.04
166 14.48
166 1.16
166 25.44
166 18.04
167 14.48
167 1.16
167 25.44
167 18.04
168 14.48
168 1.16
168 25.44
168 18.04
169 14.48
169 1.16
169 25.44
169 18.04
170 14.48
170 1.16
170 25.44
170 18.04
171 14.48
171 1.16
171 25.44
171 18.04
172 14.48
172 1.16
172 25.44
172 18.04
173 14.48
173 1.16
173 25.44
173 18.04
174 14.48
174 1.16
174 25.44
174 18.04
175 14.48
175 1.16
175 25.44
175 18.04
176 14.48
176 1.16
176 25.44
176 18.04
177 14.48
177 1.16
177 25.44
177 18.04
178 14.48
178 1.16
178 25.44
178 18.04
179 14.48
179 1.16
179 25.44
179 18.04
180 14.48
180 1.16
180 25.44
180 18.04
181 14.48
181 1.16
181 25.44
181 18.04
182 14.48
182 1.16
182 25.44
182 18.04
183 14.48
183 1.16
183 25.44
183 18.04
184 14.48
184 1.16
184 25.44
184 18.04
185 14.48
185 1.16
185 25.44
185 18.04
186 14.48
186 1.16
186 25.44
186 18.04
187 14.48
187 1.16
187 25.44
187 18.04
188 14.48
188 1.16
188 25.44
188 18.04
189 14.48
189 1.16
189 25.44
189 18.04
190 14.48
190 1.16
190 25.44
190 18.04
191 14.48
191 1.16
191 25.44
191 18.04
192 14.48
192 1.16
192 25.44
192 18.04
193 14.48
193 1.16
193 25.44
193 18.04
203 14.48
203 1.16
203 25.44
203 18.04
204 14.48
204 1.16
204 25.44
204 18.04
205 14.48
205 1.16
205 25.44
205 18.04
206 14.48
206 1.16
206 25.44
206 18.04
207 14.48
207 1.16
207 25.44
207 18.04
208 14.48
208 1.16
208 25.44
208 18.04
209 14.48
209 1.16
209 25.44
209 18.04
210 14.48
210 1.16
210 25.44
210 18.04
211 14.48
211 1.16
211 25.44
211 18.04
212 14.48
212 1.16
212 25.44
212 18.04
213 14.48
213 1.16
213 25.44
213 18.04
214 14.48
214 1.16
214 25.44
214 18.04
215 14.48
215 1.16
215 25.44
215 18.04
216 14.48
216 1.16
216 25.44
216 18.04
217 14.48
217 1.16
217 25.44
217 18.04
218 14.48
218 1.16
218 25.44
218 18.04
219 14.48
219 1.16
219 25.44
219 18.04
220 14.48
220 1.16
220 25.44
220 18.04
221 14.48
221 1.16
221 25.44
221 18.04
222 14.48
222 1.16
222 25.44
222 18.04
223 14.48
223 1.16
223 25.44
223 18.04
224 14.48
224 1.16
224 25.44
224 18.04
225 14.48
225 1.16
225 25.44
225 18.04
226 14.48
226 1.16
226 25.44
226 18.04
227 14.48
227 1.16
227 25.44
227 18.04
228 14.48
228 1.16
228 25.44
228 18.04
229 14.48
229 1.16
229 25.44
229 18.04
230 14.48
230 1.16
230 25.44
230 18.04
231 14.48
231 1.16
231 25.44
231 18.04
232 14.48
232 1.16
232 25.44
232 18.04
233 14.48
233 1.16
233 25.44
233 18.04
234 14.48
234 1.16
234 25.44
234 18.04
235 14.48
235 1.16
235 25.44
235 18.04
236 14.48
236 1.16
236 25.44
236 18.04
237 14.48
237 1.16
237 25.44
237 18.04
238 14.48
238 1.16
238 25.44
238 18.04
239 14.48
239 1.16
239 25.44
239 18.04
240 14.48
240 1.16
240 25.44
240 18.04
241 14.48
241 1.16
241 25.44
241 18.04
242 14.48
242 1.16
242 25.44
242 18.04
243 14.48
243 1.16
243 25.44
243 18.04
244 14.48
244 1.16
244 25.44
244 18.04
245 14.48
245 1.16
245 25.44
245 18.04
246 14.48
246 1.16
246 25.44
246 18.04
257 14.48
257 1.16
257 25.44
257 18.04
258 14.48
258 1.16
258 25.44
258 18.04
259 14.48
259 1.16
259 25.44
259 18.04
260 14.48
260 1.16
260 25.44
260 18.04
261 14.48
261 1.16
261 25.44
261 18.04
262 14.48
262 1.16
262 25.44
262 18.04
263 14.48
263 1.16
263 25.44
263 18.04
264 14.48
264 1.16
264 25.44
264 18.04
265 14.48
265 1.16
265 25.44
265 18.04
266 14.48
266 1.16
266 25.44
266 18.04
267 14.48
267 1.16
267 25.44
267 18.04
268 14.48
268 1.16
268 25.44
268 18.04
269 14.48
269 1.16
269 25.44
269 18.04
270 14.48
270 1.16
270 25.44
270 18.04
271 14.48
271 1.16
271 25.44
271 18.04
272 14.48
272 1.16
272 25.44
272 18.04
273 14.48
273 1.16
273 25.44
273 18.04
274 14.48
274 1.16
274 25.44
274 18.04
275 14.48
275 1.16
275 25.44
275 18.04
276 14.48
276 1.16
276 25.44
276 18.04
277 14.48
277 1.16
277 25.44
277 18.04
278 14.48
278 1.16
278 25.44
278 18.04
279 14.48
279 1.16
279 25.44
279 18.04
280 14.48
280 1.16
280 25.44
280 18.04
281 14.48
281 1.16
281 25.44
281 18.04
282 14.48
282 1.16
282 25.44
282 18.04
283 14.48
283 1.16
283 25.44
283 18.04
288 14.48
288 1.16
288 25.44
288 18.04
289 14.48
289 1.16
289 25.44
289 18.04
290 14.48
290 1.16
290 25.44
290 18.04
291 14.48
291 1.16
291 25.44
291 18.04
292 14.48
292 1.16
292 25.44
292 18.04
293 14.48
293 1.16
293 25.44
293 18.04
294 14.48
294 1.16
294 25.44
294 18.04
295 14.48
295 1.16
295 25.44
295 18.04
296 14.48
296 1.16
296 25.44
296 18.04
297 14.48
297 1.16
297 25.44
297 18.04
298 14.48
298 1.16
298 25.44
298 18.04
299 14.48
299 1.16
299 25.44
299 18.04
300 14.48
300 1.16
300 25.44
300 18.04
301 14.48
301 1.16
301 25.44
301 18.04
302 14.48
302 1.16
302 25.44
302 18.04
303 14.48
303 1.16
303 25.44
303 18.04
304 14.48
304 1.16
304 25.44
304 18.04
322 14.48
322 1.16
322 25.44
322 18.04
323 14.48
323 1.16
323 25.44
323 18.04
324 14.48
324 1.16
324 25.44
324 18.04
325 14.48
325 1.16
325 25.44
325 18.04
326 14.48
326 1.16
326 25.44
326 18.04
327 14.48
327 1.16
327 25.44
327 18.04
328 14.48
328 1.16
328 25.44
328 18.04
329 14.48
329 1.16
329 25.44
329 18.04
330 14.48
330 1.16
330 25.44
330 18.04
331 14.48
331 1.16
331 25.44
331 18.04
332 14.48
332 1.16
332 25.44
332 18.04
333 14.48
333 1.16
333 25.44
333 18.04
334 14.48
334 1.16
334 25.44
334 18.04
335 14.48
335 1.16
335 25.44
335 18.04
336 14.48
336 1.16
336 25.44
336 18.04
337 14.48
337 1.16
337 25.44
337 18.04
338 14.48
338 1.16
338 25.44
338 18.04
339 14.48
339 1.16
339 25.44
339 18.04
340 14.48
340 1.16
340 25.44
340 18.04
341 14.48
341 1.16
341 25.44
341 18.04
342 14.48
342 1.16
342 25.44
342 18.04
343 14.48
343 1.16
343 25.44
343 18.04
344 14.48
344 1.16
344 25.44
344 18.04
345 14.48
345 1.16
345 25.44
345 18.04
346 14.48
346 1.16
346 25.44
346 18.04
347 14.48
347 1.16
347 25.44
347 18.04
352 14.48
352 1.16
352 25.44
352 18.04
353 14.48
353 1.16
353 25.44
353 18.04
354 14.48
354 1.16
354 25.44
354 18.04
355 14.48
355 1.16
355 25.44
355 18.04
356 14.48
356 1.16
356 25.44
356 18.04
357 14.48
357 1.16
357 25.44
357 18.04
358 14.48
358 1.16
358 25.44
358 18.04
359 14.48
359 1.16
359 25.44
359 18.04
360 14.48
360 1.16
360 25.44
360 18.04
361 14.48
361 1.16
361 25.44
361 18.04
362 14.48
362 1.16
362 25.44
362 18.04
363 14.48
363 1.16
363 25.44
363 18.04
364 14.48
364 1.16
364 25.44
364 18.04
365 14.48
365 1.16
365 25.44
365 18.04
366 14.48
366 1.16
366 25.44
366 18.04
367 14.48
367 1.16
367 25.44
367 18.04
368 14.48
368 1.16
368 25.44
368 18.04
369 14.48
369 1.16
369 25.44
369 18.04
392 14.48
392 1.16
392 25.44
392 18.04
393 14.48
393 1.16
393 25.44
393 18.04
394 14.48
394 1.16
394 25.44
394 18.04
395 14.48
395 1.16
395 25.44
395 18.04
396 14.48
396 1.16
396 25.44
396 18.04
397 14.48
397 1.16
397 25.44
397 18.04
398 14.48
398 1.16
398 25.44
398 18.04
399 14.48
399 1.16
399 25.44
399 18.04
400 14.48
400 1.16
400 25.44
400 18.04
401 14.48
401 1.16
401 25.44
401 18.04
402 14.48
402 1.16
402 25.44
402 18.04
403 14.48
403 1.16
403 25.44
403 18.04
404 14.48
404 1.16
404 25.44
404 18.04
405 14.48
405 1.16
405 25.44
405 18.04
406 14.48
406 1.16
406 25.44
406 18.04
407 14.48
407 1.16
407 25.44
407 18.04
408 14.48
408 1.16
408 25.44
408 18.04
409 14.48
409 1.16
409 25.44
409 18.04
410 14.48
410 1.16
410 25.44
410 18.04
411 14.48
411 1.16
411 25.44
411 18.04
412 14.48
412 1.16
412 25.44
412 18.04
413 14.48
413 1.16
413 25.44
413 18.04
414 14.48
414 1.16
414 25.44
414 18.04
415 14.48
415 1.16
415 25.44
415 18.04
416 14.48
416 1.16
416 25.44
416 18.04
417 14.48
417 1.16
417 25.44
417 18.04
418 14.48
418 1.16
418 25.44
418 18.04
423 14.48
423 1.16
423 25.44
423 18.04
424 14.48
424 1.16
424 25.44
424 18.04
425 14.48
425 1.16
425 25.44
425 18.04
426 14.48
426 1.16
426 25.44
426 18.04
427 14.48
427 1.16
427 25.44
427 18.04
428 14.48
428 1.16
428 25.44
428 18.04
429 14.48
429 1.16
429 25.44
429 18.04
430 14.48
430 1.16
430 25.44
430 18.04
431 14.48
431 1.16
431 25.44
431 18.04
432 14.48
432 1.16
432 25.44
432 18.04
433 14.48
433 1.16
433 25.44
433 18.04
434 14.48
434 1.16
434 25.44
434 18.04
435 14.48
435 1.16
435 25.44
435 18.04
436 14.48
436 1.16
436 25.44
436 18.04
437 14.48
437 1.16
437 25.44
437 18.04
438 14.48
438 1.16
438 25.44
438 18.04
439 14.48
439 1.16
439 25.44
439 18.04
468 14.48
468 1.16
468 25.44
468 18.04
469 14.48
469 1.16
469 25.44
469 18.04
470 14.48
470 1.16
470 25.44
470 18.04
471 14.48
471 1.16
471 25.44
471 18.04
472 14.48
472 1.16
472 25.44
472 18.04
473 14.48
473 1.16
473 25.44
473 18.04
474 14.48
474 1.16
474 25.44
474 18.04
475 14.48
475 1.16
475 25.44
475 18.04
476 14.48
476 1.16
476 25.44
476 18.04
477 14.48
477 1.16
477 25.44
477 18.04
478 14.48
478 1.16
478 25.44
478 18.04
479 14.48
479 1.16
479 25.44
479 18.04
480 14.48
480 1.16
480 25.44
480 18.04
481 14.48
481 1.16
481 25.44
481 18.04
482 14.48
482 1.16
482 25.44
482 18.04
483 14.48
483 1.16
483 25.44
483 18.04
484 14.48
484 1.16
484 25.44
484 18.04
485 14.48
485 1.16
485 25.44
485 18.04
486 14.48
486 1.16
486 25.44
486 18.04
487 14.48
487 1.16
487 25.44
487 18.04
488 14.48
488 1.16
488 25.44
488 18.04
489 14.48
489 1.16
489 25.44
489 18.04
490 14.48
490 1.16
490 25.44
490 18.04
491 14.48
491 1.16
491 25.44
491 18.04
492 14.48
492 1.16
492 25.44
492 18.04
493 14.48
493 1.16
493 25.44
493 18.04
494 14.48
494 1.16
494 25.44
494 18.04
495 14.48
495 1.16
495 25.44
495 18.04
496 14.48
496 1.16
496 25.44
496 18.04
497 14.48
497 1.16
497 25.44
497 18.04
498 14.48
498 1.16
498 25.44
498 18.04
499 14.48
499 1.16
499 25.44
499 18.04
500 14.48
500 1.16
500 25.44
500 18.04
501 14.48
501 1.16
501 25.44
501 18.04
502 14.48
502 1.16
502 25.44
502 18.04
503 14.48
503 1.16
503 25.44
503 18.04
504 14.48
504 1.16
504 25.44
504 18.04
505 14.48
505 1.16
505 25.44
505 18.04
506 14.48
506 1.16
506 25.44
506 18.04
507 14.48
507 1.16
507 25.44
507 18.04
508 14.48
508 1.16
508 25.44
508 18.04
509 14.48
509 1.16
509 25.44
509 18.04
510 14.48
510 1.16
510 25.44
510 18.04
511 14.48
511 1.16
511 25.44
511 18.04
512 14.48
512 1.16
512 25.44
512 18.04
513 14.48
513 1.16
513 25.44
513 18.04
514 14.48
514 1.16
514 25.44
514 18.04
515 14.48
515 1.16
515 25.44
515 18.04
516 14.48
516 1.16
516 25.44
516 18.04
553 14.48
553 1.16
553 25.44
553 18.04
554 14.48
554 1.16
554 25.44
554 18.04
555 14.48
555 1.16
555 25.44
555 18.04
556 14.48
556 1.16
556 25.44
556 18.04
557 14.48
557 1.16
557 25.44
557 18.04
558 14.48
558 1.16
558 25.44
558 18.04
559 14.48
559 1.16
559 25.44
559 18.04
560 14.48
560 1.16
560 25.44
560 18.04
561 14.48
561 1.16
561 25.44
561 18.04
562 14.48
562 1.16
562 25.44
562 18.04
563 14.48
563 1.16
563 25.44
563 18.04
564 14.48
564 1.16
564 25.44
564 18.04
565 14.48
565 1.16
565 25.44
565 18.04
566 14.48
566 1.16
566 25.44
566 18.04
567 14.48
567 1.16
567 25.44
567 18.04
568 14.48
568 1.16
568 25.44
568 18.04
569 14.48
569 1.16
569 25.44
569 18.04
570 14.48
570 1.16
570 25.44
570 18.04
571 14.48
571 1.16
571 25.44
571 18.04
572 14.48
572 1.16
572 25.44
572 18.04
573 14.48
573 1.16
573 25.44
573 18.04
574 14.48
574 1.16
574 25.44
574 18.04
575 14.48
575 1.16
575 25.44
575 18.04
576 14.48
576 1.16
576 25.44
576 18.04
577 14.48
577 1.16
577 25.44
577 18.04
578 14.48
578 1.16
578 25.44
578 18.04
579 14.48
579 1.16
579 25.44
579 18.04
580 14.48
580 1.16
580 25.44
580 18.04
581 14.48
581 1.16
581 25.44
581 18.04
582 14.48
582 1.16
582 25.44
582 18.04
583 14.48
583 1.16
583 25.44
583 18.04
584 14.48
584 1.16
584 25.44
584 18.04
585 14.48
585 1.16
585 25.44
585 18.04
586 14.48
586 1.16
586 25.44
586 18.04
587 14.48
587 1.16
587 25.44
587 18.04
588 14.48
588 1.16
588 25.44
588 18.04
589 14.48
589 1.16
589 25.44
589 18.04
590 14.48
590 1.16
590 25.44
590 18.04
591 14.48
591 1.16
591 25.44
591 18.04
592 14.48
592 1.16
592 25.44
592 18.04
593 14.48
593 1.16
593 25.44
593 18.04
594 14.48
594 1.16
594 25.44
594 18.04
595 14.48
595 1.16
595 25.44
595 18.04
596 14.48
596 1.16
596 25.44
596 18.04
597 14.48
597 1.16
597 25.44
597 18.04
598 14.48
598 1.16
598 25.44
598 18.04
599 14.48
599 1.16
599 25.44
599 18.04
600 14.48
600 1.16
600 25.44
600 18.04
601 14.48
601 1.16
601 25.44
601 18.04
639 14.48
639 1.16
639 25.44
639 18.04
640 14.48
640 1.16
640 25.44
640 18.04
641 14.48
641 1.16
641 25.44
641 18.04
642 14.48
642 1.16
642 25.44
642 18.04
643 14.48
643 1.16
643 25.44
643 18.04
644 14.48
644 1.16
644 25.44
644 18.04
645 14.48
645 1.16
645 25.44
645 18.04
646 14.48
646 1.16
646 25.44
646 18.04
647 14.48
647 1.16
647 25.44
647 18.04
648 14.48
648 1.16
648 25.44
648 18.04
649 14.48
649 1.16
649 25.44
649 18.04
650 14.48
650 1.16
650 25.44
650 18.04
651 14.48
651 1.16
651 25.44
651 18.04
652 14.48
652 1.16
652 25.44
652 18.04
653 14.48
653 1.16
653 25.44
653 18.04
654 14.48
654 1.16
654 25.44
654 18.04
655 14.48
655 1.16
655 25.44
655 18.04
656 14.48
656 1.16
656 25.44
656 18.04
657 14.48
657 1.16
657 25.44
657 18.04
658 14.48
658 1.16
658 25.44
658 18.04
659 14.48
659 1.16
659 25.44
659 18.04
660 14.48
660 1.16
660 25.44
660 18.04
661 14.48
661 1.16
661 25.44
661 18.04
662 14.48
662 1.16
662 25.44
662 18.04
663 14.48
663 1.16
663 25.44
663 18.04
664 14.48
664 1.16
664 25.44
664 18.04
665 14.48
665 1.16
665 25.44
665 18.04
666 14.48
666 1.16
666 25.44
666 18.04
667 14.48
667 1.16
667 25.44
667 18.04
668 14.48
668 1.16
668 25.44
668 18.04
669 14.48
669 1.16
669 25.44
669 18.04
670 14.48
670 1.16
670 25.44
670 18.04
671 14.48
671 1.16
671 25.44
671 18.04
672 14.48
672 1.16
672 25.44
672 18.04
673 14.48
673 1.16
673 25.44
673 18.04
674 14.48
674 1.16
674 25.44
674 18.04
675 14.48
675 1.16
675 25.44
675 18.04
676 14.48
676 1.16
676 25.44
676 18.04
677 14.48
677 1.16
677 25.44
677 18.04
678 14.48
678 1.16
678 25.44
678 18.04
679 14.48
679 1.16
679 25.44
679 18.04
680 14.48
680 1.16
680 25.44
680 18.04
681 14.48
681 1.16
681 25.44
681 18.04
682 14.48
682 1.16
682 25.44
682 18.04
683 14.48
683 1.16
683 25.44
683 18.04
684 14.48
684 1.16
684 25.44
684 18.04
685 14.48
685 1.16
685 25.44
685 18.04
686 14.48
686 1.16
686 25.44
686 18.04
687 14.48
687 1.16
687 25.44
687 18.04
688 14.48
688 1.16
688 25.44
688 18.04
689 14.48
689 1.16
689 25.44
689 18.04
690 14.48
690 1.16
690 25.44
690 18.04
691 14.48
691 1.16
691 25.44
691 18.04
737 14.48
737 1.16
737 25.44
737 18.04
738 14.48
738 1.16
738 25.44
738 18.04
739 14.48
739 1.16
739 25.44
739 18.04
740 14.48
740 1.16
740 25.44
740 18.04
741 14.48
741 1.16
741 25.44
741 18.04
742 14.48
742 1.16
742 25.44
742 18.04
743 14.48
743 1.16
743 25.44
743 18.04
744 14.48
744 1.16
744 25.44
744 18.04
745 14.48
745 1.16
745 25.44
745 18.04
746 14.48
746 1.16
746 25.44
746 18.04
747 14.48
747 1.16
747 25.44
747 18.04
748 14.48
748 1.16
748 25.44
748 18.04
749 14.48
749 1.16
749 25.44
749 18.04
750 14.48
750 1.16
750 25.44
750 18.04
751 14.48
751 1.16
751 25.44
751 18.04
752 14.48
752 1.16
752 25.44
752 18.04
753 14.48
753 1.16
753 25.44
753 18.04
754 14.48
754 1.16
754 25.44
754 18.04
755 14.48
755 1.16
755 25.44
755 18.04
756 14.48
756 1.16
756 25.44
756 18.04
757 14.48
757 1.16
757 25.44
757 18.04
758 14.48
758 1.16
758 25.44
758 18.04
759 14.48
759 1.16
759 25.44
759 18.04
760 14.48
760 1.16
760 25.44
760 18.04
761 14.48
761 1.16
761 25.44
761 18.04
762 14.48
762 1.16
762 25.44
762 18.04
763 14.48
763 1.16
763 25.44
763 18.04
764 14.48
764 1.16
764 25.44
764 18.04
765 14.48
765 1.16
765 25.44
765 18.04
766 14.48
766 1.16
766 25.44
766 18.04
767 14.48
767 1.16
767 25.44
767 18.04
768 14.48
768 1.16
768 25.44
768 18.04
769 14.48
769 1.16
769 25.44
769 18.04
770 14.48
770 1.16
770 25.44
770 18.04
771 14.48
771 1.16
771 25.44
771 18.04
772 14.48
772 1.16
772 25.44
772 18.04
773 14.48
773 1.16
773 25.44
773 18.04
774 14.48
774 1.16
774 25.44
774 18.04
775 14.48
775 1.16
775 25.44
775 18.04
776 14.48
776 1.16
776 25.44
776 18.04
777 14.48
777 1.16
777 25.44
777 18.04
778 14.48
778 1.16
778 25.44
778 18.04
779 14.48
779 1.16
779 25.44
779 18.04
780 14.48
780 1.16
780 25.44
780 18.04
781 14.48
781 1.16
781 25.44
781 18.04
782 14.48
782 1.16
782 25.44
782 18.04
783 14.48
783 1.16
783 25.44
783 18.04
784 14.48
784 1.16
784 25.44
784 18.04
785 14.48
785 1.16
785 25.44
785 18.04
786 14.48
786 1.16
786 25.44
786 18.04
787 14.48
787 1.16
787 25.44
787 18.04
788 14.48
788 1.16
788 25.44
788 18.04
838 14.48
838 1.16
838 25.44
838 18.04
839 14.48
839 1.16
839 25.44
839 18.04
840 14.48
840 1.16
840 25.44
840 18.04
841 14.48
841 1.16
841 25.44
841 18.04
842 14.48
842 1.16
842 25.44
842 18.04
843 14.48
843 1.16
843 25.44
843 18.04
844 14.48
844 1.16
844 25.44
844 18.04
845 14.48
845 1.16
845 25.44
845 18.04
846 14.48
846 1.16
846 25.44
846 18.04
847 14.48
847 1.16
847 25.44
847 18.04
848 14.48
848 1.16
848 25.44
848 18.04
849 14.48
849 1.16
849 25.44
849 18.04
850 14.48
850 1.16
850 25.44
850 18.04
851 14.48
851 1.16
851 25.44
851 18.04
852 14.48
852 1.16
852 25.44
852 18.04
853 14.48
853 1.16
853 25.44
853 18.04
854 14.48
854 1.16
854 25.44
854 18.04
855 14.48
855 1.16
855 25.44
855 18.04
856 14.48
856 1.16
856 25.44
856 18.04
857 14.48
857 1.16
857 25.44
857 18.04
858 14.48
858 1.16
858 25.44
858 18.04
859 14.48
859 1.16
859 25.44
859 18.04
860 14.48
860 1.16
860 25.44
860 18.04
861 14.48
861 1.16
861 25.44
861 18.04
862 14.48
862 1.16
862 25.44
862 18.04
863 14.48
863 1.16
863 25.44
863 18.04
864 14.48
864 1.16
864 25.44
864 18.04
865 14.48
865 1.16
865 25.44
865 18.04
866 14.48
866 1.16
866 25.44
866 18.04
867 14.48
867 1.16
867 25.44
867 18.04
868 14.48
868 1.16
868 25.44
868 18.04
869 14.48
869 1.16
869 25.44
869 18.04
870 14.48
870 1.16
870 25.44
870 18.04
871 14.48
871 1.16
871 25.44
871 18.04
872 14.48
872 1.16
872 25.44
872 18.04
873 14.48
873 1.16
873 25.44
873 18.04
874 14.48
874 1.16
874 25.44
874 18.04
875 14.48
875 1.16
875 25.44
875 18.04
876 14.48
876 1.16
876 25.44
876 18.04
877 14.48
877 1.16
877 25.44
877 18.04
878 14.48
878 1.16
878 25.44
878 18.04
879 14.48
879 1.16
879 25.44
879 18.04
880 14.48
880 1.16
880 25.44
880 18.04
881 14.48
881 1.16
881 25.44
881 18.04
882 14.48
882 1.16
882 25.44
882 18.04
883 14.48
883 1.16
883 25.44
883 18.04
884 14.48
884 1.16
884 25.44
884 18.04
885 14.48
885 1.16
885 25.44
885 18.04
886 14.48
886 1.16
886 25.44
886 18.04
887 14.48
887 1.16
887 25.44
887 18.04
888 14.48
888 1.16
888 25.44
888 18.04
889 14.48
889 1.16
889 25.44
889 18.04
890 14.48
890 1.16
890 25.44
890 18.04
891 14.48
891 1.16
891 25.44
891 18.04
892 14.48
892 1.16
892 25.44
892 18.04
948 14.48
948 1.16
948 25.44
948 18.04
949 14.48
949 1.16
949 25.44
949 18.04
950 14.48
950 1.16
950 25.44
950 18.04
951 14.48
951 1.16
951 25.44
951 18.04
952 14.48
952 1.16
952 25.44
952 18.04
953 14.48
953 1.16
953 25.44
953 18.04
954 14.48
954 1.16
954 25.44
954 18.04
955 14.48
955 1.16
955 25.44
955 18.04
956 14.48
956 1.16
956 25.44
956 18.04
957 14.48
957 1.16
957 25.44
957 18.04
958 14.48
958 1.16
958 25.44
958 18.04
959 14.48
959 1.16
959 25.44
959 18.04
960 14.48
960 1.16
960 25.44
960 18.04
961 14.48
961 1.16
961 25.44
961 18.04
962 14.48
962 1.16
962 25.44
962 18.04
963 14.48
963 1.16
963 25.44
963 18.04
964 14.48
964 1.16
964 25.44
964 18.04
965 14.48
965 1.16
965 25.44
965 18.04
966 14.48
966 1.16
966 25.44
966 18.04
967 14.48
967 1.16
967 25.44
967 18.04
968 14.48
968 1.16
968 25.44
968 18.04
969 14.48
969 1.16
969 25.44
969 18.04
970 14.48
970 1.16
970 25.44
970 18.04
971 14.48
971 1.16
971 25.44
971 18.04
972 14.48
972 1.16
972 25.44
972 18.04
973 14.48
973 1.16
973 25.44
973 18.04
974 14.48
974 1.16
974 25.44
974 18.04
975 14.48
975 1.16
975 25.44
975 18.04
976 14.48
976 1.16
976 25.44
976 18.04
977 14.48
977 1.16
977 25.44
977 18.04
978 14.48
978 1.16
978 25.44
978 18.04
979 14.48
979 1.16
979 25.44
979 18.04
980 14.48
980 1.16
980 25.44
980 18.04
981 14.48
981 1.16
981 25.44
981 18.04
982 14.48
982 1.16
982 25.44
982 18.04
983 14.48
983 1.16
983 25.44
983 18.04
984 14.48
984 1.16
984 25.44
984 18.04
985 14.48
985 1.16
985 25.44
985 18.04
986 14.48
986 1.16
986 25.44
986 18.04
987 14.48
987 1.16
987 25.44
987 18.04
988 14.48
988 1.16
988 25.44
988 18.04
989 14.48
989 1.16
989 25.44
989 18.04
990 14.48
990 1.16
990 25.44
990 18.04
991 14.48
991 1.16
991 25.44
991 18.04
992 14.48
992 1.16
992 25.44
992 18.04
993 14.48
993 1.16
993 25.44
993 18.04
994 14.48
994 1.16
994 25.44
994 18.04
995 14.48
995 1.16
995 25.44
995 18.04
996 14.48
996 1.16
996 25.44
996 18.04
997 14.48
997 1.16
997 25.44
997 18.04
998 14.48
998 1.16
998 25.44
998 18.04
999 14.48
999 1.16
999 25.44
999 18.04
1000 14.48
1000 1.16
1000 25.44
1000 18.04
1001 14.48
1001 1.16
1001 25.44
1001 18.04
1002 14.48
1002 1.16
1002 25.44
1002 18.04
1065 14.48
1065 1.16
1065 25.44
1065 18.04
1066 14.48
1066 1.16
1066 25.44
1066 18.04
1067 14.48
1067 1.16
1067 25.44
1067 18.04
1068 14.48
1068 1.16
1068 25.44
1068 18.04
1069 14.48
1069 1.16
1069 25.44
1069 18.04
1070 14.48
1070 1.16
1070 25.44
1070 18.04
1071 14.48
1071 1.16
1071 25.44
1071 18.04
1072 14.48
1072 1.16
1072 25.44
1072 18.04
1073 14.48
1073 1.16
1073 25.44
1073 18.04
1074 14.48
1074 1.16
1074 25.44
1074 18.04
1075 14.48
1075 1.16
1075 25.44
1075 18.04
1076 14.48
1076 1.16
1076 25.44
1076 18.04
1077 14.48
1077 1.16
1077 25.44
1077 18.04
1078 14.48
1078 1.16
1078 25.44
1078 18.04
1079 14.48
1079 1.16
1079 25.44
1079 18.04
1080 14.48
1080 1.16
1080 25.44
1080 18.04
1081 14.48
1081 1.16
1081 25.44
1081 18.04
1082 14.48
1082 1.16
1082 25.44
1082 18.04
1083 14.48
1083 1.16
1083 25.44
1083 18.04
1084 14.48
1084 1.16
1084 25.44
1084 18.04
1085 14.48
1085 1.16
1085 25.44
1085 18.04
1086 14.48
1086 1.16
1086 25.44
1086 18.04
1087 14.48
1087 1.16
1087 25.44
1087 18.04
1088 14.48
1088 1.16
1088 25.44
1088 18.04
1089 14.48
1089 1.16
1089 25.44
1089 18.04
1090 14.48
1090 1.16
1090 25.44
1090 18.04
1091 14.48
1091 1.16
1091 25.44
1091 18.04
1092 14.48
1092 1.16
1092 25.44
1092 18.04
1093 14.48
1093 1.16
1093 25.44
1093 18.04
1094 14.48
1094 1.16
1094 25.44
1094 18.04
1095 14.48
1095 1.16
1095 25.44
1095 18.04
1096 14.48
1096 1.16
1096 25.44
1096 18.04
1097 14.48
1097 1.16
1097 25.44
1097 18.04
1098 14.48
1098 1.16
1098 25.44
1098 18.04
1099 14.48
1099 1.16
1099 25.44
1099 18.04
1100 14.48
1100 1.16
1100 25.44
1100 18.04
1101 14.48
1101 1.16
1101 25.44
1101 18.04
1102 14.48
1102 1.16
1102 25.44
1102 18.04
1103 14.48
1103 1.16
1103 25.44
1103 18.04
1104 14.48
1104 1.16
1104 25.44
1104 18.04
1105 14.48
1105 1.16
1105 25.44
1105 18.04
1106 14.48
1106 1.16
1106 25.44
1106 18.04
1107 14.48
1107 1.16
1107 25.44
1107 18.04
1108 14.48
1108 1.16
1108 25.44
1108 18.04
1109 14.48
1109 1.16
1109 25.44
1109 18.04
1110 14.48
1110 1.16
1110 25.44
1110 18.04
1111 14.48
1111 1.16
1111 25.44
1111 18.04
1112 14.48
1112 1.16
1112 25.44
1112 18.04
1113 14.48
1113 1.16
1113 25.44
1113 18.04
1114 14.48
1114 1.16
1114 25.44
1114 18.04
1115 14.48
1115 1.16
1115 25.44
1115 18.04
1116 14.48
1116 1.16
1116 25.44
1116 18.04
1117 14.48
1117 1.16
1117 25.44
1117 18.04
1118 14.48
1118 1.16
1118 25.44
1118 18.04
1185 14.48
1185 1.16
1185 25.44
1185 18.04
1186 14.48
1186 1.16
1186 25.44
1186 18.04
1187 14.48
1187 1.16
1187 25.44
1187 18.04
1188 14.48
1188 1.16
1188 25.44
1188 18.04
1189 14.48
1189 1.16
1189 25.44
1189 18.04
1190 14.48
1190 1.16
1190 25.44
1190 18.04
1191 14.48
1191 1.16
1191 25.44
1191 18.04
1192 14.48
1192 1.16
1192 25.44
1192 18.04
1193 14.48
1193 1.16
1193 25.44
1193 18.04
1194 14.48
1194 1.16
1194 25.44
1194 18.04
1195 14.48
1195 1.16
1195 25.44
1195 18.04
1196 14.48
1196 1.16
1196 25.44
1196 18.04
1197 14.48
1197 1.16
1197 25.44
1197 18.04
1198 14.48
1198 1.16
1198 25.44
1198 18.04
1199 14.48
1199 1.16
1199 25.44
1199 18.04
1200 14.48
1200 1.16
1200 25.44
1200 18.04
1201 14.48
1201 1.16
1201 25.44
1201 18.04
1202 14.48
1202 1.16
1202 25.44
1202 18.04
1203 14.48
1203 1.16
1203 25.44
1203 18.04
1204 14.48
1204 1.16
1204 25.44
1204 18.04
1205 14.48
1205 1.16
1205 25.44
1205 18.04
1206 14.48
1206 1.16
1206 25.44
1206 18.04
1207 14.48
1207 1.16
1207 25.44
1207 18.04
1208 14.48
1208 1.16
1208 25.44
1208 18.04
1209 14.48
1209 1.16
1209 25.44
1209 18.04
1210 14.48
1210 1.16
1210 25.44
1210 18.04
1211 14.48
1211 1.16
1211 25.44
1211 18.04
1212 14.48
1212 1.16
1212 25.44
1212 18.04
1213 14.48
1213 1.16
1213 25.44
1213 18.04
1214 14.48
1214 1.16
1214 25.44
1214 18.04
1215 14.48
1215 1.16
1215 25.44
1215 18.04
1216 14.48
1216 1.16
1216 25.44
1216 18.04
1217 14.48
1217 1.16
1217 25.44
1217 18.04
1218 14.48
1218 1.16
1218 25.44
1218 18.04
1219 14.48
1219 1.16
1219 25.44
1219 18.04
1220 14.48
1220 1.16
1220 25.44
1220 18.04
1221 14.48
1221 1.16
1221 25.44
1221 18.04
1222 14.48
1222 1.16
1222 25.44
1222 18.04
1223 14.48
1223 1.16
1223 25.44
1223 18.04
1224 14.48
1224 1.16
1224 25.44
1224 18.04
1225 14.48
1225 1.16
1225 25.44
1225 18.04
1226 14.48
1226 1.16
1226 25.44
1226 18.04
1227 14.48
1227 1.16
1227 25.44
1227 18.04
1228 14.48
1228 1.16
1228 25.44
1228 18.04
1229 14.48
1229 1.16
1229 25.44
1229 18.04
1230 14.48
1230 1.16
1230 25.44
1230 18.04
1231 14.48
1231 1.16
1231 25.44
1231 18.04
1232 14.48
1232 1.16
1232 25.44
1232 18.04
1233 14.48
1233 1.16
1233 25.44
1233 18.04
1234 14.48
1234 1.16
1234 25.44
1234 18.04
1235 14.48
1235 1.16
1235 25.44
1235 18.04
1236 14.48
1236 1.16
1236 25.44
1236 18.04
1237 14.48
1237 1.16
1237 25.44
1237 18.04
1238 14.48
1238 1.16
1238 25.44
1238 18.04
1239 14.48
1239 1.16
1239 25.44
1239 18.04
1240 14.48
1240 1.16
1240 25.44
1240 18.04
1314 14.48
1314 1.16
1314 25.44
1314 18.04
1315 14.48
1315 1.16
1315 25.44
1315 18.04
1316 14.48
1316 1.16
1316 25.44
1316 18.04
1317 14.48
1317 1.16
1317 25.44
1317 18.04
1318 14.48
1318 1.16
1318 25.44
1318 18.04
1319 14.48
1319 1.16
1319 25.44
1319 18.04
1320 14.48
1320 1.16
1320 25.44
1320 18.04
1321 14.48
1321 1.16
1321 25.44
1321 18.04
1322 14.48
1322 1.16
1322 25.44
1322 18.04
1323 14.48
1323 1.16
1323 25.44
1323 18.04
1324 14.48
1324 1.16
1324 25.44
1324 18.04
1325 14.48
1325 1.16
1325 25.44
1325 18.04
1326 14.48
1326 1.16
1326 25.44
1326 18.04
1327 14.48
1327 1.16
1327 25.44
1327 18.04
1328 14.48
1328 1.16
1328 25.44
1328 18.04
1329 14.48
1329 1.16
1329 25.44
1329 18.04
1330 14.48
1330 1.16
1330 25.44
1330 18.04
1331 14.48
1331 1.16
1331 25.44
1331 18.04
1332 14.48
1332 1.16
1332 25.44
1332 18.04
1333 14.48
1333 1.16
1333 25.44
1333 18.04
1334 14.48
1334 1.16
1334 25.44
1334 18.04
1335 14.48
1335 1.16
1335 25.44
1335 18.04
1336 14.48
1336 1.16
1336 25.44
1336 18.04
1337 14.48
1337 1.16
1337 25.44
1337 18.04
1338 14.48
1338 1.16
1338 25.44
1338 18.04
1339 14.48
1339 1.16
1339 25.44
1339 18.04
1340 14.48
1340 1.16
1340 25.44
1340 18.04
1341 14.48
1341 1.16
1341 25.44
1341 18.04
1342 14.48
1342 1.16
1342 25.44
1342 18.04
1343 14.48
1343 1.16
1343 25.44
1343 18.04
1344 14.48
1344 1.16
1344 25.44
1344 18.04
1345 14.48
1345 1.16
1345 25.44
1345 18.04
1346 14.48
1346 1.16
1346 25.44
1346 18.04
1347 14.48
1347 1.16
1347 25.44
1347 18.04
1348 14.48
1348 1.16
1348 25.44
1348 18.04
1349 14.48
1349 1.16
1349 25.44
1349 18.04
1350 14.48
1350 1.16
1350 25.44
1350 18.04
1351 14.48
1351 1.16
1351 25.44
1351 18.04
1352 14.48
1352 1.16
1352 25.44
1352 18.04
1353 14.48
1353 1.16
1353 25.44
1353 18.04
1354 14.48
1354 1.16
1354 25.44
1354 18.04
1355 14.48
1355 1.16
1355 25.44
1355 18.04
1356 14.48
1356 1.16
1356 25.44
1356 18.04
1357 14.48
1357 1.16
1357 25.44
1357 18.04
1358 14.48
1358 1.16
1358 25.44
1358 18.04
1359 14.48
1359 1.16
1359 25.44
1359 18.04
1360 14.48
1360 1.16
1360 25.44
1360 18.04
1361 14.48
1361 1.16
1361 25.44
1361 18.04
1362 14.48
1362 1.16
1362 25.44
1362 18.04
1363 14.48
1363 1.16
1363 25.44
1363 18.04
1364 14.48
1364 1.16
1364 25.44
1364 18.04
1365 14.48
1365 1.16
1365 25.44
1365 18.04
1366 14.48
1366 1.16
1366 25.44
1366 18.04
1367 14.48
1367 1.16
1367 25.44
1367 18.04
1368 14.48
1368 1.16
1368 25.44
1368 18.04
1369 14.48
1369 1.16
1369 25.44
1369 18.04
1445 14.48
1445 1.16
1445 25.44
1445 18.04
1446 14.48
1446 1.16
1446 25.44
1446 18.04
1447 14.48
1447 1.16
1447 25.44
1447 18.04
1448 14.48
1448 1.16
1448 25.44
1448 18.04
1449 14.48
1449 1.16
1449 25.44
1449 18.04
1450 14.48
1450 1.16
1450 25.44
1450 18.04
1451 14.48
1451 1.16
1451 25.44
1451 18.04
1452 14.48
1452 1.16
1452 25.44
1452 18.04
1453 14.48
1453 1.16
1453 25.44
1453 18.04
1454 14.48
1454 1.16
1454 25.44
1454 18.04
1455 14.48
1455 1.16
1455 25.44
1455 18.04
1456 14.48
1456 1.16
1456 25.44
1456 18.04
1457 14.48
1457 1.16
1457 25.44
1457 18.04
1458 14.48
1458 1.16
1458 25.44
1458 18.04
1459 14.48
1459 1.16
1459 25.44
1459 18.04
1460 14.48
1460 1.16
1460 25.44
1460 18.04
1461 14.48
1461 1.16
1461 25.44
1461 18.04
1462 14.48
1462 1.16
1462 25.44
1462 18.04
1463 14.48
1463 1.16
1463 25.44
1463 18.04
1464 14.48
1464 1.16
1464 25.44
1464 18.04
1465 14.48
1465 1.16
1465 25.44
1465 18.04
1466 14.48
1466 1.16
1466 25.44
1466 18.04
1467 14.48
1467 1.16
1467 25.44
1467 18.04
1468 14.48
1468 1.16
1468 25.44
1468 18.04
1469 14.48
1469 1.16
1469 25.44
1469 18.04
1470 14.48
1470 1.16
1470 25.44
1470 18.04
1471 14.48
1471 1.16
1471 25.44
1471 18.04
1472 14.48
1472 1.16
1472 25.44
1472 18.04
1473 14.48
1473 1.16
1473 25.44
1473 18.04
1474 14.48
1474 1.16
1474 25.44
1474 18.04
1475 14.48
1475 1.16
1475 25.44
1475 18.04
1476 14.48
1476 1.16
1476 25.44
1476 18.04
1477 14.48
1477 1.16
1477 25.44
1477 18.04
1478 14.48
1478 1.16
1478 25.44
1478 18.04
1479 14.48
1479 1.16
1479 25.44
1479 18.04
1480 14.48
1480 1.16
1480 25.44
1480 18.04
1481 14.48
1481 1.16
1481 25.44
1481 18.04
1482 14.48
1482 1.16
1482 25.44
1482 18.04
1483 14.48
1483 1.16
1483 25.44
1483 18.04
1484 14.48
1484 1.16
1484 25.44
1484 18.04
1485 14.48
1485 1.16
1485 25.44
1485 18.04
1486 14.48
1486 1.16
1486 25.44
1486 18.04
1487 14.48
1487 1.16
1487 25.44
1487 18.04
1488 14.48
1488 1.16
1488 25.44
1488 18.04
1489 14.48
1489 1.16
1489 25.44
1489 18.04
1490 14.48
1490 1.16
1490 25.44
1490 18.04
1491 14.48
1491 1.16
1491 25.44
1491 18.04
1492 14.48
1492 1.16
1492 25.44
1492 18.04
1493 14.48
1493 1.16
1493 25.44
1493 18.04
1494 14.48
1494 1.16
1494 25.44
1494 18.04
1495 14.48
1495 1.16
1495 25.44
1495 18.04
1496 14.48
1496 1.16
1496 25.44
1496 18.04
1497 14.48
1497 1.16
1497 25.44
1497 18.04
1498 14.48
1498 1.16
1498 25.44
1498 18.04
1499 14.48
1499 1.16
1499 25.44
1499 18.04
1500 14.48
1500 1.16
1500 25.44
1500 18.04
1501 14.48
1501 1.16
1501 25.44
1501 18.04
1502 14.48
1502 1.16
1502 25.44
1502 18.04
1503 14.48
1503 1.16
1503 25.44
1503 18.04
1504 14.48
1504 1.16
1504 25.44
1504 18.04
1587 14.48
1587 1.16
1587 25.44
1587 18.04
1588 14.48
1588 1.16
1588 25.44
1588 18.04
1589 14.48
1589 1.16
1589 25.44
1589 18.04
1590 14.48
1590 1.16
1590 25.44
1590 18.04
1591 14.48
1591 1.16
1591 25.44
1591 18.04
1592 14.48
1592 1.16
1592 25.44
1592 18.04
1593 14.48
1593 1.16
1593 25.44
1593 18.04
1594 14.48
1594 1.16
1594 25.44
1594 18.04
1595 14.48
1595 1.16
1595 25.44
1595 18.04
1596 14.48
1596 1.16
1596 25.44
1596 18.04
1597 14.48
1597 1.16
1597 25.44
1597 18.04
1598 14.48
1598 1.16
1598 25.44
1598 18.04
1599 14.48
1599 1.16
1599 25.44
1599 18.04
1600 14.48
1600 1.16
1600 25.44
1600 18.04
1601 14.48
1601 1.16
1601 25.44
1601 18.04
1602 14.48
1602 1.16
1602 25.44
1602 18.04
1603 14.48
1603 1.16
1603 25.44
1603 18.04
1604 14.48
1604 1.16
1604 25.44
1604 18.04
1605 14.48
1605 1.16
1605 25.44
1605 18.04
1606 14.48
1606 1.16
1606 25.44
1606 18.04
1607 14.48
1607 1.16
1607 25.44
1607 18.04
1608 14.48
1608 1.16
1608 25.44
1608 18.04
1609 14.48
1609 1.16
1609 25.44
1609 18.04
1610 14.48
1610 1.16
1610 25.44
1610 18.04
1611 14.48
1611 1.16
1611 25.44
1611 18.04
1612 14.48
1612 1.16
1612 25.44
1612 18.04
1613 14.48
1613 1.16
1613 25.44
1613 18.04
1614 14.48
1614 1.16
1614 25.44
1614 18.04
1615 14.48
1615 1.16
1615 25.44
1615 18.04
1616 14.48
1616 1.16
1616 25.44
1616 18.04
1617 14.48
1617 1.16
1617 25.44
1617 18.04
1618 14.48
1618 1.16
1618 25.44
1618 18.04
1619 14.48
1619 1.16
1619 25.44
1619 18.04
1620 14.48
1620 1.16
1620 25.44
1620 18.04
1621 14.48
1621 1.16
1621 25.44
1621 18.04
1622 14.48
1622 1.16
1622 25.44
1622 18.04
1623 14.48
1623 1.16
1623 25.44
1623 18.04
1624 14.48
1624 1.16
1624 25.44
1624 18.04
1625 14.48
1625 1.16
1625 25.44
1625 18.04
1626 14.48
1626 1.16
1626 25.44
1626 18.04
1627 14.48
1627 1.16
1627 25.44
1627 18.04
1628 14.48
1628 1.16
1628 25.44
1628 18.04
1629 14.48
1629 1.16
1629 25.44
1629 18.04
1630 14.48
1630 1.16
1630 25.44
1630 18.04
1631 14.48
1631 1.16
1631 25.44
1631 18.04
1632 14.48
1632 1.16
1632 25.44
1632 18.04
1633 14.48
1633 1.16
1633 25.44
1633 18.04
1634 14.48
1634 1.16
1634 25.44
1634 18.04
1635 14.48
1635 1.16
1635 25.44
1635 18.04
1636 14.48
1636 1.16
1636 25.44
1636 18.04
1637 14.48
1637 1.16
1637 25.44
1637 18.04
1638 14.48
1638 1.16
1638 25.44
1638 18.04
1639 14.48
1639 1.16
1639 25.44
1639 18.04
1640 14.48
1640 1.16
1640 25.44
1640 18.04
1641 14.48
1641 1.16
1641 25.44
1641 18.04
1642 14.48
1642 1.16
1642 25.44
1642 18.04
1643 14.48
1643 1.16
1643 25.44
1643 18.04
1644 14.48
1644 1.16
1644 25.44
1644 18.04
1733 14.48
1733 1.16
1733 25.44
1733 18.04
1734 14.48
1734 1.16
1734 25.44
1734 18.04
1735 14.48
1735 1.16
1735 25.44
1735 18.04
1736 14.48
1736 1.16
1736 25.44
1736 18.04
1737 14.48
1737 1.16
1737 25.44
1737 18.04
1738 14.48
1738 1.16
1738 25.44
1738 18.04
1739 14.48
1739 1.16
1739 25.44
1739 18.04
1740 14.48
1740 1.16
1740 25.44
1740 18.04
1741 14.48
1741 1.16
1741 25.44
1741 18.04
1742 14.48
1742 1.16
1742 25.44
1742 18.04
1743 14.48
1743 1.16
1743 25.44
1743 18.04
1744 14.48
1744 1.16
1744 25.44
1744 18.04
1745 14.48
1745 1.16
1745 25.44
1745 18.04
1746 14.48
1746 1.16
1746 25.44
1746 18.04
1747 14.48
1747 1.16
1747 25.44
1747 18.04
1748 14.48
1748 1.16
1748 25.44
1748 18.04
1749 14.48
1749 1.16
1749 25.44
1749 18.04
1750 14.48
1750 1.16
1750 25.44
1750 18.04
1751 14.48
1751 1.16
1751 25.44
1751 18.04
1752 14.48
1752 1.16
1752 25.44
1752 18.04
1753 14.48
1753 1.16
1753 25.44
1753 18.04
1754 14.48
1754 1.16
1754 25.44
1754 18.04
1755 14.48
1755 1.16
1755 25.44
1755 18.04
1756 14.48
1756 1.16
1756 25.44
1756 18.04
1757 14.48
1757 1.16
1757 25.44
1757 18.04
1758 14.48
1758 1.16
1758 25.44
1758 18.04
1759 14.48
1759 1.16
1759 25.44
1759 18.04
1760 14.48
1760 1.16
1760 25.44
1760 18.04
1761 14.48
1761 1.16
1761 25.44
1761 18.04
1762 14.48
1762 1.16
1762 25.44
1762 18.04
1763 14.48
1763 1.16
1763 25.44
1763 18.04
1764 14.48
1764 1.16
1764 25.44
1764 18.04
1765 14.48
1765 1.16
1765 25.44
1765 18.04
1766 14.48
1766 1.16
1766 25.44
1766 18.04
1767 14.48
1767 1.16
1767 25.44
1767 18.04
1768 14.48
1768 1.16
1768 25.44
1768 18.04
1769 14.48
1769 1.16
1769 25.44
1769 18.04
1770 14.48
1770 1.16
1770 25.44
1770 18.04
1771 14.48
1771 1.16
1771 25.44
1771 18.04
1772 14.48
1772 1.16
1772 25.44
1772 18.04
1773 14.48
1773 1.16
1773 25.44
1773 18.04
1774 14.48
1774 1.16
1774 25.44
1774 18.04
1775 14.48
1775 1.16
1775 25.44
1775 18.04
1776 14.48
1776 1.16
1776 25.44
1776 18.04
1777 14.48
1777 1.16
1777 25.44
1777 18.04
1778 14.48
1778 1.16
1778 25.44
1778 18.04
1779 14.48
1779 1.16
1779 25.44
1779 18.04
1780 14.48
1780 1.16
1780 25.44
1780 18.04
1781 14.48
1781 1.16
1781 25.44
1781 18.04
1782 14.48
1782 1.16
1782 25.44
1782 18.04
1783 14.48
1783 1.16
1783 25.44
1783 18.04
1784 14.48
1784 1.16
1784 25.44
1784 18.04
1785 14.48
1785 1.16
1785 25.44
1785 18.04
1786 14.48
1786 1.16
1786 25.44
1786 18.04
1787 14.48
1787 1.16
1787 25.44
1787 18.04
1788 14.48
1788 1.16
1788 25.44
1788 18.04
1789 14.48
1789 1.16
1789 25.44
1789 18.04
1790 14.48
1790 1.16
1790 25.44
1790 18.04
1791 14.48
1791 1.16
1791 25.44
1791 18.04
1887 14.48
1887 1.16
1887 25.44
1887 18.04
1888 14.48
1888 1.16
1888 25.44
1888 18.04
1889 14.48
1889 1.16
1889 25.44
1889 18.04
1890 14.48
1890 1.16
1890 25.44
1890 18.04
1891 14.48
1891 1.16
1891 25.44
1891 18.04
1892 14.48
1892 1.16
1892 25.44
1892 18.04
1893 14.48
1893 1.16
1893 25.44
1893 18.04
1894 14.48
1894 1.16
1894 25.44
1894 18.04
1895 14.48
1895 1.16
1895 25.44
1895 18.04
1896 14.48
1896 1.16
1896 25.44
1896 18.04
1897 14.48
1897 1.16
1897 25.44
1897 18.04
1898 14.48
1898 1.16
1898 25.44
1898 18.04
1899 14.48
1899 1.16
1899 25.44
1899 18.04
1900 14.48
1900 1.16
1900 25.44
1900 18.04
1901 14.48
1901 1.16
1901 25.44
1901 18.04
1902 14.48
1902 1.16
1902 25.44
1902 18.04
1903 14.48
1903 1.16
1903 25.44
1903 18.04
1904 14.48
1904 1.16
1904 25.44
1904 18.04
1905 14.48
1905 1.16
1905 25.44
1905 18.04
1906 14.48
1906 1.16
1906 25.44
1906 18.04
1907 14.48
1907 1.16
1907 25.44
1907 18.04
1908 14.48
1908 1.16
1908 25.44
1908 18.04
1909 14.48
1909 1.16
1909 25.44
1909 18.04
1910 14.48
1910 1.16
1910 25.44
1910 18.04
1911 14.48
1911 1.16
1911 25.44
1911 18.04
1912 14.48
1912 1.16
1912 25.44
1912 18.04
1913 14.48
1913 1.16
1913 25.44
1913 18.04
1914 14.48
1914 1.16
1914 25.44
1914 18.04
1915 14.48
1915 1.16
1915 25.44
1915 18.04
1916 14.48
1916 1.16
1916 25.44
1916 18.04
1917 14.48
1917 1.16
1917 25.44
1917 18.04
1918 14.48
1918 1.16
1918 25.44
1918 18.04
1919 14.48
1919 1.16
1919 25.44
1919 18.04
1920 14.48
1920 1.16
1920 25.44
1920 18.04
1921 14.48
1921 1.16
1921 25.44
1921 18.04
1922 14.48
1922 1.16
1922 25.44
1922 18.04
1923 14.48
1923 1.16
1923 25.44
1923 18.04
1924 14.48
1924 1.16
1924 25.44
1924 18.04
1925 14.48
1925 1.16
1925 25.44
1925 18.04
1926 14.48
1926 1.16
1926 25.44
1926 18.04
1927 14.48
1927 1.16
1927 25.44
1927 18.04
1928 14.48
1928 1.16
1928 25.44
1928 18.04
1929 14.48
1929 1.16
1929 25.44
1929 18.04
1930 14.48
1930 1.16
1930 25.44
1930 18.04
1931 14.48
1931 1.16
1931 25.44
1931 18.04
1932 14.48
1932 1.16
1932 25.44
1932 18.04
1933 14.48
1933 1.16
1933 25.44
1933 18.04
1934 14.48
1934 1.16
1934 25.44
1934 18.04
1935 14.48
1935 1.16
1935 25.44
1935 18.04
1936 14.48
1936 1.16
1936 25.44
1936 18.04
1937 14.48
1937 1.16
1937 25.44
1937 18.04
1938 14.48
1938 1.16
1938 25.44
1938 18.04
1939 14.48
1939 1.16
1939 25.44
1939 18.04
1940 14.48
1940 1.16
1940 25.44
1940 18.04
1941 14.48
1941 1.16
1941 25.44
1941 18.04
1942 14.48
1942 1.16
1942 25.44
1942 18.04
1943 14.48
1943 1.16
1943 25.44
1943 18.04
1944 14.48
1944 1.16
1944 25.44
1944 18.04
1945 14.48
1945 1.16
1945 25.44
1945 18.04
2047 14.48
2047 1.16
2047 25.44
2047 18.04
2048 14.48
2048 1.16
2048 25.44
2048 18.04
2049 14.48
2049 1.16
2049 25.44
2049 18.04
2050 14.48
2050 1.16
2050 25.44
2050 18.04
2051 14.48
2051 1.16
2051 25.44
2051 18.04
2052 14.48
2052 1.16
2052 25.44
2052 18.04
2053 14.48
2053 1.16
2053 25.44
2053 18.04
2054 14.48
2054 1.16
2054 25.44
2054 18.04
2055 14.48
2055 1.16
2055 25.44
2055 18.04
2056 14.48
2056 1.16
2056 25.44
2056 18.04
2057 14.48
2057 1.16
2057 25.44
2057 18.04
2058 14.48
2058 1.16
2058 25.44
2058 18.04
2059 14.48
2059 1.16
2059 25.44
2059 18.04
2060 14.48
2060 1.16
2060 25.44
2060 18.04
2061 14.48
2061 1.16
2061 25.44
2061 18.04
2062 14.48
2062 1.16
2062 25.44
2062 18.04
2063 14.48
2063 1.16
2063 25.44
2063 18.04
2064 14.48
2064 1.16
2064 25.44
2064 18.04
2065 14.48
2065 1.16
2065 25.44
2065 18.04
2066 14.48
2066 1.16
2066 25.44
2066 18.04
2067 14.48
2067 1.16
2067 25.44
2067 18.04
2068 14.48
2068 1.16
2068 25.44
2068 18.04
2069 14.48
2069 1.16
2069 25.44
2069 18.04
2070 14.48
2070 1.16
2070 25.44
2070 18.04
2071 14.48
2071 1.16
2071 25.44
2071 18.04
2072 14.48
2072 1.16
2072 25.44
2072 18.04
2073 14.48
2073 1.16
2073 25.44
2073 18.04
2074 14.48
2074 1.16
2074 25.44
2074 18.04
2075 14.48
2075 1.16
2075 25.44
2075 18.04
2076 14.48
2076 1.16
2076 25.44
2076 18.04
2077 14.48
2077 1.16
2077 25.44
2077 18.04
2078 14.48
2078 1.16
2078 25.44
2078 18.04
2079 14.48
2079 1.16
2079 25.44
2079 18.04
2080 14.48
2080 1.16
2080 25.44
2080 18.04
2081 14.48
2081 1.16
2081 25.44
2081 18.04
2082 14.48
2082 1.16
2082 25.44
2082 18.04
2083 14.48
2083 1.16
2083 25.44
2083 18.04
2084 14.48
2084 1.16
2084 25.44
2084 18.04
2085 14.48
2085 1.16
2085 25.44
2085 18.04
2086 14.48
2086 1.16
2086 25.44
2086 18.04
2087 14.48
2087 1.16
2087 25.44
2087 18.04
2088 14.48
2088 1.16
2088 25.44
2088 18.04
2089 14.48
2089 1.16
2089 25.44
2089 18.04
2090 14.48
2090 1.16
2090 25.44
2090 18.04
2091 14.48
2091 1.16
2091 25.44
2091 18.04
2092 14.48
2092 1.16
2092 25.44
2092 18.04
2093 14.48
2093 1.16
2093 25.44
2093 18.04
2094 14.48
2094 1.16
2094 25.44
2094 18.04
2095 14.48
2095 1.16
2095 25.44
2095 18.04
2096 14.48
2096 1.16
2096 25.44
2096 18.04
2097 14.48
2097 1.16
2097 25.44
2097 18.04
2098 14.48
2098 1.16
2098 25.44
2098 18.04
2099 14.48
2099 1.16
2099 25.44
2099 18.04
2100 14.48
2100 1.16
2100 25.44
2100 18.04
2101 14.48
2101 1.16
2101 25.44
2101 18.04
2102 14.48
2102 1.16
2102 25.44
2102 18.04
2103 14.48
2103 1.16
2103 25.44
2103 18.04
2104 14.48
2104 1.16
2104 25.44
2104 18.04
2211 14.48
2211 1.16
2211 25.44
2211 18.04
2212 14.48
2212 1.16
2212 25.44
2212 18.04
2213 14.48
2213 1.16
2213 25.44
2213 18.04
2214 14.48
2214 1.16
2214 25.44
2214 18.04
2215 14.48
2215 1.16
2215 25.44
2215 18.04
2216 14.48
2216 1.16
2216 25.44
2216 18.04
2217 14.48
2217 1.16
2217 25.44
2217 18.04
2218 14.48
2218 1.16
2218 25.44
2218 18.04
2219 14.48
2219 1.16
2219 25.44
2219 18.04
2220 14.48
2220 1.16
2220 25.44
2220 18.04
2221 14.48
2221 1.16
2221 25.44
2221 18.04
2222 14.48
2222 1.16
2222 25.44
2222 18.04
2223 14.48
2223 1.16
2223 25.44
2223 18.04
2224 14.48
2224 1.16
2224 25.44
2224 18.04
2225 14.48
2225 1.16
2225 25.44
2225 18.04
2226 14.48
2226 1.16
2226 25.44
2226 18.04
2227 14.48
2227 1.16
2227 25.44
2227 18.04
2228 14.48
2228 1.16
2228 25.44
2228 18.04
2229 14.48
2229 1.16
2229 25.44
2229 18.04
2230 14.48
2230 1.16
2230 25.44
2230 18.04
2231 14.48
2231 1.16
2231 25.44
2231 18.04
2232 14.48
2232 1.16
2232 25.44
2232 18.04
2233 14.48
2233 1.16
2233 25.44
2233 18.04
2234 14.48
2234 1.16
2234 25.44
2234 18.04
2235 14.48
2235 1.16
2235 25.44
2235 18.04
2236 14.48
2236 1.16
2236 25.44
2236 18.04
2237 14.48
2237 1.16
2237 25.44
2237 18.04
2238 14.48
2238 1.16
2238 25.44
2238 18.04
2239 14.48
2239 1.16
2239 25.44
2239 18.04
2240 14.48
2240 1.16
2240 25.44
2240 18.04
2241 14.48
2241 1.16
2241 25.44
2241 18.04
2242 14.48
2242 1.16
2242 25.44
2242 18.04
2243 14.48
2243 1.16
2243 25.44
2243 18.04
2244 14.48
2244 1.16
2244 25.44
2244 18.04
2245 14.48
2245 1.16
2245 25.44
2245 18.04
2246 14.48
2246 1.16
2246 25.44
2246 18.04
2247 14.48
2247 1.16
2247 25.44
2247 18.04
2248 14.48
2248 1.16
2248 25.44
2248 18.04
2249 14.48
2249 1.16
2249 25.44
2249 18.04
2250 14.48
2250 1.16
2250 25.44
2250 18.04
2251 14.48
2251 1.16
2251 25.44
2251 18.04
2252 14.48
2252 1.16
2252 25.44
2252 18.04
2253 14.48
2253 1.16
2253 25.44
2253 18.04
2254 14.48
2254 1.16
2254 25.44
2254 18.04
2255 14.48
2255 1.16
2255 25.44
2255 18.04
2256 14.48
2256 1.16
2256 25.44
2256 18.04
2257 14.48
2257 1.16
2257 25.44
2257 18.04
2258 14.48
2258 1.16
2258 25.44
2258 18.04
2259 14.48
2259 1.16
2259 25.44
2259 18.04
2260 14.48
2260 1.16
2260 25.44
2260 18.04
2261 14.48
2261 1.16
2261 25.44
2261 18.04
2262 14.48
2262 1.16
2262 25.44
2262 18.04
2263 14.48
2263 1.16
2263 25.44
2263 18.04
2264 14.48
2264 1.16
2264 25.44
2264 18.04
2265 14.48
2265 1.16
2265 25.44
2265 18.04
2266 14.48
2266 1.16
2266 25.44
2266 18.04
2267 14.48
2267 1.16
2267 25.44
2267 18.04
2268 14.48
2268 1.16
2268 25.44
2268 18.04
2269 14.48
2269 1.16
2269 25.44
2269 18.04
2270 14.48
2270 1.16
2270 25.44
2270 18.04
2384 14.48
2384 1.16
2384 25.44
2384 18.04
2385 14.48
2385 1.16
2385 25.44
2385 18.04
2386 14.48
2386 1.16
2386 25.44
2386 18.04
2387 14.48
2387 1.16
2387 25.44
2387 18.04
2388 14.48
2388 1.16
2388 25.44
2388 18.04
2389 14.48
2389 1.16
2389 25.44
2389 18.04
2390 14.48
2390 1.16
2390 25.44
2390 18.04
2391 14.48
2391 1.16
2391 25.44
2391 18.04
2392 14.48
2392 1.16
2392 25.44
2392 18.04
2393 14.48
2393 1.16
2393 25.44
2393 18.04
2394 14.48
2394 1.16
2394 25.44
2394 18.04
2395 14.48
2395 1.16
2395 25.44
2395 18.04
2396 14.48
2396 1.16
2396 25.44
2396 18.04
2397 14.48
2397 1.16
2397 25.44
2397 18.04
2398 14.48
2398 1.16
2398 25.44
2398 18.04
2399 14.48
2399 1.16
2399 25.44
2399 18.04
2400 14.48
2400 1.16
2400 25.44
2400 18.04
2401 14.48
2401 1.16
2401 25.44
2401 18.04
2402 14.48
2402 1.16
2402 25.44
2402 18.04
2403 14.48
2403 1.16
2403 25.44
2403 18.04
2404 14.48
2404 1.16
2404 25.44
2404 18.04
2405 14.48
2405 1.16
2405 25.44
2405 18.04
2406 14.48
2406 1.16
2406 25.44
2406 18.04
2407 14.48
2407 1.16
2407 25.44
2407 18.04
2408 14.48
2408 1.16
2408 25.44
2408 18.04
2409 14.48
2409 1.16
2409 25.44
2409 18.04
2410 14.48
2410 1.16
2410 25.44
2410 18.04
2411 14.48
2411 1.16
2411 25.44
2411 18.04
2412 14.48
2412 1.16
2412 25.44
2412 18.04
2413 14.48
2413 1.16
2413 25.44
2413 18.04
2414 14.48
2414 1.16
2414 25.44
2414 18.04
2415 14.48
2415 1.16
2415 25.44
2415 18.04
2416 14.48
2416 1.16
2416 25.44
2416 18.04
2417 14.48
2417 1.16
2417 25.44
2417 18.04
2418 14.48
2418 1.16
2418 25.44
2418 18.04
2419 14.48
2419 1.16
2419 25.44
2419 18.04
2420 14.48
2420 1.16
2420 25.44
2420 18.04
2421 14.48
2421 1.16
2421 25.44
2421 18.04
2422 14.48
2422 1.16
2422 25.44
2422 18.04
2423 14.48
2423 1.16
2423 25.44
2423 18.04
2424 14.48
2424 1.16
2424 25.44
2424 18.04
2425 14.48
2425 1.16
2425 25.44
2425 18.04
2426 14.48
2426 1.16
2426 25.44
2426 18.04
2427 14.48
2427 1.16
2427 25.44
2427 18.04
2428 14.48
2428 1.16
2428 25.44
2428 18.04
2429 14.48
2429 1.16
2429 25.44
2429 18.04
2430 14.48
2430 1.16
2430 25.44
2430 18.04
2431 14.48
2431 1.16
2431 25.44
2431 18.04
2432 14.48
2432 1.16
2432 25.44
2432 18.04
2433 14.48
2433 1.16
2433 25.44
2433 18.04
2434 14.48
2434 1.16
2434 25.44
2434 18.04
2435 14.48
2435 1.16
2435 25.44
2435 18.04
2436 14.48
2436 1.16
2436 25.44
2436 18.04
2437 14.48
2437 1.16
2437 25.44
2437 18.04
2438 14.48
2438 1.16
2438 25.44
2438 18.04
2439 14.48
2439 1.16
2439 25.44
2439 18.04
2440 14.48
2440 1.16
2440 25.44
2440 18.04
2441 14.48
2441 1.16
2441 25.44
2441 18.04
2442 14.48
2442 1.16
2442 25.44
2442 18.04
2556 14.48
2556 1.16
2556 25.44
2556 18.04
2557 14.48
2557 1.16
2557 25.44
2557 18.04
2558 14.48
2558 1.16
2558 25.44
2558 18.04
2559 14.48
2559 1.16
2559 25.44
2559 18.04
2560 14.48
2560 1.16
2560 25.44
2560 18.04
2561 14.48
2561 1.16
2561 25.44
2561 18.04
2562 14.48
2562 1.16
2562 25.44
2562 18.04
2563 14.48
2563 1.16
2563 25.44
2563 18.04
2564 14.48
2564 1.16
2564 25.44
2564 18.04
2565 14.48
2565 1.16
2565 25.44
2565 18.04
2566 14.48
2566 1.16
2566 25.44
2566 18.04
2567 14.48
2567 1.16
2567 25.44
2567 18.04
2568 14.48
2568 1.16
2568 25.44
2568 18.04
2569 14.48
2569 1.16
2569 25.44
2569 18.04
2570 14.48
2570 1.16
2570 25.44
2570 18.04
2571 14.48
2571 1.16
2571 25.44
2571 18.04
2572 14.48
2572 1.16
2572 25.44
2572 18.04
2573 14.48
2573 1.16
2573 25.44
2573 18.04
2574 14.48
2574 1.16
2574 25.44
2574 18.04
2575 14.48
2575 1.16
2575 25.44
2575 18.04
2576 14.48
2576 1.16
2576 25.44
2576 18.04
2577 14.48
2577 1.16
2577 25.44
2577 18.04
2578 14.48
2578 1.16
2578 25.44
2578 18.04
2579 14.48
2579 1.16
2579 25.44
2579 18.04
2580 14.48
2580 1.16
2580 25.44
2580 18.04
2581 14.48
2581 1.16
2581 25.44
2581 18.04
2582 14.48
2582 1.16
2582 25.44
2582 18.04
2583 14.48
2583 1.16
2583 25.44
2583 18.04
2584 14.48
2584 1.16
2584 25.44
2584 18.04
2585 14.48
2585 1.16
2585 25.44
2585 18.04
2586 14.48
2586 1.16
2586 25.44
2586 18.04
2587 14.48
2587 1.16
2587 25.44
2587 18.04
2588 14.48
2588 1.16
2588 25.44
2588 18.04
2589 14.48
2589 1.16
2589 25.44
2589 18.04
2590 14.48
2590 1.16
2590 25.44
2590 18.04
2591 14.48
2591 1.16
2591 25.44
2591 18.04
2592 14.48
2592 1.16
2592 25.44
2592 18.04
2593 14.48
2593 1.16
2593 25.44
2593 18.04
2594 14.48
2594 1.16
2594 25.44
2594 18.04
2595 14.48
2595 1.16
2595 25.44
2595 18.04
2596 14.48
2596 1.16
2596 25.44
2596 18.04
2597 14.48
2597 1.16
2597 25.44
2597 18.04
2598 14.48
2598 1.16
2598 25.44
2598 18.04
2599 14.48
2599 1.16
2599 25.44
2599 18.04
2600 14.48
2600 1.16
2600 25.44
2600 18.04
2601 14.48
2601 1.16
2601 25.44
2601 18.04
2602 14.48
2602 1.16
2602 25.44
2602 18.04
2603 14.48
2603 1.16
2603 25.44
2603 18.04
2604 14.48
2604 1.16
2604 25.44
2604 18.04
2605 14.48
2605 1.16
2605 25.44
2605 18.04
2606 14.48
2606 1.16
2606 25.44
2606 18.04
2607 14.48
2607 1.16
2607 25.44
2607 18.04
2608 14.48
2608 1.16
2608 25.44
2608 18.04
2609 14.48
2609 1.16
2609 25.44
2609 18.04
2610 14.48
2610 1.16
2610 25.44
2610 18.04
2611 14.48
2611 1.16
2611 25.44
2611 18.04
2612 14.48
2612 1.16
2612 25.44
2612 18.04
2613 14.48
2613 1.16
2613 25.44
2613 18.04
2614 14.48
2614 1.16
2614 25.44
2614 18.04
2615 14.48
2615 1.16
2615 25.44
2615 18.04
2616 14.48
2616 1.16
2616 25.44
2616 18.04
2617 14.48
2617 1.16
2617 25.44
2617 18.04
2733 14.48
2733 1.16
2733 25.44
2733 18.04
2734 14.48
2734 1.16
2734 25.44
2734 18.04
2735 14.48
2735 1.16
2735 25.44
2735 18.04
2736 14.48
2736 1.16
2736 25.44
2736 18.04
2737 14.48
2737 1.16
2737 25.44
2737 18.04
2738 14.48
2738 1.16
2738 25.44
2738 18.04
2739 14.48
2739 1.16
2739 25.44
2739 18.04
2740 14.48
2740 1.16
2740 25.44
2740 18.04
2741 14.48
2741 1.16
2741 25.44
2741 18.04
2742 14.48
2742 1.16
2742 25.44
2742 18.04
2743 14.48
2743 1.16
2743 25.44
2743 18.04
2744 14.48
2744 1.16
2744 25.44
2744 18.04
2745 14.48
2745 1.16
2745 25.44
2745 18.04
2746 14.48
2746 1.16
2746 25.44
2746 18.04
2747 14.48
2747 1.16
2747 25.44
2747 18.04
2748 14.48
2748 1.16
2748 25.44
2748 18.04
2749 14.48
2749 1.16
2749 25.44
2749 18.04
2750 14.48
2750 1.16
2750 25.44
2750 18.04
2751 14.48
2751 1.16
2751 25.44
2751 18.04
2752 14.48
2752 1.16
2752 25.44
2752 18.04
2753 14.48
2753 1.16
2753 25.44
2753 18.04
2754 14.48
2754 1.16
2754 25.44
2754 18.04
2755 14.48
2755 1.16
2755 25.44
2755 18.04
2756 14.48
2756 1.16
2756 25.44
2756 18.04
2757 14.48
2757 1.16
2757 25.44
2757 18.04
2758 14.48
2758 1.16
2758 25.44
2758 18.04
2759 14.48
2759 1.16
2759 25.44
2759 18.04
2760 14.48
2760 1.16
2760 25.44
2760 18.04
2761 14.48
2761 1.16
2761 25.44
2761 18.04
2762 14.48
2762 1.16
2762 25.44
2762 18.04
2763 14.48
2763 1.16
2763 25.44
2763 18.04
2764 14.48
2764 1.16
2764 25.44
2764 18.04
2765 14.48
2765 1.16
2765 25.44
2765 18.04
2766 14.48
2766 1.16
2766 25.44
2766 18.04
2767 14.48
2767 1.16
2767 25.44
2767 18.04
2768 14.48
2768 1.16
2768 25.44
2768 18.04
2769 14.48
2769 1.16
2769 25.44
2769 18.04
2770 14.48
2770 1.16
2770 25.44
2770 18.04
2771 14.48
2771 1.16
2771 25.44
2771 18.04
2772 14.48
2772 1.16
2772 25.44
2772 18.04
2773 14.48
2773 1.16
2773 25.44
2773 18.04
2774 14.48
2774 1.16
2774 25.44
2774 18.04
2775 14.48
2775 1.16
2775 25.44
2775 18.04
2776 14.48
2776 1.16
2776 25.44
2776 18.04
2777 14.48
2777 1.16
2777 25.44
2777 18.04
2778 14.48
2778 1.16
2778 25.44
2778 18.04
2779 14.48
2779 1.16
2779 25.44
2779 18.04
2780 14.48
2780 1.16
2780 25.44
2780 18.04
2781 14.48
2781 1.16
2781 25.44
2781 18.04
2782 14.48
2782 1.16
2782 25.44
2782 18.04
2783 14.48
2783 1.16
2783 25.44
2783 18.04
2784 14.48
2784 1.16
2784 25.44
2784 18.04
2785 14.48
2785 1.16
2785 25.44
2785 18.04
2786 14.48
2786 1.16
2786 25.44
2786 18.04
2787 14.48
2787 1.16
2787 25.44
2787 18.04
2788 14.48
2788 1.16
2788 25.44
2788 18.04
2789 14.48
2789 1.16
2789 25.44
2789 18.04
2790 14.48
2790 1.16
2790 25.44
2790 18.04
2791 14.48
2791 1.16
2791 25.44
2791 18.04
2792 14.48
2792 1.16
2792 25.44
2792 18.04
2793 14.48
2793 1.16
2793 25.44
2793 18.04
2910 14.48
2910 1.16
2910 25.44
2910 18.04
2911 14.48
2911 1.16
2911 25.44
2911 18.04
2912 14.48
2912 1.16
2912 25.44
2912 18.04
2913 14.48
2913 1.16
2913 25.44
2913 18.04
2914 14.48
2914 1.16
2914 25.44
2914 18.04
2915 14.48
2915 1.16
2915 25.44
2915 18.04
2916 14.48
2916 1.16
2916 25.44
2916 18.04
2917 14.48
2917 1.16
2917 25.44
2917 18.04
2918 14.48
2918 1.16
2918 25.44
2918 18.04
2919 14.48
2919 1.16
2919 25.44
2919 18.04
2920 14.48
2920 1.16
2920 25.44
2920 18.04
2921 14.48
2921 1.16
2921 25.44
2921 18.04
2922 14.48
2922 1.16
2922 25.44
2922 18.04
2923 14.48
2923 1.16
2923 25.44
2923 18.04
2924 14.48
2924 1.16
2924 25.44
2924 18.04
2925 14.48
2925 1.16
2925 25.44
2925 18.04
2926 14.48
2926 1.16
2926 25.44
2926 18.04
2927 14.48
2927 1.16
2927 25.44
2927 18.04
2928 14.48
2928 1.16
2928 25.44
2928 18.04
2929 14.48
2929 1.16
2929 25.44
2929 18.04
2930 14.48
2930 1.16
2930 25.44
2930 18.04
2931 14.48
2931 1.16
2931 25.44
2931 18.04
2932 14.48
2932 1.16
2932 25.44
2932 18.04
2933 14.48
2933 1.16
2933 25.44
2933 18.04
2934 14.48
2934 1.16
2934 25.44
2934 18.04
2935 14.48
2935 1.16
2935 25.44
2935 18.04
2936 14.48
2936 1.16
2936 25.44
2936 18.04
2937 14.48
2937 1.16
2937 25.44
2937 18.04
2938 14.48
2938 1.16
2938 25.44
2938 18.04
2939 14.48
2939 1.16
2939 25.44
2939 18.04
2940 14.48
2940 1.16
2940 25.44
2940 18.04
2941 14.48
2941 1.16
2941 25.44
2941 18.04
2942 14.48
2942 1.16
2942 25.44
2942 18.04
2943 14.48
2943 1.16
2943 25.44
2943 18.04
2944 14.48
2944 1.16
2944 25.44
2944 18.04
2945 14.48
2945 1.16
2945 25.44
2945 18.04
2946 14.48
2946 1.16
2946 25.44
2946 18.04
2947 14.48
2947 1.16
2947 25.44
2947 18.04
2948 14.48
2948 1.16
2948 25.44
2948 18.04
2949 14.48
2949 1.16
2949 25.44
2949 18.04
2950 14.48
2950 1.16
2950 25.44
2950 18.04
2951 14.48
2951 1.16
2951 25.44
2951 18.04
2952 14.48
2952 1.16
2952 25.44
2952 18.04
2953 14.48
2953 1.16
2953 25.44
2953 18.04
2954 14.48
2954 1.16
2954 25.44
2954 18.04
2955 14.48
2955 1.16
2955 25.44
2955 18.04
2956 14.48
2956 1.16
2956 25.44
2956 18.04
2957 14.48
2957 1.16
2957 25.44
2957 18.04
2958 14.48
2958 1.16
2958 25.44
2958 18.04
2959 14.48
2959 1.16
2959 25.44
2959 18.04
2960 14.48
2960 1.16
2960 25.44
2960 18.04
2961 14.48
2961 1.16
2961 25.44
2961 18.04
2962 14.48
2962 1.16
2962 25.44
2962 18.04
2963 14.48
2963 1.16
2963 25.44
2963 18.04
2964 14.48
2964 1.16
2964 25.44
2964 18.04
2965 14.48
2965 1.16
2965 25.44
2965 18.04
2966 14.48
2966 1.16
2966 25.44
2966 18.04
2967 14.48
2967 1.16
2967 25.44
2967 18.04
2968 14.48
2968 1.16
2968 25.44
2968 18.04
3087 14.48
3087 1.16
3087 25.44
3087 18.04
3088 14.48
3088 1.16
3088 25.44
3088 18.04
3089 14.48
3089 1.16
3089 25.44
3089 18.04
3090 14.48
3090 1.16
3090 25.44
3090 18.04
3091 14.48
3091 1.16
3091 25.44
3091 18.04
3092 14.48
3092 1.16
3092 25.44
3092 18.04
3093 14.48
3093 1.16
3093 25.44
3093 18.04
3094 14.48
3094 1.16
3094 25.44
3094 18.04
3095 14.48
3095 1.16
3095 25.44
3095 18.04
3096 14.48
3096 1.16
3096 25.44
3096 18.04
3097 14.48
3097 1.16
3097 25.44
3097 18.04
3098 14.48
3098 1.16
3098 25.44
3098 18.04
3099 14.48
3099 1.16
3099 25.44
3099 18.04
3100 14.48
3100 1.16
3100 25.44
3100 18.04
3101 14.48
3101 1.16
3101 25.44
3101 18.04
3102 14.48
3102 1.16
3102 25.44
3102 18.04
3103 14.48
3103 1.16
3103 25.44
3103 18.04
3104 14.48
3104 1.16
3104 25.44
3104 18.04
3105 14.48
3105 1.16
3105 25.44
3105 18.04
3106 14.48
3106 1.16
3106 25.44
3106 18.04
3107 14.48
3107 1.16
3107 25.44
3107 18.04
3108 14.48
3108 1.16
3108 25.44
3108 18.04
3109 14.48
3109 1.16
3109 25.44
3109 18.04
3110 14.48
3110 1.16
3110 25.44
3110 18.04
3111 14.48
3111 1.16
3111 25.44
3111 18.04
3112 14.48
3112 1.16
3112 25.44
3112 18.04
3113 14.48
3113 1.16
3113 25.44
3113 18.04
3114 14.48
3114 1.16
3114 25.44
3114 18.04
3115 14.48
3115 1.16
3115 25.44
3115 18.04
3116 14.48
3116 1.16
3116 25.44
3116 18.04
3117 14.48
3117 1.16
3117 25.44
3117 18.04
3118 14.48
3118 1.16
3118 25.44
3118 18.04
3119 14.48
3119 1.16
3119 25.44
3119 18.04
3120 14.48
3120 1.16
3120 25.44
3120 18.04
3121 14.48
3121 1.16
3121 25.44
3121 18.04
3122 14.48
3122 1.16
3122 25.44
3122 18.04
3123 14.48
3123 1.16
3123 25.44
3123 18.04
3124 14.48
3124 1.16
3124 25.44
3124 18.04
3125 14.48
3125 1.16
3125 25.44
3125 18.04
3126 14.48
3126 1.16
3126 25.44
3126 18.04
3127 14.48
3127 1.16
3127 25.44
3127 18.04
3128 14.48
3128 1.16
3128 25.44
3128 18.04
3129 14.48
3129 1.16
3129 25.44
3129 18.04
3130 14.48
3130 1.16
3130 25.44
3130 18.04
3131 14.48
3131 1.16
3131 25.44
3131 18.04
3132 14.48
3132 1.16
3132 25.44
3132 18.04
3133 14.48
3133 1.16
3133 25.44
3133 18.04
3134 14.48
3134 1.16
3134 25.44
3134 18.04
3135 14.48
3135 1.16
3135 25.44
3135 18.04
3136 14.48
3136 1.16
3136 25.44
3136 18.04
3137 14.48
3137 1.16
3137 25.44
3137 18.04
3138 14.48
3138 1.16
3138 25.44
3138 18.04
3139 14.48
3139 1.16
3139 25.44
3139 18.04
3140 14.48
3140 1.16
3140 25.44
3140 18.04
3141 14.48
3141 1.16
3141 25.44
3141 18.04
3142 14.48
3142 1.16
3142 25.44
3142 18.04
3143 14.48
3143 1.16
3143 25.44
3143 18.04
3263 14.48
3263 1.16
3263 25.44
3263 18.04
3264 14.48
3264 1.16
3264 25.44
3264 18.04
3265 14.48
3265 1.16
3265 25.44
3265 18.04
3266 14.48
3266 1.16
3266 25.44
3266 18.04
3267 14.48
3267 1.16
3267 25.44
3267 18.04
3268 14.48
3268 1.16
3268 25.44
3268 18.04
3269 14.48
3269 1.16
3269 25.44
3269 18.04
3270 14.48
3270 1.16
3270 25.44
3270 18.04
3271 14.48
3271 1.16
3271 25.44
3271 18.04
3272 14.48
3272 1.16
3272 25.44
3272 18.04
3273 14.48
3273 1.16
3273 25.44
3273 18.04
3274 14.48
3274 1.16
3274 25.44
3274 18.04
3275 14.48
3275 1.16
3275 25.44
3275 18.04
3276 14.48
3276 1.16
3276 25.44
3276 18.04
3277 14.48
3277 1.16
3277 25.44
3277 18.04
3278 14.48
3278 1.16
3278 25.44
3278 18.04
3279 14.48
3279 1.16
3279 25.44
3279 18.04
3280 14.48
3280 1.16
3280 25.44
3280 18.04
3281 14.48
3281 1.16
3281 25.44
3281 18.04
3282 14.48
3282 1.16
3282 25.44
3282 18.04
3283 14.48
3283 1.16
3283 25.44
3283 18.04
3284 14.48
3284 1.16
3284 25.44
3284 18.04
3285 14.48
3285 1.16
3285 25.44
3285 18.04
3286 14.48
3286 1.16
3286 25.44
3286 18.04
3287 14.48
3287 1.16
3287 25.44
3287 18.04
3288 14.48
3288 1.16
3288 25.44
3288 18.04
3289 14.48
3289 1.16
3289 25.44
3289 18.04
3290 14.48
3290 1.16
3290 25.44
3290 18.04
3291 14.48
3291 1.16
3291 25.44
3291 18.04
3292 14.48
3292 1.16
3292 25.44
3292 18.04
3293 14.48
3293 1.16
3293 25.44
3293 18.04
3294 14.48
3294 1.16
3294 25.44
3294 18.04
3295 14.48
3295 1.16
3295 25.44
3295 18.04
3296 14.48
3296 1.16
3296 25.44
3296 18.04
3297 14.48
3297 1.16
3297 25.44
3297 18.04
3298 14.48
3298 1.16
3298 25.44
3298 18.04
3299 14.48
3299 1.16
3299 25.44
3299 18.04
3300 14.48
3300 1.16
3300 25.44
3300 18.04
3301 14.48
3301 1.16
3301 25.44
3301 18.04
3302 14.48
3302 1.16
3302 25.44
3302 18.04
3303 14.48
3303 1.16
3303 25.44
3303 18.04
3304 14.48
3304 1.16
3304 25.44
3304 18.04
3305 14.48
3305 1.16
3305 25.44
3305 18.04
3306 14.48
3306 1.16
3306 25.44
3306 18.04
3307 14.48
3307 1.16
3307 25.44
3307 18.04
3308 14.48
3308 1.16
3308 25.44
3308 18.04
3309 14.48
3309 1.16
3309 25.44
3309 18.04
3310 14.48
3310 1.16
3310 25.44
3310 18.04
3311 14.48
3311 1.16
3311 25.44
3311 18.04
3312 14.48
3312 1.16
3312 25.44
3312 18.04
3313 14.48
3313 1.16
3313 25.44
3313 18.04
3314 14.48
3314 1.16
3314 25.44
3314 18.04
3315 14.48
3315 1.16
3315 25.44
3315 18.04
3316 14.48
3316 1.16
3316 25.44
3316 18.04
3437 14.48
3437 1.16
3437 25.44
3437 18.04
3438 14.48
3438 1.16
3438 25.44
3438 18.04
3439 14.48
3439 1.16
3439 25.44
3439 18.04
3440 14.48
3440 1.16
3440 25.44
3440 18.04
3441 14.48
3441 1.16
3441 25.44
3441 18.04
3442 14.48
3442 1.16
3442 25.44
3442 18.04
3443 14.48
3443 1.16
3443 25.44
3443 18.04
3444 14.48
3444 1.16
3444 25.44
3444 18.04
3445 14.48
3445 1.16
3445 25.44
3445 18.04
3446 14.48
3446 1.16
3446 25.44
3446 18.04
3447 14.48
3447 1.16
3447 25.44
3447 18.04
3448 14.48
3448 1.16
3448 25.44
3448 18.04
3449 14.48
3449 1.16
3449 25.44
3449 18.04
3450 14.48
3450 1.16
3450 25.44
3450 18.04
3451 14.48
3451 1.16
3451 25.44
3451 18.04
3452 14.48
3452 1.16
3452 25.44
3452 18.04
3453 14.48
3453 1.16
3453 25.44
3453 18.04
3454 14.48
3454 1.16
3454 25.44
3454 18.04
3455 14.48
3455 1.16
3455 25.44
3455 18.04
3456 14.48
3456 1.16
3456 25.44
3456 18.04
3457 14.48
3457 1.16
3457 25.44
3457 18.04
3458 14.48
3458 1.16
3458 25.44
3458 18.04
3459 14.48
3459 1.16
3459 25.44
3459 18.04
3460 14.48
3460 1.16
3460 25.44
3460 18.04
3461 14.48
3461 1.16
3461 25.44
3461 18.04
3462 14.48
3462 1.16
3462 25.44
3462 18.04
3463 14.48
3463 1.16
3463 25.44
3463 18.04
3464 14.48
3464 1.16
3464 25.44
3464 18.04
3465 14.48
3465 1.16
3465 25.44
3465 18.04
3466 14.48
3466 1.16
3466 25.44
3466 18.04
3467 14.48
3467 1.16
3467 25.44
3467 18.04
3468 14.48
3468 1.16
3468 25.44
3468 18.04
3469 14.48
3469 1.16
3469 25.44
3469 18.04
3470 14.48
3470 1.16
3470 25.44
3470 18.04
3471 14.48
3471 1.16
3471 25.44
3471 18.04
3472 14.48
3472 1.16
3472 25.44
3472 18.04
3473 14.48
3473 1.16
3473 25.44
3473 18.04
3474 14.48
3474 1.16
3474 25.44
3474 18.04
3475 14.48
3475 1.16
3475 25.44
3475 18.04
3476 14.48
3476 1.16
3476 25.44
3476 18.04
3477 14.48
3477 1.16
3477 25.44
3477 18.04
3478 14.48
3478 1.16
3478 25.44
3478 18.04
3479 14.48
3479 1.16
3479 25.44
3479 18.04
3480 14.48
3480 1.16
3480 25.44
3480 18.04
3481 14.48
3481 1.16
3481 25.44
3481 18.04
3482 14.48
3482 1.16
3482 25.44
3482 18.04
3483 14.48
3483 1.16
3483 25.44
3483 18.04
3484 14.48
3484 1.16
3484 25.44
3484 18.04
3485 14.48
3485 1.16
3485 25.44
3485 18.04
3486 14.48
3486 1.16
3486 25.44
3486 18.04
3487 14.48
3487 1.16
3487 25.44
3487 18.04
3488 14.48
3488 1.16
3488 25.44
3488 18.04
3612 14.48
3612 1.16
3612 25.44
3612 18.04
3613 14.48
3613 1.16
3613 25.44
3613 18.04
3614 14.48
3614 1.16
3614 25.44
3614 18.04
3615 14.48
3615 1.16
3615 25.44
3615 18.04
3616 14.48
3616 1.16
3616 25.44
3616 18.04
3617 14.48
3617 1.16
3617 25.44
3617 18.04
3618 14.48
3618 1.16
3618 25.44
3618 18.04
3619 14.48
3619 1.16
3619 25.44
3619 18.04
3620 14.48
3620 1.16
3620 25.44
3620 18.04
3621 14.48
3621 1.16
3621 25.44
3621 18.04
3622 14.48
3622 1.16
3622 25.44
3622 18.04
3623 14.48
3623 1.16
3623 25.44
3623 18.04
3624 14.48
3624 1.16
3624 25.44
3624 18.04
3625 14.48
3625 1.16
3625 25.44
3625 18.04
3626 14.48
3626 1.16
3626 25.44
3626 18.04
3627 14.48
3627 1.16
3627 25.44
3627 18.04
3628 14.48
3628 1.16
3628 25.44
3628 18.04
3629 14.48
3629 1.16
3629 25.44
3629 18.04
3630 14.48
3630 1.16
3630 25.44
3630 18.04
3631 14.48
3631 1.16
3631 25.44
3631 18.04
3632 14.48
3632 1.16
3632 25.44
3632 18.04
3633 14.48
3633 1.16
3633 25.44
3633 18.04
3634 14.48
3634 1.16
3634 25.44
3634 18.04
3635 14.48
3635 1.16
3635 25.44
3635 18.04
3636 14.48
3636 1.16
3636 25.44
3636 18.04
3637 14.48
3637 1.16
3637 25.44
3637 18.04
3638 14.48
3638 1.16
3638 25.44
3638 18.04
3639 14.48
3639 1.16
3639 25.44
3639 18.04
3640 14.48
3640 1.16
3640 25.44
3640 18.04
3641 14.48
3641 1.16
3641 25.44
3641 18.04
3642 14.48
3642 1.16
3642 25.44
3642 18.04
3643 14.48
3643 1.16
3643 25.44
3643 18.04
3644 14.48
3644 1.16
3644 25.44
3644 18.04
3645 14.48
3645 1.16
3645 25.44
3645 18.04
3646 14.48
3646 1.16
3646 25.44
3646 18.04
3647 14.48
3647 1.16
3647 25.44
3647 18.04
3648 14.48
3648 1.16
3648 25.44
3648 18.04
3649 14.48
3649 1.16
3649 25.44
3649 18.04
3650 14.48
3650 1.16
3650 25.44
3650 18.04
3651 14.48
3651 1.16
3651 25.44
3651 18.04
3652 14.48
3652 1.16
3652 25.44
3652 18.04
3653 14.48
3653 1.16
3653 25.44
3653 18.04
3654 14.48
3654 1.16
3654 25.44
3654 18.04
3655 14.48
3655 1.16
3655 25.44
3655 18.04
3656 14.48
3656 1.16
3656 25.44
3656 18.04
3657 14.48
3657 1.16
3657 25.44
3657 18.04
3658 14.48
3658 1.16
3658 25.44
3658 18.04
3659 14.48
3659 1.16
3659 25.44
3659 18.04
3660 14.48
3660 1.16
3660 25.44
3660 18.04
3661 14.48
3661 1.16
3661 25.44
3661 18.04
3786 14.48
3786 1.16
3786 25.44
3786 18.04
3787 14.48
3787 1.16
3787 25.44
3787 18.04
3788 14.48
3788 1.16
3788 25.44
3788 18.04
3789 14.48
3789 1.16
3789 25.44
3789 18.04
3790 14.48
3790 1.16
3790 25.44
3790 18.04
3791 14.48
3791 1.16
3791 25.44
3791 18.04
3792 14.48
3792 1.16
3792 25.44
3792 18.04
3793 14.48
3793 1.16
3793 25.44
3793 18.04
3794 14.48
3794 1.16
3794 25.44
3794 18.04
3795 14.48
3795 1.16
3795 25.44
3795 18.04
3796 14.48
3796 1.16
3796 25.44
3796 18.04
3797 14.48
3797 1.16
3797 25.44
3797 18.04
3798 14.48
3798 1.16
3798 25.44
3798 18.04
3799 14.48
3799 1.16
3799 25.44
3799 18.04
3800 14.48
3800 1.16
3800 25.44
3800 18.04
3801 14.48
3801 1.16
3801 25.44
3801 18.04
3802 14.48
3802 1.16
3802 25.44
3802 18.04
3803 14.48
3803 1.16
3803 25.44
3803 18.04
3804 14.48
3804 1.16
3804 25.44
3804 18.04
3805 14.48
3805 1.16
3805 25.44
3805 18.04
3806 14.48
3806 1.16
3806 25.44
3806 18.04
3807 14.48
3807 1.16
3807 25.44
3807 18.04
3808 14.48
3808 1.16
3808 25.44
3808 18.04
3809 14.48
3809 1.16
3809 25.44
3809 18.04
3810 14.48
3810 1.16
3810 25.44
3810 18.04
3811 14.48
3811 1.16
3811 25.44
3811 18.04
3812 14.48
3812 1.16
3812 25.44
3812 18.04
3813 14.48
3813 1.16
3813 25.44
3813 18.04
3814 14.48
3814 1.16
3814 25.44
3814 18.04
3815 14.48
3815 1.16
3815 25.44
3815 18.04
3816 14.48
3816 1.16
3816 25.44
3816 18.04
3817 14.48
3817 1.16
3817 25.44
3817 18.04
3818 14.48
3818 1.16
3818 25.44
3818 18.04
3819 14.48
3819 1.16
3819 25.44
3819 18.04
3820 14.48
3820 1.16
3820 25.44
3820 18.04
3821 14.48
3821 1.16
3821 25.44
3821 18.04
3822 14.48
3822 1.16
3822 25.44
3822 18.04
3823 14.48
3823 1.16
3823 25.44
3823 18.04
3824 14.48
3824 1.16
3824 25.44
3824 18.04
3825 14.48
3825 1.16
3825 25.44
3825 18.04
3826 14.48
3826 1.16
3826 25.44
3826 18.04
3827 14.48
3827 1.16
3827 25.44
3827 18.04
3828 14.48
3828 1.16
3828 25.44
3828 18.04
3829 14.48
3829 1.16
3829 25.44
3829 18.04
3830 14.48
3830 1.16
3830 25.44
3830 18.04
3831 14.48
3831 1.16
3831 25.44
3831 18.04
3832 14.48
3832 1.16
3832 25.44
3832 18.04
3960 14.48
3960 1.16
3960 25.44
3960 18.04
3961 14.48
3961 1.16
3961 25.44
3961 18.04
3962 14.48
3962 1.16
3962 25.44
3962 18.04
3963 14.48
3963 1.16
3963 25.44
3963 18.04
3964 14.48
3964 1.16
3964 25.44
3964 18.04
3965 14.48
3965 1.16
3965 25.44
3965 18.04
3966 14.48
3966 1.16
3966 25.44
3966 18.04
3967 14.48
3967 1.16
3967 25.44
3967 18.04
3968 14.48
3968 1.16
3968 25.44
3968 18.04
3969 14.48
3969 1.16
3969 25.44
3969 18.04
3970 14.48
3970 1.16
3970 25.44
3970 18.04
3971 14.48
3971 1.16
3971 25.44
3971 18.04
3972 14.48
3972 1.16
3972 25.44
3972 18.04
3973 14.48
3973 1.16
3973 25.44
3973 18.04
3974 14.48
3974 1.16
3974 25.44
3974 18.04
3975 14.48
3975 1.16
3975 25.44
3975 18.04
3976 14.48
3976 1.16
3976 25.44
3976 18.04
3977 14.48
3977 1.16
3977 25.44
3977 18.04
3978 14.48
3978 1.16
3978 25.44
3978 18.04
3979 14.48
3979 1.16
3979 25.44
3979 18.04
3980 14.48
3980 1.16
3980 25.44
3980 18.04
3981 14.48
3981 1.16
3981 25.44
3981 18.04
3982 14.48
3982 1.16
3982 25.44
3982 18.04
3983 14.48
3983 1.16
3983 25.44
3983 18.04
3984 14.48
3984 1.16
3984 25.44
3984 18.04
3985 14.48
3985 1.16
3985 25.44
3985 18.04
3986 14.48
3986 1.16
3986 25.44
3986 18.04
3987 14.48
3987 1.16
3987 25.44
3987 18.04
3988 14.48
3988 1.16
3988 25.44
3988 18.04
3989 14.48
3989 1.16
3989 25.44
3989 18.04
3990 14.48
3990 1.16
3990 25.44
3990 18.04
3991 14.48
3991 1.16
3991 25.44
3991 18.04
3992 14.48
3992 1.16
3992 25.44
3992 18.04
3993 14.48
3993 1.16
3993 25.44
3993 18.04
3994 14.48
3994 1.16
3994 25.44
3994 18.04
3995 14.48
3995 1.16
3995 25.44
3995 18.04
3996 14.48
3996 1.16
3996 25.44
3996 18.04
3997 14.48
3997 1.16
3997 25.44
3997 18.04
3998 14.48
3998 1.16
3998 25.44
3998 18.04
3999 14.48
3999 1.16
3999 25.44
3999 18.04
4000 14.48
4000 1.16
4000 25.44
4000 18.04
4001 14.48
4001 1.16
4001 25.44
4001 18.04
4002 14.48
4002 1.16
4002 25.44
4002 18.04
4135 14.48
4135 1.16
4135 25.44
4135 18.04
4136 14.48
4136 1.16
4136 25.44
4136 18.04
4137 14.48
4137 1.16
4137 25.44
4137 18.04
4138 14.48
4138 1.16
4138 25.44
4138 18.04
4139 14.48
4139 1.16
4139 25.44
4139 18.04
4140 14.48
4140 1.16
4140 25.44
4140 18.04
4141 14.48
4141 1.16
4141 25.44
4141 18.04
4142 14.48
4142 1.16
4142 25.44
4142 18.04
4143 14.48
4143 1.16
4143 25.44
4143 18.04
4144 14.48
4144 1.16
4144 25.44
4144 18.04
4145 14.48
4145 1.16
4145 25.44
4145 18.04
4146 14.48
4146 1.16
4146 25.44
4146 18.04
4147 14.48
4147 1.16
4147 25.44
4147 18.04
4148 14.48
4148 1.16
4148 25.44
4148 18.04
4149 14.48
4149 1.16
4149 25.44
4149 18.04
4150 14.48
4150 1.16
4150 25.44
4150 18.04
4151 14.48
4151 1.16
4151 25.44
4151 18.04
4152 14.48
4152 1.16
4152 25.44
4152 18.04
4153 14.48
4153 1.16
4153 25.44
4153 18.04
4154 14.48
4154 1.16
4154 25.44
4154 18.04
4155 14.48
4155 1.16
4155 25.44
4155 18.04
4156 14.48
4156 1.16
4156 25.44
4156 18.04
4157 14.48
4157 1.16
4157 25.44
4157 18.04
4158 14.48
4158 1.16
4158 25.44
4158 18.04
4159 14.48
4159 1.16
4159 25.44
4159 18.04
4160 14.48
4160 1.16
4160 25.44
4160 18.04
4161 14.48
4161 1.16
4161 25.44
4161 18.04
4162 14.48
4162 1.16
4162 25.44
4162 18.04
4163 14.48
4163 1.16
4163 25.44
4163 18.04
4164 14.48
4164 1.16
4164 25.44
4164 18.04
4165 14.48
4165 1.16
4165 25.44
4165 18.04
4166 14.48
4166 1.16
4166 25.44
4166 18.04
4167 14.48
4167 1.16
4167 25.44
4167 18.04
4168 14.48
4168 1.16
4168 25.44
4168 18.04
4169 14.48
4169 1.16
4169 25.44
4169 18.04
4170 14.48
4170 1.16
4170 25.44
4170 18.04
4171 14.48
4171 1.16
4171 25.44
4171 18.04
4172 14.48
4172 1.16
4172 25.44
4172 18.04
4173 14.48
4173 1.16
4173 25.44
4173 18.04
4308 14.48
4308 1.16
4308 25.44
4308 18.04
4309 14.48
4309 1.16
4309 25.44
4309 18.04
4310 14.48
4310 1.16
4310 25.44
4310 18.04
4311 14.48
4311 1.16
4311 25.44
4311 18.04
4312 14.48
4312 1.16
4312 25.44
4312 18.04
4313 14.48
4313 1.16
4313 25.44
4313 18.04
4314 14.48
4314 1.16
4314 25.44
4314 18.04
4315 14.48
4315 1.16
4315 25.44
4315 18.04
4316 14.48
4316 1.16
4316 25.44
4316 18.04
4317 14.48
4317 1.16
4317 25.44
4317 18.04
4318 14.48
4318 1.16
4318 25.44
4318 18.04
4319 14.48
4319 1.16
4319 25.44
4319 18.04
4320 14.48
4320 1.16
4320 25.44
4320 18.04
4321 14.48
4321 1.16
4321 25.44
4321 18.04
4322 14.48
4322 1.16
4322 25.44
4322 18.04
4323 14.48
4323 1.16
4323 25.44
4323 18.04
4324 14.48
4324 1.16
4324 25.44
4324 18.04
4325 14.48
4325 1.16
4325 25.44
4325 18.04
4326 14.48
4326 1.16
4326 25.44
4326 18.04
4327 14.48
4327 1.16
4327 25.44
4327 18.04
4328 14.48
4328 1.16
4328 25.44
4328 18.04
4329 14.48
4329 1.16
4329 25.44
4329 18.04
4330 14.48
4330 1.16
4330 25.44
4330 18.04
4331 14.48
4331 1.16
4331 25.44
4331 18.04
4332 14.48
4332 1.16
4332 25.44
4332 18.04
4333 14.48
4333 1.16
4333 25.44
4333 18.04
4334 14.48
4334 1.16
4334 25.44
4334 18.04
4335 14.48
4335 1.16
4335 25.44
4335 18.04
4336 14.48
4336 1.16
4336 25.44
4336 18.04
4337 14.48
4337 1.16
4337 25.44
4337 18.04
4338 14.48
4338 1.16
4338 25.44
4338 18.04
4339 14.48
4339 1.16
4339 25.44
4339 18.04
4340 14.48
4340 1.16
4340 25.44
4340 18.04
4341 14.48
4341 1.16
4341 25.44
4341 18.04
4342 14.48
4342 1.16
4342 25.44
4342 18.04
4343 14.48
4343 1.16
4343 25.44
4343 18.04
4481 14.48
4481 1.16
4481 25.44
4481 18.04
4482 14.48
4482 1.16
4482 25.44
4482 18.04
4483 14.48
4483 1.16
4483 25.44
4483 18.04
4484 14.48
4484 1.16
4484 25.44
4484 18.04
4485 14.48
4485 1.16
4485 25.44
4485 18.04
4486 14.48
4486 1.16
4486 25.44
4486 18.04
4487 14.48
4487 1.16
4487 25.44
4487 18.04
4488 14.48
4488 1.16
4488 25.44
4488 18.04
4489 14.48
4489 1.16
4489 25.44
4489 18.04
4490 14.48
4490 1.16
4490 25.44
4490 18.04
4491 14.48
4491 1.16
4491 25.44
4491 18.04
4492 14.48
4492 1.16
4492 25.44
4492 18.04
4493 14.48
4493 1.16
4493 25.44
4493 18.04
4494 14.48
4494 1.16
4494 25.44
4494 18.04
4495 14.48
4495 1.16
4495 25.44
4495 18.04
4496 14.48
4496 1.16
4496 25.44
4496 18.04
4497 14.48
4497 1.16
4497 25.44
4497 18.04
4498 14.48
4498 1.16
4498 25.44
4498 18.04
4499 14.48
4499 1.16
4499 25.44
4499 18.04
4500 14.48
4500 1.16
4500 25.44
4500 18.04
4501 14.48
4501 1.16
4501 25.44
4501 18.04
4502 14.48
4502 1.16
4502 25.44
4502 18.04
4503 14.48
4503 1.16
4503 25.44
4503 18.04
4504 14.48
4504 1.16
4504 25.44
4504 18.04
4505 14.48
4505 1.16
4505 25.44
4505 18.04
4506 14.48
4506 1.16
4506 25.44
4506 18.04
4507 14.48
4507 1.16
4507 25.44
4507 18.04
4508 14.48
4508 1.16
4508 25.44
4508 18.04
4509 14.48
4509 1.16
4509 25.44
4509 18.04
4510 14.48
4510 1.16
4510 25.44
4510 18.04
4511 14.48
4511 1.16
4511 25.44
4511 18.04
4654 14.48
4654 1.16
4654 25.44
4654 18.04
4655 14.48
4655 1.16
4655 25.44
4655 18.04
4656 14.48
4656 1.16
4656 25.44
4656 18.04
4657 14.48
4657 1.16
4657 25.44
4657 18.04
4658 14.48
4658 1.16
4658 25.44
4658 18.04
4659 14.48
4659 1.16
4659 25.44
4659 18.04
4660 14.48
4660 1.16
4660 25.44
4660 18.04
4661 14.48
4661 1.16
4661 25.44
4661 18.04
4662 14.48
4662 1.16
4662 25.44
4662 18.04
4663 14.48
4663 1.16
4663 25.44
4663 18.04
4664 14.48
4664 1.16
4664 25.44
4664 18.04
4665 14.48
4665 1.16
4665 25.44
4665 18.04
4666 14.48
4666 1.16
4666 25.44
4666 18.04
4667 14.48
4667 1.16
4667 25.44
4667 18.04
4668 14.48
4668 1.16
4668 25.44
4668 18.04
4669 14.48
4669 1.16
4669 25.44
4669 18.04
4670 14.48
4670 1.16
4670 25.44
4670 18.04
4671 14.48
4671 1.16
4671 25.44
4671 18.04
4672 14.48
4672 1.16
4672 25.44
4672 18.04
4673 14.48
4673 1.16
4673 25.44
4673 18.04
4674 14.48
4674 1.16
4674 25.44
4674 18.04
4675 14.48
4675 1.16
4675 25.44
4675 18.04
4676 14.48
4676 1.16
4676 25.44
4676 18.04
4677 14.48
4677 1.16
4677 25.44
4677 18.04
4825 14.48
4825 1.16
4825 25.44
4825 18.04
4826 14.48
4826 1.16
4826 25.44
4826 18.04
4827 14.48
4827 1.16
4827 25.44
4827 18.04
4828 14.48
4828 1.16
4828 25.44
4828 18.04
4829 14.48
4829 1.16
4829 25.44
4829 18.04
4830 14.48
4830 1.16
4830 25.44
4830 18.04
4831 14.48
4831 1.16
4831 25.44
4831 18.04
4832 14.48
4832 1.16
4832 25.44
4832 18.04
4833 14.48
4833 1.16
4833 25.44
4833 18.04
4834 14.48
4834 1.16
4834 25.44
4834 18.04
4835 14.48
4835 1.16
4835 25.44
4835 18.04
4836 14.48
4836 1.16
4836 25.44
4836 18.04
4837 14.48
4837 1.16
4837 25.44
4837 18.04
4838 14.48
4838 1.16
4838 25.44
4838 18.04
4839 14.48
4839 1.16
4839 25.44
4839 18.04
4840 14.48
4840 1.16
4840 25.44
4840 18.04
