pt_graph shape
10073 1
10073 1
10073 1
10073 1
10074 1
10074 1
10074 1
10074 1
10075 1
10075 1
10075 1
10075 1
10199 1
10199 1
10199 1
10199 1
10200 1
10200 1
10200 1
10200 1
10201 1
10201 1
10201 1
10201 1
10322 1
10322 1
10322 1
10322 1
10323 1
10323 1
10323 1
10323 1
10324 1
10324 1
10324 1
10324 1
10325 1
10325 1
10325 1
10325 1
10444 1
10444 1
10444 1
10444 1
10445 1
10445 1
10445 1
10445 1
10446 1
10446 1
10446 1
10446 1
10447 1
10447 1
10447 1
10447 1
10448 1
10448 1
10448 1
10448 1
10558 1
10558 1
10558 1
10558 1
10559 1
10559 1
10559 1
10559 1
10560 1
10560 1
10560 1
10560 1
10561 1
10561 1
10561 1
10561 1
10562 1
10562 1
10562 1
10562 1
10563 1
10563 1
10563 1
10563 1
10661 1
10661 1
10661 1
10661 1
10662 1
10662 1
10662 1
10662 1
10663 1
10663 1
10663 1
10663 1
10664 1
10664 1
10664 1
10664 1
10665 1
10665 1
10665 1
10665 1
10666 1
10666 1
10666 1
10666 1
10667 1
10667 1
10667 1
10667 1
10668 1
10668 1
10668 1
10668 1
10669 1
10669 1
10669 1
10669 1
10670 1
10670 1
10670 1
10670 1
10757 1
10757 1
10757 1
10757 1
10758 1
10758 1
10758 1
10758 1
10760 1
10760 1
10760 1
10760 1
10761 1
10761 1
10761 1
10761 1
10762 1
10762 1
10762 1
10762 1
10763 1
10763 1
10763 1
10763 1
10764 1
10764 1
10764 1
10764 1
10765 1
10765 1
10765 1
10765 1
10766 1
10766 1
10766 1
10766 1
10767 1
10767 1
10767 1
10767 1
10768 1
10768 1
10768 1
10768 1
10769 1
10769 1
10769 1
10769 1
10770 1
10770 1
10770 1
10770 1
10859 1
10859 1
10859 1
10859 1
10860 1
10860 1
10860 1
10860 1
10861 1
10861 1
10861 1
10861 1
10862 1
10862 1
10862 1
10862 1
10863 1
10863 1
10863 1
10863 1
10864 1
10864 1
10864 1
10864 1
10865 1
10865 1
10865 1
10865 1
10866 1
10866 1
10866 1
10866 1
10867 1
10867 1
10867 1
10867 1
10868 1
10868 1
10868 1
10868 1
10869 1
10869 1
10869 1
10869 1
10870 1
10870 1
10870 1
10870 1
10871 1
10871 1
10871 1
10871 1
10960 1
10960 1
10960 1
10960 1
10961 1
10961 1
10961 1
10961 1
10962 1
10962 1
10962 1
10962 1
10963 1
10963 1
10963 1
10963 1
10964 1
10964 1
10964 1
10964 1
10965 1
10965 1
10965 1
10965 1
10966 1
10966 1
10966 1
10966 1
10967 1
10967 1
10967 1
10967 1
10968 1
10968 1
10968 1
10968 1
10969 1
10969 1
10969 1
10969 1
10970 1
10970 1
10970 1
10970 1
10971 1
10971 1
10971 1
10971 1
10972 1
10972 1
10972 1
10972 1
11059 1
11059 1
11059 1
11059 1
11060 1
11060 1
11060 1
11060 1
11061 1
11061 1
11061 1
11061 1
11062 1
11062 1
11062 1
11062 1
11063 1
11063 1
11063 1
11063 1
11064 1
11064 1
11064 1
11064 1
11065 1
11065 1
11065 1
11065 1
11066 1
11066 1
11066 1
11066 1
11067 1
11067 1
11067 1
11067 1
11068 1
11068 1
11068 1
11068 1
11069 1
11069 1
11069 1
11069 1
11070 1
11070 1
11070 1
11070 1
11071 1
11071 1
11071 1
11071 1
11072 1
11072 1
11072 1
11072 1
11073 1
11073 1
11073 1
11073 1
11074 1
11074 1
11074 1
11074 1
11075 1
11075 1
11075 1
11075 1
11076 1
11076 1
11076 1
11076 1
11165 1
11165 1
11165 1
11165 1
11166 1
11166 1
11166 1
11166 1
11167 1
11167 1
11167 1
11167 1
11168 1
11168 1
11168 1
11168 1
11169 1
11169 1
11169 1
11169 1
11170 1
11170 1
11170 1
11170 1
11171 1
11171 1
11171 1
11171 1
11172 1
11172 1
11172 1
11172 1
11173 1
11173 1
11173 1
11173 1
11174 1
11174 1
11174 1
11174 1
11175 1
11175 1
11175 1
11175 1
11176 1
11176 1
11176 1
11176 1
11177 1
11177 1
11177 1
11177 1
11178 1
11178 1
11178 1
11178 1
11179 1
11179 1
11179 1
11179 1
11180 1
11180 1
11180 1
11180 1
11181 1
11181 1
11181 1
11181 1
11273 1
11273 1
11273 1
11273 1
11274 1
11274 1
11274 1
11274 1
11275 1
11275 1
11275 1
11275 1
11276 1
11276 1
11276 1
11276 1
11277 1
11277 1
11277 1
11277 1
11278 1
11278 1
11278 1
11278 1
11279 1
11279 1
11279 1
11279 1
11280 1
11280 1
11280 1
11280 1
11281 1
11281 1
11281 1
11281 1
11282 1
11282 1
11282 1
11282 1
11283 1
11283 1
11283 1
11283 1
11284 1
11284 1
11284 1
11284 1
11285 1
11285 1
11285 1
11285 1
11286 1
11286 1
11286 1
11286 1
11287 1
11287 1
11287 1
11287 1
11288 1
11288 1
11288 1
11288 1
11289 1
11289 1
11289 1
11289 1
11290 1
11290 1
11290 1
11290 1
11378 1
11378 1
11378 1
11378 1
11379 1
11379 1
11379 1
11379 1
11380 1
11380 1
11380 1
11380 1
11381 1
11381 1
11381 1
11381 1
11382 1
11382 1
11382 1
11382 1
11383 1
11383 1
11383 1
11383 1
11384 1
11384 1
11384 1
11384 1
11385 1
11385 1
11385 1
11385 1
11386 1
11386 1
11386 1
11386 1
11387 1
11387 1
11387 1
11387 1
11388 1
11388 1
11388 1
11388 1
11389 1
11389 1
11389 1
11389 1
11390 1
11390 1
11390 1
11390 1
11391 1
11391 1
11391 1
11391 1
11392 1
11392 1
11392 1
11392 1
11393 1
11393 1
11393 1
11393 1
11394 1
11394 1
11394 1
11394 1
11395 1
11395 1
11395 1
11395 1
11396 1
11396 1
11396 1
11396 1
11397 1
11397 1
11397 1
11397 1
11398 1
11398 1
11398 1
11398 1
11399 1
11399 1
11399 1
11399 1
11488 1
11488 1
11488 1
11488 1
11489 1
11489 1
11489 1
11489 1
11490 1
11490 1
11490 1
11490 1
11491 1
11491 1
11491 1
11491 1
11492 1
11492 1
11492 1
11492 1
11493 1
11493 1
11493 1
11493 1
11494 1
11494 1
11494 1
11494 1
11495 1
11495 1
11495 1
11495 1
11496 1
11496 1
11496 1
11496 1
11497 1
11497 1
11497 1
11497 1
11498 1
11498 1
11498 1
11498 1
11499 1
11499 1
11499 1
11499 1
11500 1
11500 1
11500 1
11500 1
11501 1
11501 1
11501 1
11501 1
11502 1
11502 1
11502 1
11502 1
11503 1
11503 1
11503 1
11503 1
11504 1
11504 1
11504 1
11504 1
11505 1
11505 1
11505 1
11505 1
11506 1
11506 1
11506 1
11506 1
11507 1
11507 1
11507 1
11507 1
11508 1
11508 1
11508 1
11508 1
11509 1
11509 1
11509 1
11509 1
11593 1
11593 1
11593 1
11593 1
11594 1
11594 1
11594 1
11594 1
11595 1
11595 1
11595 1
11595 1
11596 1
11596 1
11596 1
11596 1
11597 1
11597 1
11597 1
11597 1
11598 1
11598 1
11598 1
11598 1
11599 1
11599 1
11599 1
11599 1
11600 1
11600 1
11600 1
11600 1
11601 1
11601 1
11601 1
11601 1
11602 1
11602 1
11602 1
11602 1
11603 1
11603 1
11603 1
11603 1
11604 1
11604 1
11604 1
11604 1
11605 1
11605 1
11605 1
11605 1
11606 1
11606 1
11606 1
11606 1
11607 1
11607 1
11607 1
11607 1
11608 1
11608 1
11608 1
11608 1
11609 1
11609 1
11609 1
11609 1
11610 1
11610 1
11610 1
11610 1
11611 1
11611 1
11611 1
11611 1
11612 1
11612 1
11612 1
11612 1
11613 1
11613 1
11613 1
11613 1
11614 1
11614 1
11614 1
11614 1
11615 1
11615 1
11615 1
11615 1
11616 1
11616 1
11616 1
11616 1
11617 1
11617 1
11617 1
11617 1
11618 1
11618 1
11618 1
11618 1
11619 1
11619 1
11619 1
11619 1
11703 1
11703 1
11703 1
11703 1
11704 1
11704 1
11704 1
11704 1
11705 1
11705 1
11705 1
11705 1
11706 1
11706 1
11706 1
11706 1
11707 1
11707 1
11707 1
11707 1
11708 1
11708 1
11708 1
11708 1
11709 1
11709 1
11709 1
11709 1
11710 1
11710 1
11710 1
11710 1
11711 1
11711 1
11711 1
11711 1
11712 1
11712 1
11712 1
11712 1
11713 1
11713 1
11713 1
11713 1
11714 1
11714 1
11714 1
11714 1
11715 1
11715 1
11715 1
11715 1
11716 1
11716 1
11716 1
11716 1
11717 1
11717 1
11717 1
11717 1
11718 1
11718 1
11718 1
11718 1
11719 1
11719 1
11719 1
11719 1
11720 1
11720 1
11720 1
11720 1
11721 1
11721 1
11721 1
11721 1
11722 1
11722 1
11722 1
11722 1
11723 1
11723 1
11723 1
11723 1
11724 1
11724 1
11724 1
11724 1
11725 1
11725 1
11725 1
11725 1
11726 1
11726 1
11726 1
11726 1
11727 1
11727 1
11727 1
11727 1
11728 1
11728 1
11728 1
11728 1
11809 1
11809 1
11809 1
11809 1
11810 1
11810 1
11810 1
11810 1
11811 1
11811 1
11811 1
11811 1
11812 1
11812 1
11812 1
11812 1
11813 1
11813 1
11813 1
11813 1
11814 1
11814 1
11814 1
11814 1
11815 1
11815 1
11815 1
11815 1
11816 1
11816 1
11816 1
11816 1
11817 1
11817 1
11817 1
11817 1
11818 1
11818 1
11818 1
11818 1
11819 1
11819 1
11819 1
11819 1
11820 1
11820 1
11820 1
11820 1
11821 1
11821 1
11821 1
11821 1
11822 1
11822 1
11822 1
11822 1
11823 1
11823 1
11823 1
11823 1
11824 1
11824 1
11824 1
11824 1
11825 1
11825 1
11825 1
11825 1
11826 1
11826 1
11826 1
11826 1
11827 1
11827 1
11827 1
11827 1
11828 1
11828 1
11828 1
11828 1
11829 1
11829 1
11829 1
11829 1
11830 1
11830 1
11830 1
11830 1
11831 1
11831 1
11831 1
11831 1
11832 1
11832 1
11832 1
11832 1
11833 1
11833 1
11833 1
11833 1
11834 1
11834 1
11834 1
11834 1
11835 1
11835 1
11835 1
11835 1
11836 1
11836 1
11836 1
11836 1
11837 1
11837 1
11837 1
11837 1
11838 1
11838 1
11838 1
11838 1
11918 1
11918 1
11918 1
11918 1
11919 1
11919 1
11919 1
11919 1
11920 1
11920 1
11920 1
11920 1
11921 1
11921 1
11921 1
11921 1
11922 1
11922 1
11922 1
11922 1
11923 1
11923 1
11923 1
11923 1
11924 1
11924 1
11924 1
11924 1
11925 1
11925 1
11925 1
11925 1
11926 1
11926 1
11926 1
11926 1
11927 1
11927 1
11927 1
11927 1
11928 1
11928 1
11928 1
11928 1
11929 1
11929 1
11929 1
11929 1
11930 1
11930 1
11930 1
11930 1
11931 1
11931 1
11931 1
11931 1
11932 1
11932 1
11932 1
11932 1
11933 1
11933 1
11933 1
11933 1
11934 1
11934 1
11934 1
11934 1
11935 1
11935 1
11935 1
11935 1
11936 1
11936 1
11936 1
11936 1
11937 1
11937 1
11937 1
11937 1
11938 1
11938 1
11938 1
11938 1
11939 1
11939 1
11939 1
11939 1
11940 1
11940 1
11940 1
11940 1
11941 1
11941 1
11941 1
11941 1
11942 1
11942 1
11942 1
11942 1
11943 1
11943 1
11943 1
11943 1
11944 1
11944 1
11944 1
11944 1
11945 1
11945 1
11945 1
11945 1
11946 1
11946 1
11946 1
11946 1
11947 1
11947 1
11947 1
11947 1
11948 1
11948 1
11948 1
11948 1
12027 1
12027 1
12027 1
12027 1
12028 1
12028 1
12028 1
12028 1
12029 1
12029 1
12029 1
12029 1
12030 1
12030 1
12030 1
12030 1
12031 1
12031 1
12031 1
12031 1
12032 1
12032 1
12032 1
12032 1
12033 1
12033 1
12033 1
12033 1
12034 1
12034 1
12034 1
12034 1
12035 1
12035 1
12035 1
12035 1
12036 1
12036 1
12036 1
12036 1
12037 1
12037 1
12037 1
12037 1
12038 1
12038 1
12038 1
12038 1
12039 1
12039 1
12039 1
12039 1
12040 1
12040 1
12040 1
12040 1
12041 1
12041 1
12041 1
12041 1
12042 1
12042 1
12042 1
12042 1
12043 1
12043 1
12043 1
12043 1
12044 1
12044 1
12044 1
12044 1
12045 1
12045 1
12045 1
12045 1
12046 1
12046 1
12046 1
12046 1
12047 1
12047 1
12047 1
12047 1
12048 1
12048 1
12048 1
12048 1
12049 1
12049 1
12049 1
12049 1
12050 1
12050 1
12050 1
12050 1
12051 1
12051 1
12051 1
12051 1
12052 1
12052 1
12052 1
12052 1
12053 1
12053 1
12053 1
12053 1
12054 1
12054 1
12054 1
12054 1
12055 1
12055 1
12055 1
12055 1
12056 1
12056 1
12056 1
12056 1
12130 1
12130 1
12130 1
12130 1
12131 1
12131 1
12131 1
12131 1
12132 1
12132 1
12132 1
12132 1
12133 1
12133 1
12133 1
12133 1
12134 1
12134 1
12134 1
12134 1
12135 1
12135 1
12135 1
12135 1
12136 1
12136 1
12136 1
12136 1
12137 1
12137 1
12137 1
12137 1
12138 1
12138 1
12138 1
12138 1
12139 1
12139 1
12139 1
12139 1
12140 1
12140 1
12140 1
12140 1
12141 1
12141 1
12141 1
12141 1
12142 1
12142 1
12142 1
12142 1
12143 1
12143 1
12143 1
12143 1
12144 1
12144 1
12144 1
12144 1
12145 1
12145 1
12145 1
12145 1
12146 1
12146 1
12146 1
12146 1
12147 1
12147 1
12147 1
12147 1
12148 1
12148 1
12148 1
12148 1
12149 1
12149 1
12149 1
12149 1
12150 1
12150 1
12150 1
12150 1
12151 1
12151 1
12151 1
12151 1
12152 1
12152 1
12152 1
12152 1
12153 1
12153 1
12153 1
12153 1
12154 1
12154 1
12154 1
12154 1
12155 1
12155 1
12155 1
12155 1
12156 1
12156 1
12156 1
12156 1
12157 1
12157 1
12157 1
12157 1
12158 1
12158 1
12158 1
12158 1
12159 1
12159 1
12159 1
12159 1
12160 1
12160 1
12160 1
12160 1
12161 1
12161 1
12161 1
12161 1
12162 1
12162 1
12162 1
12162 1
12163 1
12163 1
12163 1
12163 1
12164 1
12164 1
12164 1
12164 1
12238 1
12238 1
12238 1
12238 1
12239 1
12239 1
12239 1
12239 1
12240 1
12240 1
12240 1
12240 1
12241 1
12241 1
12241 1
12241 1
12242 1
12242 1
12242 1
12242 1
12243 1
12243 1
12243 1
12243 1
12244 1
12244 1
12244 1
12244 1
12245 1
12245 1
12245 1
12245 1
12246 1
12246 1
12246 1
12246 1
12247 1
12247 1
12247 1
12247 1
12248 1
12248 1
12248 1
12248 1
12249 1
12249 1
12249 1
12249 1
12250 1
12250 1
12250 1
12250 1
12251 1
12251 1
12251 1
12251 1
12252 1
12252 1
12252 1
12252 1
12253 1
12253 1
12253 1
12253 1
12254 1
12254 1
12254 1
12254 1
12255 1
12255 1
12255 1
12255 1
12256 1
12256 1
12256 1
12256 1
12257 1
12257 1
12257 1
12257 1
12258 1
12258 1
12258 1
12258 1
12259 1
12259 1
12259 1
12259 1
12260 1
12260 1
12260 1
12260 1
12261 1
12261 1
12261 1
12261 1
12262 1
12262 1
12262 1
12262 1
12263 1
12263 1
12263 1
12263 1
12264 1
12264 1
12264 1
12264 1
12265 1
12265 1
12265 1
12265 1
12266 1
12266 1
12266 1
12266 1
12267 1
12267 1
12267 1
12267 1
12268 1
12268 1
12268 1
12268 1
12269 1
12269 1
12269 1
12269 1
12270 1
12270 1
12270 1
12270 1
12271 1
12271 1
12271 1
12271 1
12344 1
12344 1
12344 1
12344 1
12345 1
12345 1
12345 1
12345 1
12346 1
12346 1
12346 1
12346 1
12347 1
12347 1
12347 1
12347 1
12348 1
12348 1
12348 1
12348 1
12349 1
12349 1
12349 1
12349 1
12350 1
12350 1
12350 1
12350 1
12351 1
12351 1
12351 1
12351 1
12352 1
12352 1
12352 1
12352 1
12353 1
12353 1
12353 1
12353 1
12354 1
12354 1
12354 1
12354 1
12355 1
12355 1
12355 1
12355 1
12356 1
12356 1
12356 1
12356 1
12357 1
12357 1
12357 1
12357 1
12358 1
12358 1
12358 1
12358 1
12359 1
12359 1
12359 1
12359 1
12360 1
12360 1
12360 1
12360 1
12361 1
12361 1
12361 1
12361 1
12362 1
12362 1
12362 1
12362 1
12363 1
12363 1
12363 1
12363 1
12364 1
12364 1
12364 1
12364 1
12365 1
12365 1
12365 1
12365 1
12366 1
12366 1
12366 1
12366 1
12367 1
12367 1
12367 1
12367 1
12368 1
12368 1
12368 1
12368 1
12369 1
12369 1
12369 1
12369 1
12370 1
12370 1
12370 1
12370 1
12371 1
12371 1
12371 1
12371 1
12372 1
12372 1
12372 1
12372 1
12373 1
12373 1
12373 1
12373 1
12374 1
12374 1
12374 1
12374 1
12375 1
12375 1
12375 1
12375 1
12376 1
12376 1
12376 1
12376 1
12377 1
12377 1
12377 1
12377 1
12378 1
12378 1
12378 1
12378 1
12379 1
12379 1
12379 1
12379 1
12380 1
12380 1
12380 1
12380 1
12453 1
12453 1
12453 1
12453 1
12454 1
12454 1
12454 1
12454 1
12455 1
12455 1
12455 1
12455 1
12456 1
12456 1
12456 1
12456 1
12457 1
12457 1
12457 1
12457 1
12458 1
12458 1
12458 1
12458 1
12459 1
12459 1
12459 1
12459 1
12460 1
12460 1
12460 1
12460 1
12461 1
12461 1
12461 1
12461 1
12462 1
12462 1
12462 1
12462 1
12463 1
12463 1
12463 1
12463 1
12464 1
12464 1
12464 1
12464 1
12465 1
12465 1
12465 1
12465 1
12466 1
12466 1
12466 1
12466 1
12467 1
12467 1
12467 1
12467 1
12468 1
12468 1
12468 1
12468 1
12469 1
12469 1
12469 1
12469 1
12470 1
12470 1
12470 1
12470 1
12471 1
12471 1
12471 1
12471 1
12472 1
12472 1
12472 1
12472 1
12473 1
12473 1
12473 1
12473 1
12474 1
12474 1
12474 1
12474 1
12475 1
12475 1
12475 1
12475 1
12476 1
12476 1
12476 1
12476 1
12477 1
12477 1
12477 1
12477 1
12478 1
12478 1
12478 1
12478 1
12479 1
12479 1
12479 1
12479 1
12480 1
12480 1
12480 1
12480 1
12481 1
12481 1
12481 1
12481 1
12482 1
12482 1
12482 1
12482 1
12483 1
12483 1
12483 1
12483 1
12484 1
12484 1
12484 1
12484 1
12485 1
12485 1
12485 1
12485 1
12486 1
12486 1
12486 1
12486 1
12487 1
12487 1
12487 1
12487 1
12488 1
12488 1
12488 1
12488 1
12558 1
12558 1
12558 1
12558 1
12559 1
12559 1
12559 1
12559 1
12560 1
12560 1
12560 1
12560 1
12561 1
12561 1
12561 1
12561 1
12562 1
12562 1
12562 1
12562 1
12563 1
12563 1
12563 1
12563 1
12564 1
12564 1
12564 1
12564 1
12565 1
12565 1
12565 1
12565 1
12566 1
12566 1
12566 1
12566 1
12567 1
12567 1
12567 1
12567 1
12568 1
12568 1
12568 1
12568 1
12569 1
12569 1
12569 1
12569 1
12570 1
12570 1
12570 1
12570 1
12571 1
12571 1
12571 1
12571 1
12572 1
12572 1
12572 1
12572 1
12573 1
12573 1
12573 1
12573 1
12574 1
12574 1
12574 1
12574 1
12575 1
12575 1
12575 1
12575 1
12576 1
12576 1
12576 1
12576 1
12577 1
12577 1
12577 1
12577 1
12578 1
12578 1
12578 1
12578 1
12579 1
12579 1
12579 1
12579 1
12580 1
12580 1
12580 1
12580 1
12581 1
12581 1
12581 1
12581 1
12582 1
12582 1
12582 1
12582 1
12583 1
12583 1
12583 1
12583 1
12584 1
12584 1
12584 1
12584 1
12585 1
12585 1
12585 1
12585 1
12586 1
12586 1
12586 1
12586 1
12587 1
12587 1
12587 1
12587 1
12588 1
12588 1
12588 1
12588 1
12589 1
12589 1
12589 1
12589 1
12590 1
12590 1
12590 1
12590 1
12591 1
12591 1
12591 1
12591 1
12592 1
12592 1
12592 1
12592 1
12593 1
12593 1
12593 1
12593 1
12594 1
12594 1
12594 1
12594 1
12595 1
12595 1
12595 1
12595 1
12596 1
12596 1
12596 1
12596 1
12597 1
12597 1
12597 1
12597 1
12666 1
12666 1
12666 1
12666 1
12667 1
12667 1
12667 1
12667 1
12668 1
12668 1
12668 1
12668 1
12669 1
12669 1
12669 1
12669 1
12670 1
12670 1
12670 1
12670 1
12671 1
12671 1
12671 1
12671 1
12672 1
12672 1
12672 1
12672 1
12673 1
12673 1
12673 1
12673 1
12674 1
12674 1
12674 1
12674 1
12675 1
12675 1
12675 1
12675 1
12676 1
12676 1
12676 1
12676 1
12677 1
12677 1
12677 1
12677 1
12678 1
12678 1
12678 1
12678 1
12679 1
12679 1
12679 1
12679 1
12680 1
12680 1
12680 1
12680 1
12681 1
12681 1
12681 1
12681 1
12682 1
12682 1
12682 1
12682 1
12683 1
12683 1
12683 1
12683 1
12684 1
12684 1
12684 1
12684 1
12685 1
12685 1
12685 1
12685 1
12686 1
12686 1
12686 1
12686 1
12687 1
12687 1
12687 1
12687 1
12688 1
12688 1
12688 1
12688 1
12689 1
12689 1
12689 1
12689 1
12690 1
12690 1
12690 1
12690 1
12691 1
12691 1
12691 1
12691 1
12692 1
12692 1
12692 1
12692 1
12693 1
12693 1
12693 1
12693 1
12694 1
12694 1
12694 1
12694 1
12695 1
12695 1
12695 1
12695 1
12696 1
12696 1
12696 1
12696 1
12697 1
12697 1
12697 1
12697 1
12698 1
12698 1
12698 1
12698 1
12699 1
12699 1
12699 1
12699 1
12700 1
12700 1
12700 1
12700 1
12701 1
12701 1
12701 1
12701 1
12702 1
12702 1
12702 1
12702 1
12703 1
12703 1
12703 1
12703 1
12704 1
12704 1
12704 1
12704 1
12705 1
12705 1
12705 1
12705 1
12771 1
12771 1
12771 1
12771 1
12772 1
12772 1
12772 1
12772 1
12773 1
12773 1
12773 1
12773 1
12774 1
12774 1
12774 1
12774 1
12775 1
12775 1
12775 1
12775 1
12776 1
12776 1
12776 1
12776 1
12777 1
12777 1
12777 1
12777 1
12778 1
12778 1
12778 1
12778 1
12779 1
12779 1
12779 1
12779 1
12780 1
12780 1
12780 1
12780 1
12781 1
12781 1
12781 1
12781 1
12782 1
12782 1
12782 1
12782 1
12783 1
12783 1
12783 1
12783 1
12784 1
12784 1
12784 1
12784 1
12785 1
12785 1
12785 1
12785 1
12786 1
12786 1
12786 1
12786 1
12787 1
12787 1
12787 1
12787 1
12788 1
12788 1
12788 1
12788 1
12789 1
12789 1
12789 1
12789 1
12790 1
12790 1
12790 1
12790 1
12791 1
12791 1
12791 1
12791 1
12792 1
12792 1
12792 1
12792 1
12793 1
12793 1
12793 1
12793 1
12794 1
12794 1
12794 1
12794 1
12795 1
12795 1
12795 1
12795 1
12796 1
12796 1
12796 1
12796 1
12797 1
12797 1
12797 1
12797 1
12798 1
12798 1
12798 1
12798 1
12799 1
12799 1
12799 1
12799 1
12800 1
12800 1
12800 1
12800 1
12801 1
12801 1
12801 1
12801 1
12802 1
12802 1
12802 1
12802 1
12803 1
12803 1
12803 1
12803 1
12804 1
12804 1
12804 1
12804 1
12805 1
12805 1
12805 1
12805 1
12806 1
12806 1
12806 1
12806 1
12807 1
12807 1
12807 1
12807 1
12808 1
12808 1
12808 1
12808 1
12809 1
12809 1
12809 1
12809 1
12810 1
12810 1
12810 1
12810 1
12873 1
12873 1
12873 1
12873 1
12874 1
12874 1
12874 1
12874 1
12875 1
12875 1
12875 1
12875 1
12876 1
12876 1
12876 1
12876 1
12877 1
12877 1
12877 1
12877 1
12878 1
12878 1
12878 1
12878 1
12879 1
12879 1
12879 1
12879 1
12880 1
12880 1
12880 1
12880 1
12881 1
12881 1
12881 1
12881 1
12882 1
12882 1
12882 1
12882 1
12883 1
12883 1
12883 1
12883 1
12884 1
12884 1
12884 1
12884 1
12885 1
12885 1
12885 1
12885 1
12886 1
12886 1
12886 1
12886 1
12887 1
12887 1
12887 1
12887 1
12888 1
12888 1
12888 1
12888 1
12889 1
12889 1
12889 1
12889 1
12890 1
12890 1
12890 1
12890 1
12891 1
12891 1
12891 1
12891 1
12892 1
12892 1
12892 1
12892 1
12893 1
12893 1
12893 1
12893 1
12894 1
12894 1
12894 1
12894 1
12895 1
12895 1
12895 1
12895 1
12896 1
12896 1
12896 1
12896 1
12897 1
12897 1
12897 1
12897 1
12898 1
12898 1
12898 1
12898 1
12899 1
12899 1
12899 1
12899 1
12900 1
12900 1
12900 1
12900 1
12901 1
12901 1
12901 1
12901 1
12902 1
12902 1
12902 1
12902 1
12903 1
12903 1
12903 1
12903 1
12904 1
12904 1
12904 1
12904 1
12905 1
12905 1
12905 1
12905 1
12906 1
12906 1
12906 1
12906 1
12907 1
12907 1
12907 1
12907 1
12908 1
12908 1
12908 1
12908 1
12909 1
12909 1
12909 1
12909 1
12910 1
12910 1
12910 1
12910 1
12911 1
12911 1
12911 1
12911 1
12912 1
12912 1
12912 1
12912 1
12913 1
12913 1
12913 1
12913 1
12914 1
12914 1
12914 1
12914 1
12981 1
12981 1
12981 1
12981 1
12982 1
12982 1
12982 1
12982 1
12983 1
12983 1
12983 1
12983 1
12984 1
12984 1
12984 1
12984 1
12985 1
12985 1
12985 1
12985 1
12986 1
12986 1
12986 1
12986 1
12987 1
12987 1
12987 1
12987 1
12988 1
12988 1
12988 1
12988 1
12989 1
12989 1
12989 1
12989 1
12990 1
12990 1
12990 1
12990 1
12991 1
12991 1
12991 1
12991 1
12992 1
12992 1
12992 1
12992 1
12993 1
12993 1
12993 1
12993 1
12994 1
12994 1
12994 1
12994 1
12995 1
12995 1
12995 1
12995 1
12996 1
12996 1
12996 1
12996 1
12997 1
12997 1
12997 1
12997 1
12998 1
12998 1
12998 1
12998 1
12999 1
12999 1
12999 1
12999 1
13000 1
13000 1
13000 1
13000 1
13001 1
13001 1
13001 1
13001 1
13002 1
13002 1
13002 1
13002 1
13003 1
13003 1
13003 1
13003 1
13004 1
13004 1
13004 1
13004 1
13005 1
13005 1
13005 1
13005 1
13006 1
13006 1
13006 1
13006 1
13007 1
13007 1
13007 1
13007 1
13008 1
13008 1
13008 1
13008 1
13009 1
13009 1
13009 1
13009 1
13010 1
13010 1
13010 1
13010 1
13011 1
13011 1
13011 1
13011 1
13012 1
13012 1
13012 1
13012 1
13013 1
13013 1
13013 1
13013 1
13014 1
13014 1
13014 1
13014 1
13015 1
13015 1
13015 1
13015 1
13016 1
13016 1
13016 1
13016 1
13017 1
13017 1
13017 1
13017 1
13018 1
13018 1
13018 1
13018 1
13019 1
13019 1
13019 1
13019 1
13020 1
13020 1
13020 1
13020 1
13021 1
13021 1
13021 1
13021 1
13086 1
13086 1
13086 1
13086 1
13087 1
13087 1
13087 1
13087 1
13088 1
13088 1
13088 1
13088 1
13089 1
13089 1
13089 1
13089 1
13090 1
13090 1
13090 1
13090 1
13091 1
13091 1
13091 1
13091 1
13092 1
13092 1
13092 1
13092 1
13093 1
13093 1
13093 1
13093 1
13094 1
13094 1
13094 1
13094 1
13095 1
13095 1
13095 1
13095 1
13096 1
13096 1
13096 1
13096 1
13097 1
13097 1
13097 1
13097 1
13098 1
13098 1
13098 1
13098 1
13099 1
13099 1
13099 1
13099 1
13100 1
13100 1
13100 1
13100 1
13101 1
13101 1
13101 1
13101 1
13102 1
13102 1
13102 1
13102 1
13103 1
13103 1
13103 1
13103 1
13104 1
13104 1
13104 1
13104 1
13105 1
13105 1
13105 1
13105 1
13106 1
13106 1
13106 1
13106 1
13107 1
13107 1
13107 1
13107 1
13108 1
13108 1
13108 1
13108 1
13109 1
13109 1
13109 1
13109 1
13110 1
13110 1
13110 1
13110 1
13111 1
13111 1
13111 1
13111 1
13112 1
13112 1
13112 1
13112 1
13113 1
13113 1
13113 1
13113 1
13114 1
13114 1
13114 1
13114 1
13115 1
13115 1
13115 1
13115 1
13116 1
13116 1
13116 1
13116 1
13117 1
13117 1
13117 1
13117 1
13118 1
13118 1
13118 1
13118 1
13119 1
13119 1
13119 1
13119 1
13120 1
13120 1
13120 1
13120 1
13121 1
13121 1
13121 1
13121 1
13122 1
13122 1
13122 1
13122 1
13123 1
13123 1
13123 1
13123 1
13124 1
13124 1
13124 1
13124 1
13125 1
13125 1
13125 1
13125 1
13126 1
13126 1
13126 1
13126 1
13127 1
13127 1
13127 1
13127 1
13128 1
13128 1
13128 1
13128 1
13197 1
13197 1
13197 1
13197 1
13198 1
13198 1
13198 1
13198 1
13199 1
13199 1
13199 1
13199 1
13200 1
13200 1
13200 1
13200 1
13201 1
13201 1
13201 1
13201 1
13202 1
13202 1
13202 1
13202 1
13203 1
13203 1
13203 1
13203 1
13204 1
13204 1
13204 1
13204 1
13205 1
13205 1
13205 1
13205 1
13206 1
13206 1
13206 1
13206 1
13207 1
13207 1
13207 1
13207 1
13208 1
13208 1
13208 1
13208 1
13209 1
13209 1
13209 1
13209 1
13210 1
13210 1
13210 1
13210 1
13211 1
13211 1
13211 1
13211 1
13212 1
13212 1
13212 1
13212 1
13213 1
13213 1
13213 1
13213 1
13214 1
13214 1
13214 1
13214 1
13215 1
13215 1
13215 1
13215 1
13216 1
13216 1
13216 1
13216 1
13217 1
13217 1
13217 1
13217 1
13218 1
13218 1
13218 1
13218 1
13219 1
13219 1
13219 1
13219 1
13220 1
13220 1
13220 1
13220 1
13221 1
13221 1
13221 1
13221 1
13222 1
13222 1
13222 1
13222 1
13223 1
13223 1
13223 1
13223 1
13224 1
13224 1
13224 1
13224 1
13225 1
13225 1
13225 1
13225 1
13226 1
13226 1
13226 1
13226 1
13227 1
13227 1
13227 1
13227 1
13228 1
13228 1
13228 1
13228 1
13229 1
13229 1
13229 1
13229 1
13230 1
13230 1
13230 1
13230 1
13231 1
13231 1
13231 1
13231 1
13232 1
13232 1
13232 1
13232 1
13233 1
13233 1
13233 1
13233 1
13234 1
13234 1
13234 1
13234 1
13235 1
13235 1
13235 1
13235 1
13236 1
13236 1
13236 1
13236 1
13237 1
13237 1
13237 1
13237 1
13238 1
13238 1
13238 1
13238 1
13239 1
13239 1
13239 1
13239 1
13304 1
13304 1
13304 1
13304 1
13305 1
13305 1
13305 1
13305 1
13306 1
13306 1
13306 1
13306 1
13307 1
13307 1
13307 1
13307 1
13308 1
13308 1
13308 1
13308 1
13309 1
13309 1
13309 1
13309 1
13310 1
13310 1
13310 1
13310 1
13311 1
13311 1
13311 1
13311 1
13312 1
13312 1
13312 1
13312 1
13313 1
13313 1
13313 1
13313 1
13314 1
13314 1
13314 1
13314 1
13315 1
13315 1
13315 1
13315 1
13316 1
13316 1
13316 1
13316 1
13317 1
13317 1
13317 1
13317 1
13318 1
13318 1
13318 1
13318 1
13319 1
13319 1
13319 1
13319 1
13320 1
13320 1
13320 1
13320 1
13321 1
13321 1
13321 1
13321 1
13322 1
13322 1
13322 1
13322 1
13323 1
13323 1
13323 1
13323 1
13324 1
13324 1
13324 1
13324 1
13325 1
13325 1
13325 1
13325 1
13326 1
13326 1
13326 1
13326 1
13327 1
13327 1
13327 1
13327 1
13328 1
13328 1
13328 1
13328 1
13329 1
13329 1
13329 1
13329 1
13330 1
13330 1
13330 1
13330 1
13331 1
13331 1
13331 1
13331 1
13332 1
13332 1
13332 1
13332 1
13333 1
13333 1
13333 1
13333 1
13334 1
13334 1
13334 1
13334 1
13335 1
13335 1
13335 1
13335 1
13336 1
13336 1
13336 1
13336 1
13337 1
13337 1
13337 1
13337 1
13338 1
13338 1
13338 1
13338 1
13339 1
13339 1
13339 1
13339 1
13340 1
13340 1
13340 1
13340 1
13341 1
13341 1
13341 1
13341 1
13342 1
13342 1
13342 1
13342 1
13343 1
13343 1
13343 1
13343 1
13344 1
13344 1
13344 1
13344 1
13345 1
13345 1
13345 1
13345 1
13346 1
13346 1
13346 1
13346 1
13347 1
13347 1
13347 1
13347 1
13348 1
13348 1
13348 1
13348 1
13349 1
13349 1
13349 1
13349 1
13414 1
13414 1
13414 1
13414 1
13415 1
13415 1
13415 1
13415 1
13416 1
13416 1
13416 1
13416 1
13417 1
13417 1
13417 1
13417 1
13418 1
13418 1
13418 1
13418 1
13419 1
13419 1
13419 1
13419 1
13420 1
13420 1
13420 1
13420 1
13421 1
13421 1
13421 1
13421 1
13422 1
13422 1
13422 1
13422 1
13423 1
13423 1
13423 1
13423 1
13424 1
13424 1
13424 1
13424 1
13425 1
13425 1
13425 1
13425 1
13426 1
13426 1
13426 1
13426 1
13427 1
13427 1
13427 1
13427 1
13428 1
13428 1
13428 1
13428 1
13429 1
13429 1
13429 1
13429 1
13430 1
13430 1
13430 1
13430 1
13431 1
13431 1
13431 1
13431 1
13432 1
13432 1
13432 1
13432 1
13433 1
13433 1
13433 1
13433 1
13434 1
13434 1
13434 1
13434 1
13435 1
13435 1
13435 1
13435 1
13436 1
13436 1
13436 1
13436 1
13437 1
13437 1
13437 1
13437 1
13438 1
13438 1
13438 1
13438 1
13439 1
13439 1
13439 1
13439 1
13440 1
13440 1
13440 1
13440 1
13441 1
13441 1
13441 1
13441 1
13442 1
13442 1
13442 1
13442 1
13443 1
13443 1
13443 1
13443 1
13444 1
13444 1
13444 1
13444 1
13445 1
13445 1
13445 1
13445 1
13446 1
13446 1
13446 1
13446 1
13447 1
13447 1
13447 1
13447 1
13448 1
13448 1
13448 1
13448 1
13449 1
13449 1
13449 1
13449 1
13450 1
13450 1
13450 1
13450 1
13451 1
13451 1
13451 1
13451 1
13452 1
13452 1
13452 1
13452 1
13453 1
13453 1
13453 1
13453 1
13454 1
13454 1
13454 1
13454 1
13455 1
13455 1
13455 1
13455 1
13456 1
13456 1
13456 1
13456 1
13457 1
13457 1
13457 1
13457 1
13458 1
13458 1
13458 1
13458 1
13459 1
13459 1
13459 1
13459 1
13525 1
13525 1
13525 1
13525 1
13526 1
13526 1
13526 1
13526 1
13527 1
13527 1
13527 1
13527 1
13528 1
13528 1
13528 1
13528 1
13529 1
13529 1
13529 1
13529 1
13530 1
13530 1
13530 1
13530 1
13531 1
13531 1
13531 1
13531 1
13532 1
13532 1
13532 1
13532 1
13533 1
13533 1
13533 1
13533 1
13534 1
13534 1
13534 1
13534 1
13535 1
13535 1
13535 1
13535 1
13536 1
13536 1
13536 1
13536 1
13537 1
13537 1
13537 1
13537 1
13538 1
13538 1
13538 1
13538 1
13539 1
13539 1
13539 1
13539 1
13540 1
13540 1
13540 1
13540 1
13541 1
13541 1
13541 1
13541 1
13542 1
13542 1
13542 1
13542 1
13543 1
13543 1
13543 1
13543 1
13544 1
13544 1
13544 1
13544 1
13545 1
13545 1
13545 1
13545 1
13546 1
13546 1
13546 1
13546 1
13547 1
13547 1
13547 1
13547 1
13548 1
13548 1
13548 1
13548 1
13549 1
13549 1
13549 1
13549 1
13550 1
13550 1
13550 1
13550 1
13551 1
13551 1
13551 1
13551 1
13552 1
13552 1
13552 1
13552 1
13553 1
13553 1
13553 1
13553 1
13554 1
13554 1
13554 1
13554 1
13555 1
13555 1
13555 1
13555 1
13556 1
13556 1
13556 1
13556 1
13557 1
13557 1
13557 1
13557 1
13558 1
13558 1
13558 1
13558 1
13559 1
13559 1
13559 1
13559 1
13560 1
13560 1
13560 1
13560 1
13561 1
13561 1
13561 1
13561 1
13562 1
13562 1
13562 1
13562 1
13563 1
13563 1
13563 1
13563 1
13564 1
13564 1
13564 1
13564 1
13565 1
13565 1
13565 1
13565 1
13566 1
13566 1
13566 1
13566 1
13567 1
13567 1
13567 1
13567 1
13568 1
13568 1
13568 1
13568 1
13569 1
13569 1
13569 1
13569 1
13630 1
13630 1
13630 1
13630 1
13631 1
13631 1
13631 1
13631 1
13632 1
13632 1
13632 1
13632 1
13633 1
13633 1
13633 1
13633 1
13634 1
13634 1
13634 1
13634 1
13635 1
13635 1
13635 1
13635 1
13636 1
13636 1
13636 1
13636 1
13637 1
13637 1
13637 1
13637 1
13638 1
13638 1
13638 1
13638 1
13639 1
13639 1
13639 1
13639 1
13640 1
13640 1
13640 1
13640 1
13641 1
13641 1
13641 1
13641 1
13642 1
13642 1
13642 1
13642 1
13643 1
13643 1
13643 1
13643 1
13644 1
13644 1
13644 1
13644 1
13645 1
13645 1
13645 1
13645 1
13646 1
13646 1
13646 1
13646 1
13647 1
13647 1
13647 1
13647 1
13648 1
13648 1
13648 1
13648 1
13649 1
13649 1
13649 1
13649 1
13650 1
13650 1
13650 1
13650 1
13651 1
13651 1
13651 1
13651 1
13652 1
13652 1
13652 1
13652 1
13653 1
13653 1
13653 1
13653 1
13654 1
13654 1
13654 1
13654 1
13655 1
13655 1
13655 1
13655 1
13656 1
13656 1
13656 1
13656 1
13657 1
13657 1
13657 1
13657 1
13658 1
13658 1
13658 1
13658 1
13659 1
13659 1
13659 1
13659 1
13660 1
13660 1
13660 1
13660 1
13661 1
13661 1
13661 1
13661 1
13662 1
13662 1
13662 1
13662 1
13663 1
13663 1
13663 1
13663 1
13664 1
13664 1
13664 1
13664 1
13665 1
13665 1
13665 1
13665 1
13666 1
13666 1
13666 1
13666 1
13667 1
13667 1
13667 1
13667 1
13668 1
13668 1
13668 1
13668 1
13669 1
13669 1
13669 1
13669 1
13670 1
13670 1
13670 1
13670 1
13671 1
13671 1
13671 1
13671 1
13672 1
13672 1
13672 1
13672 1
13673 1
13673 1
13673 1
13673 1
13674 1
13674 1
13674 1
13674 1
13675 1
13675 1
13675 1
13675 1
13676 1
13676 1
13676 1
13676 1
13677 1
13677 1
13677 1
13677 1
13678 1
13678 1
13678 1
13678 1
13741 1
13741 1
13741 1
13741 1
13742 1
13742 1
13742 1
13742 1
13743 1
13743 1
13743 1
13743 1
13744 1
13744 1
13744 1
13744 1
13745 1
13745 1
13745 1
13745 1
13746 1
13746 1
13746 1
13746 1
13747 1
13747 1
13747 1
13747 1
13748 1
13748 1
13748 1
13748 1
13749 1
13749 1
13749 1
13749 1
13750 1
13750 1
13750 1
13750 1
13751 1
13751 1
13751 1
13751 1
13752 1
13752 1
13752 1
13752 1
13753 1
13753 1
13753 1
13753 1
13754 1
13754 1
13754 1
13754 1
13755 1
13755 1
13755 1
13755 1
13756 1
13756 1
13756 1
13756 1
13757 1
13757 1
13757 1
13757 1
13758 1
13758 1
13758 1
13758 1
13759 1
13759 1
13759 1
13759 1
13760 1
13760 1
13760 1
13760 1
13761 1
13761 1
13761 1
13761 1
13762 1
13762 1
13762 1
13762 1
13763 1
13763 1
13763 1
13763 1
13764 1
13764 1
13764 1
13764 1
13765 1
13765 1
13765 1
13765 1
13766 1
13766 1
13766 1
13766 1
13767 1
13767 1
13767 1
13767 1
13768 1
13768 1
13768 1
13768 1
13769 1
13769 1
13769 1
13769 1
13770 1
13770 1
13770 1
13770 1
13771 1
13771 1
13771 1
13771 1
13772 1
13772 1
13772 1
13772 1
13773 1
13773 1
13773 1
13773 1
13774 1
13774 1
13774 1
13774 1
13775 1
13775 1
13775 1
13775 1
13776 1
13776 1
13776 1
13776 1
13777 1
13777 1
13777 1
13777 1
13778 1
13778 1
13778 1
13778 1
13779 1
13779 1
13779 1
13779 1
13780 1
13780 1
13780 1
13780 1
13781 1
13781 1
13781 1
13781 1
13782 1
13782 1
13782 1
13782 1
13783 1
13783 1
13783 1
13783 1
13784 1
13784 1
13784 1
13784 1
13785 1
13785 1
13785 1
13785 1
13786 1
13786 1
13786 1
13786 1
13787 1
13787 1
13787 1
13787 1
13788 1
13788 1
13788 1
13788 1
13789 1
13789 1
13789 1
13789 1
13850 1
13850 1
13850 1
13850 1
13851 1
13851 1
13851 1
13851 1
13852 1
13852 1
13852 1
13852 1
13853 1
13853 1
13853 1
13853 1
13854 1
13854 1
13854 1
13854 1
13855 1
13855 1
13855 1
13855 1
13856 1
13856 1
13856 1
13856 1
13857 1
13857 1
13857 1
13857 1
13858 1
13858 1
13858 1
13858 1
13859 1
13859 1
13859 1
13859 1
13860 1
13860 1
13860 1
13860 1
13861 1
13861 1
13861 1
13861 1
13862 1
13862 1
13862 1
13862 1
13863 1
13863 1
13863 1
13863 1
13864 1
13864 1
13864 1
13864 1
13865 1
13865 1
13865 1
13865 1
13866 1
13866 1
13866 1
13866 1
13867 1
13867 1
13867 1
13867 1
13868 1
13868 1
13868 1
13868 1
13869 1
13869 1
13869 1
13869 1
13870 1
13870 1
13870 1
13870 1
13871 1
13871 1
13871 1
13871 1
13872 1
13872 1
13872 1
13872 1
13873 1
13873 1
13873 1
13873 1
13874 1
13874 1
13874 1
13874 1
13875 1
13875 1
13875 1
13875 1
13876 1
13876 1
13876 1
13876 1
13877 1
13877 1
13877 1
13877 1
13878 1
13878 1
13878 1
13878 1
13879 1
13879 1
13879 1
13879 1
13880 1
13880 1
13880 1
13880 1
13881 1
13881 1
13881 1
13881 1
13882 1
13882 1
13882 1
13882 1
13883 1
13883 1
13883 1
13883 1
13884 1
13884 1
13884 1
13884 1
13885 1
13885 1
13885 1
13885 1
13886 1
13886 1
13886 1
13886 1
13887 1
13887 1
13887 1
13887 1
13888 1
13888 1
13888 1
13888 1
13889 1
13889 1
13889 1
13889 1
13890 1
13890 1
13890 1
13890 1
13891 1
13891 1
13891 1
13891 1
13892 1
13892 1
13892 1
13892 1
13893 1
13893 1
13893 1
13893 1
13894 1
13894 1
13894 1
13894 1
13895 1
13895 1
13895 1
13895 1
13896 1
13896 1
13896 1
13896 1
13897 1
13897 1
13897 1
13897 1
13898 1
13898 1
13898 1
13898 1
13899 1
13899 1
13899 1
13899 1
13900 1
13900 1
13900 1
13900 1
13963 1
13963 1
13963 1
13963 1
13964 1
13964 1
13964 1
13964 1
13965 1
13965 1
13965 1
13965 1
13966 1
13966 1
13966 1
13966 1
13967 1
13967 1
13967 1
13967 1
13968 1
13968 1
13968 1
13968 1
13969 1
13969 1
13969 1
13969 1
13970 1
13970 1
13970 1
13970 1
13971 1
13971 1
13971 1
13971 1
13972 1
13972 1
13972 1
13972 1
13973 1
13973 1
13973 1
13973 1
13974 1
13974 1
13974 1
13974 1
13975 1
13975 1
13975 1
13975 1
13976 1
13976 1
13976 1
13976 1
13977 1
13977 1
13977 1
13977 1
13978 1
13978 1
13978 1
13978 1
13979 1
13979 1
13979 1
13979 1
13980 1
13980 1
13980 1
13980 1
13981 1
13981 1
13981 1
13981 1
13982 1
13982 1
13982 1
13982 1
13983 1
13983 1
13983 1
13983 1
13984 1
13984 1
13984 1
13984 1
13985 1
13985 1
13985 1
13985 1
13986 1
13986 1
13986 1
13986 1
13987 1
13987 1
13987 1
13987 1
13988 1
13988 1
13988 1
13988 1
13989 1
13989 1
13989 1
13989 1
13990 1
13990 1
13990 1
13990 1
13991 1
13991 1
13991 1
13991 1
13992 1
13992 1
13992 1
13992 1
13993 1
13993 1
13993 1
13993 1
13994 1
13994 1
13994 1
13994 1
13995 1
13995 1
13995 1
13995 1
13996 1
13996 1
13996 1
13996 1
13997 1
13997 1
13997 1
13997 1
13998 1
13998 1
13998 1
13998 1
13999 1
13999 1
13999 1
13999 1
14000 1
14000 1
14000 1
14000 1
14001 1
14001 1
14001 1
14001 1
14002 1
14002 1
14002 1
14002 1
14003 1
14003 1
14003 1
14003 1
14004 1
14004 1
14004 1
14004 1
14005 1
14005 1
14005 1
14005 1
14006 1
14006 1
14006 1
14006 1
14007 1
14007 1
14007 1
14007 1
14008 1
14008 1
14008 1
14008 1
14009 1
14009 1
14009 1
14009 1
14010 1
14010 1
14010 1
14010 1
14011 1
14011 1
14011 1
14011 1
14012 1
14012 1
14012 1
14012 1
14075 1
14075 1
14075 1
14075 1
14076 1
14076 1
14076 1
14076 1
14077 1
14077 1
14077 1
14077 1
14078 1
14078 1
14078 1
14078 1
14079 1
14079 1
14079 1
14079 1
14080 1
14080 1
14080 1
14080 1
14081 1
14081 1
14081 1
14081 1
14082 1
14082 1
14082 1
14082 1
14083 1
14083 1
14083 1
14083 1
14084 1
14084 1
14084 1
14084 1
14085 1
14085 1
14085 1
14085 1
14086 1
14086 1
14086 1
14086 1
14087 1
14087 1
14087 1
14087 1
14088 1
14088 1
14088 1
14088 1
14089 1
14089 1
14089 1
14089 1
14090 1
14090 1
14090 1
14090 1
14091 1
14091 1
14091 1
14091 1
14092 1
14092 1
14092 1
14092 1
14097 1
14097 1
14097 1
14097 1
14098 1
14098 1
14098 1
14098 1
14099 1
14099 1
14099 1
14099 1
14100 1
14100 1
14100 1
14100 1
14101 1
14101 1
14101 1
14101 1
14102 1
14102 1
14102 1
14102 1
14103 1
14103 1
14103 1
14103 1
14104 1
14104 1
14104 1
14104 1
14105 1
14105 1
14105 1
14105 1
14106 1
14106 1
14106 1
14106 1
14107 1
14107 1
14107 1
14107 1
14108 1
14108 1
14108 1
14108 1
14109 1
14109 1
14109 1
14109 1
14110 1
14110 1
14110 1
14110 1
14111 1
14111 1
14111 1
14111 1
14112 1
14112 1
14112 1
14112 1
14113 1
14113 1
14113 1
14113 1
14114 1
14114 1
14114 1
14114 1
14115 1
14115 1
14115 1
14115 1
14116 1
14116 1
14116 1
14116 1
14117 1
14117 1
14117 1
14117 1
14118 1
14118 1
14118 1
14118 1
14119 1
14119 1
14119 1
14119 1
14120 1
14120 1
14120 1
14120 1
14121 1
14121 1
14121 1
14121 1
14122 1
14122 1
14122 1
14122 1
14123 1
14123 1
14123 1
14123 1
14124 1
14124 1
14124 1
14124 1
14125 1
14125 1
14125 1
14125 1
14190 1
14190 1
14190 1
14190 1
14191 1
14191 1
14191 1
14191 1
14192 1
14192 1
14192 1
14192 1
14193 1
14193 1
14193 1
14193 1
14194 1
14194 1
14194 1
14194 1
14195 1
14195 1
14195 1
14195 1
14196 1
14196 1
14196 1
14196 1
14197 1
14197 1
14197 1
14197 1
14198 1
14198 1
14198 1
14198 1
14199 1
14199 1
14199 1
14199 1
14200 1
14200 1
14200 1
14200 1
14201 1
14201 1
14201 1
14201 1
14202 1
14202 1
14202 1
14202 1
14203 1
14203 1
14203 1
14203 1
14204 1
14204 1
14204 1
14204 1
14205 1
14205 1
14205 1
14205 1
14206 1
14206 1
14206 1
14206 1
14207 1
14207 1
14207 1
14207 1
14208 1
14208 1
14208 1
14208 1
14213 1
14213 1
14213 1
14213 1
14214 1
14214 1
14214 1
14214 1
14215 1
14215 1
14215 1
14215 1
14216 1
14216 1
14216 1
14216 1
14217 1
14217 1
14217 1
14217 1
14218 1
14218 1
14218 1
14218 1
14219 1
14219 1
14219 1
14219 1
14220 1
14220 1
14220 1
14220 1
14221 1
14221 1
14221 1
14221 1
14222 1
14222 1
14222 1
14222 1
14223 1
14223 1
14223 1
14223 1
14224 1
14224 1
14224 1
14224 1
14225 1
14225 1
14225 1
14225 1
14226 1
14226 1
14226 1
14226 1
14227 1
14227 1
14227 1
14227 1
14228 1
14228 1
14228 1
14228 1
14229 1
14229 1
14229 1
14229 1
14230 1
14230 1
14230 1
14230 1
14231 1
14231 1
14231 1
14231 1
14232 1
14232 1
14232 1
14232 1
14233 1
14233 1
14233 1
14233 1
14234 1
14234 1
14234 1
14234 1
14235 1
14235 1
14235 1
14235 1
14236 1
14236 1
14236 1
14236 1
14237 1
14237 1
14237 1
14237 1
14238 1
14238 1
14238 1
14238 1
14239 1
14239 1
14239 1
14239 1
14306 1
14306 1
14306 1
14306 1
14307 1
14307 1
14307 1
14307 1
14308 1
14308 1
14308 1
14308 1
14309 1
14309 1
14309 1
14309 1
14310 1
14310 1
14310 1
14310 1
14311 1
14311 1
14311 1
14311 1
14312 1
14312 1
14312 1
14312 1
14313 1
14313 1
14313 1
14313 1
14314 1
14314 1
14314 1
14314 1
14315 1
14315 1
14315 1
14315 1
14316 1
14316 1
14316 1
14316 1
14317 1
14317 1
14317 1
14317 1
14318 1
14318 1
14318 1
14318 1
14319 1
14319 1
14319 1
14319 1
14320 1
14320 1
14320 1
14320 1
14321 1
14321 1
14321 1
14321 1
14322 1
14322 1
14322 1
14322 1
14323 1
14323 1
14323 1
14323 1
14328 1
14328 1
14328 1
14328 1
14329 1
14329 1
14329 1
14329 1
14330 1
14330 1
14330 1
14330 1
14331 1
14331 1
14331 1
14331 1
14332 1
14332 1
14332 1
14332 1
14333 1
14333 1
14333 1
14333 1
14334 1
14334 1
14334 1
14334 1
14335 1
14335 1
14335 1
14335 1
14336 1
14336 1
14336 1
14336 1
14337 1
14337 1
14337 1
14337 1
14338 1
14338 1
14338 1
14338 1
14339 1
14339 1
14339 1
14339 1
14340 1
14340 1
14340 1
14340 1
14341 1
14341 1
14341 1
14341 1
14342 1
14342 1
14342 1
14342 1
14343 1
14343 1
14343 1
14343 1
14344 1
14344 1
14344 1
14344 1
14345 1
14345 1
14345 1
14345 1
14346 1
14346 1
14346 1
14346 1
14347 1
14347 1
14347 1
14347 1
14348 1
14348 1
14348 1
14348 1
14349 1
14349 1
14349 1
14349 1
14350 1
14350 1
14350 1
14350 1
14351 1
14351 1
14351 1
14351 1
14352 1
14352 1
14352 1
14352 1
14353 1
14353 1
14353 1
14353 1
14354 1
14354 1
14354 1
14354 1
14416 1
14416 1
14416 1
14416 1
14417 1
14417 1
14417 1
14417 1
14418 1
14418 1
14418 1
14418 1
14419 1
14419 1
14419 1
14419 1
14420 1
14420 1
14420 1
14420 1
14421 1
14421 1
14421 1
14421 1
14422 1
14422 1
14422 1
14422 1
14423 1
14423 1
14423 1
14423 1
14424 1
14424 1
14424 1
14424 1
14425 1
14425 1
14425 1
14425 1
14426 1
14426 1
14426 1
14426 1
14427 1
14427 1
14427 1
14427 1
14428 1
14428 1
14428 1
14428 1
14429 1
14429 1
14429 1
14429 1
14430 1
14430 1
14430 1
14430 1
14431 1
14431 1
14431 1
14431 1
14432 1
14432 1
14432 1
14432 1
14433 1
14433 1
14433 1
14433 1
14434 1
14434 1
14434 1
14434 1
14435 1
14435 1
14435 1
14435 1
14436 1
14436 1
14436 1
14436 1
14437 1
14437 1
14437 1
14437 1
14438 1
14438 1
14438 1
14438 1
14441 1
14441 1
14441 1
14441 1
14442 1
14442 1
14442 1
14442 1
14445 1
14445 1
14445 1
14445 1
14446 1
14446 1
14446 1
14446 1
14447 1
14447 1
14447 1
14447 1
14448 1
14448 1
14448 1
14448 1
14449 1
14449 1
14449 1
14449 1
14450 1
14450 1
14450 1
14450 1
14451 1
14451 1
14451 1
14451 1
14452 1
14452 1
14452 1
14452 1
14453 1
14453 1
14453 1
14453 1
14454 1
14454 1
14454 1
14454 1
14455 1
14455 1
14455 1
14455 1
14456 1
14456 1
14456 1
14456 1
14457 1
14457 1
14457 1
14457 1
14458 1
14458 1
14458 1
14458 1
14459 1
14459 1
14459 1
14459 1
14460 1
14460 1
14460 1
14460 1
14461 1
14461 1
14461 1
14461 1
14462 1
14462 1
14462 1
14462 1
14463 1
14463 1
14463 1
14463 1
14464 1
14464 1
14464 1
14464 1
14465 1
14465 1
14465 1
14465 1
14466 1
14466 1
14466 1
14466 1
14467 1
14467 1
14467 1
14467 1
14468 1
14468 1
14468 1
14468 1
14531 1
14531 1
14531 1
14531 1
14532 1
14532 1
14532 1
14532 1
14533 1
14533 1
14533 1
14533 1
14534 1
14534 1
14534 1
14534 1
14535 1
14535 1
14535 1
14535 1
14536 1
14536 1
14536 1
14536 1
14537 1
14537 1
14537 1
14537 1
14538 1
14538 1
14538 1
14538 1
14539 1
14539 1
14539 1
14539 1
14540 1
14540 1
14540 1
14540 1
14541 1
14541 1
14541 1
14541 1
14542 1
14542 1
14542 1
14542 1
14543 1
14543 1
14543 1
14543 1
14544 1
14544 1
14544 1
14544 1
14545 1
14545 1
14545 1
14545 1
14546 1
14546 1
14546 1
14546 1
14547 1
14547 1
14547 1
14547 1
14548 1
14548 1
14548 1
14548 1
14549 1
14549 1
14549 1
14549 1
14550 1
14550 1
14550 1
14550 1
14551 1
14551 1
14551 1
14551 1
14552 1
14552 1
14552 1
14552 1
14555 1
14555 1
14555 1
14555 1
14556 1
14556 1
14556 1
14556 1
14559 1
14559 1
14559 1
14559 1
14560 1
14560 1
14560 1
14560 1
14561 1
14561 1
14561 1
14561 1
14562 1
14562 1
14562 1
14562 1
14563 1
14563 1
14563 1
14563 1
14564 1
14564 1
14564 1
14564 1
14565 1
14565 1
14565 1
14565 1
14566 1
14566 1
14566 1
14566 1
14567 1
14567 1
14567 1
14567 1
14568 1
14568 1
14568 1
14568 1
14569 1
14569 1
14569 1
14569 1
14570 1
14570 1
14570 1
14570 1
14571 1
14571 1
14571 1
14571 1
14572 1
14572 1
14572 1
14572 1
14573 1
14573 1
14573 1
14573 1
14574 1
14574 1
14574 1
14574 1
14575 1
14575 1
14575 1
14575 1
14576 1
14576 1
14576 1
14576 1
14577 1
14577 1
14577 1
14577 1
14578 1
14578 1
14578 1
14578 1
14579 1
14579 1
14579 1
14579 1
14580 1
14580 1
14580 1
14580 1
14581 1
14581 1
14581 1
14581 1
14582 1
14582 1
14582 1
14582 1
14645 1
14645 1
14645 1
14645 1
14646 1
14646 1
14646 1
14646 1
14647 1
14647 1
14647 1
14647 1
14648 1
14648 1
14648 1
14648 1
14649 1
14649 1
14649 1
14649 1
14650 1
14650 1
14650 1
14650 1
14651 1
14651 1
14651 1
14651 1
14652 1
14652 1
14652 1
14652 1
14653 1
14653 1
14653 1
14653 1
14654 1
14654 1
14654 1
14654 1
14655 1
14655 1
14655 1
14655 1
14656 1
14656 1
14656 1
14656 1
14657 1
14657 1
14657 1
14657 1
14658 1
14658 1
14658 1
14658 1
14659 1
14659 1
14659 1
14659 1
14660 1
14660 1
14660 1
14660 1
14661 1
14661 1
14661 1
14661 1
14662 1
14662 1
14662 1
14662 1
14663 1
14663 1
14663 1
14663 1
14664 1
14664 1
14664 1
14664 1
14665 1
14665 1
14665 1
14665 1
14666 1
14666 1
14666 1
14666 1
14667 1
14667 1
14667 1
14667 1
14668 1
14668 1
14668 1
14668 1
14669 1
14669 1
14669 1
14669 1
14670 1
14670 1
14670 1
14670 1
14671 1
14671 1
14671 1
14671 1
14672 1
14672 1
14672 1
14672 1
14673 1
14673 1
14673 1
14673 1
14674 1
14674 1
14674 1
14674 1
14675 1
14675 1
14675 1
14675 1
14676 1
14676 1
14676 1
14676 1
14677 1
14677 1
14677 1
14677 1
14678 1
14678 1
14678 1
14678 1
14679 1
14679 1
14679 1
14679 1
14680 1
14680 1
14680 1
14680 1
14681 1
14681 1
14681 1
14681 1
14682 1
14682 1
14682 1
14682 1
14683 1
14683 1
14683 1
14683 1
14684 1
14684 1
14684 1
14684 1
14685 1
14685 1
14685 1
14685 1
14686 1
14686 1
14686 1
14686 1
14687 1
14687 1
14687 1
14687 1
14688 1
14688 1
14688 1
14688 1
14689 1
14689 1
14689 1
14689 1
14690 1
14690 1
14690 1
14690 1
14691 1
14691 1
14691 1
14691 1
14692 1
14692 1
14692 1
14692 1
14693 1
14693 1
14693 1
14693 1
14694 1
14694 1
14694 1
14694 1
14695 1
14695 1
14695 1
14695 1
14696 1
14696 1
14696 1
14696 1
14763 1
14763 1
14763 1
14763 1
14764 1
14764 1
14764 1
14764 1
14765 1
14765 1
14765 1
14765 1
14766 1
14766 1
14766 1
14766 1
14767 1
14767 1
14767 1
14767 1
14768 1
14768 1
14768 1
14768 1
14769 1
14769 1
14769 1
14769 1
14770 1
14770 1
14770 1
14770 1
14771 1
14771 1
14771 1
14771 1
14772 1
14772 1
14772 1
14772 1
14773 1
14773 1
14773 1
14773 1
14774 1
14774 1
14774 1
14774 1
14775 1
14775 1
14775 1
14775 1
14776 1
14776 1
14776 1
14776 1
14777 1
14777 1
14777 1
14777 1
14778 1
14778 1
14778 1
14778 1
14779 1
14779 1
14779 1
14779 1
14780 1
14780 1
14780 1
14780 1
14781 1
14781 1
14781 1
14781 1
14782 1
14782 1
14782 1
14782 1
14783 1
14783 1
14783 1
14783 1
14784 1
14784 1
14784 1
14784 1
14785 1
14785 1
14785 1
14785 1
14786 1
14786 1
14786 1
14786 1
14787 1
14787 1
14787 1
14787 1
14788 1
14788 1
14788 1
14788 1
14789 1
14789 1
14789 1
14789 1
14790 1
14790 1
14790 1
14790 1
14791 1
14791 1
14791 1
14791 1
14792 1
14792 1
14792 1
14792 1
14793 1
14793 1
14793 1
14793 1
14794 1
14794 1
14794 1
14794 1
14795 1
14795 1
14795 1
14795 1
14796 1
14796 1
14796 1
14796 1
14797 1
14797 1
14797 1
14797 1
14798 1
14798 1
14798 1
14798 1
14799 1
14799 1
14799 1
14799 1
14800 1
14800 1
14800 1
14800 1
14801 1
14801 1
14801 1
14801 1
14802 1
14802 1
14802 1
14802 1
14803 1
14803 1
14803 1
14803 1
14804 1
14804 1
14804 1
14804 1
14805 1
14805 1
14805 1
14805 1
14806 1
14806 1
14806 1
14806 1
14807 1
14807 1
14807 1
14807 1
14808 1
14808 1
14808 1
14808 1
14809 1
14809 1
14809 1
14809 1
14810 1
14810 1
14810 1
14810 1
14811 1
14811 1
14811 1
14811 1
14812 1
14812 1
14812 1
14812 1
14888 1
14888 1
14888 1
14888 1
14889 1
14889 1
14889 1
14889 1
14890 1
14890 1
14890 1
14890 1
14891 1
14891 1
14891 1
14891 1
14892 1
14892 1
14892 1
14892 1
14893 1
14893 1
14893 1
14893 1
14894 1
14894 1
14894 1
14894 1
14895 1
14895 1
14895 1
14895 1
14896 1
14896 1
14896 1
14896 1
14897 1
14897 1
14897 1
14897 1
14898 1
14898 1
14898 1
14898 1
14899 1
14899 1
14899 1
14899 1
14900 1
14900 1
14900 1
14900 1
14901 1
14901 1
14901 1
14901 1
14902 1
14902 1
14902 1
14902 1
14903 1
14903 1
14903 1
14903 1
14904 1
14904 1
14904 1
14904 1
14905 1
14905 1
14905 1
14905 1
14906 1
14906 1
14906 1
14906 1
14907 1
14907 1
14907 1
14907 1
14908 1
14908 1
14908 1
14908 1
14909 1
14909 1
14909 1
14909 1
14910 1
14910 1
14910 1
14910 1
14911 1
14911 1
14911 1
14911 1
14912 1
14912 1
14912 1
14912 1
14913 1
14913 1
14913 1
14913 1
14914 1
14914 1
14914 1
14914 1
14915 1
14915 1
14915 1
14915 1
14916 1
14916 1
14916 1
14916 1
14917 1
14917 1
14917 1
14917 1
14918 1
14918 1
14918 1
14918 1
14919 1
14919 1
14919 1
14919 1
14920 1
14920 1
14920 1
14920 1
14921 1
14921 1
14921 1
14921 1
14922 1
14922 1
14922 1
14922 1
14923 1
14923 1
14923 1
14923 1
14924 1
14924 1
14924 1
14924 1
14925 1
14925 1
14925 1
14925 1
14926 1
14926 1
14926 1
14926 1
14927 1
14927 1
14927 1
14927 1
14928 1
14928 1
14928 1
14928 1
14929 1
14929 1
14929 1
14929 1
14930 1
14930 1
14930 1
14930 1
14931 1
14931 1
14931 1
14931 1
14932 1
14932 1
14932 1
14932 1
14933 1
14933 1
14933 1
14933 1
14934 1
14934 1
14934 1
14934 1
14935 1
14935 1
14935 1
14935 1
14936 1
14936 1
14936 1
14936 1
14937 1
14937 1
14937 1
14937 1
14938 1
14938 1
14938 1
14938 1
14939 1
14939 1
14939 1
14939 1
15016 1
15016 1
15016 1
15016 1
15017 1
15017 1
15017 1
15017 1
15018 1
15018 1
15018 1
15018 1
15019 1
15019 1
15019 1
15019 1
15020 1
15020 1
15020 1
15020 1
15021 1
15021 1
15021 1
15021 1
15022 1
15022 1
15022 1
15022 1
15023 1
15023 1
15023 1
15023 1
15024 1
15024 1
15024 1
15024 1
15025 1
15025 1
15025 1
15025 1
15026 1
15026 1
15026 1
15026 1
15027 1
15027 1
15027 1
15027 1
15028 1
15028 1
15028 1
15028 1
15029 1
15029 1
15029 1
15029 1
15030 1
15030 1
15030 1
15030 1
15031 1
15031 1
15031 1
15031 1
15032 1
15032 1
15032 1
15032 1
15033 1
15033 1
15033 1
15033 1
15034 1
15034 1
15034 1
15034 1
15035 1
15035 1
15035 1
15035 1
15036 1
15036 1
15036 1
15036 1
15037 1
15037 1
15037 1
15037 1
15038 1
15038 1
15038 1
15038 1
15039 1
15039 1
15039 1
15039 1
15040 1
15040 1
15040 1
15040 1
15041 1
15041 1
15041 1
15041 1
15042 1
15042 1
15042 1
15042 1
15043 1
15043 1
15043 1
15043 1
15044 1
15044 1
15044 1
15044 1
15045 1
15045 1
15045 1
15045 1
15046 1
15046 1
15046 1
15046 1
15047 1
15047 1
15047 1
15047 1
15048 1
15048 1
15048 1
15048 1
15049 1
15049 1
15049 1
15049 1
15050 1
15050 1
15050 1
15050 1
15051 1
15051 1
15051 1
15051 1
15052 1
15052 1
15052 1
15052 1
15053 1
15053 1
15053 1
15053 1
15054 1
15054 1
15054 1
15054 1
15055 1
15055 1
15055 1
15055 1
15056 1
15056 1
15056 1
15056 1
15057 1
15057 1
15057 1
15057 1
15058 1
15058 1
15058 1
15058 1
15059 1
15059 1
15059 1
15059 1
15060 1
15060 1
15060 1
15060 1
15061 1
15061 1
15061 1
15061 1
15062 1
15062 1
15062 1
15062 1
15063 1
15063 1
15063 1
15063 1
15064 1
15064 1
15064 1
15064 1
15065 1
15065 1
15065 1
15065 1
15066 1
15066 1
15066 1
15066 1
15140 1
15140 1
15140 1
15140 1
15141 1
15141 1
15141 1
15141 1
15142 1
15142 1
15142 1
15142 1
15143 1
15143 1
15143 1
15143 1
15144 1
15144 1
15144 1
15144 1
15145 1
15145 1
15145 1
15145 1
15146 1
15146 1
15146 1
15146 1
15147 1
15147 1
15147 1
15147 1
15148 1
15148 1
15148 1
15148 1
15149 1
15149 1
15149 1
15149 1
15150 1
15150 1
15150 1
15150 1
15151 1
15151 1
15151 1
15151 1
15152 1
15152 1
15152 1
15152 1
15153 1
15153 1
15153 1
15153 1
15154 1
15154 1
15154 1
15154 1
15155 1
15155 1
15155 1
15155 1
15156 1
15156 1
15156 1
15156 1
15157 1
15157 1
15157 1
15157 1
15158 1
15158 1
15158 1
15158 1
15159 1
15159 1
15159 1
15159 1
15160 1
15160 1
15160 1
15160 1
15161 1
15161 1
15161 1
15161 1
15162 1
15162 1
15162 1
15162 1
15163 1
15163 1
15163 1
15163 1
15164 1
15164 1
15164 1
15164 1
15165 1
15165 1
15165 1
15165 1
15166 1
15166 1
15166 1
15166 1
15167 1
15167 1
15167 1
15167 1
15168 1
15168 1
15168 1
15168 1
15169 1
15169 1
15169 1
15169 1
15170 1
15170 1
15170 1
15170 1
15171 1
15171 1
15171 1
15171 1
15172 1
15172 1
15172 1
15172 1
15175 1
15175 1
15175 1
15175 1
15176 1
15176 1
15176 1
15176 1
15177 1
15177 1
15177 1
15177 1
15178 1
15178 1
15178 1
15178 1
15179 1
15179 1
15179 1
15179 1
15180 1
15180 1
15180 1
15180 1
15181 1
15181 1
15181 1
15181 1
15182 1
15182 1
15182 1
15182 1
15183 1
15183 1
15183 1
15183 1
15184 1
15184 1
15184 1
15184 1
15185 1
15185 1
15185 1
15185 1
15186 1
15186 1
15186 1
15186 1
15187 1
15187 1
15187 1
15187 1
15188 1
15188 1
15188 1
15188 1
15189 1
15189 1
15189 1
15189 1
15190 1
15190 1
15190 1
15190 1
15261 1
15261 1
15261 1
15261 1
15262 1
15262 1
15262 1
15262 1
15263 1
15263 1
15263 1
15263 1
15264 1
15264 1
15264 1
15264 1
15265 1
15265 1
15265 1
15265 1
15266 1
15266 1
15266 1
15266 1
15267 1
15267 1
15267 1
15267 1
15268 1
15268 1
15268 1
15268 1
15269 1
15269 1
15269 1
15269 1
15270 1
15270 1
15270 1
15270 1
15271 1
15271 1
15271 1
15271 1
15272 1
15272 1
15272 1
15272 1
15273 1
15273 1
15273 1
15273 1
15274 1
15274 1
15274 1
15274 1
15275 1
15275 1
15275 1
15275 1
15276 1
15276 1
15276 1
15276 1
15277 1
15277 1
15277 1
15277 1
15278 1
15278 1
15278 1
15278 1
15279 1
15279 1
15279 1
15279 1
15280 1
15280 1
15280 1
15280 1
15281 1
15281 1
15281 1
15281 1
15282 1
15282 1
15282 1
15282 1
15283 1
15283 1
15283 1
15283 1
15284 1
15284 1
15284 1
15284 1
15285 1
15285 1
15285 1
15285 1
15286 1
15286 1
15286 1
15286 1
15287 1
15287 1
15287 1
15287 1
15288 1
15288 1
15288 1
15288 1
15289 1
15289 1
15289 1
15289 1
15290 1
15290 1
15290 1
15290 1
15291 1
15291 1
15291 1
15291 1
15292 1
15292 1
15292 1
15292 1
15293 1
15293 1
15293 1
15293 1
15294 1
15294 1
15294 1
15294 1
15297 1
15297 1
15297 1
15297 1
15298 1
15298 1
15298 1
15298 1
15299 1
15299 1
15299 1
15299 1
15300 1
15300 1
15300 1
15300 1
15301 1
15301 1
15301 1
15301 1
15302 1
15302 1
15302 1
15302 1
15303 1
15303 1
15303 1
15303 1
15304 1
15304 1
15304 1
15304 1
15305 1
15305 1
15305 1
15305 1
15306 1
15306 1
15306 1
15306 1
15307 1
15307 1
15307 1
15307 1
15308 1
15308 1
15308 1
15308 1
15309 1
15309 1
15309 1
15309 1
15310 1
15310 1
15310 1
15310 1
15379 1
15379 1
15379 1
15379 1
15380 1
15380 1
15380 1
15380 1
15381 1
15381 1
15381 1
15381 1
15382 1
15382 1
15382 1
15382 1
15383 1
15383 1
15383 1
15383 1
15384 1
15384 1
15384 1
15384 1
15385 1
15385 1
15385 1
15385 1
15386 1
15386 1
15386 1
15386 1
15387 1
15387 1
15387 1
15387 1
15388 1
15388 1
15388 1
15388 1
15389 1
15389 1
15389 1
15389 1
15390 1
15390 1
15390 1
15390 1
15391 1
15391 1
15391 1
15391 1
15392 1
15392 1
15392 1
15392 1
15393 1
15393 1
15393 1
15393 1
15394 1
15394 1
15394 1
15394 1
15395 1
15395 1
15395 1
15395 1
15396 1
15396 1
15396 1
15396 1
15397 1
15397 1
15397 1
15397 1
15398 1
15398 1
15398 1
15398 1
15399 1
15399 1
15399 1
15399 1
15400 1
15400 1
15400 1
15400 1
15401 1
15401 1
15401 1
15401 1
15402 1
15402 1
15402 1
15402 1
15403 1
15403 1
15403 1
15403 1
15404 1
15404 1
15404 1
15404 1
15405 1
15405 1
15405 1
15405 1
15406 1
15406 1
15406 1
15406 1
15407 1
15407 1
15407 1
15407 1
15408 1
15408 1
15408 1
15408 1
15409 1
15409 1
15409 1
15409 1
15410 1
15410 1
15410 1
15410 1
15411 1
15411 1
15411 1
15411 1
15414 1
15414 1
15414 1
15414 1
15415 1
15415 1
15415 1
15415 1
15416 1
15416 1
15416 1
15416 1
15417 1
15417 1
15417 1
15417 1
15418 1
15418 1
15418 1
15418 1
15419 1
15419 1
15419 1
15419 1
15420 1
15420 1
15420 1
15420 1
15421 1
15421 1
15421 1
15421 1
15422 1
15422 1
15422 1
15422 1
15423 1
15423 1
15423 1
15423 1
15424 1
15424 1
15424 1
15424 1
15425 1
15425 1
15425 1
15425 1
15426 1
15426 1
15426 1
15426 1
15427 1
15427 1
15427 1
15427 1
15493 1
15493 1
15493 1
15493 1
15494 1
15494 1
15494 1
15494 1
15495 1
15495 1
15495 1
15495 1
15496 1
15496 1
15496 1
15496 1
15497 1
15497 1
15497 1
15497 1
15498 1
15498 1
15498 1
15498 1
15499 1
15499 1
15499 1
15499 1
15500 1
15500 1
15500 1
15500 1
15501 1
15501 1
15501 1
15501 1
15502 1
15502 1
15502 1
15502 1
15503 1
15503 1
15503 1
15503 1
15504 1
15504 1
15504 1
15504 1
15505 1
15505 1
15505 1
15505 1
15506 1
15506 1
15506 1
15506 1
15507 1
15507 1
15507 1
15507 1
15508 1
15508 1
15508 1
15508 1
15509 1
15509 1
15509 1
15509 1
15510 1
15510 1
15510 1
15510 1
15511 1
15511 1
15511 1
15511 1
15512 1
15512 1
15512 1
15512 1
15513 1
15513 1
15513 1
15513 1
15514 1
15514 1
15514 1
15514 1
15515 1
15515 1
15515 1
15515 1
15516 1
15516 1
15516 1
15516 1
15517 1
15517 1
15517 1
15517 1
15518 1
15518 1
15518 1
15518 1
15519 1
15519 1
15519 1
15519 1
15520 1
15520 1
15520 1
15520 1
15521 1
15521 1
15521 1
15521 1
15522 1
15522 1
15522 1
15522 1
15523 1
15523 1
15523 1
15523 1
15524 1
15524 1
15524 1
15524 1
15525 1
15525 1
15525 1
15525 1
15526 1
15526 1
15526 1
15526 1
15527 1
15527 1
15527 1
15527 1
15528 1
15528 1
15528 1
15528 1
15529 1
15529 1
15529 1
15529 1
15530 1
15530 1
15530 1
15530 1
15531 1
15531 1
15531 1
15531 1
15532 1
15532 1
15532 1
15532 1
15533 1
15533 1
15533 1
15533 1
15534 1
15534 1
15534 1
15534 1
15535 1
15535 1
15535 1
15535 1
15536 1
15536 1
15536 1
15536 1
15537 1
15537 1
15537 1
15537 1
15538 1
15538 1
15538 1
15538 1
15539 1
15539 1
15539 1
15539 1
15540 1
15540 1
15540 1
15540 1
15541 1
15541 1
15541 1
15541 1
15542 1
15542 1
15542 1
15542 1
15611 1
15611 1
15611 1
15611 1
15612 1
15612 1
15612 1
15612 1
15613 1
15613 1
15613 1
15613 1
15614 1
15614 1
15614 1
15614 1
15615 1
15615 1
15615 1
15615 1
15616 1
15616 1
15616 1
15616 1
15617 1
15617 1
15617 1
15617 1
15618 1
15618 1
15618 1
15618 1
15619 1
15619 1
15619 1
15619 1
15620 1
15620 1
15620 1
15620 1
15621 1
15621 1
15621 1
15621 1
15622 1
15622 1
15622 1
15622 1
15623 1
15623 1
15623 1
15623 1
15624 1
15624 1
15624 1
15624 1
15625 1
15625 1
15625 1
15625 1
15626 1
15626 1
15626 1
15626 1
15627 1
15627 1
15627 1
15627 1
15628 1
15628 1
15628 1
15628 1
15629 1
15629 1
15629 1
15629 1
15630 1
15630 1
15630 1
15630 1
15631 1
15631 1
15631 1
15631 1
15632 1
15632 1
15632 1
15632 1
15633 1
15633 1
15633 1
15633 1
15634 1
15634 1
15634 1
15634 1
15635 1
15635 1
15635 1
15635 1
15636 1
15636 1
15636 1
15636 1
15637 1
15637 1
15637 1
15637 1
15638 1
15638 1
15638 1
15638 1
15639 1
15639 1
15639 1
15639 1
15640 1
15640 1
15640 1
15640 1
15641 1
15641 1
15641 1
15641 1
15642 1
15642 1
15642 1
15642 1
15643 1
15643 1
15643 1
15643 1
15644 1
15644 1
15644 1
15644 1
15645 1
15645 1
15645 1
15645 1
15646 1
15646 1
15646 1
15646 1
15647 1
15647 1
15647 1
15647 1
15648 1
15648 1
15648 1
15648 1
15649 1
15649 1
15649 1
15649 1
15650 1
15650 1
15650 1
15650 1
15651 1
15651 1
15651 1
15651 1
15652 1
15652 1
15652 1
15652 1
15653 1
15653 1
15653 1
15653 1
15654 1
15654 1
15654 1
15654 1
15655 1
15655 1
15655 1
15655 1
15656 1
15656 1
15656 1
15656 1
15657 1
15657 1
15657 1
15657 1
15658 1
15658 1
15658 1
15658 1
15726 1
15726 1
15726 1
15726 1
15727 1
15727 1
15727 1
15727 1
15728 1
15728 1
15728 1
15728 1
15729 1
15729 1
15729 1
15729 1
15730 1
15730 1
15730 1
15730 1
15731 1
15731 1
15731 1
15731 1
15732 1
15732 1
15732 1
15732 1
15733 1
15733 1
15733 1
15733 1
15734 1
15734 1
15734 1
15734 1
15735 1
15735 1
15735 1
15735 1
15736 1
15736 1
15736 1
15736 1
15737 1
15737 1
15737 1
15737 1
15738 1
15738 1
15738 1
15738 1
15739 1
15739 1
15739 1
15739 1
15740 1
15740 1
15740 1
15740 1
15741 1
15741 1
15741 1
15741 1
15742 1
15742 1
15742 1
15742 1
15743 1
15743 1
15743 1
15743 1
15744 1
15744 1
15744 1
15744 1
15745 1
15745 1
15745 1
15745 1
15746 1
15746 1
15746 1
15746 1
15747 1
15747 1
15747 1
15747 1
15748 1
15748 1
15748 1
15748 1
15749 1
15749 1
15749 1
15749 1
15750 1
15750 1
15750 1
15750 1
15751 1
15751 1
15751 1
15751 1
15752 1
15752 1
15752 1
15752 1
15753 1
15753 1
15753 1
15753 1
15754 1
15754 1
15754 1
15754 1
15755 1
15755 1
15755 1
15755 1
15756 1
15756 1
15756 1
15756 1
15757 1
15757 1
15757 1
15757 1
15758 1
15758 1
15758 1
15758 1
15759 1
15759 1
15759 1
15759 1
15760 1
15760 1
15760 1
15760 1
15761 1
15761 1
15761 1
15761 1
15762 1
15762 1
15762 1
15762 1
15763 1
15763 1
15763 1
15763 1
15764 1
15764 1
15764 1
15764 1
15765 1
15765 1
15765 1
15765 1
15766 1
15766 1
15766 1
15766 1
15767 1
15767 1
15767 1
15767 1
15768 1
15768 1
15768 1
15768 1
15769 1
15769 1
15769 1
15769 1
15770 1
15770 1
15770 1
15770 1
15771 1
15771 1
15771 1
15771 1
15772 1
15772 1
15772 1
15772 1
15843 1
15843 1
15843 1
15843 1
15844 1
15844 1
15844 1
15844 1
15845 1
15845 1
15845 1
15845 1
15846 1
15846 1
15846 1
15846 1
15847 1
15847 1
15847 1
15847 1
15848 1
15848 1
15848 1
15848 1
15849 1
15849 1
15849 1
15849 1
15850 1
15850 1
15850 1
15850 1
15851 1
15851 1
15851 1
15851 1
15852 1
15852 1
15852 1
15852 1
15853 1
15853 1
15853 1
15853 1
15854 1
15854 1
15854 1
15854 1
15855 1
15855 1
15855 1
15855 1
15856 1
15856 1
15856 1
15856 1
15857 1
15857 1
15857 1
15857 1
15858 1
15858 1
15858 1
15858 1
15859 1
15859 1
15859 1
15859 1
15860 1
15860 1
15860 1
15860 1
15861 1
15861 1
15861 1
15861 1
15862 1
15862 1
15862 1
15862 1
15863 1
15863 1
15863 1
15863 1
15864 1
15864 1
15864 1
15864 1
15865 1
15865 1
15865 1
15865 1
15866 1
15866 1
15866 1
15866 1
15867 1
15867 1
15867 1
15867 1
15868 1
15868 1
15868 1
15868 1
15869 1
15869 1
15869 1
15869 1
15870 1
15870 1
15870 1
15870 1
15871 1
15871 1
15871 1
15871 1
15872 1
15872 1
15872 1
15872 1
15873 1
15873 1
15873 1
15873 1
15874 1
15874 1
15874 1
15874 1
15875 1
15875 1
15875 1
15875 1
15876 1
15876 1
15876 1
15876 1
15877 1
15877 1
15877 1
15877 1
15878 1
15878 1
15878 1
15878 1
15879 1
15879 1
15879 1
15879 1
15880 1
15880 1
15880 1
15880 1
15881 1
15881 1
15881 1
15881 1
15882 1
15882 1
15882 1
15882 1
15883 1
15883 1
15883 1
15883 1
15884 1
15884 1
15884 1
15884 1
15885 1
15885 1
15885 1
15885 1
15886 1
15886 1
15886 1
15886 1
15958 1
15958 1
15958 1
15958 1
15959 1
15959 1
15959 1
15959 1
15960 1
15960 1
15960 1
15960 1
15961 1
15961 1
15961 1
15961 1
15962 1
15962 1
15962 1
15962 1
15963 1
15963 1
15963 1
15963 1
15964 1
15964 1
15964 1
15964 1
15965 1
15965 1
15965 1
15965 1
15966 1
15966 1
15966 1
15966 1
15967 1
15967 1
15967 1
15967 1
15968 1
15968 1
15968 1
15968 1
15969 1
15969 1
15969 1
15969 1
15970 1
15970 1
15970 1
15970 1
15971 1
15971 1
15971 1
15971 1
15972 1
15972 1
15972 1
15972 1
15973 1
15973 1
15973 1
15973 1
15974 1
15974 1
15974 1
15974 1
15975 1
15975 1
15975 1
15975 1
15976 1
15976 1
15976 1
15976 1
15977 1
15977 1
15977 1
15977 1
15978 1
15978 1
15978 1
15978 1
15979 1
15979 1
15979 1
15979 1
15980 1
15980 1
15980 1
15980 1
15981 1
15981 1
15981 1
15981 1
15982 1
15982 1
15982 1
15982 1
15983 1
15983 1
15983 1
15983 1
15984 1
15984 1
15984 1
15984 1
15985 1
15985 1
15985 1
15985 1
15986 1
15986 1
15986 1
15986 1
15987 1
15987 1
15987 1
15987 1
15988 1
15988 1
15988 1
15988 1
15989 1
15989 1
15989 1
15989 1
15990 1
15990 1
15990 1
15990 1
15991 1
15991 1
15991 1
15991 1
15992 1
15992 1
15992 1
15992 1
15993 1
15993 1
15993 1
15993 1
15994 1
15994 1
15994 1
15994 1
15995 1
15995 1
15995 1
15995 1
15996 1
15996 1
15996 1
15996 1
15997 1
15997 1
15997 1
15997 1
16073 1
16073 1
16073 1
16073 1
16074 1
16074 1
16074 1
16074 1
16075 1
16075 1
16075 1
16075 1
16076 1
16076 1
16076 1
16076 1
16077 1
16077 1
16077 1
16077 1
16078 1
16078 1
16078 1
16078 1
16079 1
16079 1
16079 1
16079 1
16080 1
16080 1
16080 1
16080 1
16081 1
16081 1
16081 1
16081 1
16082 1
16082 1
16082 1
16082 1
16083 1
16083 1
16083 1
16083 1
16084 1
16084 1
16084 1
16084 1
16085 1
16085 1
16085 1
16085 1
16086 1
16086 1
16086 1
16086 1
16087 1
16087 1
16087 1
16087 1
16088 1
16088 1
16088 1
16088 1
16089 1
16089 1
16089 1
16089 1
16090 1
16090 1
16090 1
16090 1
16091 1
16091 1
16091 1
16091 1
16092 1
16092 1
16092 1
16092 1
16093 1
16093 1
16093 1
16093 1
16094 1
16094 1
16094 1
16094 1
16095 1
16095 1
16095 1
16095 1
16096 1
16096 1
16096 1
16096 1
16097 1
16097 1
16097 1
16097 1
16098 1
16098 1
16098 1
16098 1
16099 1
16099 1
16099 1
16099 1
16100 1
16100 1
16100 1
16100 1
16101 1
16101 1
16101 1
16101 1
16102 1
16102 1
16102 1
16102 1
16103 1
16103 1
16103 1
16103 1
16104 1
16104 1
16104 1
16104 1
16105 1
16105 1
16105 1
16105 1
16106 1
16106 1
16106 1
16106 1
16107 1
16107 1
16107 1
16107 1
16108 1
16108 1
16108 1
16108 1
16187 1
16187 1
16187 1
16187 1
16188 1
16188 1
16188 1
16188 1
16189 1
16189 1
16189 1
16189 1
16190 1
16190 1
16190 1
16190 1
16191 1
16191 1
16191 1
16191 1
16192 1
16192 1
16192 1
16192 1
16193 1
16193 1
16193 1
16193 1
16194 1
16194 1
16194 1
16194 1
16195 1
16195 1
16195 1
16195 1
16196 1
16196 1
16196 1
16196 1
16197 1
16197 1
16197 1
16197 1
16198 1
16198 1
16198 1
16198 1
16199 1
16199 1
16199 1
16199 1
16200 1
16200 1
16200 1
16200 1
16201 1
16201 1
16201 1
16201 1
16202 1
16202 1
16202 1
16202 1
16203 1
16203 1
16203 1
16203 1
16204 1
16204 1
16204 1
16204 1
16205 1
16205 1
16205 1
16205 1
16206 1
16206 1
16206 1
16206 1
16207 1
16207 1
16207 1
16207 1
16208 1
16208 1
16208 1
16208 1
16209 1
16209 1
16209 1
16209 1
16210 1
16210 1
16210 1
16210 1
16211 1
16211 1
16211 1
16211 1
16212 1
16212 1
16212 1
16212 1
16213 1
16213 1
16213 1
16213 1
16214 1
16214 1
16214 1
16214 1
16215 1
16215 1
16215 1
16215 1
16216 1
16216 1
16216 1
16216 1
16217 1
16217 1
16217 1
16217 1
16302 1
16302 1
16302 1
16302 1
16303 1
16303 1
16303 1
16303 1
16304 1
16304 1
16304 1
16304 1
16305 1
16305 1
16305 1
16305 1
16306 1
16306 1
16306 1
16306 1
16307 1
16307 1
16307 1
16307 1
16308 1
16308 1
16308 1
16308 1
16309 1
16309 1
16309 1
16309 1
16310 1
16310 1
16310 1
16310 1
16311 1
16311 1
16311 1
16311 1
16312 1
16312 1
16312 1
16312 1
16313 1
16313 1
16313 1
16313 1
16314 1
16314 1
16314 1
16314 1
16315 1
16315 1
16315 1
16315 1
16316 1
16316 1
16316 1
16316 1
16317 1
16317 1
16317 1
16317 1
16318 1
16318 1
16318 1
16318 1
16319 1
16319 1
16319 1
16319 1
16320 1
16320 1
16320 1
16320 1
16321 1
16321 1
16321 1
16321 1
16322 1
16322 1
16322 1
16322 1
16323 1
16323 1
16323 1
16323 1
16324 1
16324 1
16324 1
16324 1
16325 1
16325 1
16325 1
16325 1
16418 1
16418 1
16418 1
16418 1
16419 1
16419 1
16419 1
16419 1
16420 1
16420 1
16420 1
16420 1
16421 1
16421 1
16421 1
16421 1
16422 1
16422 1
16422 1
16422 1
16423 1
16423 1
16423 1
16423 1
16424 1
16424 1
16424 1
16424 1
16425 1
16425 1
16425 1
16425 1
16426 1
16426 1
16426 1
16426 1
16427 1
16427 1
16427 1
16427 1
16428 1
16428 1
16428 1
16428 1
16429 1
16429 1
16429 1
16429 1
16430 1
16430 1
16430 1
16430 1
16431 1
16431 1
16431 1
16431 1
16432 1
16432 1
16432 1
16432 1
