pt_graph scale
11378 7.92
11378 1.4
11378 45.24
11378 29.04
11379 7.92
11379 1.4
11379 45.24
11379 29.04
11380 7.92
11380 1.4
11380 45.24
11380 29.04
11381 7.92
11381 1.4
11381 45.24
11381 29.04
11488 7.92
11488 1.4
11488 45.24
11488 29.04
11489 7.92
11489 1.4
11489 45.24
11489 29.04
11490 7.92
11490 1.4
11490 45.24
11490 29.04
11491 7.92
11491 1.4
11491 45.24
11491 29.04
11593 7.92
11593 1.4
11593 45.24
11593 29.04
11594 7.92
11594 1.4
11594 45.24
11594 29.04
11595 7.92
11595 1.4
11595 45.24
11595 29.04
11596 7.92
11596 1.4
11596 45.24
11596 29.04
11597 7.92
11597 1.4
11597 45.24
11597 29.04
11598 7.92
11598 1.4
11598 45.24
11598 29.04
11599 7.92
11599 1.4
11599 45.24
11599 29.04
11600 7.92
11600 1.4
11600 45.24
11600 29.04
11601 7.92
11601 1.4
11601 45.24
11601 29.04
11703 7.92
11703 1.4
11703 45.24
11703 29.04
11704 7.92
11704 1.4
11704 45.24
11704 29.04
11705 7.92
11705 1.4
11705 45.24
11705 29.04
11706 7.92
11706 1.4
11706 45.24
11706 29.04
11707 7.92
11707 1.4
11707 45.24
11707 29.04
11708 7.92
11708 1.4
11708 45.24
11708 29.04
11709 7.92
11709 1.4
11709 45.24
11709 29.04
11710 7.92
11710 1.4
11710 45.24
11710 29.04
11711 7.92
11711 1.4
11711 45.24
11711 29.04
11809 7.92
11809 1.4
11809 45.24
11809 29.04
11810 7.92
11810 1.4
11810 45.24
11810 29.04
11811 7.92
11811 1.4
11811 45.24
11811 29.04
11812 7.92
11812 1.4
11812 45.24
11812 29.04
11813 7.92
11813 1.4
11813 45.24
11813 29.04
11814 7.92
11814 1.4
11814 45.24
11814 29.04
11815 7.92
11815 1.4
11815 45.24
11815 29.04
11816 7.92
11816 1.4
11816 45.24
11816 29.04
11817 7.92
11817 1.4
11817 45.24
11817 29.04
11818 7.92
11818 1.4
11818 45.24
11818 29.04
11819 7.92
11819 1.4
11819 45.24
11819 29.04
11820 7.92
11820 1.4
11820 45.24
11820 29.04
11821 7.92
11821 1.4
11821 45.24
11821 29.04
11918 7.92
11918 1.4
11918 45.24
11918 29.04
11919 7.92
11919 1.4
11919 45.24
11919 29.04
11920 7.92
11920 1.4
11920 45.24
11920 29.04
11921 7.92
11921 1.4
11921 45.24
11921 29.04
11922 7.92
11922 1.4
11922 45.24
11922 29.04
11923 7.92
11923 1.4
11923 45.24
11923 29.04
11924 7.92
11924 1.4
11924 45.24
11924 29.04
11925 7.92
11925 1.4
11925 45.24
11925 29.04
11926 7.92
11926 1.4
11926 45.24
11926 29.04
11927 7.92
11927 1.4
11927 45.24
11927 29.04
11928 7.92
11928 1.4
11928 45.24
11928 29.04
11929 7.92
11929 1.4
11929 45.24
11929 29.04
11930 7.92
11930 1.4
11930 45.24
11930 29.04
11931 7.92
11931 1.4
11931 45.24
11931 29.04
12027 7.92
12027 1.4
12027 45.24
12027 29.04
12028 7.92
12028 1.4
12028 45.24
12028 29.04
12029 7.92
12029 1.4
12029 45.24
12029 29.04
12030 7.92
12030 1.4
12030 45.24
12030 29.04
12031 7.92
12031 1.4
12031 45.24
12031 29.04
12032 7.92
12032 1.4
12032 45.24
12032 29.04
12033 7.92
12033 1.4
12033 45.24
12033 29.04
12034 7.92
12034 1.4
12034 45.24
12034 29.04
12035 7.92
12035 1.4
12035 45.24
12035 29.04
12036 7.92
12036 1.4
12036 45.24
12036 29.04
12037 7.92
12037 1.4
12037 45.24
12037 29.04
12038 7.92
12038 1.4
12038 45.24
12038 29.04
12039 7.92
12039 1.4
12039 45.24
12039 29.04
12040 7.92
12040 1.4
12040 45.24
12040 29.04
12130 7.92
12130 1.4
12130 45.24
12130 29.04
12131 7.92
12131 1.4
12131 45.24
12131 29.04
12132 7.92
12132 1.4
12132 45.24
12132 29.04
12133 7.92
12133 1.4
12133 45.24
12133 29.04
12134 7.92
12134 1.4
12134 45.24
12134 29.04
12135 7.92
12135 1.4
12135 45.24
12135 29.04
12136 7.92
12136 1.4
12136 45.24
12136 29.04
12137 7.92
12137 1.4
12137 45.24
12137 29.04
12138 7.92
12138 1.4
12138 45.24
12138 29.04
12139 7.92
12139 1.4
12139 45.24
12139 29.04
12140 7.92
12140 1.4
12140 45.24
12140 29.04
12141 7.92
12141 1.4
12141 45.24
12141 29.04
12142 7.92
12142 1.4
12142 45.24
12142 29.04
12143 7.92
12143 1.4
12143 45.24
12143 29.04
12144 7.92
12144 1.4
12144 45.24
12144 29.04
12145 7.92
12145 1.4
12145 45.24
12145 29.04
12146 7.92
12146 1.4
12146 45.24
12146 29.04
12147 7.92
12147 1.4
12147 45.24
12147 29.04
12148 7.92
12148 1.4
12148 45.24
12148 29.04
12238 7.92
12238 1.4
12238 45.24
12238 29.04
12239 7.92
12239 1.4
12239 45.24
12239 29.04
12240 7.92
12240 1.4
12240 45.24
12240 29.04
12241 7.92
12241 1.4
12241 45.24
12241 29.04
12242 7.92
12242 1.4
12242 45.24
12242 29.04
12243 7.92
12243 1.4
12243 45.24
12243 29.04
12244 7.92
12244 1.4
12244 45.24
12244 29.04
12245 7.92
12245 1.4
12245 45.24
12245 29.04
12246 7.92
12246 1.4
12246 45.24
12246 29.04
12247 7.92
12247 1.4
12247 45.24
12247 29.04
12248 7.92
12248 1.4
12248 45.24
12248 29.04
12249 7.92
12249 1.4
12249 45.24
12249 29.04
12250 7.92
12250 1.4
12250 45.24
12250 29.04
12251 7.92
12251 1.4
12251 45.24
12251 29.04
12252 7.92
12252 1.4
12252 45.24
12252 29.04
12253 7.92
12253 1.4
12253 45.24
12253 29.04
12254 7.92
12254 1.4
12254 45.24
12254 29.04
12255 7.92
12255 1.4
12255 45.24
12255 29.04
12344 7.92
12344 1.4
12344 45.24
12344 29.04
12345 7.92
12345 1.4
12345 45.24
12345 29.04
12346 7.92
12346 1.4
12346 45.24
12346 29.04
12347 7.92
12347 1.4
12347 45.24
12347 29.04
12348 7.92
12348 1.4
12348 45.24
12348 29.04
12349 7.92
12349 1.4
12349 45.24
12349 29.04
12350 7.92
12350 1.4
12350 45.24
12350 29.04
12351 7.92
12351 1.4
12351 45.24
12351 29.04
12352 7.92
12352 1.4
12352 45.24
12352 29.04
12353 7.92
12353 1.4
12353 45.24
12353 29.04
12354 7.92
12354 1.4
12354 45.24
12354 29.04
12355 7.92
12355 1.4
12355 45.24
12355 29.04
12356 7.92
12356 1.4
12356 45.24
12356 29.04
12357 7.92
12357 1.4
12357 45.24
12357 29.04
12358 7.92
12358 1.4
12358 45.24
12358 29.04
12359 7.92
12359 1.4
12359 45.24
12359 29.04
12360 7.92
12360 1.4
12360 45.24
12360 29.04
12361 7.92
12361 1.4
12361 45.24
12361 29.04
12362 7.92
12362 1.4
12362 45.24
12362 29.04
12363 7.92
12363 1.4
12363 45.24
12363 29.04
12364 7.92
12364 1.4
12364 45.24
12364 29.04
12453 7.92
12453 1.4
12453 45.24
12453 29.04
12454 7.92
12454 1.4
12454 45.24
12454 29.04
12455 7.92
12455 1.4
12455 45.24
12455 29.04
12456 7.92
12456 1.4
12456 45.24
12456 29.04
12457 7.92
12457 1.4
12457 45.24
12457 29.04
12458 7.92
12458 1.4
12458 45.24
12458 29.04
12459 7.92
12459 1.4
12459 45.24
12459 29.04
12460 7.92
12460 1.4
12460 45.24
12460 29.04
12461 7.92
12461 1.4
12461 45.24
12461 29.04
12462 7.92
12462 1.4
12462 45.24
12462 29.04
12463 7.92
12463 1.4
12463 45.24
12463 29.04
12464 7.92
12464 1.4
12464 45.24
12464 29.04
12465 7.92
12465 1.4
12465 45.24
12465 29.04
12466 7.92
12466 1.4
12466 45.24
12466 29.04
12467 7.92
12467 1.4
12467 45.24
12467 29.04
12468 7.92
12468 1.4
12468 45.24
12468 29.04
12469 7.92
12469 1.4
12469 45.24
12469 29.04
12470 7.92
12470 1.4
12470 45.24
12470 29.04
12471 7.92
12471 1.4
12471 45.24
12471 29.04
12472 7.92
12472 1.4
12472 45.24
12472 29.04
12473 7.92
12473 1.4
12473 45.24
12473 29.04
12558 7.92
12558 1.4
12558 45.24
12558 29.04
12559 7.92
12559 1.4
12559 45.24
12559 29.04
12560 7.92
12560 1.4
12560 45.24
12560 29.04
12561 7.92
12561 1.4
12561 45.24
12561 29.04
12562 7.92
12562 1.4
12562 45.24
12562 29.04
12563 7.92
12563 1.4
12563 45.24
12563 29.04
12564 7.92
12564 1.4
12564 45.24
12564 29.04
12565 7.92
12565 1.4
12565 45.24
12565 29.04
12566 7.92
12566 1.4
12566 45.24
12566 29.04
12567 7.92
12567 1.4
12567 45.24
12567 29.04
12568 7.92
12568 1.4
12568 45.24
12568 29.04
12569 7.92
12569 1.4
12569 45.24
12569 29.04
12570 7.92
12570 1.4
12570 45.24
12570 29.04
12571 7.92
12571 1.4
12571 45.24
12571 29.04
12572 7.92
12572 1.4
12572 45.24
12572 29.04
12573 7.92
12573 1.4
12573 45.24
12573 29.04
12574 7.92
12574 1.4
12574 45.24
12574 29.04
12575 7.92
12575 1.4
12575 45.24
12575 29.04
12576 7.92
12576 1.4
12576 45.24
12576 29.04
12577 7.92
12577 1.4
12577 45.24
12577 29.04
12578 7.92
12578 1.4
12578 45.24
12578 29.04
12579 7.92
12579 1.4
12579 45.24
12579 29.04
12580 7.92
12580 1.4
12580 45.24
12580 29.04
12581 7.92
12581 1.4
12581 45.24
12581 29.04
12582 7.92
12582 1.4
12582 45.24
12582 29.04
12666 7.92
12666 1.4
12666 45.24
12666 29.04
12667 7.92
12667 1.4
12667 45.24
12667 29.04
12668 7.92
12668 1.4
12668 45.24
12668 29.04
12669 7.92
12669 1.4
12669 45.24
12669 29.04
12670 7.92
12670 1.4
12670 45.24
12670 29.04
12671 7.92
12671 1.4
12671 45.24
12671 29.04
12672 7.92
12672 1.4
12672 45.24
12672 29.04
12673 7.92
12673 1.4
12673 45.24
12673 29.04
12674 7.92
12674 1.4
12674 45.24
12674 29.04
12675 7.92
12675 1.4
12675 45.24
12675 29.04
12676 7.92
12676 1.4
12676 45.24
12676 29.04
12677 7.92
12677 1.4
12677 45.24
12677 29.04
12678 7.92
12678 1.4
12678 45.24
12678 29.04
12679 7.92
12679 1.4
12679 45.24
12679 29.04
12680 7.92
12680 1.4
12680 45.24
12680 29.04
12681 7.92
12681 1.4
12681 45.24
12681 29.04
12682 7.92
12682 1.4
12682 45.24
12682 29.04
12683 7.92
12683 1.4
12683 45.24
12683 29.04
12684 7.92
12684 1.4
12684 45.24
12684 29.04
12685 7.92
12685 1.4
12685 45.24
12685 29.04
12686 7.92
12686 1.4
12686 45.24
12686 29.04
12687 7.92
12687 1.4
12687 45.24
12687 29.04
12688 7.92
12688 1.4
12688 45.24
12688 29.04
12689 7.92
12689 1.4
12689 45.24
12689 29.04
12690 7.92
12690 1.4
12690 45.24
12690 29.04
12771 7.92
12771 1.4
12771 45.24
12771 29.04
12772 7.92
12772 1.4
12772 45.24
12772 29.04
12773 7.92
12773 1.4
12773 45.24
12773 29.04
12774 7.92
12774 1.4
12774 45.24
12774 29.04
12775 7.92
12775 1.4
12775 45.24
12775 29.04
12776 7.92
12776 1.4
12776 45.24
12776 29.04
12777 7.92
12777 1.4
12777 45.24
12777 29.04
12778 7.92
12778 1.4
12778 45.24
12778 29.04
12779 7.92
12779 1.4
12779 45.24
12779 29.04
12780 7.92
12780 1.4
12780 45.24
12780 29.04
12781 7.92
12781 1.4
12781 45.24
12781 29.04
12782 7.92
12782 1.4
12782 45.24
12782 29.04
12783 7.92
12783 1.4
12783 45.24
12783 29.04
12784 7.92
12784 1.4
12784 45.24
12784 29.04
12785 7.92
12785 1.4
12785 45.24
12785 29.04
12786 7.92
12786 1.4
12786 45.24
12786 29.04
12787 7.92
12787 1.4
12787 45.24
12787 29.04
12788 7.92
12788 1.4
12788 45.24
12788 29.04
12789 7.92
12789 1.4
12789 45.24
12789 29.04
12790 7.92
12790 1.4
12790 45.24
12790 29.04
12791 7.92
12791 1.4
12791 45.24
12791 29.04
12792 7.92
12792 1.4
12792 45.24
12792 29.04
12793 7.92
12793 1.4
12793 45.24
12793 29.04
12794 7.92
12794 1.4
12794 45.24
12794 29.04
12795 7.92
12795 1.4
12795 45.24
12795 29.04
12873 7.92
12873 1.4
12873 45.24
12873 29.04
12874 7.92
12874 1.4
12874 45.24
12874 29.04
12875 7.92
12875 1.4
12875 45.24
12875 29.04
12876 7.92
12876 1.4
12876 45.24
12876 29.04
12877 7.92
12877 1.4
12877 45.24
12877 29.04
12878 7.92
12878 1.4
12878 45.24
12878 29.04
12879 7.92
12879 1.4
12879 45.24
12879 29.04
12880 7.92
12880 1.4
12880 45.24
12880 29.04
12881 7.92
12881 1.4
12881 45.24
12881 29.04
12882 7.92
12882 1.4
12882 45.24
12882 29.04
12883 7.92
12883 1.4
12883 45.24
12883 29.04
12884 7.92
12884 1.4
12884 45.24
12884 29.04
12885 7.92
12885 1.4
12885 45.24
12885 29.04
12886 7.92
12886 1.4
12886 45.24
12886 29.04
12887 7.92
12887 1.4
12887 45.24
12887 29.04
12888 7.92
12888 1.4
12888 45.24
12888 29.04
12889 7.92
12889 1.4
12889 45.24
12889 29.04
12890 7.92
12890 1.4
12890 45.24
12890 29.04
12891 7.92
12891 1.4
12891 45.24
12891 29.04
12892 7.92
12892 1.4
12892 45.24
12892 29.04
12893 7.92
12893 1.4
12893 45.24
12893 29.04
12894 7.92
12894 1.4
12894 45.24
12894 29.04
12895 7.92
12895 1.4
12895 45.24
12895 29.04
12896 7.92
12896 1.4
12896 45.24
12896 29.04
12897 7.92
12897 1.4
12897 45.24
12897 29.04
12898 7.92
12898 1.4
12898 45.24
12898 29.04
12899 7.92
12899 1.4
12899 45.24
12899 29.04
12981 7.92
12981 1.4
12981 45.24
12981 29.04
12982 7.92
12982 1.4
12982 45.24
12982 29.04
12983 7.92
12983 1.4
12983 45.24
12983 29.04
12984 7.92
12984 1.4
12984 45.24
12984 29.04
12985 7.92
12985 1.4
12985 45.24
12985 29.04
12986 7.92
12986 1.4
12986 45.24
12986 29.04
12987 7.92
12987 1.4
12987 45.24
12987 29.04
12988 7.92
12988 1.4
12988 45.24
12988 29.04
12989 7.92
12989 1.4
12989 45.24
12989 29.04
12990 7.92
12990 1.4
12990 45.24
12990 29.04
12991 7.92
12991 1.4
12991 45.24
12991 29.04
12992 7.92
12992 1.4
12992 45.24
12992 29.04
12993 7.92
12993 1.4
12993 45.24
12993 29.04
12994 7.92
12994 1.4
12994 45.24
12994 29.04
12995 7.92
12995 1.4
12995 45.24
12995 29.04
12996 7.92
12996 1.4
12996 45.24
12996 29.04
12997 7.92
12997 1.4
12997 45.24
12997 29.04
12998 7.92
12998 1.4
12998 45.24
12998 29.04
12999 7.92
12999 1.4
12999 45.24
12999 29.04
13000 7.92
13000 1.4
13000 45.24
13000 29.04
13001 7.92
13001 1.4
13001 45.24
13001 29.04
13002 7.92
13002 1.4
13002 45.24
13002 29.04
13003 7.92
13003 1.4
13003 45.24
13003 29.04
13004 7.92
13004 1.4
13004 45.24
13004 29.04
13005 7.92
13005 1.4
13005 45.24
13005 29.04
13006 7.92
13006 1.4
13006 45.24
13006 29.04
13007 7.92
13007 1.4
13007 45.24
13007 29.04
13086 7.92
13086 1.4
13086 45.24
13086 29.04
13087 7.92
13087 1.4
13087 45.24
13087 29.04
13088 7.92
13088 1.4
13088 45.24
13088 29.04
13089 7.92
13089 1.4
13089 45.24
13089 29.04
13090 7.92
13090 1.4
13090 45.24
13090 29.04
13091 7.92
13091 1.4
13091 45.24
13091 29.04
13092 7.92
13092 1.4
13092 45.24
13092 29.04
13093 7.92
13093 1.4
13093 45.24
13093 29.04
13094 7.92
13094 1.4
13094 45.24
13094 29.04
13095 7.92
13095 1.4
13095 45.24
13095 29.04
13096 7.92
13096 1.4
13096 45.24
13096 29.04
13097 7.92
13097 1.4
13097 45.24
13097 29.04
13098 7.92
13098 1.4
13098 45.24
13098 29.04
13099 7.92
13099 1.4
13099 45.24
13099 29.04
13100 7.92
13100 1.4
13100 45.24
13100 29.04
13101 7.92
13101 1.4
13101 45.24
13101 29.04
13102 7.92
13102 1.4
13102 45.24
13102 29.04
13103 7.92
13103 1.4
13103 45.24
13103 29.04
13104 7.92
13104 1.4
13104 45.24
13104 29.04
13105 7.92
13105 1.4
13105 45.24
13105 29.04
13106 7.92
13106 1.4
13106 45.24
13106 29.04
13107 7.92
13107 1.4
13107 45.24
13107 29.04
13108 7.92
13108 1.4
13108 45.24
13108 29.04
13109 7.92
13109 1.4
13109 45.24
13109 29.04
13110 7.92
13110 1.4
13110 45.24
13110 29.04
13111 7.92
13111 1.4
13111 45.24
13111 29.04
13112 7.92
13112 1.4
13112 45.24
13112 29.04
13113 7.92
13113 1.4
13113 45.24
13113 29.04
13114 7.92
13114 1.4
13114 45.24
13114 29.04
13115 7.92
13115 1.4
13115 45.24
13115 29.04
13197 7.92
13197 1.4
13197 45.24
13197 29.04
13198 7.92
13198 1.4
13198 45.24
13198 29.04
13199 7.92
13199 1.4
13199 45.24
13199 29.04
13200 7.92
13200 1.4
13200 45.24
13200 29.04
13201 7.92
13201 1.4
13201 45.24
13201 29.04
13202 7.92
13202 1.4
13202 45.24
13202 29.04
13203 7.92
13203 1.4
13203 45.24
13203 29.04
13204 7.92
13204 1.4
13204 45.24
13204 29.04
13205 7.92
13205 1.4
13205 45.24
13205 29.04
13206 7.92
13206 1.4
13206 45.24
13206 29.04
13207 7.92
13207 1.4
13207 45.24
13207 29.04
13208 7.92
13208 1.4
13208 45.24
13208 29.04
13209 7.92
13209 1.4
13209 45.24
13209 29.04
13210 7.92
13210 1.4
13210 45.24
13210 29.04
13211 7.92
13211 1.4
13211 45.24
13211 29.04
13212 7.92
13212 1.4
13212 45.24
13212 29.04
13213 7.92
13213 1.4
13213 45.24
13213 29.04
13214 7.92
13214 1.4
13214 45.24
13214 29.04
13215 7.92
13215 1.4
13215 45.24
13215 29.04
13216 7.92
13216 1.4
13216 45.24
13216 29.04
13217 7.92
13217 1.4
13217 45.24
13217 29.04
13218 7.92
13218 1.4
13218 45.24
13218 29.04
13219 7.92
13219 1.4
13219 45.24
13219 29.04
13220 7.92
13220 1.4
13220 45.24
13220 29.04
13221 7.92
13221 1.4
13221 45.24
13221 29.04
13222 7.92
13222 1.4
13222 45.24
13222 29.04
13223 7.92
13223 1.4
13223 45.24
13223 29.04
13224 7.92
13224 1.4
13224 45.24
13224 29.04
13225 7.92
13225 1.4
13225 45.24
13225 29.04
13304 7.92
13304 1.4
13304 45.24
13304 29.04
13305 7.92
13305 1.4
13305 45.24
13305 29.04
13306 7.92
13306 1.4
13306 45.24
13306 29.04
13307 7.92
13307 1.4
13307 45.24
13307 29.04
13308 7.92
13308 1.4
13308 45.24
13308 29.04
13309 7.92
13309 1.4
13309 45.24
13309 29.04
13310 7.92
13310 1.4
13310 45.24
13310 29.04
13311 7.92
13311 1.4
13311 45.24
13311 29.04
13312 7.92
13312 1.4
13312 45.24
13312 29.04
13313 7.92
13313 1.4
13313 45.24
13313 29.04
13314 7.92
13314 1.4
13314 45.24
13314 29.04
13315 7.92
13315 1.4
13315 45.24
13315 29.04
13316 7.92
13316 1.4
13316 45.24
13316 29.04
13317 7.92
13317 1.4
13317 45.24
13317 29.04
13318 7.92
13318 1.4
13318 45.24
13318 29.04
13319 7.92
13319 1.4
13319 45.24
13319 29.04
13320 7.92
13320 1.4
13320 45.24
13320 29.04
13321 7.92
13321 1.4
13321 45.24
13321 29.04
13322 7.92
13322 1.4
13322 45.24
13322 29.04
13323 7.92
13323 1.4
13323 45.24
13323 29.04
13324 7.92
13324 1.4
13324 45.24
13324 29.04
13325 7.92
13325 1.4
13325 45.24
13325 29.04
13326 7.92
13326 1.4
13326 45.24
13326 29.04
13327 7.92
13327 1.4
13327 45.24
13327 29.04
13328 7.92
13328 1.4
13328 45.24
13328 29.04
13329 7.92
13329 1.4
13329 45.24
13329 29.04
13330 7.92
13330 1.4
13330 45.24
13330 29.04
13331 7.92
13331 1.4
13331 45.24
13331 29.04
13332 7.92
13332 1.4
13332 45.24
13332 29.04
13333 7.92
13333 1.4
13333 45.24
13333 29.04
13334 7.92
13334 1.4
13334 45.24
13334 29.04
13335 7.92
13335 1.4
13335 45.24
13335 29.04
13336 7.92
13336 1.4
13336 45.24
13336 29.04
13414 7.92
13414 1.4
13414 45.24
13414 29.04
13415 7.92
13415 1.4
13415 45.24
13415 29.04
13416 7.92
13416 1.4
13416 45.24
13416 29.04
13417 7.92
13417 1.4
13417 45.24
13417 29.04
13418 7.92
13418 1.4
13418 45.24
13418 29.04
13419 7.92
13419 1.4
13419 45.24
13419 29.04
13420 7.92
13420 1.4
13420 45.24
13420 29.04
13421 7.92
13421 1.4
13421 45.24
13421 29.04
13422 7.92
13422 1.4
13422 45.24
13422 29.04
13423 7.92
13423 1.4
13423 45.24
13423 29.04
13424 7.92
13424 1.4
13424 45.24
13424 29.04
13425 7.92
13425 1.4
13425 45.24
13425 29.04
13426 7.92
13426 1.4
13426 45.24
13426 29.04
13427 7.92
13427 1.4
13427 45.24
13427 29.04
13428 7.92
13428 1.4
13428 45.24
13428 29.04
13429 7.92
13429 1.4
13429 45.24
13429 29.04
13430 7.92
13430 1.4
13430 45.24
13430 29.04
13431 7.92
13431 1.4
13431 45.24
13431 29.04
13432 7.92
13432 1.4
13432 45.24
13432 29.04
13433 7.92
13433 1.4
13433 45.24
13433 29.04
13434 7.92
13434 1.4
13434 45.24
13434 29.04
13435 7.92
13435 1.4
13435 45.24
13435 29.04
13436 7.92
13436 1.4
13436 45.24
13436 29.04
13437 7.92
13437 1.4
13437 45.24
13437 29.04
13438 7.92
13438 1.4
13438 45.24
13438 29.04
13439 7.92
13439 1.4
13439 45.24
13439 29.04
13440 7.92
13440 1.4
13440 45.24
13440 29.04
13441 7.92
13441 1.4
13441 45.24
13441 29.04
13442 7.92
13442 1.4
13442 45.24
13442 29.04
13443 7.92
13443 1.4
13443 45.24
13443 29.04
13444 7.92
13444 1.4
13444 45.24
13444 29.04
13445 7.92
13445 1.4
13445 45.24
13445 29.04
13446 7.92
13446 1.4
13446 45.24
13446 29.04
13525 7.92
13525 1.4
13525 45.24
13525 29.04
13526 7.92
13526 1.4
13526 45.24
13526 29.04
13527 7.92
13527 1.4
13527 45.24
13527 29.04
13528 7.92
13528 1.4
13528 45.24
13528 29.04
13529 7.92
13529 1.4
13529 45.24
13529 29.04
13530 7.92
13530 1.4
13530 45.24
13530 29.04
13531 7.92
13531 1.4
13531 45.24
13531 29.04
13532 7.92
13532 1.4
13532 45.24
13532 29.04
13533 7.92
13533 1.4
13533 45.24
13533 29.04
13534 7.92
13534 1.4
13534 45.24
13534 29.04
13535 7.92
13535 1.4
13535 45.24
13535 29.04
13536 7.92
13536 1.4
13536 45.24
13536 29.04
13537 7.92
13537 1.4
13537 45.24
13537 29.04
13538 7.92
13538 1.4
13538 45.24
13538 29.04
13539 7.92
13539 1.4
13539 45.24
13539 29.04
13540 7.92
13540 1.4
13540 45.24
13540 29.04
13541 7.92
13541 1.4
13541 45.24
13541 29.04
13542 7.92
13542 1.4
13542 45.24
13542 29.04
13543 7.92
13543 1.4
13543 45.24
13543 29.04
13544 7.92
13544 1.4
13544 45.24
13544 29.04
13545 7.92
13545 1.4
13545 45.24
13545 29.04
13546 7.92
13546 1.4
13546 45.24
13546 29.04
13547 7.92
13547 1.4
13547 45.24
13547 29.04
13548 7.92
13548 1.4
13548 45.24
13548 29.04
13549 7.92
13549 1.4
13549 45.24
13549 29.04
13550 7.92
13550 1.4
13550 45.24
13550 29.04
13551 7.92
13551 1.4
13551 45.24
13551 29.04
13552 7.92
13552 1.4
13552 45.24
13552 29.04
13553 7.92
13553 1.4
13553 45.24
13553 29.04
13554 7.92
13554 1.4
13554 45.24
13554 29.04
13555 7.92
13555 1.4
13555 45.24
13555 29.04
13556 7.92
13556 1.4
13556 45.24
13556 29.04
13630 7.92
13630 1.4
13630 45.24
13630 29.04
13631 7.92
13631 1.4
13631 45.24
13631 29.04
13632 7.92
13632 1.4
13632 45.24
13632 29.04
13633 7.92
13633 1.4
13633 45.24
13633 29.04
13634 7.92
13634 1.4
13634 45.24
13634 29.04
13635 7.92
13635 1.4
13635 45.24
13635 29.04
13636 7.92
13636 1.4
13636 45.24
13636 29.04
13637 7.92
13637 1.4
13637 45.24
13637 29.04
13638 7.92
13638 1.4
13638 45.24
13638 29.04
13639 7.92
13639 1.4
13639 45.24
13639 29.04
13640 7.92
13640 1.4
13640 45.24
13640 29.04
13641 7.92
13641 1.4
13641 45.24
13641 29.04
13642 7.92
13642 1.4
13642 45.24
13642 29.04
13643 7.92
13643 1.4
13643 45.24
13643 29.04
13644 7.92
13644 1.4
13644 45.24
13644 29.04
13645 7.92
13645 1.4
13645 45.24
13645 29.04
13646 7.92
13646 1.4
13646 45.24
13646 29.04
13647 7.92
13647 1.4
13647 45.24
13647 29.04
13648 7.92
13648 1.4
13648 45.24
13648 29.04
13649 7.92
13649 1.4
13649 45.24
13649 29.04
13650 7.92
13650 1.4
13650 45.24
13650 29.04
13651 7.92
13651 1.4
13651 45.24
13651 29.04
13652 7.92
13652 1.4
13652 45.24
13652 29.04
13653 7.92
13653 1.4
13653 45.24
13653 29.04
13654 7.92
13654 1.4
13654 45.24
13654 29.04
13655 7.92
13655 1.4
13655 45.24
13655 29.04
13656 7.92
13656 1.4
13656 45.24
13656 29.04
13657 7.92
13657 1.4
13657 45.24
13657 29.04
13658 7.92
13658 1.4
13658 45.24
13658 29.04
13659 7.92
13659 1.4
13659 45.24
13659 29.04
13660 7.92
13660 1.4
13660 45.24
13660 29.04
13661 7.92
13661 1.4
13661 45.24
13661 29.04
13662 7.92
13662 1.4
13662 45.24
13662 29.04
13663 7.92
13663 1.4
13663 45.24
13663 29.04
13664 7.92
13664 1.4
13664 45.24
13664 29.04
13665 7.92
13665 1.4
13665 45.24
13665 29.04
13666 7.92
13666 1.4
13666 45.24
13666 29.04
13741 7.92
13741 1.4
13741 45.24
13741 29.04
13742 7.92
13742 1.4
13742 45.24
13742 29.04
13743 7.92
13743 1.4
13743 45.24
13743 29.04
13744 7.92
13744 1.4
13744 45.24
13744 29.04
13745 7.92
13745 1.4
13745 45.24
13745 29.04
13746 7.92
13746 1.4
13746 45.24
13746 29.04
13747 7.92
13747 1.4
13747 45.24
13747 29.04
13748 7.92
13748 1.4
13748 45.24
13748 29.04
13749 7.92
13749 1.4
13749 45.24
13749 29.04
13750 7.92
13750 1.4
13750 45.24
13750 29.04
13751 7.92
13751 1.4
13751 45.24
13751 29.04
13752 7.92
13752 1.4
13752 45.24
13752 29.04
13753 7.92
13753 1.4
13753 45.24
13753 29.04
13754 7.92
13754 1.4
13754 45.24
13754 29.04
13755 7.92
13755 1.4
13755 45.24
13755 29.04
13756 7.92
13756 1.4
13756 45.24
13756 29.04
13757 7.92
13757 1.4
13757 45.24
13757 29.04
13758 7.92
13758 1.4
13758 45.24
13758 29.04
13759 7.92
13759 1.4
13759 45.24
13759 29.04
13760 7.92
13760 1.4
13760 45.24
13760 29.04
13761 7.92
13761 1.4
13761 45.24
13761 29.04
13762 7.92
13762 1.4
13762 45.24
13762 29.04
13763 7.92
13763 1.4
13763 45.24
13763 29.04
13764 7.92
13764 1.4
13764 45.24
13764 29.04
13765 7.92
13765 1.4
13765 45.24
13765 29.04
13766 7.92
13766 1.4
13766 45.24
13766 29.04
13767 7.92
13767 1.4
13767 45.24
13767 29.04
13768 7.92
13768 1.4
13768 45.24
13768 29.04
13769 7.92
13769 1.4
13769 45.24
13769 29.04
13770 7.92
13770 1.4
13770 45.24
13770 29.04
13771 7.92
13771 1.4
13771 45.24
13771 29.04
13772 7.92
13772 1.4
13772 45.24
13772 29.04
13773 7.92
13773 1.4
13773 45.24
13773 29.04
13774 7.92
13774 1.4
13774 45.24
13774 29.04
13775 7.92
13775 1.4
13775 45.24
13775 29.04
13776 7.92
13776 1.4
13776 45.24
13776 29.04
13850 7.92
13850 1.4
13850 45.24
13850 29.04
13851 7.92
13851 1.4
13851 45.24
13851 29.04
13852 7.92
13852 1.4
13852 45.24
13852 29.04
13853 7.92
13853 1.4
13853 45.24
13853 29.04
13854 7.92
13854 1.4
13854 45.24
13854 29.04
13855 7.92
13855 1.4
13855 45.24
13855 29.04
13856 7.92
13856 1.4
13856 45.24
13856 29.04
13857 7.92
13857 1.4
13857 45.24
13857 29.04
13858 7.92
13858 1.4
13858 45.24
13858 29.04
13859 7.92
13859 1.4
13859 45.24
13859 29.04
13860 7.92
13860 1.4
13860 45.24
13860 29.04
13861 7.92
13861 1.4
13861 45.24
13861 29.04
13862 7.92
13862 1.4
13862 45.24
13862 29.04
13863 7.92
13863 1.4
13863 45.24
13863 29.04
13864 7.92
13864 1.4
13864 45.24
13864 29.04
13865 7.92
13865 1.4
13865 45.24
13865 29.04
13866 7.92
13866 1.4
13866 45.24
13866 29.04
13867 7.92
13867 1.4
13867 45.24
13867 29.04
13868 7.92
13868 1.4
13868 45.24
13868 29.04
13869 7.92
13869 1.4
13869 45.24
13869 29.04
13870 7.92
13870 1.4
13870 45.24
13870 29.04
13871 7.92
13871 1.4
13871 45.24
13871 29.04
13872 7.92
13872 1.4
13872 45.24
13872 29.04
13873 7.92
13873 1.4
13873 45.24
13873 29.04
13874 7.92
13874 1.4
13874 45.24
13874 29.04
13875 7.92
13875 1.4
13875 45.24
13875 29.04
13876 7.92
13876 1.4
13876 45.24
13876 29.04
13877 7.92
13877 1.4
13877 45.24
13877 29.04
13878 7.92
13878 1.4
13878 45.24
13878 29.04
13879 7.92
13879 1.4
13879 45.24
13879 29.04
13880 7.92
13880 1.4
13880 45.24
13880 29.04
13881 7.92
13881 1.4
13881 45.24
13881 29.04
13882 7.92
13882 1.4
13882 45.24
13882 29.04
13883 7.92
13883 1.4
13883 45.24
13883 29.04
13884 7.92
13884 1.4
13884 45.24
13884 29.04
13885 7.92
13885 1.4
13885 45.24
13885 29.04
13886 7.92
13886 1.4
13886 45.24
13886 29.04
13887 7.92
13887 1.4
13887 45.24
13887 29.04
13963 7.92
13963 1.4
13963 45.24
13963 29.04
13964 7.92
13964 1.4
13964 45.24
13964 29.04
13965 7.92
13965 1.4
13965 45.24
13965 29.04
13966 7.92
13966 1.4
13966 45.24
13966 29.04
13967 7.92
13967 1.4
13967 45.24
13967 29.04
13968 7.92
13968 1.4
13968 45.24
13968 29.04
13969 7.92
13969 1.4
13969 45.24
13969 29.04
13970 7.92
13970 1.4
13970 45.24
13970 29.04
13971 7.92
13971 1.4
13971 45.24
13971 29.04
13972 7.92
13972 1.4
13972 45.24
13972 29.04
13973 7.92
13973 1.4
13973 45.24
13973 29.04
13974 7.92
13974 1.4
13974 45.24
13974 29.04
13975 7.92
13975 1.4
13975 45.24
13975 29.04
13976 7.92
13976 1.4
13976 45.24
13976 29.04
13977 7.92
13977 1.4
13977 45.24
13977 29.04
13978 7.92
13978 1.4
13978 45.24
13978 29.04
13979 7.92
13979 1.4
13979 45.24
13979 29.04
13980 7.92
13980 1.4
13980 45.24
13980 29.04
13981 7.92
13981 1.4
13981 45.24
13981 29.04
13982 7.92
13982 1.4
13982 45.24
13982 29.04
13983 7.92
13983 1.4
13983 45.24
13983 29.04
13984 7.92
13984 1.4
13984 45.24
13984 29.04
13985 7.92
13985 1.4
13985 45.24
13985 29.04
13986 7.92
13986 1.4
13986 45.24
13986 29.04
13987 7.92
13987 1.4
13987 45.24
13987 29.04
13988 7.92
13988 1.4
13988 45.24
13988 29.04
13989 7.92
13989 1.4
13989 45.24
13989 29.04
13990 7.92
13990 1.4
13990 45.24
13990 29.04
13991 7.92
13991 1.4
13991 45.24
13991 29.04
13992 7.92
13992 1.4
13992 45.24
13992 29.04
13993 7.92
13993 1.4
13993 45.24
13993 29.04
13994 7.92
13994 1.4
13994 45.24
13994 29.04
13995 7.92
13995 1.4
13995 45.24
13995 29.04
13996 7.92
13996 1.4
13996 45.24
13996 29.04
13997 7.92
13997 1.4
13997 45.24
13997 29.04
13998 7.92
13998 1.4
13998 45.24
13998 29.04
13999 7.92
13999 1.4
13999 45.24
13999 29.04
14000 7.92
14000 1.4
14000 45.24
14000 29.04
14075 7.92
14075 1.4
14075 45.24
14075 29.04
14076 7.92
14076 1.4
14076 45.24
14076 29.04
14077 7.92
14077 1.4
14077 45.24
14077 29.04
14078 7.92
14078 1.4
14078 45.24
14078 29.04
14079 7.92
14079 1.4
14079 45.24
14079 29.04
14080 7.92
14080 1.4
14080 45.24
14080 29.04
14081 7.92
14081 1.4
14081 45.24
14081 29.04
14082 7.92
14082 1.4
14082 45.24
14082 29.04
14083 7.92
14083 1.4
14083 45.24
14083 29.04
14084 7.92
14084 1.4
14084 45.24
14084 29.04
14085 7.92
14085 1.4
14085 45.24
14085 29.04
14086 7.92
14086 1.4
14086 45.24
14086 29.04
14087 7.92
14087 1.4
14087 45.24
14087 29.04
14088 7.92
14088 1.4
14088 45.24
14088 29.04
14089 7.92
14089 1.4
14089 45.24
14089 29.04
14090 7.92
14090 1.4
14090 45.24
14090 29.04
14091 7.92
14091 1.4
14091 45.24
14091 29.04
14092 7.92
14092 1.4
14092 45.24
14092 29.04
14097 7.92
14097 1.4
14097 45.24
14097 29.04
14098 7.92
14098 1.4
14098 45.24
14098 29.04
14099 7.92
14099 1.4
14099 45.24
14099 29.04
14100 7.92
14100 1.4
14100 45.24
14100 29.04
14101 7.92
14101 1.4
14101 45.24
14101 29.04
14102 7.92
14102 1.4
14102 45.24
14102 29.04
14103 7.92
14103 1.4
14103 45.24
14103 29.04
14104 7.92
14104 1.4
14104 45.24
14104 29.04
14105 7.92
14105 1.4
14105 45.24
14105 29.04
14106 7.92
14106 1.4
14106 45.24
14106 29.04
14107 7.92
14107 1.4
14107 45.24
14107 29.04
14108 7.92
14108 1.4
14108 45.24
14108 29.04
14109 7.92
14109 1.4
14109 45.24
14109 29.04
14110 7.92
14110 1.4
14110 45.24
14110 29.04
14111 7.92
14111 1.4
14111 45.24
14111 29.04
14112 7.92
14112 1.4
14112 45.24
14112 29.04
14113 7.92
14113 1.4
14113 45.24
14113 29.04
14190 7.92
14190 1.4
14190 45.24
14190 29.04
14191 7.92
14191 1.4
14191 45.24
14191 29.04
14192 7.92
14192 1.4
14192 45.24
14192 29.04
14193 7.92
14193 1.4
14193 45.24
14193 29.04
14194 7.92
14194 1.4
14194 45.24
14194 29.04
14195 7.92
14195 1.4
14195 45.24
14195 29.04
14196 7.92
14196 1.4
14196 45.24
14196 29.04
14197 7.92
14197 1.4
14197 45.24
14197 29.04
14198 7.92
14198 1.4
14198 45.24
14198 29.04
14199 7.92
14199 1.4
14199 45.24
14199 29.04
14200 7.92
14200 1.4
14200 45.24
14200 29.04
14201 7.92
14201 1.4
14201 45.24
14201 29.04
14202 7.92
14202 1.4
14202 45.24
14202 29.04
14203 7.92
14203 1.4
14203 45.24
14203 29.04
14204 7.92
14204 1.4
14204 45.24
14204 29.04
14205 7.92
14205 1.4
14205 45.24
14205 29.04
14206 7.92
14206 1.4
14206 45.24
14206 29.04
14207 7.92
14207 1.4
14207 45.24
14207 29.04
14208 7.92
14208 1.4
14208 45.24
14208 29.04
14213 7.92
14213 1.4
14213 45.24
14213 29.04
14214 7.92
14214 1.4
14214 45.24
14214 29.04
14215 7.92
14215 1.4
14215 45.24
14215 29.04
14216 7.92
14216 1.4
14216 45.24
14216 29.04
14217 7.92
14217 1.4
14217 45.24
14217 29.04
14218 7.92
14218 1.4
14218 45.24
14218 29.04
14219 7.92
14219 1.4
14219 45.24
14219 29.04
14220 7.92
14220 1.4
14220 45.24
14220 29.04
14221 7.92
14221 1.4
14221 45.24
14221 29.04
14222 7.92
14222 1.4
14222 45.24
14222 29.04
14223 7.92
14223 1.4
14223 45.24
14223 29.04
14224 7.92
14224 1.4
14224 45.24
14224 29.04
14225 7.92
14225 1.4
14225 45.24
14225 29.04
14226 7.92
14226 1.4
14226 45.24
14226 29.04
14227 7.92
14227 1.4
14227 45.24
14227 29.04
14228 7.92
14228 1.4
14228 45.24
14228 29.04
14306 7.92
14306 1.4
14306 45.24
14306 29.04
14307 7.92
14307 1.4
14307 45.24
14307 29.04
14308 7.92
14308 1.4
14308 45.24
14308 29.04
14309 7.92
14309 1.4
14309 45.24
14309 29.04
14310 7.92
14310 1.4
14310 45.24
14310 29.04
14311 7.92
14311 1.4
14311 45.24
14311 29.04
14312 7.92
14312 1.4
14312 45.24
14312 29.04
14313 7.92
14313 1.4
14313 45.24
14313 29.04
14314 7.92
14314 1.4
14314 45.24
14314 29.04
14315 7.92
14315 1.4
14315 45.24
14315 29.04
14316 7.92
14316 1.4
14316 45.24
14316 29.04
14317 7.92
14317 1.4
14317 45.24
14317 29.04
14318 7.92
14318 1.4
14318 45.24
14318 29.04
14319 7.92
14319 1.4
14319 45.24
14319 29.04
14320 7.92
14320 1.4
14320 45.24
14320 29.04
14321 7.92
14321 1.4
14321 45.24
14321 29.04
14322 7.92
14322 1.4
14322 45.24
14322 29.04
14323 7.92
14323 1.4
14323 45.24
14323 29.04
14328 7.92
14328 1.4
14328 45.24
14328 29.04
14329 7.92
14329 1.4
14329 45.24
14329 29.04
14330 7.92
14330 1.4
14330 45.24
14330 29.04
14331 7.92
14331 1.4
14331 45.24
14331 29.04
14332 7.92
14332 1.4
14332 45.24
14332 29.04
14333 7.92
14333 1.4
14333 45.24
14333 29.04
14334 7.92
14334 1.4
14334 45.24
14334 29.04
14335 7.92
14335 1.4
14335 45.24
14335 29.04
14336 7.92
14336 1.4
14336 45.24
14336 29.04
14337 7.92
14337 1.4
14337 45.24
14337 29.04
14338 7.92
14338 1.4
14338 45.24
14338 29.04
14339 7.92
14339 1.4
14339 45.24
14339 29.04
14340 7.92
14340 1.4
14340 45.24
14340 29.04
14341 7.92
14341 1.4
14341 45.24
14341 29.04
14342 7.92
14342 1.4
14342 45.24
14342 29.04
14343 7.92
14343 1.4
14343 45.24
14343 29.04
14416 7.92
14416 1.4
14416 45.24
14416 29.04
14417 7.92
14417 1.4
14417 45.24
14417 29.04
14418 7.92
14418 1.4
14418 45.24
14418 29.04
14419 7.92
14419 1.4
14419 45.24
14419 29.04
14420 7.92
14420 1.4
14420 45.24
14420 29.04
14421 7.92
14421 1.4
14421 45.24
14421 29.04
14422 7.92
14422 1.4
14422 45.24
14422 29.04
14423 7.92
14423 1.4
14423 45.24
14423 29.04
14424 7.92
14424 1.4
14424 45.24
14424 29.04
14425 7.92
14425 1.4
14425 45.24
14425 29.04
14426 7.92
14426 1.4
14426 45.24
14426 29.04
14427 7.92
14427 1.4
14427 45.24
14427 29.04
14428 7.92
14428 1.4
14428 45.24
14428 29.04
14429 7.92
14429 1.4
14429 45.24
14429 29.04
14430 7.92
14430 1.4
14430 45.24
14430 29.04
14431 7.92
14431 1.4
14431 45.24
14431 29.04
14432 7.92
14432 1.4
14432 45.24
14432 29.04
14433 7.92
14433 1.4
14433 45.24
14433 29.04
14434 7.92
14434 1.4
14434 45.24
14434 29.04
14435 7.92
14435 1.4
14435 45.24
14435 29.04
14436 7.92
14436 1.4
14436 45.24
14436 29.04
14437 7.92
14437 1.4
14437 45.24
14437 29.04
14438 7.92
14438 1.4
14438 45.24
14438 29.04
14441 7.92
14441 1.4
14441 45.24
14441 29.04
14442 7.92
14442 1.4
14442 45.24
14442 29.04
14445 7.92
14445 1.4
14445 45.24
14445 29.04
14446 7.92
14446 1.4
14446 45.24
14446 29.04
14447 7.92
14447 1.4
14447 45.24
14447 29.04
14448 7.92
14448 1.4
14448 45.24
14448 29.04
14449 7.92
14449 1.4
14449 45.24
14449 29.04
14450 7.92
14450 1.4
14450 45.24
14450 29.04
14451 7.92
14451 1.4
14451 45.24
14451 29.04
14452 7.92
14452 1.4
14452 45.24
14452 29.04
14453 7.92
14453 1.4
14453 45.24
14453 29.04
14454 7.92
14454 1.4
14454 45.24
14454 29.04
14455 7.92
14455 1.4
14455 45.24
14455 29.04
14456 7.92
14456 1.4
14456 45.24
14456 29.04
14457 7.92
14457 1.4
14457 45.24
14457 29.04
14458 7.92
14458 1.4
14458 45.24
14458 29.04
14531 7.92
14531 1.4
14531 45.24
14531 29.04
14532 7.92
14532 1.4
14532 45.24
14532 29.04
14533 7.92
14533 1.4
14533 45.24
14533 29.04
14534 7.92
14534 1.4
14534 45.24
14534 29.04
14535 7.92
14535 1.4
14535 45.24
14535 29.04
14536 7.92
14536 1.4
14536 45.24
14536 29.04
14537 7.92
14537 1.4
14537 45.24
14537 29.04
14538 7.92
14538 1.4
14538 45.24
14538 29.04
14539 7.92
14539 1.4
14539 45.24
14539 29.04
14540 7.92
14540 1.4
14540 45.24
14540 29.04
14541 7.92
14541 1.4
14541 45.24
14541 29.04
14542 7.92
14542 1.4
14542 45.24
14542 29.04
14543 7.92
14543 1.4
14543 45.24
14543 29.04
14544 7.92
14544 1.4
14544 45.24
14544 29.04
14545 7.92
14545 1.4
14545 45.24
14545 29.04
14546 7.92
14546 1.4
14546 45.24
14546 29.04
14547 7.92
14547 1.4
14547 45.24
14547 29.04
14548 7.92
14548 1.4
14548 45.24
14548 29.04
14549 7.92
14549 1.4
14549 45.24
14549 29.04
14550 7.92
14550 1.4
14550 45.24
14550 29.04
14551 7.92
14551 1.4
14551 45.24
14551 29.04
14552 7.92
14552 1.4
14552 45.24
14552 29.04
14555 7.92
14555 1.4
14555 45.24
14555 29.04
14556 7.92
14556 1.4
14556 45.24
14556 29.04
14559 7.92
14559 1.4
14559 45.24
14559 29.04
14560 7.92
14560 1.4
14560 45.24
14560 29.04
14561 7.92
14561 1.4
14561 45.24
14561 29.04
14562 7.92
14562 1.4
14562 45.24
14562 29.04
14563 7.92
14563 1.4
14563 45.24
14563 29.04
14564 7.92
14564 1.4
14564 45.24
14564 29.04
14565 7.92
14565 1.4
14565 45.24
14565 29.04
14566 7.92
14566 1.4
14566 45.24
14566 29.04
14567 7.92
14567 1.4
14567 45.24
14567 29.04
14568 7.92
14568 1.4
14568 45.24
14568 29.04
14569 7.92
14569 1.4
14569 45.24
14569 29.04
14570 7.92
14570 1.4
14570 45.24
14570 29.04
14571 7.92
14571 1.4
14571 45.24
14571 29.04
14572 7.92
14572 1.4
14572 45.24
14572 29.04
14645 7.92
14645 1.4
14645 45.24
14645 29.04
14646 7.92
14646 1.4
14646 45.24
14646 29.04
14647 7.92
14647 1.4
14647 45.24
14647 29.04
14648 7.92
14648 1.4
14648 45.24
14648 29.04
14649 7.92
14649 1.4
14649 45.24
14649 29.04
14650 7.92
14650 1.4
14650 45.24
14650 29.04
14651 7.92
14651 1.4
14651 45.24
14651 29.04
14652 7.92
14652 1.4
14652 45.24
14652 29.04
14653 7.92
14653 1.4
14653 45.24
14653 29.04
14654 7.92
14654 1.4
14654 45.24
14654 29.04
14655 7.92
14655 1.4
14655 45.24
14655 29.04
14656 7.92
14656 1.4
14656 45.24
14656 29.04
14657 7.92
14657 1.4
14657 45.24
14657 29.04
14658 7.92
14658 1.4
14658 45.24
14658 29.04
14659 7.92
14659 1.4
14659 45.24
14659 29.04
14660 7.92
14660 1.4
14660 45.24
14660 29.04
14661 7.92
14661 1.4
14661 45.24
14661 29.04
14662 7.92
14662 1.4
14662 45.24
14662 29.04
14663 7.92
14663 1.4
14663 45.24
14663 29.04
14664 7.92
14664 1.4
14664 45.24
14664 29.04
14665 7.92
14665 1.4
14665 45.24
14665 29.04
14666 7.92
14666 1.4
14666 45.24
14666 29.04
14667 7.92
14667 1.4
14667 45.24
14667 29.04
14668 7.92
14668 1.4
14668 45.24
14668 29.04
14669 7.92
14669 1.4
14669 45.24
14669 29.04
14670 7.92
14670 1.4
14670 45.24
14670 29.04
14671 7.92
14671 1.4
14671 45.24
14671 29.04
14672 7.92
14672 1.4
14672 45.24
14672 29.04
14673 7.92
14673 1.4
14673 45.24
14673 29.04
14674 7.92
14674 1.4
14674 45.24
14674 29.04
14675 7.92
14675 1.4
14675 45.24
14675 29.04
14676 7.92
14676 1.4
14676 45.24
14676 29.04
14677 7.92
14677 1.4
14677 45.24
14677 29.04
14678 7.92
14678 1.4
14678 45.24
14678 29.04
14679 7.92
14679 1.4
14679 45.24
14679 29.04
14680 7.92
14680 1.4
14680 45.24
14680 29.04
14681 7.92
14681 1.4
14681 45.24
14681 29.04
14682 7.92
14682 1.4
14682 45.24
14682 29.04
14683 7.92
14683 1.4
14683 45.24
14683 29.04
14684 7.92
14684 1.4
14684 45.24
14684 29.04
14685 7.92
14685 1.4
14685 45.24
14685 29.04
14686 7.92
14686 1.4
14686 45.24
14686 29.04
14763 7.92
14763 1.4
14763 45.24
14763 29.04
14764 7.92
14764 1.4
14764 45.24
14764 29.04
14765 7.92
14765 1.4
14765 45.24
14765 29.04
14766 7.92
14766 1.4
14766 45.24
14766 29.04
14767 7.92
14767 1.4
14767 45.24
14767 29.04
14768 7.92
14768 1.4
14768 45.24
14768 29.04
14769 7.92
14769 1.4
14769 45.24
14769 29.04
14770 7.92
14770 1.4
14770 45.24
14770 29.04
14771 7.92
14771 1.4
14771 45.24
14771 29.04
14772 7.92
14772 1.4
14772 45.24
14772 29.04
14773 7.92
14773 1.4
14773 45.24
14773 29.04
14774 7.92
14774 1.4
14774 45.24
14774 29.04
14775 7.92
14775 1.4
14775 45.24
14775 29.04
14776 7.92
14776 1.4
14776 45.24
14776 29.04
14777 7.92
14777 1.4
14777 45.24
14777 29.04
14778 7.92
14778 1.4
14778 45.24
14778 29.04
14779 7.92
14779 1.4
14779 45.24
14779 29.04
14780 7.92
14780 1.4
14780 45.24
14780 29.04
14781 7.92
14781 1.4
14781 45.24
14781 29.04
14782 7.92
14782 1.4
14782 45.24
14782 29.04
14783 7.92
14783 1.4
14783 45.24
14783 29.04
14784 7.92
14784 1.4
14784 45.24
14784 29.04
14785 7.92
14785 1.4
14785 45.24
14785 29.04
14786 7.92
14786 1.4
14786 45.24
14786 29.04
14787 7.92
14787 1.4
14787 45.24
14787 29.04
14788 7.92
14788 1.4
14788 45.24
14788 29.04
14789 7.92
14789 1.4
14789 45.24
14789 29.04
14790 7.92
14790 1.4
14790 45.24
14790 29.04
14791 7.92
14791 1.4
14791 45.24
14791 29.04
14792 7.92
14792 1.4
14792 45.24
14792 29.04
14793 7.92
14793 1.4
14793 45.24
14793 29.04
14794 7.92
14794 1.4
14794 45.24
14794 29.04
14795 7.92
14795 1.4
14795 45.24
14795 29.04
14796 7.92
14796 1.4
14796 45.24
14796 29.04
14797 7.92
14797 1.4
14797 45.24
14797 29.04
14798 7.92
14798 1.4
14798 45.24
14798 29.04
14799 7.92
14799 1.4
14799 45.24
14799 29.04
14800 7.92
14800 1.4
14800 45.24
14800 29.04
14801 7.92
14801 1.4
14801 45.24
14801 29.04
14802 7.92
14802 1.4
14802 45.24
14802 29.04
14803 7.92
14803 1.4
14803 45.24
14803 29.04
14888 7.92
14888 1.4
14888 45.24
14888 29.04
14889 7.92
14889 1.4
14889 45.24
14889 29.04
14890 7.92
14890 1.4
14890 45.24
14890 29.04
14891 7.92
14891 1.4
14891 45.24
14891 29.04
14892 7.92
14892 1.4
14892 45.24
14892 29.04
14893 7.92
14893 1.4
14893 45.24
14893 29.04
14894 7.92
14894 1.4
14894 45.24
14894 29.04
14895 7.92
14895 1.4
14895 45.24
14895 29.04
14896 7.92
14896 1.4
14896 45.24
14896 29.04
14897 7.92
14897 1.4
14897 45.24
14897 29.04
14898 7.92
14898 1.4
14898 45.24
14898 29.04
14899 7.92
14899 1.4
14899 45.24
14899 29.04
14900 7.92
14900 1.4
14900 45.24
14900 29.04
14901 7.92
14901 1.4
14901 45.24
14901 29.04
14902 7.92
14902 1.4
14902 45.24
14902 29.04
14903 7.92
14903 1.4
14903 45.24
14903 29.04
14904 7.92
14904 1.4
14904 45.24
14904 29.04
14905 7.92
14905 1.4
14905 45.24
14905 29.04
14906 7.92
14906 1.4
14906 45.24
14906 29.04
14907 7.92
14907 1.4
14907 45.24
14907 29.04
14908 7.92
14908 1.4
14908 45.24
14908 29.04
14909 7.92
14909 1.4
14909 45.24
14909 29.04
14910 7.92
14910 1.4
14910 45.24
14910 29.04
14911 7.92
14911 1.4
14911 45.24
14911 29.04
14912 7.92
14912 1.4
14912 45.24
14912 29.04
14913 7.92
14913 1.4
14913 45.24
14913 29.04
14914 7.92
14914 1.4
14914 45.24
14914 29.04
14915 7.92
14915 1.4
14915 45.24
14915 29.04
14916 7.92
14916 1.4
14916 45.24
14916 29.04
14917 7.92
14917 1.4
14917 45.24
14917 29.04
14918 7.92
14918 1.4
14918 45.24
14918 29.04
14919 7.92
14919 1.4
14919 45.24
14919 29.04
14920 7.92
14920 1.4
14920 45.24
14920 29.04
14921 7.92
14921 1.4
14921 45.24
14921 29.04
14922 7.92
14922 1.4
14922 45.24
14922 29.04
14923 7.92
14923 1.4
14923 45.24
14923 29.04
14924 7.92
14924 1.4
14924 45.24
14924 29.04
14925 7.92
14925 1.4
14925 45.24
14925 29.04
14926 7.92
14926 1.4
14926 45.24
14926 29.04
14927 7.92
14927 1.4
14927 45.24
14927 29.04
14928 7.92
14928 1.4
14928 45.24
14928 29.04
14929 7.92
14929 1.4
14929 45.24
14929 29.04
14930 7.92
14930 1.4
14930 45.24
14930 29.04
15016 7.92
15016 1.4
15016 45.24
15016 29.04
15017 7.92
15017 1.4
15017 45.24
15017 29.04
15018 7.92
15018 1.4
15018 45.24
15018 29.04
15019 7.92
15019 1.4
15019 45.24
15019 29.04
15020 7.92
15020 1.4
15020 45.24
15020 29.04
15021 7.92
15021 1.4
15021 45.24
15021 29.04
15022 7.92
15022 1.4
15022 45.24
15022 29.04
15023 7.92
15023 1.4
15023 45.24
15023 29.04
15024 7.92
15024 1.4
15024 45.24
15024 29.04
15025 7.92
15025 1.4
15025 45.24
15025 29.04
15026 7.92
15026 1.4
15026 45.24
15026 29.04
15027 7.92
15027 1.4
15027 45.24
15027 29.04
15028 7.92
15028 1.4
15028 45.24
15028 29.04
15029 7.92
15029 1.4
15029 45.24
15029 29.04
15030 7.92
15030 1.4
15030 45.24
15030 29.04
15031 7.92
15031 1.4
15031 45.24
15031 29.04
15032 7.92
15032 1.4
15032 45.24
15032 29.04
15033 7.92
15033 1.4
15033 45.24
15033 29.04
15034 7.92
15034 1.4
15034 45.24
15034 29.04
15035 7.92
15035 1.4
15035 45.24
15035 29.04
15036 7.92
15036 1.4
15036 45.24
15036 29.04
15037 7.92
15037 1.4
15037 45.24
15037 29.04
15038 7.92
15038 1.4
15038 45.24
15038 29.04
15039 7.92
15039 1.4
15039 45.24
15039 29.04
15040 7.92
15040 1.4
15040 45.24
15040 29.04
15041 7.92
15041 1.4
15041 45.24
15041 29.04
15042 7.92
15042 1.4
15042 45.24
15042 29.04
15043 7.92
15043 1.4
15043 45.24
15043 29.04
15044 7.92
15044 1.4
15044 45.24
15044 29.04
15045 7.92
15045 1.4
15045 45.24
15045 29.04
15046 7.92
15046 1.4
15046 45.24
15046 29.04
15047 7.92
15047 1.4
15047 45.24
15047 29.04
15048 7.92
15048 1.4
15048 45.24
15048 29.04
15049 7.92
15049 1.4
15049 45.24
15049 29.04
15050 7.92
15050 1.4
15050 45.24
15050 29.04
15051 7.92
15051 1.4
15051 45.24
15051 29.04
15052 7.92
15052 1.4
15052 45.24
15052 29.04
15053 7.92
15053 1.4
15053 45.24
15053 29.04
15054 7.92
15054 1.4
15054 45.24
15054 29.04
15055 7.92
15055 1.4
15055 45.24
15055 29.04
15056 7.92
15056 1.4
15056 45.24
15056 29.04
15057 7.92
15057 1.4
15057 45.24
15057 29.04
15140 7.92
15140 1.4
15140 45.24
15140 29.04
15141 7.92
15141 1.4
15141 45.24
15141 29.04
15142 7.92
15142 1.4
15142 45.24
15142 29.04
15143 7.92
15143 1.4
15143 45.24
15143 29.04
15144 7.92
15144 1.4
15144 45.24
15144 29.04
15145 7.92
15145 1.4
15145 45.24
15145 29.04
15146 7.92
15146 1.4
15146 45.24
15146 29.04
15147 7.92
15147 1.4
15147 45.24
15147 29.04
15148 7.92
15148 1.4
15148 45.24
15148 29.04
15149 7.92
15149 1.4
15149 45.24
15149 29.04
15150 7.92
15150 1.4
15150 45.24
15150 29.04
15151 7.92
15151 1.4
15151 45.24
15151 29.04
15152 7.92
15152 1.4
15152 45.24
15152 29.04
15153 7.92
15153 1.4
15153 45.24
15153 29.04
15154 7.92
15154 1.4
15154 45.24
15154 29.04
15155 7.92
15155 1.4
15155 45.24
15155 29.04
15156 7.92
15156 1.4
15156 45.24
15156 29.04
15157 7.92
15157 1.4
15157 45.24
15157 29.04
15158 7.92
15158 1.4
15158 45.24
15158 29.04
15159 7.92
15159 1.4
15159 45.24
15159 29.04
15160 7.92
15160 1.4
15160 45.24
15160 29.04
15161 7.92
15161 1.4
15161 45.24
15161 29.04
15162 7.92
15162 1.4
15162 45.24
15162 29.04
15163 7.92
15163 1.4
15163 45.24
15163 29.04
15164 7.92
15164 1.4
15164 45.24
15164 29.04
15165 7.92
15165 1.4
15165 45.24
15165 29.04
15166 7.92
15166 1.4
15166 45.24
15166 29.04
15167 7.92
15167 1.4
15167 45.24
15167 29.04
15168 7.92
15168 1.4
15168 45.24
15168 29.04
15169 7.92
15169 1.4
15169 45.24
15169 29.04
15170 7.92
15170 1.4
15170 45.24
15170 29.04
15171 7.92
15171 1.4
15171 45.24
15171 29.04
15172 7.92
15172 1.4
15172 45.24
15172 29.04
15175 7.92
15175 1.4
15175 45.24
15175 29.04
15176 7.92
15176 1.4
15176 45.24
15176 29.04
15177 7.92
15177 1.4
15177 45.24
15177 29.04
15178 7.92
15178 1.4
15178 45.24
15178 29.04
15179 7.92
15179 1.4
15179 45.24
15179 29.04
15180 7.92
15180 1.4
15180 45.24
15180 29.04
15181 7.92
15181 1.4
15181 45.24
15181 29.04
15182 7.92
15182 1.4
15182 45.24
15182 29.04
15261 7.92
15261 1.4
15261 45.24
15261 29.04
15262 7.92
15262 1.4
15262 45.24
15262 29.04
15263 7.92
15263 1.4
15263 45.24
15263 29.04
15264 7.92
15264 1.4
15264 45.24
15264 29.04
15265 7.92
15265 1.4
15265 45.24
15265 29.04
15266 7.92
15266 1.4
15266 45.24
15266 29.04
15267 7.92
15267 1.4
15267 45.24
15267 29.04
15268 7.92
15268 1.4
15268 45.24
15268 29.04
15269 7.92
15269 1.4
15269 45.24
15269 29.04
15270 7.92
15270 1.4
15270 45.24
15270 29.04
15271 7.92
15271 1.4
15271 45.24
15271 29.04
15272 7.92
15272 1.4
15272 45.24
15272 29.04
15273 7.92
15273 1.4
15273 45.24
15273 29.04
15274 7.92
15274 1.4
15274 45.24
15274 29.04
15275 7.92
15275 1.4
15275 45.24
15275 29.04
15276 7.92
15276 1.4
15276 45.24
15276 29.04
15277 7.92
15277 1.4
15277 45.24
15277 29.04
15278 7.92
15278 1.4
15278 45.24
15278 29.04
15279 7.92
15279 1.4
15279 45.24
15279 29.04
15280 7.92
15280 1.4
15280 45.24
15280 29.04
15281 7.92
15281 1.4
15281 45.24
15281 29.04
15282 7.92
15282 1.4
15282 45.24
15282 29.04
15283 7.92
15283 1.4
15283 45.24
15283 29.04
15284 7.92
15284 1.4
15284 45.24
15284 29.04
15285 7.92
15285 1.4
15285 45.24
15285 29.04
15286 7.92
15286 1.4
15286 45.24
15286 29.04
15287 7.92
15287 1.4
15287 45.24
15287 29.04
15288 7.92
15288 1.4
15288 45.24
15288 29.04
15289 7.92
15289 1.4
15289 45.24
15289 29.04
15290 7.92
15290 1.4
15290 45.24
15290 29.04
15291 7.92
15291 1.4
15291 45.24
15291 29.04
15292 7.92
15292 1.4
15292 45.24
15292 29.04
15293 7.92
15293 1.4
15293 45.24
15293 29.04
15294 7.92
15294 1.4
15294 45.24
15294 29.04
15297 7.92
15297 1.4
15297 45.24
15297 29.04
15298 7.92
15298 1.4
15298 45.24
15298 29.04
15299 7.92
15299 1.4
15299 45.24
15299 29.04
15300 7.92
15300 1.4
15300 45.24
15300 29.04
15301 7.92
15301 1.4
15301 45.24
15301 29.04
15302 7.92
15302 1.4
15302 45.24
15302 29.04
15303 7.92
15303 1.4
15303 45.24
15303 29.04
15379 7.92
15379 1.4
15379 45.24
15379 29.04
15380 7.92
15380 1.4
15380 45.24
15380 29.04
15381 7.92
15381 1.4
15381 45.24
15381 29.04
15382 7.92
15382 1.4
15382 45.24
15382 29.04
15383 7.92
15383 1.4
15383 45.24
15383 29.04
15384 7.92
15384 1.4
15384 45.24
15384 29.04
15385 7.92
15385 1.4
15385 45.24
15385 29.04
15386 7.92
15386 1.4
15386 45.24
15386 29.04
15387 7.92
15387 1.4
15387 45.24
15387 29.04
15388 7.92
15388 1.4
15388 45.24
15388 29.04
15389 7.92
15389 1.4
15389 45.24
15389 29.04
15390 7.92
15390 1.4
15390 45.24
15390 29.04
15391 7.92
15391 1.4
15391 45.24
15391 29.04
15392 7.92
15392 1.4
15392 45.24
15392 29.04
15393 7.92
15393 1.4
15393 45.24
15393 29.04
15394 7.92
15394 1.4
15394 45.24
15394 29.04
15395 7.92
15395 1.4
15395 45.24
15395 29.04
15396 7.92
15396 1.4
15396 45.24
15396 29.04
15397 7.92
15397 1.4
15397 45.24
15397 29.04
15398 7.92
15398 1.4
15398 45.24
15398 29.04
15399 7.92
15399 1.4
15399 45.24
15399 29.04
15400 7.92
15400 1.4
15400 45.24
15400 29.04
15401 7.92
15401 1.4
15401 45.24
15401 29.04
15402 7.92
15402 1.4
15402 45.24
15402 29.04
15403 7.92
15403 1.4
15403 45.24
15403 29.04
15404 7.92
15404 1.4
15404 45.24
15404 29.04
15405 7.92
15405 1.4
15405 45.24
15405 29.04
15406 7.92
15406 1.4
15406 45.24
15406 29.04
15407 7.92
15407 1.4
15407 45.24
15407 29.04
15408 7.92
15408 1.4
15408 45.24
15408 29.04
15409 7.92
15409 1.4
15409 45.24
15409 29.04
15410 7.92
15410 1.4
15410 45.24
15410 29.04
15411 7.92
15411 1.4
15411 45.24
15411 29.04
15414 7.92
15414 1.4
15414 45.24
15414 29.04
15415 7.92
15415 1.4
15415 45.24
15415 29.04
15416 7.92
15416 1.4
15416 45.24
15416 29.04
15417 7.92
15417 1.4
15417 45.24
15417 29.04
15418 7.92
15418 1.4
15418 45.24
15418 29.04
15419 7.92
15419 1.4
15419 45.24
15419 29.04
15493 7.92
15493 1.4
15493 45.24
15493 29.04
15494 7.92
15494 1.4
15494 45.24
15494 29.04
15495 7.92
15495 1.4
15495 45.24
15495 29.04
15496 7.92
15496 1.4
15496 45.24
15496 29.04
15497 7.92
15497 1.4
15497 45.24
15497 29.04
15498 7.92
15498 1.4
15498 45.24
15498 29.04
15499 7.92
15499 1.4
15499 45.24
15499 29.04
15500 7.92
15500 1.4
15500 45.24
15500 29.04
15501 7.92
15501 1.4
15501 45.24
15501 29.04
15502 7.92
15502 1.4
15502 45.24
15502 29.04
15503 7.92
15503 1.4
15503 45.24
15503 29.04
15504 7.92
15504 1.4
15504 45.24
15504 29.04
15505 7.92
15505 1.4
15505 45.24
15505 29.04
15506 7.92
15506 1.4
15506 45.24
15506 29.04
15507 7.92
15507 1.4
15507 45.24
15507 29.04
15508 7.92
15508 1.4
15508 45.24
15508 29.04
15509 7.92
15509 1.4
15509 45.24
15509 29.04
15510 7.92
15510 1.4
15510 45.24
15510 29.04
15511 7.92
15511 1.4
15511 45.24
15511 29.04
15512 7.92
15512 1.4
15512 45.24
15512 29.04
15513 7.92
15513 1.4
15513 45.24
15513 29.04
15514 7.92
15514 1.4
15514 45.24
15514 29.04
15515 7.92
15515 1.4
15515 45.24
15515 29.04
15516 7.92
15516 1.4
15516 45.24
15516 29.04
15517 7.92
15517 1.4
15517 45.24
15517 29.04
15518 7.92
15518 1.4
15518 45.24
15518 29.04
15519 7.92
15519 1.4
15519 45.24
15519 29.04
15520 7.92
15520 1.4
15520 45.24
15520 29.04
15521 7.92
15521 1.4
15521 45.24
15521 29.04
15522 7.92
15522 1.4
15522 45.24
15522 29.04
15523 7.92
15523 1.4
15523 45.24
15523 29.04
15524 7.92
15524 1.4
15524 45.24
15524 29.04
15525 7.92
15525 1.4
15525 45.24
15525 29.04
15526 7.92
15526 1.4
15526 45.24
15526 29.04
15527 7.92
15527 1.4
15527 45.24
15527 29.04
15528 7.92
15528 1.4
15528 45.24
15528 29.04
15529 7.92
15529 1.4
15529 45.24
15529 29.04
15530 7.92
15530 1.4
15530 45.24
15530 29.04
15531 7.92
15531 1.4
15531 45.24
15531 29.04
15532 7.92
15532 1.4
15532 45.24
15532 29.04
15533 7.92
15533 1.4
15533 45.24
15533 29.04
15534 7.92
15534 1.4
15534 45.24
15534 29.04
15535 7.92
15535 1.4
15535 45.24
15535 29.04
15611 7.92
15611 1.4
15611 45.24
15611 29.04
15612 7.92
15612 1.4
15612 45.24
15612 29.04
15613 7.92
15613 1.4
15613 45.24
15613 29.04
15614 7.92
15614 1.4
15614 45.24
15614 29.04
15615 7.92
15615 1.4
15615 45.24
15615 29.04
15616 7.92
15616 1.4
15616 45.24
15616 29.04
15617 7.92
15617 1.4
15617 45.24
15617 29.04
15618 7.92
15618 1.4
15618 45.24
15618 29.04
15619 7.92
15619 1.4
15619 45.24
15619 29.04
15620 7.92
15620 1.4
15620 45.24
15620 29.04
15621 7.92
15621 1.4
15621 45.24
15621 29.04
15622 7.92
15622 1.4
15622 45.24
15622 29.04
15623 7.92
15623 1.4
15623 45.24
15623 29.04
15624 7.92
15624 1.4
15624 45.24
15624 29.04
15625 7.92
15625 1.4
15625 45.24
15625 29.04
15626 7.92
15626 1.4
15626 45.24
15626 29.04
15627 7.92
15627 1.4
15627 45.24
15627 29.04
15628 7.92
15628 1.4
15628 45.24
15628 29.04
15629 7.92
15629 1.4
15629 45.24
15629 29.04
15630 7.92
15630 1.4
15630 45.24
15630 29.04
15631 7.92
15631 1.4
15631 45.24
15631 29.04
15632 7.92
15632 1.4
15632 45.24
15632 29.04
15633 7.92
15633 1.4
15633 45.24
15633 29.04
15634 7.92
15634 1.4
15634 45.24
15634 29.04
15635 7.92
15635 1.4
15635 45.24
15635 29.04
15636 7.92
15636 1.4
15636 45.24
15636 29.04
15637 7.92
15637 1.4
15637 45.24
15637 29.04
15638 7.92
15638 1.4
15638 45.24
15638 29.04
15639 7.92
15639 1.4
15639 45.24
15639 29.04
15640 7.92
15640 1.4
15640 45.24
15640 29.04
15641 7.92
15641 1.4
15641 45.24
15641 29.04
15642 7.92
15642 1.4
15642 45.24
15642 29.04
15643 7.92
15643 1.4
15643 45.24
15643 29.04
15644 7.92
15644 1.4
15644 45.24
15644 29.04
15645 7.92
15645 1.4
15645 45.24
15645 29.04
15646 7.92
15646 1.4
15646 45.24
15646 29.04
15647 7.92
15647 1.4
15647 45.24
15647 29.04
15648 7.92
15648 1.4
15648 45.24
15648 29.04
15649 7.92
15649 1.4
15649 45.24
15649 29.04
15650 7.92
15650 1.4
15650 45.24
15650 29.04
15651 7.92
15651 1.4
15651 45.24
15651 29.04
15652 7.92
15652 1.4
15652 45.24
15652 29.04
15726 7.92
15726 1.4
15726 45.24
15726 29.04
15727 7.92
15727 1.4
15727 45.24
15727 29.04
15728 7.92
15728 1.4
15728 45.24
15728 29.04
15729 7.92
15729 1.4
15729 45.24
15729 29.04
15730 7.92
15730 1.4
15730 45.24
15730 29.04
15731 7.92
15731 1.4
15731 45.24
15731 29.04
15732 7.92
15732 1.4
15732 45.24
15732 29.04
15733 7.92
15733 1.4
15733 45.24
15733 29.04
15734 7.92
15734 1.4
15734 45.24
15734 29.04
15735 7.92
15735 1.4
15735 45.24
15735 29.04
15736 7.92
15736 1.4
15736 45.24
15736 29.04
15737 7.92
15737 1.4
15737 45.24
15737 29.04
15738 7.92
15738 1.4
15738 45.24
15738 29.04
15739 7.92
15739 1.4
15739 45.24
15739 29.04
15740 7.92
15740 1.4
15740 45.24
15740 29.04
15741 7.92
15741 1.4
15741 45.24
15741 29.04
15742 7.92
15742 1.4
15742 45.24
15742 29.04
15743 7.92
15743 1.4
15743 45.24
15743 29.04
15744 7.92
15744 1.4
15744 45.24
15744 29.04
15745 7.92
15745 1.4
15745 45.24
15745 29.04
15746 7.92
15746 1.4
15746 45.24
15746 29.04
15747 7.92
15747 1.4
15747 45.24
15747 29.04
15748 7.92
15748 1.4
15748 45.24
15748 29.04
15749 7.92
15749 1.4
15749 45.24
15749 29.04
15750 7.92
15750 1.4
15750 45.24
15750 29.04
15751 7.92
15751 1.4
15751 45.24
15751 29.04
15752 7.92
15752 1.4
15752 45.24
15752 29.04
15753 7.92
15753 1.4
15753 45.24
15753 29.04
15754 7.92
15754 1.4
15754 45.24
15754 29.04
15755 7.92
15755 1.4
15755 45.24
15755 29.04
15756 7.92
15756 1.4
15756 45.24
15756 29.04
15757 7.92
15757 1.4
15757 45.24
15757 29.04
15758 7.92
15758 1.4
15758 45.24
15758 29.04
15759 7.92
15759 1.4
15759 45.24
15759 29.04
15760 7.92
15760 1.4
15760 45.24
15760 29.04
15761 7.92
15761 1.4
15761 45.24
15761 29.04
15762 7.92
15762 1.4
15762 45.24
15762 29.04
15763 7.92
15763 1.4
15763 45.24
15763 29.04
15764 7.92
15764 1.4
15764 45.24
15764 29.04
15765 7.92
15765 1.4
15765 45.24
15765 29.04
15766 7.92
15766 1.4
15766 45.24
15766 29.04
15767 7.92
15767 1.4
15767 45.24
15767 29.04
15842 7.92
15842 1.4
15842 45.24
15842 29.04
15843 7.92
15843 1.4
15843 45.24
15843 29.04
15844 7.92
15844 1.4
15844 45.24
15844 29.04
15845 7.92
15845 1.4
15845 45.24
15845 29.04
15846 7.92
15846 1.4
15846 45.24
15846 29.04
15847 7.92
15847 1.4
15847 45.24
15847 29.04
15848 7.92
15848 1.4
15848 45.24
15848 29.04
15849 7.92
15849 1.4
15849 45.24
15849 29.04
15850 7.92
15850 1.4
15850 45.24
15850 29.04
15851 7.92
15851 1.4
15851 45.24
15851 29.04
15852 7.92
15852 1.4
15852 45.24
15852 29.04
15853 7.92
15853 1.4
15853 45.24
15853 29.04
15854 7.92
15854 1.4
15854 45.24
15854 29.04
15855 7.92
15855 1.4
15855 45.24
15855 29.04
15856 7.92
15856 1.4
15856 45.24
15856 29.04
15857 7.92
15857 1.4
15857 45.24
15857 29.04
15858 7.92
15858 1.4
15858 45.24
15858 29.04
15859 7.92
15859 1.4
15859 45.24
15859 29.04
15860 7.92
15860 1.4
15860 45.24
15860 29.04
15861 7.92
15861 1.4
15861 45.24
15861 29.04
15862 7.92
15862 1.4
15862 45.24
15862 29.04
15863 7.92
15863 1.4
15863 45.24
15863 29.04
15864 7.92
15864 1.4
15864 45.24
15864 29.04
15865 7.92
15865 1.4
15865 45.24
15865 29.04
15866 7.92
15866 1.4
15866 45.24
15866 29.04
15867 7.92
15867 1.4
15867 45.24
15867 29.04
15868 7.92
15868 1.4
15868 45.24
15868 29.04
15869 7.92
15869 1.4
15869 45.24
15869 29.04
15870 7.92
15870 1.4
15870 45.24
15870 29.04
15871 7.92
15871 1.4
15871 45.24
15871 29.04
15872 7.92
15872 1.4
15872 45.24
15872 29.04
15873 7.92
15873 1.4
15873 45.24
15873 29.04
15874 7.92
15874 1.4
15874 45.24
15874 29.04
15875 7.92
15875 1.4
15875 45.24
15875 29.04
15876 7.92
15876 1.4
15876 45.24
15876 29.04
15877 7.92
15877 1.4
15877 45.24
15877 29.04
15878 7.92
15878 1.4
15878 45.24
15878 29.04
15879 7.92
15879 1.4
15879 45.24
15879 29.04
15880 7.92
15880 1.4
15880 45.24
15880 29.04
15881 7.92
15881 1.4
15881 45.24
15881 29.04
15955 7.92
15955 1.4
15955 45.24
15955 29.04
15956 7.92
15956 1.4
15956 45.24
15956 29.04
15957 7.92
15957 1.4
15957 45.24
15957 29.04
15958 7.92
15958 1.4
15958 45.24
15958 29.04
15959 7.92
15959 1.4
15959 45.24
15959 29.04
15960 7.92
15960 1.4
15960 45.24
15960 29.04
15961 7.92
15961 1.4
15961 45.24
15961 29.04
15962 7.92
15962 1.4
15962 45.24
15962 29.04
15963 7.92
15963 1.4
15963 45.24
15963 29.04
15964 7.92
15964 1.4
15964 45.24
15964 29.04
15965 7.92
15965 1.4
15965 45.24
15965 29.04
15966 7.92
15966 1.4
15966 45.24
15966 29.04
15967 7.92
15967 1.4
15967 45.24
15967 29.04
15968 7.92
15968 1.4
15968 45.24
15968 29.04
15969 7.92
15969 1.4
15969 45.24
15969 29.04
15970 7.92
15970 1.4
15970 45.24
15970 29.04
15971 7.92
15971 1.4
15971 45.24
15971 29.04
15972 7.92
15972 1.4
15972 45.24
15972 29.04
15973 7.92
15973 1.4
15973 45.24
15973 29.04
15974 7.92
15974 1.4
15974 45.24
15974 29.04
15975 7.92
15975 1.4
15975 45.24
15975 29.04
15976 7.92
15976 1.4
15976 45.24
15976 29.04
15977 7.92
15977 1.4
15977 45.24
15977 29.04
15978 7.92
15978 1.4
15978 45.24
15978 29.04
15979 7.92
15979 1.4
15979 45.24
15979 29.04
15980 7.92
15980 1.4
15980 45.24
15980 29.04
15981 7.92
15981 1.4
15981 45.24
15981 29.04
15982 7.92
15982 1.4
15982 45.24
15982 29.04
15983 7.92
15983 1.4
15983 45.24
15983 29.04
15984 7.92
15984 1.4
15984 45.24
15984 29.04
15985 7.92
15985 1.4
15985 45.24
15985 29.04
15986 7.92
15986 1.4
15986 45.24
15986 29.04
15987 7.92
15987 1.4
15987 45.24
15987 29.04
15988 7.92
15988 1.4
15988 45.24
15988 29.04
15989 7.92
15989 1.4
15989 45.24
15989 29.04
15990 7.92
15990 1.4
15990 45.24
15990 29.04
15991 7.92
15991 1.4
15991 45.24
15991 29.04
15992 7.92
15992 1.4
15992 45.24
15992 29.04
15993 7.92
15993 1.4
15993 45.24
15993 29.04
15994 7.92
15994 1.4
15994 45.24
15994 29.04
16068 7.92
16068 1.4
16068 45.24
16068 29.04
16069 7.92
16069 1.4
16069 45.24
16069 29.04
16070 7.92
16070 1.4
16070 45.24
16070 29.04
16071 7.92
16071 1.4
16071 45.24
16071 29.04
16072 7.92
16072 1.4
16072 45.24
16072 29.04
16073 7.92
16073 1.4
16073 45.24
16073 29.04
16074 7.92
16074 1.4
16074 45.24
16074 29.04
16075 7.92
16075 1.4
16075 45.24
16075 29.04
16076 7.92
16076 1.4
16076 45.24
16076 29.04
16077 7.92
16077 1.4
16077 45.24
16077 29.04
16078 7.92
16078 1.4
16078 45.24
16078 29.04
16079 7.92
16079 1.4
16079 45.24
16079 29.04
16080 7.92
16080 1.4
16080 45.24
16080 29.04
16081 7.92
16081 1.4
16081 45.24
16081 29.04
16082 7.92
16082 1.4
16082 45.24
16082 29.04
16083 7.92
16083 1.4
16083 45.24
16083 29.04
16084 7.92
16084 1.4
16084 45.24
16084 29.04
16085 7.92
16085 1.4
16085 45.24
16085 29.04
16086 7.92
16086 1.4
16086 45.24
16086 29.04
16087 7.92
16087 1.4
16087 45.24
16087 29.04
16088 7.92
16088 1.4
16088 45.24
16088 29.04
16089 7.92
16089 1.4
16089 45.24
16089 29.04
16090 7.92
16090 1.4
16090 45.24
16090 29.04
16091 7.92
16091 1.4
16091 45.24
16091 29.04
16092 7.92
16092 1.4
16092 45.24
16092 29.04
16093 7.92
16093 1.4
16093 45.24
16093 29.04
16094 7.92
16094 1.4
16094 45.24
16094 29.04
16095 7.92
16095 1.4
16095 45.24
16095 29.04
16096 7.92
16096 1.4
16096 45.24
16096 29.04
16097 7.92
16097 1.4
16097 45.24
16097 29.04
16098 7.92
16098 1.4
16098 45.24
16098 29.04
16099 7.92
16099 1.4
16099 45.24
16099 29.04
16100 7.92
16100 1.4
16100 45.24
16100 29.04
16101 7.92
16101 1.4
16101 45.24
16101 29.04
16102 7.92
16102 1.4
16102 45.24
16102 29.04
16103 7.92
16103 1.4
16103 45.24
16103 29.04
16104 7.92
16104 1.4
16104 45.24
16104 29.04
16105 7.92
16105 1.4
16105 45.24
16105 29.04
16179 7.92
16179 1.4
16179 45.24
16179 29.04
16180 7.92
16180 1.4
16180 45.24
16180 29.04
16181 7.92
16181 1.4
16181 45.24
16181 29.04
16182 7.92
16182 1.4
16182 45.24
16182 29.04
16183 7.92
16183 1.4
16183 45.24
16183 29.04
16184 7.92
16184 1.4
16184 45.24
16184 29.04
16185 7.92
16185 1.4
16185 45.24
16185 29.04
16186 7.92
16186 1.4
16186 45.24
16186 29.04
16187 7.92
16187 1.4
16187 45.24
16187 29.04
16188 7.92
16188 1.4
16188 45.24
16188 29.04
16189 7.92
16189 1.4
16189 45.24
16189 29.04
16190 7.92
16190 1.4
16190 45.24
16190 29.04
16191 7.92
16191 1.4
16191 45.24
16191 29.04
16192 7.92
16192 1.4
16192 45.24
16192 29.04
16193 7.92
16193 1.4
16193 45.24
16193 29.04
16194 7.92
16194 1.4
16194 45.24
16194 29.04
16195 7.92
16195 1.4
16195 45.24
16195 29.04
16196 7.92
16196 1.4
16196 45.24
16196 29.04
16197 7.92
16197 1.4
16197 45.24
16197 29.04
16198 7.92
16198 1.4
16198 45.24
16198 29.04
16199 7.92
16199 1.4
16199 45.24
16199 29.04
16200 7.92
16200 1.4
16200 45.24
16200 29.04
16201 7.92
16201 1.4
16201 45.24
16201 29.04
16202 7.92
16202 1.4
16202 45.24
16202 29.04
16203 7.92
16203 1.4
16203 45.24
16203 29.04
16204 7.92
16204 1.4
16204 45.24
16204 29.04
16205 7.92
16205 1.4
16205 45.24
16205 29.04
16206 7.92
16206 1.4
16206 45.24
16206 29.04
16207 7.92
16207 1.4
16207 45.24
16207 29.04
16208 7.92
16208 1.4
16208 45.24
16208 29.04
16209 7.92
16209 1.4
16209 45.24
16209 29.04
16210 7.92
16210 1.4
16210 45.24
16210 29.04
16211 7.92
16211 1.4
16211 45.24
16211 29.04
16212 7.92
16212 1.4
16212 45.24
16212 29.04
16213 7.92
16213 1.4
16213 45.24
16213 29.04
16214 7.92
16214 1.4
16214 45.24
16214 29.04
16215 7.92
16215 1.4
16215 45.24
16215 29.04
16216 7.92
16216 1.4
16216 45.24
16216 29.04
16289 7.92
16289 1.4
16289 45.24
16289 29.04
16290 7.92
16290 1.4
16290 45.24
16290 29.04
16291 7.92
16291 1.4
16291 45.24
16291 29.04
16292 7.92
16292 1.4
16292 45.24
16292 29.04
16293 7.92
16293 1.4
16293 45.24
16293 29.04
16294 7.92
16294 1.4
16294 45.24
16294 29.04
16295 7.92
16295 1.4
16295 45.24
16295 29.04
16296 7.92
16296 1.4
16296 45.24
16296 29.04
16297 7.92
16297 1.4
16297 45.24
16297 29.04
16298 7.92
16298 1.4
16298 45.24
16298 29.04
16299 7.92
16299 1.4
16299 45.24
16299 29.04
16300 7.92
16300 1.4
16300 45.24
16300 29.04
16301 7.92
16301 1.4
16301 45.24
16301 29.04
16302 7.92
16302 1.4
16302 45.24
16302 29.04
16303 7.92
16303 1.4
16303 45.24
16303 29.04
16304 7.92
16304 1.4
16304 45.24
16304 29.04
16305 7.92
16305 1.4
16305 45.24
16305 29.04
16306 7.92
16306 1.4
16306 45.24
16306 29.04
16307 7.92
16307 1.4
16307 45.24
16307 29.04
16308 7.92
16308 1.4
16308 45.24
16308 29.04
16309 7.92
16309 1.4
16309 45.24
16309 29.04
16310 7.92
16310 1.4
16310 45.24
16310 29.04
16311 7.92
16311 1.4
16311 45.24
16311 29.04
16312 7.92
16312 1.4
16312 45.24
16312 29.04
16313 7.92
16313 1.4
16313 45.24
16313 29.04
16314 7.92
16314 1.4
16314 45.24
16314 29.04
16315 7.92
16315 1.4
16315 45.24
16315 29.04
16316 7.92
16316 1.4
16316 45.24
16316 29.04
16317 7.92
16317 1.4
16317 45.24
16317 29.04
16318 7.92
16318 1.4
16318 45.24
16318 29.04
16319 7.92
16319 1.4
16319 45.24
16319 29.04
16320 7.92
16320 1.4
16320 45.24
16320 29.04
16321 7.92
16321 1.4
16321 45.24
16321 29.04
16322 7.92
16322 1.4
16322 45.24
16322 29.04
16323 7.92
16323 1.4
16323 45.24
16323 29.04
16324 7.92
16324 1.4
16324 45.24
16324 29.04
16325 7.92
16325 1.4
16325 45.24
16325 29.04
16326 7.92
16326 1.4
16326 45.24
16326 29.04
16400 7.92
16400 1.4
16400 45.24
16400 29.04
16401 7.92
16401 1.4
16401 45.24
16401 29.04
16402 7.92
16402 1.4
16402 45.24
16402 29.04
16403 7.92
16403 1.4
16403 45.24
16403 29.04
16404 7.92
16404 1.4
16404 45.24
16404 29.04
16405 7.92
16405 1.4
16405 45.24
16405 29.04
16406 7.92
16406 1.4
16406 45.24
16406 29.04
16407 7.92
16407 1.4
16407 45.24
16407 29.04
16408 7.92
16408 1.4
16408 45.24
16408 29.04
16409 7.92
16409 1.4
16409 45.24
16409 29.04
16410 7.92
16410 1.4
16410 45.24
16410 29.04
16411 7.92
16411 1.4
16411 45.24
16411 29.04
16412 7.92
16412 1.4
16412 45.24
16412 29.04
16413 7.92
16413 1.4
16413 45.24
16413 29.04
16414 7.92
16414 1.4
16414 45.24
16414 29.04
16415 7.92
16415 1.4
16415 45.24
16415 29.04
16416 7.92
16416 1.4
16416 45.24
16416 29.04
16417 7.92
16417 1.4
16417 45.24
16417 29.04
16418 7.92
16418 1.4
16418 45.24
16418 29.04
16419 7.92
16419 1.4
16419 45.24
16419 29.04
16420 7.92
16420 1.4
16420 45.24
16420 29.04
16421 7.92
16421 1.4
16421 45.24
16421 29.04
16422 7.92
16422 1.4
16422 45.24
16422 29.04
16423 7.92
16423 1.4
16423 45.24
16423 29.04
16424 7.92
16424 1.4
16424 45.24
16424 29.04
16425 7.92
16425 1.4
16425 45.24
16425 29.04
16426 7.92
16426 1.4
16426 45.24
16426 29.04
16427 7.92
16427 1.4
16427 45.24
16427 29.04
16428 7.92
16428 1.4
16428 45.24
16428 29.04
16429 7.92
16429 1.4
16429 45.24
16429 29.04
16430 7.92
16430 1.4
16430 45.24
16430 29.04
16431 7.92
16431 1.4
16431 45.24
16431 29.04
16432 7.92
16432 1.4
16432 45.24
16432 29.04
16433 7.92
16433 1.4
16433 45.24
16433 29.04
16434 7.92
16434 1.4
16434 45.24
16434 29.04
16435 7.92
16435 1.4
16435 45.24
16435 29.04
16436 7.92
16436 1.4
16436 45.24
16436 29.04
16510 7.92
16510 1.4
16510 45.24
16510 29.04
16511 7.92
16511 1.4
16511 45.24
16511 29.04
16512 7.92
16512 1.4
16512 45.24
16512 29.04
16513 7.92
16513 1.4
16513 45.24
16513 29.04
16514 7.92
16514 1.4
16514 45.24
16514 29.04
16515 7.92
16515 1.4
16515 45.24
16515 29.04
16516 7.92
16516 1.4
16516 45.24
16516 29.04
16517 7.92
16517 1.4
16517 45.24
16517 29.04
16518 7.92
16518 1.4
16518 45.24
16518 29.04
16519 7.92
16519 1.4
16519 45.24
16519 29.04
16520 7.92
16520 1.4
16520 45.24
16520 29.04
16521 7.92
16521 1.4
16521 45.24
16521 29.04
16522 7.92
16522 1.4
16522 45.24
16522 29.04
16523 7.92
16523 1.4
16523 45.24
16523 29.04
16524 7.92
16524 1.4
16524 45.24
16524 29.04
16525 7.92
16525 1.4
16525 45.24
16525 29.04
16526 7.92
16526 1.4
16526 45.24
16526 29.04
16527 7.92
16527 1.4
16527 45.24
16527 29.04
16528 7.92
16528 1.4
16528 45.24
16528 29.04
16529 7.92
16529 1.4
16529 45.24
16529 29.04
16530 7.92
16530 1.4
16530 45.24
16530 29.04
16531 7.92
16531 1.4
16531 45.24
16531 29.04
16532 7.92
16532 1.4
16532 45.24
16532 29.04
16533 7.92
16533 1.4
16533 45.24
16533 29.04
16534 7.92
16534 1.4
16534 45.24
16534 29.04
16535 7.92
16535 1.4
16535 45.24
16535 29.04
16536 7.92
16536 1.4
16536 45.24
16536 29.04
16537 7.92
16537 1.4
16537 45.24
16537 29.04
16538 7.92
16538 1.4
16538 45.24
16538 29.04
16539 7.92
16539 1.4
16539 45.24
16539 29.04
16540 7.92
16540 1.4
16540 45.24
16540 29.04
16541 7.92
16541 1.4
16541 45.24
16541 29.04
16542 7.92
16542 1.4
16542 45.24
16542 29.04
16543 7.92
16543 1.4
16543 45.24
16543 29.04
16544 7.92
16544 1.4
16544 45.24
16544 29.04
16620 7.92
16620 1.4
16620 45.24
16620 29.04
16621 7.92
16621 1.4
16621 45.24
16621 29.04
16622 7.92
16622 1.4
16622 45.24
16622 29.04
16623 7.92
16623 1.4
16623 45.24
16623 29.04
16624 7.92
16624 1.4
16624 45.24
16624 29.04
16625 7.92
16625 1.4
16625 45.24
16625 29.04
16626 7.92
16626 1.4
16626 45.24
16626 29.04
16627 7.92
16627 1.4
16627 45.24
16627 29.04
16628 7.92
16628 1.4
16628 45.24
16628 29.04
16629 7.92
16629 1.4
16629 45.24
16629 29.04
16630 7.92
16630 1.4
16630 45.24
16630 29.04
16631 7.92
16631 1.4
16631 45.24
16631 29.04
16632 7.92
16632 1.4
16632 45.24
16632 29.04
16633 7.92
16633 1.4
16633 45.24
16633 29.04
16634 7.92
16634 1.4
16634 45.24
16634 29.04
16635 7.92
16635 1.4
16635 45.24
16635 29.04
16636 7.92
16636 1.4
16636 45.24
16636 29.04
16637 7.92
16637 1.4
16637 45.24
16637 29.04
16638 7.92
16638 1.4
16638 45.24
16638 29.04
16639 7.92
16639 1.4
16639 45.24
16639 29.04
16640 7.92
16640 1.4
16640 45.24
16640 29.04
16641 7.92
16641 1.4
16641 45.24
16641 29.04
16642 7.92
16642 1.4
16642 45.24
16642 29.04
16643 7.92
16643 1.4
16643 45.24
16643 29.04
16644 7.92
16644 1.4
16644 45.24
16644 29.04
16645 7.92
16645 1.4
16645 45.24
16645 29.04
16646 7.92
16646 1.4
16646 45.24
16646 29.04
16647 7.92
16647 1.4
16647 45.24
16647 29.04
16648 7.92
16648 1.4
16648 45.24
16648 29.04
16649 7.92
16649 1.4
16649 45.24
16649 29.04
16650 7.92
16650 1.4
16650 45.24
16650 29.04
16651 7.92
16651 1.4
16651 45.24
16651 29.04
16652 7.92
16652 1.4
16652 45.24
16652 29.04
16653 7.92
16653 1.4
16653 45.24
16653 29.04
16730 7.92
16730 1.4
16730 45.24
16730 29.04
16731 7.92
16731 1.4
16731 45.24
16731 29.04
16732 7.92
16732 1.4
16732 45.24
16732 29.04
16733 7.92
16733 1.4
16733 45.24
16733 29.04
16734 7.92
16734 1.4
16734 45.24
16734 29.04
16735 7.92
16735 1.4
16735 45.24
16735 29.04
16736 7.92
16736 1.4
16736 45.24
16736 29.04
16737 7.92
16737 1.4
16737 45.24
16737 29.04
16738 7.92
16738 1.4
16738 45.24
16738 29.04
16739 7.92
16739 1.4
16739 45.24
16739 29.04
16740 7.92
16740 1.4
16740 45.24
16740 29.04
16741 7.92
16741 1.4
16741 45.24
16741 29.04
16742 7.92
16742 1.4
16742 45.24
16742 29.04
16743 7.92
16743 1.4
16743 45.24
16743 29.04
16744 7.92
16744 1.4
16744 45.24
16744 29.04
16745 7.92
16745 1.4
16745 45.24
16745 29.04
16746 7.92
16746 1.4
16746 45.24
16746 29.04
16747 7.92
16747 1.4
16747 45.24
16747 29.04
16748 7.92
16748 1.4
16748 45.24
16748 29.04
16749 7.92
16749 1.4
16749 45.24
16749 29.04
16750 7.92
16750 1.4
16750 45.24
16750 29.04
16751 7.92
16751 1.4
16751 45.24
16751 29.04
16752 7.92
16752 1.4
16752 45.24
16752 29.04
16753 7.92
16753 1.4
16753 45.24
16753 29.04
16754 7.92
16754 1.4
16754 45.24
16754 29.04
16755 7.92
16755 1.4
16755 45.24
16755 29.04
16756 7.92
16756 1.4
16756 45.24
16756 29.04
16757 7.92
16757 1.4
16757 45.24
16757 29.04
16758 7.92
16758 1.4
16758 45.24
16758 29.04
16759 7.92
16759 1.4
16759 45.24
16759 29.04
16760 7.92
16760 1.4
16760 45.24
16760 29.04
16761 7.92
16761 1.4
16761 45.24
16761 29.04
16840 7.92
16840 1.4
16840 45.24
16840 29.04
16841 7.92
16841 1.4
16841 45.24
16841 29.04
16842 7.92
16842 1.4
16842 45.24
16842 29.04
16843 7.92
16843 1.4
16843 45.24
16843 29.04
16844 7.92
16844 1.4
16844 45.24
16844 29.04
16845 7.92
16845 1.4
16845 45.24
16845 29.04
16846 7.92
16846 1.4
16846 45.24
16846 29.04
16847 7.92
16847 1.4
16847 45.24
16847 29.04
16848 7.92
16848 1.4
16848 45.24
16848 29.04
16849 7.92
16849 1.4
16849 45.24
16849 29.04
16850 7.92
16850 1.4
16850 45.24
16850 29.04
16851 7.92
16851 1.4
16851 45.24
16851 29.04
16852 7.92
16852 1.4
16852 45.24
16852 29.04
16853 7.92
16853 1.4
16853 45.24
16853 29.04
16854 7.92
16854 1.4
16854 45.24
16854 29.04
16855 7.92
16855 1.4
16855 45.24
16855 29.04
16856 7.92
16856 1.4
16856 45.24
16856 29.04
16857 7.92
16857 1.4
16857 45.24
16857 29.04
16858 7.92
16858 1.4
16858 45.24
16858 29.04
16859 7.92
16859 1.4
16859 45.24
16859 29.04
16860 7.92
16860 1.4
16860 45.24
16860 29.04
16861 7.92
16861 1.4
16861 45.24
16861 29.04
16862 7.92
16862 1.4
16862 45.24
16862 29.04
16863 7.92
16863 1.4
16863 45.24
16863 29.04
16864 7.92
16864 1.4
16864 45.24
16864 29.04
16865 7.92
16865 1.4
16865 45.24
16865 29.04
16866 7.92
16866 1.4
16866 45.24
16866 29.04
16867 7.92
16867 1.4
16867 45.24
16867 29.04
16868 7.92
16868 1.4
16868 45.24
16868 29.04
16869 7.92
16869 1.4
16869 45.24
16869 29.04
16951 7.92
16951 1.4
16951 45.24
16951 29.04
16952 7.92
16952 1.4
16952 45.24
16952 29.04
16953 7.92
16953 1.4
16953 45.24
16953 29.04
16954 7.92
16954 1.4
16954 45.24
16954 29.04
16955 7.92
16955 1.4
16955 45.24
16955 29.04
16956 7.92
16956 1.4
16956 45.24
16956 29.04
16957 7.92
16957 1.4
16957 45.24
16957 29.04
16958 7.92
16958 1.4
16958 45.24
16958 29.04
16959 7.92
16959 1.4
16959 45.24
16959 29.04
16960 7.92
16960 1.4
16960 45.24
16960 29.04
16961 7.92
16961 1.4
16961 45.24
16961 29.04
16962 7.92
16962 1.4
16962 45.24
16962 29.04
16963 7.92
16963 1.4
16963 45.24
16963 29.04
16964 7.92
16964 1.4
16964 45.24
16964 29.04
16965 7.92
16965 1.4
16965 45.24
16965 29.04
16966 7.92
16966 1.4
16966 45.24
16966 29.04
16967 7.92
16967 1.4
16967 45.24
16967 29.04
16968 7.92
16968 1.4
16968 45.24
16968 29.04
16969 7.92
16969 1.4
16969 45.24
16969 29.04
16970 7.92
16970 1.4
16970 45.24
16970 29.04
16971 7.92
16971 1.4
16971 45.24
16971 29.04
16972 7.92
16972 1.4
16972 45.24
16972 29.04
16973 7.92
16973 1.4
16973 45.24
16973 29.04
16974 7.92
16974 1.4
16974 45.24
16974 29.04
16975 7.92
16975 1.4
16975 45.24
16975 29.04
16976 7.92
16976 1.4
16976 45.24
16976 29.04
16977 7.92
16977 1.4
16977 45.24
16977 29.04
17059 7.92
17059 1.4
17059 45.24
17059 29.04
17060 7.92
17060 1.4
17060 45.24
17060 29.04
17061 7.92
17061 1.4
17061 45.24
17061 29.04
17062 7.92
17062 1.4
17062 45.24
17062 29.04
17063 7.92
17063 1.4
17063 45.24
17063 29.04
17064 7.92
17064 1.4
17064 45.24
17064 29.04
17065 7.92
17065 1.4
17065 45.24
17065 29.04
17066 7.92
17066 1.4
17066 45.24
17066 29.04
17067 7.92
17067 1.4
17067 45.24
17067 29.04
17068 7.92
17068 1.4
17068 45.24
17068 29.04
17069 7.92
17069 1.4
17069 45.24
17069 29.04
17070 7.92
17070 1.4
17070 45.24
17070 29.04
17071 7.92
17071 1.4
17071 45.24
17071 29.04
17072 7.92
17072 1.4
17072 45.24
17072 29.04
17073 7.92
17073 1.4
17073 45.24
17073 29.04
17074 7.92
17074 1.4
17074 45.24
17074 29.04
17075 7.92
17075 1.4
17075 45.24
17075 29.04
17076 7.92
17076 1.4
17076 45.24
17076 29.04
17077 7.92
17077 1.4
17077 45.24
17077 29.04
17078 7.92
17078 1.4
17078 45.24
17078 29.04
17079 7.92
17079 1.4
17079 45.24
17079 29.04
17080 7.92
17080 1.4
17080 45.24
17080 29.04
17081 7.92
17081 1.4
17081 45.24
17081 29.04
17082 7.92
17082 1.4
17082 45.24
17082 29.04
17083 7.92
17083 1.4
17083 45.24
17083 29.04
17168 7.92
17168 1.4
17168 45.24
17168 29.04
17169 7.92
17169 1.4
17169 45.24
17169 29.04
17170 7.92
17170 1.4
17170 45.24
17170 29.04
17171 7.92
17171 1.4
17171 45.24
17171 29.04
17172 7.92
17172 1.4
17172 45.24
17172 29.04
17173 7.92
17173 1.4
17173 45.24
17173 29.04
17174 7.92
17174 1.4
17174 45.24
17174 29.04
17175 7.92
17175 1.4
17175 45.24
17175 29.04
17176 7.92
17176 1.4
17176 45.24
17176 29.04
17177 7.92
17177 1.4
17177 45.24
17177 29.04
17178 7.92
17178 1.4
17178 45.24
17178 29.04
17179 7.92
17179 1.4
17179 45.24
17179 29.04
17180 7.92
17180 1.4
17180 45.24
17180 29.04
17181 7.92
17181 1.4
17181 45.24
17181 29.04
17182 7.92
17182 1.4
17182 45.24
17182 29.04
17183 7.92
17183 1.4
17183 45.24
17183 29.04
17184 7.92
17184 1.4
17184 45.24
17184 29.04
17185 7.92
17185 1.4
17185 45.24
17185 29.04
17186 7.92
17186 1.4
17186 45.24
17186 29.04
17187 7.92
17187 1.4
17187 45.24
17187 29.04
17188 7.92
17188 1.4
17188 45.24
17188 29.04
17279 7.92
17279 1.4
17279 45.24
17279 29.04
17280 7.92
17280 1.4
17280 45.24
17280 29.04
17281 7.92
17281 1.4
17281 45.24
17281 29.04
17282 7.92
17282 1.4
17282 45.24
17282 29.04
17283 7.92
17283 1.4
17283 45.24
17283 29.04
17284 7.92
17284 1.4
17284 45.24
17284 29.04
17285 7.92
17285 1.4
17285 45.24
17285 29.04
17286 7.92
17286 1.4
17286 45.24
17286 29.04
17287 7.92
17287 1.4
17287 45.24
17287 29.04
17288 7.92
17288 1.4
17288 45.24
17288 29.04
17289 7.92
17289 1.4
17289 45.24
17289 29.04
