pt_graph cpue_kghour
20375 0
20375 12.2
20375 0.04
20375 4.08
20410 0
20410 12.2
20410 0.04
20410 4.08
20437 0
20437 12.2
20437 0.04
20437 4.08
20438 0
20438 12.2
20438 0.04
20438 4.08
20439 0
20439 12.2
20439 0.04
20439 4.08
20440 0
20440 12.2
20440 0.04
20440 4.08
20441 0
20441 12.2
20441 0.04
20441 4.08
20442 0
20442 12.2
20442 0.04
20442 4.08
20443 0
20443 12.2
20443 0.04
20443 4.08
20515 0
20515 12.2
20515 0.04
20515 4.08
20546 0
20546 12.2
20546 0.04
20546 4.08
20586 0
20586 12.2
20586 0.04
20586 4.08
20609 0
20609 12.2
20609 0.04
20609 4.08
20611 0
20611 12.2
20611 0.04
20611 4.08
20536 0
20536 12.2
20536 0.04
20536 4.08
20537 0
20537 12.2
20537 0.04
20537 4.08
20561 0
20561 12.2
20561 0.04
20561 4.08
20562 0
20562 12.2
20562 0.04
20562 4.08
20563 0
20563 12.2
20563 0.04
20563 4.08
20564 0
20564 12.2
20564 0.04
20564 4.08
20565 0
20565 12.2
20565 0.04
20565 4.08
20567 0
20567 12.2
20567 0.04
20567 4.08
20568 0
20568 12.2
20568 0.04
20568 4.08
20569 0
20569 12.2
20569 0.04
20569 4.08
20592 0
20592 12.2
20592 0.04
20592 4.08
20596 0
20596 12.2
20596 0.04
20596 4.08
20597 0
20597 12.2
20597 0.04
20597 4.08
20610 0
20610 12.2
20610 0.04
20610 4.08
20614 0
20614 12.2
20614 0.04
20614 4.08
20631 0
20631 12.2
20631 0.04
20631 4.08
20632 0
20632 12.2
20632 0.04
20632 4.08
20635 0
20635 12.2
20635 0.04
20635 4.08
20636 0
20636 12.2
20636 0.04
20636 4.08
20648 0
20648 12.2
20648 0.04
20648 4.08
20649 0
20649 12.2
20649 0.04
20649 4.08
