pt_graph cpue_kghour
18156 0.76
18156 1.36
18156 13.8
18156 8.92
18157 0.76
18157 1.36
18157 13.8
18157 8.92
18158 0.76
18158 1.36
18158 13.8
18158 8.92
18159 0.76
18159 1.36
18159 13.8
18159 8.92
18160 0.76
18160 1.36
18160 13.8
18160 8.92
18161 0.76
18161 1.36
18161 13.8
18161 8.92
18162 0.76
18162 1.36
18162 13.8
18162 8.92
18163 0.76
18163 1.36
18163 13.8
18163 8.92
18164 0.76
18164 1.36
18164 13.8
18164 8.92
18165 0.76
18165 1.36
18165 13.8
18165 8.92
18166 0.76
18166 1.36
18166 13.8
18166 8.92
18167 0.76
18167 1.36
18167 13.8
18167 8.92
18168 0.76
18168 1.36
18168 13.8
18168 8.92
18169 0.76
18169 1.36
18169 13.8
18169 8.92
18170 0.76
18170 1.36
18170 13.8
18170 8.92
18171 0.76
18171 1.36
18171 13.8
18171 8.92
18172 0.76
18172 1.36
18172 13.8
18172 8.92
18173 0.76
18173 1.36
18173 13.8
18173 8.92
18238 0.76
18238 1.36
18238 13.8
18238 8.92
18239 0.76
18239 1.36
18239 13.8
18239 8.92
18240 0.76
18240 1.36
18240 13.8
18240 8.92
18241 0.76
18241 1.36
18241 13.8
18241 8.92
18242 0.76
18242 1.36
18242 13.8
18242 8.92
18243 0.76
18243 1.36
18243 13.8
18243 8.92
18244 0.76
18244 1.36
18244 13.8
18244 8.92
18245 0.76
18245 1.36
18245 13.8
18245 8.92
18246 0.76
18246 1.36
18246 13.8
18246 8.92
18247 0.76
18247 1.36
18247 13.8
18247 8.92
18248 0.76
18248 1.36
18248 13.8
18248 8.92
18249 0.76
18249 1.36
18249 13.8
18249 8.92
18250 0.76
18250 1.36
18250 13.8
18250 8.92
18251 0.76
18251 1.36
18251 13.8
18251 8.92
18252 0.76
18252 1.36
18252 13.8
18252 8.92
18253 0.76
18253 1.36
18253 13.8
18253 8.92
18254 0.76
18254 1.36
18254 13.8
18254 8.92
18255 0.76
18255 1.36
18255 13.8
18255 8.92
18256 0.76
18256 1.36
18256 13.8
18256 8.92
18257 0.76
18257 1.36
18257 13.8
18257 8.92
18258 0.76
18258 1.36
18258 13.8
18258 8.92
18259 0.76
18259 1.36
18259 13.8
18259 8.92
18260 0.76
18260 1.36
18260 13.8
18260 8.92
18261 0.76
18261 1.36
18261 13.8
18261 8.92
18262 0.76
18262 1.36
18262 13.8
18262 8.92
18263 0.76
18263 1.36
18263 13.8
18263 8.92
18320 0.76
18320 1.36
18320 13.8
18320 8.92
18321 0.76
18321 1.36
18321 13.8
18321 8.92
18322 0.76
18322 1.36
18322 13.8
18322 8.92
18323 0.76
18323 1.36
18323 13.8
18323 8.92
18324 0.76
18324 1.36
18324 13.8
18324 8.92
18325 0.76
18325 1.36
18325 13.8
18325 8.92
18326 0.76
18326 1.36
18326 13.8
18326 8.92
18327 0.76
18327 1.36
18327 13.8
18327 8.92
18328 0.76
18328 1.36
18328 13.8
18328 8.92
18329 0.76
18329 1.36
18329 13.8
18329 8.92
18330 0.76
18330 1.36
18330 13.8
18330 8.92
18331 0.76
18331 1.36
18331 13.8
18331 8.92
18332 0.76
18332 1.36
18332 13.8
18332 8.92
18333 0.76
18333 1.36
18333 13.8
18333 8.92
18334 0.76
18334 1.36
18334 13.8
18334 8.92
18335 0.76
18335 1.36
18335 13.8
18335 8.92
18336 0.76
18336 1.36
18336 13.8
18336 8.92
18337 0.76
18337 1.36
18337 13.8
18337 8.92
18338 0.76
18338 1.36
18338 13.8
18338 8.92
18339 0.76
18339 1.36
18339 13.8
18339 8.92
18340 0.76
18340 1.36
18340 13.8
18340 8.92
18341 0.76
18341 1.36
18341 13.8
18341 8.92
18342 0.76
18342 1.36
18342 13.8
18342 8.92
18343 0.76
18343 1.36
18343 13.8
18343 8.92
18344 0.76
18344 1.36
18344 13.8
18344 8.92
18345 0.76
18345 1.36
18345 13.8
18345 8.92
18346 0.76
18346 1.36
18346 13.8
18346 8.92
18347 0.76
18347 1.36
18347 13.8
18347 8.92
18348 0.76
18348 1.36
18348 13.8
18348 8.92
18349 0.76
18349 1.36
18349 13.8
18349 8.92
18350 0.76
18350 1.36
18350 13.8
18350 8.92
18401 0.76
18401 1.36
18401 13.8
18401 8.92
18402 0.76
18402 1.36
18402 13.8
18402 8.92
18403 0.76
18403 1.36
18403 13.8
18403 8.92
18404 0.76
18404 1.36
18404 13.8
18404 8.92
18405 0.76
18405 1.36
18405 13.8
18405 8.92
18406 0.76
18406 1.36
18406 13.8
18406 8.92
18407 0.76
18407 1.36
18407 13.8
18407 8.92
18408 0.76
18408 1.36
18408 13.8
18408 8.92
18409 0.76
18409 1.36
18409 13.8
18409 8.92
18410 0.76
18410 1.36
18410 13.8
18410 8.92
18411 0.76
18411 1.36
18411 13.8
18411 8.92
18412 0.76
18412 1.36
18412 13.8
18412 8.92
18413 0.76
18413 1.36
18413 13.8
18413 8.92
18414 0.76
18414 1.36
18414 13.8
18414 8.92
18415 0.76
18415 1.36
18415 13.8
18415 8.92
18416 0.76
18416 1.36
18416 13.8
18416 8.92
18417 0.76
18417 1.36
18417 13.8
18417 8.92
18418 0.76
18418 1.36
18418 13.8
18418 8.92
18419 0.76
18419 1.36
18419 13.8
18419 8.92
18420 0.76
18420 1.36
18420 13.8
18420 8.92
18421 0.76
18421 1.36
18421 13.8
18421 8.92
18422 0.76
18422 1.36
18422 13.8
18422 8.92
18423 0.76
18423 1.36
18423 13.8
18423 8.92
18424 0.76
18424 1.36
18424 13.8
18424 8.92
18425 0.76
18425 1.36
18425 13.8
18425 8.92
18426 0.76
18426 1.36
18426 13.8
18426 8.92
18427 0.76
18427 1.36
18427 13.8
18427 8.92
18428 0.76
18428 1.36
18428 13.8
18428 8.92
18429 0.76
18429 1.36
18429 13.8
18429 8.92
18430 0.76
18430 1.36
18430 13.8
18430 8.92
18431 0.76
18431 1.36
18431 13.8
18431 8.92
18432 0.76
18432 1.36
18432 13.8
18432 8.92
18433 0.76
18433 1.36
18433 13.8
18433 8.92
18481 0.76
18481 1.36
18481 13.8
18481 8.92
18482 0.76
18482 1.36
18482 13.8
18482 8.92
18483 0.76
18483 1.36
18483 13.8
18483 8.92
18484 0.76
18484 1.36
18484 13.8
18484 8.92
18485 0.76
18485 1.36
18485 13.8
18485 8.92
18486 0.76
18486 1.36
18486 13.8
18486 8.92
18487 0.76
18487 1.36
18487 13.8
18487 8.92
18488 0.76
18488 1.36
18488 13.8
18488 8.92
18489 0.76
18489 1.36
18489 13.8
18489 8.92
18490 0.76
18490 1.36
18490 13.8
18490 8.92
18491 0.76
18491 1.36
18491 13.8
18491 8.92
18492 0.76
18492 1.36
18492 13.8
18492 8.92
18493 0.76
18493 1.36
18493 13.8
18493 8.92
18494 0.76
18494 1.36
18494 13.8
18494 8.92
18495 0.76
18495 1.36
18495 13.8
18495 8.92
18496 0.76
18496 1.36
18496 13.8
18496 8.92
18497 0.76
18497 1.36
18497 13.8
18497 8.92
18498 0.76
18498 1.36
18498 13.8
18498 8.92
18499 0.76
18499 1.36
18499 13.8
18499 8.92
18500 0.76
18500 1.36
18500 13.8
18500 8.92
18501 0.76
18501 1.36
18501 13.8
18501 8.92
18502 0.76
18502 1.36
18502 13.8
18502 8.92
18503 0.76
18503 1.36
18503 13.8
18503 8.92
18504 0.76
18504 1.36
18504 13.8
18504 8.92
18505 0.76
18505 1.36
18505 13.8
18505 8.92
18506 0.76
18506 1.36
18506 13.8
18506 8.92
18507 0.76
18507 1.36
18507 13.8
18507 8.92
18508 0.76
18508 1.36
18508 13.8
18508 8.92
18509 0.76
18509 1.36
18509 13.8
18509 8.92
18510 0.76
18510 1.36
18510 13.8
18510 8.92
18511 0.76
18511 1.36
18511 13.8
18511 8.92
18512 0.76
18512 1.36
18512 13.8
18512 8.92
18513 0.76
18513 1.36
18513 13.8
18513 8.92
18514 0.76
18514 1.36
18514 13.8
18514 8.92
18515 0.76
18515 1.36
18515 13.8
18515 8.92
18558 0.76
18558 1.36
18558 13.8
18558 8.92
18559 0.76
18559 1.36
18559 13.8
18559 8.92
18560 0.76
18560 1.36
18560 13.8
18560 8.92
18561 0.76
18561 1.36
18561 13.8
18561 8.92
18562 0.76
18562 1.36
18562 13.8
18562 8.92
18563 0.76
18563 1.36
18563 13.8
18563 8.92
18564 0.76
18564 1.36
18564 13.8
18564 8.92
18565 0.76
18565 1.36
18565 13.8
18565 8.92
18566 0.76
18566 1.36
18566 13.8
18566 8.92
18567 0.76
18567 1.36
18567 13.8
18567 8.92
18568 0.76
18568 1.36
18568 13.8
18568 8.92
18569 0.76
18569 1.36
18569 13.8
18569 8.92
18570 0.76
18570 1.36
18570 13.8
18570 8.92
18571 0.76
18571 1.36
18571 13.8
18571 8.92
18572 0.76
18572 1.36
18572 13.8
18572 8.92
18573 0.76
18573 1.36
18573 13.8
18573 8.92
18574 0.76
18574 1.36
18574 13.8
18574 8.92
18575 0.76
18575 1.36
18575 13.8
18575 8.92
18576 0.76
18576 1.36
18576 13.8
18576 8.92
18577 0.76
18577 1.36
18577 13.8
18577 8.92
18578 0.76
18578 1.36
18578 13.8
18578 8.92
18579 0.76
18579 1.36
18579 13.8
18579 8.92
18580 0.76
18580 1.36
18580 13.8
18580 8.92
18581 0.76
18581 1.36
18581 13.8
18581 8.92
18582 0.76
18582 1.36
18582 13.8
18582 8.92
18583 0.76
18583 1.36
18583 13.8
18583 8.92
18584 0.76
18584 1.36
18584 13.8
18584 8.92
18585 0.76
18585 1.36
18585 13.8
18585 8.92
18586 0.76
18586 1.36
18586 13.8
18586 8.92
18587 0.76
18587 1.36
18587 13.8
18587 8.92
18588 0.76
18588 1.36
18588 13.8
18588 8.92
18589 0.76
18589 1.36
18589 13.8
18589 8.92
18590 0.76
18590 1.36
18590 13.8
18590 8.92
18591 0.76
18591 1.36
18591 13.8
18591 8.92
18592 0.76
18592 1.36
18592 13.8
18592 8.92
18593 0.76
18593 1.36
18593 13.8
18593 8.92
18636 0.76
18636 1.36
18636 13.8
18636 8.92
18637 0.76
18637 1.36
18637 13.8
18637 8.92
18638 0.76
18638 1.36
18638 13.8
18638 8.92
18639 0.76
18639 1.36
18639 13.8
18639 8.92
18640 0.76
18640 1.36
18640 13.8
18640 8.92
18641 0.76
18641 1.36
18641 13.8
18641 8.92
18642 0.76
18642 1.36
18642 13.8
18642 8.92
18643 0.76
18643 1.36
18643 13.8
18643 8.92
18644 0.76
18644 1.36
18644 13.8
18644 8.92
18645 0.76
18645 1.36
18645 13.8
18645 8.92
18646 0.76
18646 1.36
18646 13.8
18646 8.92
18647 0.76
18647 1.36
18647 13.8
18647 8.92
18648 0.76
18648 1.36
18648 13.8
18648 8.92
18649 0.76
18649 1.36
18649 13.8
18649 8.92
18650 0.76
18650 1.36
18650 13.8
18650 8.92
18651 0.76
18651 1.36
18651 13.8
18651 8.92
18652 0.76
18652 1.36
18652 13.8
18652 8.92
18653 0.76
18653 1.36
18653 13.8
18653 8.92
18654 0.76
18654 1.36
18654 13.8
18654 8.92
18655 0.76
18655 1.36
18655 13.8
18655 8.92
18656 0.76
18656 1.36
18656 13.8
18656 8.92
18657 0.76
18657 1.36
18657 13.8
18657 8.92
18658 0.76
18658 1.36
18658 13.8
18658 8.92
18659 0.76
18659 1.36
18659 13.8
18659 8.92
18660 0.76
18660 1.36
18660 13.8
18660 8.92
18661 0.76
18661 1.36
18661 13.8
18661 8.92
18662 0.76
18662 1.36
18662 13.8
18662 8.92
18663 0.76
18663 1.36
18663 13.8
18663 8.92
18664 0.76
18664 1.36
18664 13.8
18664 8.92
18665 0.76
18665 1.36
18665 13.8
18665 8.92
18666 0.76
18666 1.36
18666 13.8
18666 8.92
18667 0.76
18667 1.36
18667 13.8
18667 8.92
18668 0.76
18668 1.36
18668 13.8
18668 8.92
18669 0.76
18669 1.36
18669 13.8
18669 8.92
18670 0.76
18670 1.36
18670 13.8
18670 8.92
18710 0.76
18710 1.36
18710 13.8
18710 8.92
18711 0.76
18711 1.36
18711 13.8
18711 8.92
18712 0.76
18712 1.36
18712 13.8
18712 8.92
18713 0.76
18713 1.36
18713 13.8
18713 8.92
18714 0.76
18714 1.36
18714 13.8
18714 8.92
18715 0.76
18715 1.36
18715 13.8
18715 8.92
18716 0.76
18716 1.36
18716 13.8
18716 8.92
18717 0.76
18717 1.36
18717 13.8
18717 8.92
18718 0.76
18718 1.36
18718 13.8
18718 8.92
18719 0.76
18719 1.36
18719 13.8
18719 8.92
18720 0.76
18720 1.36
18720 13.8
18720 8.92
18721 0.76
18721 1.36
18721 13.8
18721 8.92
18722 0.76
18722 1.36
18722 13.8
18722 8.92
18723 0.76
18723 1.36
18723 13.8
18723 8.92
18724 0.76
18724 1.36
18724 13.8
18724 8.92
18725 0.76
18725 1.36
18725 13.8
18725 8.92
18726 0.76
18726 1.36
18726 13.8
18726 8.92
18727 0.76
18727 1.36
18727 13.8
18727 8.92
18728 0.76
18728 1.36
18728 13.8
18728 8.92
18729 0.76
18729 1.36
18729 13.8
18729 8.92
18730 0.76
18730 1.36
18730 13.8
18730 8.92
18731 0.76
18731 1.36
18731 13.8
18731 8.92
18732 0.76
18732 1.36
18732 13.8
18732 8.92
18733 0.76
18733 1.36
18733 13.8
18733 8.92
18734 0.76
18734 1.36
18734 13.8
18734 8.92
18735 0.76
18735 1.36
18735 13.8
18735 8.92
18736 0.76
18736 1.36
18736 13.8
18736 8.92
18737 0.76
18737 1.36
18737 13.8
18737 8.92
18738 0.76
18738 1.36
18738 13.8
18738 8.92
18739 0.76
18739 1.36
18739 13.8
18739 8.92
18740 0.76
18740 1.36
18740 13.8
18740 8.92
18741 0.76
18741 1.36
18741 13.8
18741 8.92
18742 0.76
18742 1.36
18742 13.8
18742 8.92
18743 0.76
18743 1.36
18743 13.8
18743 8.92
18744 0.76
18744 1.36
18744 13.8
18744 8.92
18745 0.76
18745 1.36
18745 13.8
18745 8.92
18746 0.76
18746 1.36
18746 13.8
18746 8.92
18747 0.76
18747 1.36
18747 13.8
18747 8.92
18748 0.76
18748 1.36
18748 13.8
18748 8.92
18749 0.76
18749 1.36
18749 13.8
18749 8.92
18786 0.76
18786 1.36
18786 13.8
18786 8.92
18787 0.76
18787 1.36
18787 13.8
18787 8.92
18788 0.76
18788 1.36
18788 13.8
18788 8.92
18789 0.76
18789 1.36
18789 13.8
18789 8.92
18790 0.76
18790 1.36
18790 13.8
18790 8.92
18791 0.76
18791 1.36
18791 13.8
18791 8.92
18792 0.76
18792 1.36
18792 13.8
18792 8.92
18793 0.76
18793 1.36
18793 13.8
18793 8.92
18794 0.76
18794 1.36
18794 13.8
18794 8.92
18795 0.76
18795 1.36
18795 13.8
18795 8.92
18796 0.76
18796 1.36
18796 13.8
18796 8.92
18797 0.76
18797 1.36
18797 13.8
18797 8.92
18798 0.76
18798 1.36
18798 13.8
18798 8.92
18799 0.76
18799 1.36
18799 13.8
18799 8.92
18800 0.76
18800 1.36
18800 13.8
18800 8.92
18801 0.76
18801 1.36
18801 13.8
18801 8.92
18802 0.76
18802 1.36
18802 13.8
18802 8.92
18803 0.76
18803 1.36
18803 13.8
18803 8.92
18804 0.76
18804 1.36
18804 13.8
18804 8.92
18805 0.76
18805 1.36
18805 13.8
18805 8.92
18806 0.76
18806 1.36
18806 13.8
18806 8.92
18807 0.76
18807 1.36
18807 13.8
18807 8.92
18808 0.76
18808 1.36
18808 13.8
18808 8.92
18809 0.76
18809 1.36
18809 13.8
18809 8.92
18810 0.76
18810 1.36
18810 13.8
18810 8.92
18811 0.76
18811 1.36
18811 13.8
18811 8.92
18812 0.76
18812 1.36
18812 13.8
18812 8.92
18813 0.76
18813 1.36
18813 13.8
18813 8.92
18814 0.76
18814 1.36
18814 13.8
18814 8.92
18815 0.76
18815 1.36
18815 13.8
18815 8.92
18816 0.76
18816 1.36
18816 13.8
18816 8.92
18817 0.76
18817 1.36
18817 13.8
18817 8.92
18818 0.76
18818 1.36
18818 13.8
18818 8.92
18819 0.76
18819 1.36
18819 13.8
18819 8.92
18820 0.76
18820 1.36
18820 13.8
18820 8.92
18821 0.76
18821 1.36
18821 13.8
18821 8.92
18822 0.76
18822 1.36
18822 13.8
18822 8.92
18823 0.76
18823 1.36
18823 13.8
18823 8.92
18824 0.76
18824 1.36
18824 13.8
18824 8.92
18856 0.76
18856 1.36
18856 13.8
18856 8.92
18857 0.76
18857 1.36
18857 13.8
18857 8.92
18858 0.76
18858 1.36
18858 13.8
18858 8.92
18859 0.76
18859 1.36
18859 13.8
18859 8.92
18860 0.76
18860 1.36
18860 13.8
18860 8.92
18861 0.76
18861 1.36
18861 13.8
18861 8.92
18862 0.76
18862 1.36
18862 13.8
18862 8.92
18863 0.76
18863 1.36
18863 13.8
18863 8.92
18864 0.76
18864 1.36
18864 13.8
18864 8.92
18865 0.76
18865 1.36
18865 13.8
18865 8.92
18866 0.76
18866 1.36
18866 13.8
18866 8.92
18867 0.76
18867 1.36
18867 13.8
18867 8.92
18868 0.76
18868 1.36
18868 13.8
18868 8.92
18869 0.76
18869 1.36
18869 13.8
18869 8.92
18870 0.76
18870 1.36
18870 13.8
18870 8.92
18871 0.76
18871 1.36
18871 13.8
18871 8.92
18872 0.76
18872 1.36
18872 13.8
18872 8.92
18873 0.76
18873 1.36
18873 13.8
18873 8.92
18874 0.76
18874 1.36
18874 13.8
18874 8.92
18875 0.76
18875 1.36
18875 13.8
18875 8.92
18876 0.76
18876 1.36
18876 13.8
18876 8.92
18877 0.76
18877 1.36
18877 13.8
18877 8.92
18878 0.76
18878 1.36
18878 13.8
18878 8.92
18879 0.76
18879 1.36
18879 13.8
18879 8.92
18880 0.76
18880 1.36
18880 13.8
18880 8.92
18881 0.76
18881 1.36
18881 13.8
18881 8.92
18882 0.76
18882 1.36
18882 13.8
18882 8.92
18883 0.76
18883 1.36
18883 13.8
18883 8.92
18884 0.76
18884 1.36
18884 13.8
18884 8.92
18885 0.76
18885 1.36
18885 13.8
18885 8.92
18886 0.76
18886 1.36
18886 13.8
18886 8.92
18887 0.76
18887 1.36
18887 13.8
18887 8.92
18888 0.76
18888 1.36
18888 13.8
18888 8.92
18889 0.76
18889 1.36
18889 13.8
18889 8.92
18890 0.76
18890 1.36
18890 13.8
18890 8.92
18891 0.76
18891 1.36
18891 13.8
18891 8.92
18892 0.76
18892 1.36
18892 13.8
18892 8.92
18893 0.76
18893 1.36
18893 13.8
18893 8.92
18894 0.76
18894 1.36
18894 13.8
18894 8.92
18895 0.76
18895 1.36
18895 13.8
18895 8.92
18926 0.76
18926 1.36
18926 13.8
18926 8.92
18927 0.76
18927 1.36
18927 13.8
18927 8.92
18928 0.76
18928 1.36
18928 13.8
18928 8.92
18929 0.76
18929 1.36
18929 13.8
18929 8.92
18930 0.76
18930 1.36
18930 13.8
18930 8.92
18931 0.76
18931 1.36
18931 13.8
18931 8.92
18932 0.76
18932 1.36
18932 13.8
18932 8.92
18933 0.76
18933 1.36
18933 13.8
18933 8.92
18934 0.76
18934 1.36
18934 13.8
18934 8.92
18935 0.76
18935 1.36
18935 13.8
18935 8.92
18936 0.76
18936 1.36
18936 13.8
18936 8.92
18937 0.76
18937 1.36
18937 13.8
18937 8.92
18938 0.76
18938 1.36
18938 13.8
18938 8.92
18939 0.76
18939 1.36
18939 13.8
18939 8.92
18940 0.76
18940 1.36
18940 13.8
18940 8.92
18941 0.76
18941 1.36
18941 13.8
18941 8.92
18942 0.76
18942 1.36
18942 13.8
18942 8.92
18943 0.76
18943 1.36
18943 13.8
18943 8.92
18944 0.76
18944 1.36
18944 13.8
18944 8.92
18945 0.76
18945 1.36
18945 13.8
18945 8.92
18946 0.76
18946 1.36
18946 13.8
18946 8.92
18947 0.76
18947 1.36
18947 13.8
18947 8.92
18948 0.76
18948 1.36
18948 13.8
18948 8.92
18949 0.76
18949 1.36
18949 13.8
18949 8.92
18950 0.76
18950 1.36
18950 13.8
18950 8.92
18951 0.76
18951 1.36
18951 13.8
18951 8.92
18952 0.76
18952 1.36
18952 13.8
18952 8.92
18953 0.76
18953 1.36
18953 13.8
18953 8.92
18954 0.76
18954 1.36
18954 13.8
18954 8.92
18955 0.76
18955 1.36
18955 13.8
18955 8.92
18956 0.76
18956 1.36
18956 13.8
18956 8.92
18957 0.76
18957 1.36
18957 13.8
18957 8.92
18958 0.76
18958 1.36
18958 13.8
18958 8.92
18959 0.76
18959 1.36
18959 13.8
18959 8.92
18960 0.76
18960 1.36
18960 13.8
18960 8.92
18961 0.76
18961 1.36
18961 13.8
18961 8.92
18962 0.76
18962 1.36
18962 13.8
18962 8.92
18963 0.76
18963 1.36
18963 13.8
18963 8.92
18964 0.76
18964 1.36
18964 13.8
18964 8.92
18994 0.76
18994 1.36
18994 13.8
18994 8.92
18995 0.76
18995 1.36
18995 13.8
18995 8.92
18996 0.76
18996 1.36
18996 13.8
18996 8.92
18997 0.76
18997 1.36
18997 13.8
18997 8.92
18998 0.76
18998 1.36
18998 13.8
18998 8.92
18999 0.76
18999 1.36
18999 13.8
18999 8.92
19000 0.76
19000 1.36
19000 13.8
19000 8.92
19001 0.76
19001 1.36
19001 13.8
19001 8.92
19002 0.76
19002 1.36
19002 13.8
19002 8.92
19003 0.76
19003 1.36
19003 13.8
19003 8.92
19004 0.76
19004 1.36
19004 13.8
19004 8.92
19005 0.76
19005 1.36
19005 13.8
19005 8.92
19006 0.76
19006 1.36
19006 13.8
19006 8.92
19007 0.76
19007 1.36
19007 13.8
19007 8.92
19008 0.76
19008 1.36
19008 13.8
19008 8.92
19009 0.76
19009 1.36
19009 13.8
19009 8.92
19010 0.76
19010 1.36
19010 13.8
19010 8.92
19011 0.76
19011 1.36
19011 13.8
19011 8.92
19012 0.76
19012 1.36
19012 13.8
19012 8.92
19013 0.76
19013 1.36
19013 13.8
19013 8.92
19014 0.76
19014 1.36
19014 13.8
19014 8.92
19015 0.76
19015 1.36
19015 13.8
19015 8.92
19016 0.76
19016 1.36
19016 13.8
19016 8.92
19017 0.76
19017 1.36
19017 13.8
19017 8.92
19018 0.76
19018 1.36
19018 13.8
19018 8.92
19019 0.76
19019 1.36
19019 13.8
19019 8.92
19020 0.76
19020 1.36
19020 13.8
19020 8.92
19021 0.76
19021 1.36
19021 13.8
19021 8.92
19022 0.76
19022 1.36
19022 13.8
19022 8.92
19023 0.76
19023 1.36
19023 13.8
19023 8.92
19024 0.76
19024 1.36
19024 13.8
19024 8.92
19025 0.76
19025 1.36
19025 13.8
19025 8.92
19026 0.76
19026 1.36
19026 13.8
19026 8.92
19027 0.76
19027 1.36
19027 13.8
19027 8.92
19028 0.76
19028 1.36
19028 13.8
19028 8.92
19029 0.76
19029 1.36
19029 13.8
19029 8.92
19030 0.76
19030 1.36
19030 13.8
19030 8.92
19031 0.76
19031 1.36
19031 13.8
19031 8.92
19032 0.76
19032 1.36
19032 13.8
19032 8.92
19033 0.76
19033 1.36
19033 13.8
19033 8.92
19059 0.76
19059 1.36
19059 13.8
19059 8.92
19060 0.76
19060 1.36
19060 13.8
19060 8.92
19061 0.76
19061 1.36
19061 13.8
19061 8.92
19062 0.76
19062 1.36
19062 13.8
19062 8.92
19063 0.76
19063 1.36
19063 13.8
19063 8.92
19064 0.76
19064 1.36
19064 13.8
19064 8.92
19065 0.76
19065 1.36
19065 13.8
19065 8.92
19066 0.76
19066 1.36
19066 13.8
19066 8.92
19067 0.76
19067 1.36
19067 13.8
19067 8.92
19068 0.76
19068 1.36
19068 13.8
19068 8.92
19069 0.76
19069 1.36
19069 13.8
19069 8.92
19070 0.76
19070 1.36
19070 13.8
19070 8.92
19071 0.76
19071 1.36
19071 13.8
19071 8.92
19072 0.76
19072 1.36
19072 13.8
19072 8.92
19073 0.76
19073 1.36
19073 13.8
19073 8.92
19074 0.76
19074 1.36
19074 13.8
19074 8.92
19075 0.76
19075 1.36
19075 13.8
19075 8.92
19076 0.76
19076 1.36
19076 13.8
19076 8.92
19077 0.76
19077 1.36
19077 13.8
19077 8.92
19078 0.76
19078 1.36
19078 13.8
19078 8.92
19079 0.76
19079 1.36
19079 13.8
19079 8.92
19080 0.76
19080 1.36
19080 13.8
19080 8.92
19081 0.76
19081 1.36
19081 13.8
19081 8.92
19082 0.76
19082 1.36
19082 13.8
19082 8.92
19083 0.76
19083 1.36
19083 13.8
19083 8.92
19084 0.76
19084 1.36
19084 13.8
19084 8.92
19085 0.76
19085 1.36
19085 13.8
19085 8.92
19086 0.76
19086 1.36
19086 13.8
19086 8.92
19087 0.76
19087 1.36
19087 13.8
19087 8.92
19088 0.76
19088 1.36
19088 13.8
19088 8.92
19089 0.76
19089 1.36
19089 13.8
19089 8.92
19090 0.76
19090 1.36
19090 13.8
19090 8.92
19091 0.76
19091 1.36
19091 13.8
19091 8.92
19092 0.76
19092 1.36
19092 13.8
19092 8.92
19093 0.76
19093 1.36
19093 13.8
19093 8.92
19094 0.76
19094 1.36
19094 13.8
19094 8.92
19095 0.76
19095 1.36
19095 13.8
19095 8.92
19096 0.76
19096 1.36
19096 13.8
19096 8.92
19097 0.76
19097 1.36
19097 13.8
19097 8.92
19098 0.76
19098 1.36
19098 13.8
19098 8.92
19099 0.76
19099 1.36
19099 13.8
19099 8.92
19125 0.76
19125 1.36
19125 13.8
19125 8.92
19126 0.76
19126 1.36
19126 13.8
19126 8.92
19127 0.76
19127 1.36
19127 13.8
19127 8.92
19128 0.76
19128 1.36
19128 13.8
19128 8.92
19129 0.76
19129 1.36
19129 13.8
19129 8.92
19130 0.76
19130 1.36
19130 13.8
19130 8.92
19131 0.76
19131 1.36
19131 13.8
19131 8.92
19132 0.76
19132 1.36
19132 13.8
19132 8.92
19133 0.76
19133 1.36
19133 13.8
19133 8.92
19134 0.76
19134 1.36
19134 13.8
19134 8.92
19135 0.76
19135 1.36
19135 13.8
19135 8.92
19136 0.76
19136 1.36
19136 13.8
19136 8.92
19137 0.76
19137 1.36
19137 13.8
19137 8.92
19138 0.76
19138 1.36
19138 13.8
19138 8.92
19139 0.76
19139 1.36
19139 13.8
19139 8.92
19140 0.76
19140 1.36
19140 13.8
19140 8.92
19141 0.76
19141 1.36
19141 13.8
19141 8.92
19142 0.76
19142 1.36
19142 13.8
19142 8.92
19143 0.76
19143 1.36
19143 13.8
19143 8.92
19144 0.76
19144 1.36
19144 13.8
19144 8.92
19145 0.76
19145 1.36
19145 13.8
19145 8.92
19146 0.76
19146 1.36
19146 13.8
19146 8.92
19147 0.76
19147 1.36
19147 13.8
19147 8.92
19148 0.76
19148 1.36
19148 13.8
19148 8.92
19149 0.76
19149 1.36
19149 13.8
19149 8.92
19150 0.76
19150 1.36
19150 13.8
19150 8.92
19151 0.76
19151 1.36
19151 13.8
19151 8.92
19152 0.76
19152 1.36
19152 13.8
19152 8.92
19153 0.76
19153 1.36
19153 13.8
19153 8.92
19154 0.76
19154 1.36
19154 13.8
19154 8.92
19155 0.76
19155 1.36
19155 13.8
19155 8.92
19156 0.76
19156 1.36
19156 13.8
19156 8.92
19157 0.76
19157 1.36
19157 13.8
19157 8.92
19158 0.76
19158 1.36
19158 13.8
19158 8.92
19159 0.76
19159 1.36
19159 13.8
19159 8.92
19160 0.76
19160 1.36
19160 13.8
19160 8.92
19161 0.76
19161 1.36
19161 13.8
19161 8.92
19162 0.76
19162 1.36
19162 13.8
19162 8.92
19163 0.76
19163 1.36
19163 13.8
19163 8.92
19164 0.76
19164 1.36
19164 13.8
19164 8.92
19165 0.76
19165 1.36
19165 13.8
19165 8.92
19166 0.76
19166 1.36
19166 13.8
19166 8.92
19192 0.76
19192 1.36
19192 13.8
19192 8.92
19193 0.76
19193 1.36
19193 13.8
19193 8.92
19194 0.76
19194 1.36
19194 13.8
19194 8.92
19195 0.76
19195 1.36
19195 13.8
19195 8.92
19196 0.76
19196 1.36
19196 13.8
19196 8.92
19197 0.76
19197 1.36
19197 13.8
19197 8.92
19198 0.76
19198 1.36
19198 13.8
19198 8.92
19199 0.76
19199 1.36
19199 13.8
19199 8.92
19200 0.76
19200 1.36
19200 13.8
19200 8.92
19201 0.76
19201 1.36
19201 13.8
19201 8.92
19202 0.76
19202 1.36
19202 13.8
19202 8.92
19203 0.76
19203 1.36
19203 13.8
19203 8.92
19204 0.76
19204 1.36
19204 13.8
19204 8.92
19205 0.76
19205 1.36
19205 13.8
19205 8.92
19206 0.76
19206 1.36
19206 13.8
19206 8.92
19207 0.76
19207 1.36
19207 13.8
19207 8.92
19208 0.76
19208 1.36
19208 13.8
19208 8.92
19209 0.76
19209 1.36
19209 13.8
19209 8.92
19210 0.76
19210 1.36
19210 13.8
19210 8.92
19211 0.76
19211 1.36
19211 13.8
19211 8.92
19212 0.76
19212 1.36
19212 13.8
19212 8.92
19213 0.76
19213 1.36
19213 13.8
19213 8.92
19214 0.76
19214 1.36
19214 13.8
19214 8.92
19215 0.76
19215 1.36
19215 13.8
19215 8.92
19216 0.76
19216 1.36
19216 13.8
19216 8.92
19217 0.76
19217 1.36
19217 13.8
19217 8.92
19218 0.76
19218 1.36
19218 13.8
19218 8.92
19219 0.76
19219 1.36
19219 13.8
19219 8.92
19220 0.76
19220 1.36
19220 13.8
19220 8.92
19221 0.76
19221 1.36
19221 13.8
19221 8.92
19222 0.76
19222 1.36
19222 13.8
19222 8.92
19223 0.76
19223 1.36
19223 13.8
19223 8.92
19224 0.76
19224 1.36
19224 13.8
19224 8.92
19225 0.76
19225 1.36
19225 13.8
19225 8.92
19226 0.76
19226 1.36
19226 13.8
19226 8.92
19227 0.76
19227 1.36
19227 13.8
19227 8.92
19228 0.76
19228 1.36
19228 13.8
19228 8.92
19229 0.76
19229 1.36
19229 13.8
19229 8.92
19230 0.76
19230 1.36
19230 13.8
19230 8.92
19261 0.76
19261 1.36
19261 13.8
19261 8.92
19262 0.76
19262 1.36
19262 13.8
19262 8.92
19263 0.76
19263 1.36
19263 13.8
19263 8.92
19264 0.76
19264 1.36
19264 13.8
19264 8.92
19265 0.76
19265 1.36
19265 13.8
19265 8.92
19266 0.76
19266 1.36
19266 13.8
19266 8.92
19267 0.76
19267 1.36
19267 13.8
19267 8.92
19268 0.76
19268 1.36
19268 13.8
19268 8.92
19269 0.76
19269 1.36
19269 13.8
19269 8.92
19270 0.76
19270 1.36
19270 13.8
19270 8.92
19271 0.76
19271 1.36
19271 13.8
19271 8.92
19272 0.76
19272 1.36
19272 13.8
19272 8.92
19273 0.76
19273 1.36
19273 13.8
19273 8.92
19274 0.76
19274 1.36
19274 13.8
19274 8.92
19275 0.76
19275 1.36
19275 13.8
19275 8.92
19276 0.76
19276 1.36
19276 13.8
19276 8.92
19277 0.76
19277 1.36
19277 13.8
19277 8.92
19278 0.76
19278 1.36
19278 13.8
19278 8.92
19279 0.76
19279 1.36
19279 13.8
19279 8.92
19280 0.76
19280 1.36
19280 13.8
19280 8.92
19281 0.76
19281 1.36
19281 13.8
19281 8.92
19282 0.76
19282 1.36
19282 13.8
19282 8.92
19283 0.76
19283 1.36
19283 13.8
19283 8.92
19284 0.76
19284 1.36
19284 13.8
19284 8.92
19285 0.76
19285 1.36
19285 13.8
19285 8.92
19286 0.76
19286 1.36
19286 13.8
19286 8.92
19287 0.76
19287 1.36
19287 13.8
19287 8.92
19288 0.76
19288 1.36
19288 13.8
19288 8.92
19289 0.76
19289 1.36
19289 13.8
19289 8.92
19290 0.76
19290 1.36
19290 13.8
19290 8.92
19291 0.76
19291 1.36
19291 13.8
19291 8.92
19292 0.76
19292 1.36
19292 13.8
19292 8.92
19293 0.76
19293 1.36
19293 13.8
19293 8.92
19294 0.76
19294 1.36
19294 13.8
19294 8.92
19295 0.76
19295 1.36
19295 13.8
19295 8.92
19296 0.76
19296 1.36
19296 13.8
19296 8.92
19297 0.76
19297 1.36
19297 13.8
19297 8.92
19298 0.76
19298 1.36
19298 13.8
19298 8.92
19299 0.76
19299 1.36
19299 13.8
19299 8.92
19300 0.76
19300 1.36
19300 13.8
19300 8.92
19332 0.76
19332 1.36
19332 13.8
19332 8.92
19333 0.76
19333 1.36
19333 13.8
19333 8.92
19334 0.76
19334 1.36
19334 13.8
19334 8.92
19335 0.76
19335 1.36
19335 13.8
19335 8.92
19336 0.76
19336 1.36
19336 13.8
19336 8.92
19337 0.76
19337 1.36
19337 13.8
19337 8.92
19338 0.76
19338 1.36
19338 13.8
19338 8.92
19339 0.76
19339 1.36
19339 13.8
19339 8.92
19340 0.76
19340 1.36
19340 13.8
19340 8.92
19341 0.76
19341 1.36
19341 13.8
19341 8.92
19342 0.76
19342 1.36
19342 13.8
19342 8.92
19343 0.76
19343 1.36
19343 13.8
19343 8.92
19344 0.76
19344 1.36
19344 13.8
19344 8.92
19345 0.76
19345 1.36
19345 13.8
19345 8.92
19346 0.76
19346 1.36
19346 13.8
19346 8.92
19347 0.76
19347 1.36
19347 13.8
19347 8.92
19348 0.76
19348 1.36
19348 13.8
19348 8.92
19349 0.76
19349 1.36
19349 13.8
19349 8.92
19350 0.76
19350 1.36
19350 13.8
19350 8.92
19351 0.76
19351 1.36
19351 13.8
19351 8.92
19352 0.76
19352 1.36
19352 13.8
19352 8.92
19353 0.76
19353 1.36
19353 13.8
19353 8.92
19354 0.76
19354 1.36
19354 13.8
19354 8.92
19355 0.76
19355 1.36
19355 13.8
19355 8.92
19356 0.76
19356 1.36
19356 13.8
19356 8.92
19357 0.76
19357 1.36
19357 13.8
19357 8.92
19358 0.76
19358 1.36
19358 13.8
19358 8.92
19359 0.76
19359 1.36
19359 13.8
19359 8.92
19360 0.76
19360 1.36
19360 13.8
19360 8.92
19361 0.76
19361 1.36
19361 13.8
19361 8.92
19362 0.76
19362 1.36
19362 13.8
19362 8.92
19363 0.76
19363 1.36
19363 13.8
19363 8.92
19364 0.76
19364 1.36
19364 13.8
19364 8.92
19365 0.76
19365 1.36
19365 13.8
19365 8.92
19366 0.76
19366 1.36
19366 13.8
19366 8.92
19367 0.76
19367 1.36
19367 13.8
19367 8.92
19368 0.76
19368 1.36
19368 13.8
19368 8.92
19369 0.76
19369 1.36
19369 13.8
19369 8.92
19370 0.76
19370 1.36
19370 13.8
19370 8.92
19402 0.76
19402 1.36
19402 13.8
19402 8.92
19403 0.76
19403 1.36
19403 13.8
19403 8.92
19404 0.76
19404 1.36
19404 13.8
19404 8.92
19405 0.76
19405 1.36
19405 13.8
19405 8.92
19406 0.76
19406 1.36
19406 13.8
19406 8.92
19407 0.76
19407 1.36
19407 13.8
19407 8.92
19408 0.76
19408 1.36
19408 13.8
19408 8.92
19409 0.76
19409 1.36
19409 13.8
19409 8.92
19410 0.76
19410 1.36
19410 13.8
19410 8.92
19411 0.76
19411 1.36
19411 13.8
19411 8.92
19412 0.76
19412 1.36
19412 13.8
19412 8.92
19413 0.76
19413 1.36
19413 13.8
19413 8.92
19414 0.76
19414 1.36
19414 13.8
19414 8.92
19415 0.76
19415 1.36
19415 13.8
19415 8.92
19416 0.76
19416 1.36
19416 13.8
19416 8.92
19417 0.76
19417 1.36
19417 13.8
19417 8.92
19418 0.76
19418 1.36
19418 13.8
19418 8.92
19419 0.76
19419 1.36
19419 13.8
19419 8.92
19420 0.76
19420 1.36
19420 13.8
19420 8.92
19421 0.76
19421 1.36
19421 13.8
19421 8.92
19422 0.76
19422 1.36
19422 13.8
19422 8.92
19423 0.76
19423 1.36
19423 13.8
19423 8.92
19424 0.76
19424 1.36
19424 13.8
19424 8.92
19425 0.76
19425 1.36
19425 13.8
19425 8.92
19426 0.76
19426 1.36
19426 13.8
19426 8.92
19427 0.76
19427 1.36
19427 13.8
19427 8.92
19428 0.76
19428 1.36
19428 13.8
19428 8.92
19429 0.76
19429 1.36
19429 13.8
19429 8.92
19430 0.76
19430 1.36
19430 13.8
19430 8.92
19431 0.76
19431 1.36
19431 13.8
19431 8.92
19432 0.76
19432 1.36
19432 13.8
19432 8.92
19433 0.76
19433 1.36
19433 13.8
19433 8.92
19434 0.76
19434 1.36
19434 13.8
19434 8.92
19435 0.76
19435 1.36
19435 13.8
19435 8.92
19436 0.76
19436 1.36
19436 13.8
19436 8.92
19437 0.76
19437 1.36
19437 13.8
19437 8.92
19438 0.76
19438 1.36
19438 13.8
19438 8.92
19439 0.76
19439 1.36
19439 13.8
19439 8.92
19440 0.76
19440 1.36
19440 13.8
19440 8.92
19441 0.76
19441 1.36
19441 13.8
19441 8.92
19446 0.76
19446 1.36
19446 13.8
19446 8.92
19447 0.76
19447 1.36
19447 13.8
19447 8.92
19476 0.76
19476 1.36
19476 13.8
19476 8.92
19477 0.76
19477 1.36
19477 13.8
19477 8.92
19478 0.76
19478 1.36
19478 13.8
19478 8.92
19479 0.76
19479 1.36
19479 13.8
19479 8.92
19480 0.76
19480 1.36
19480 13.8
19480 8.92
19481 0.76
19481 1.36
19481 13.8
19481 8.92
19482 0.76
19482 1.36
19482 13.8
19482 8.92
19483 0.76
19483 1.36
19483 13.8
19483 8.92
19484 0.76
19484 1.36
19484 13.8
19484 8.92
19485 0.76
19485 1.36
19485 13.8
19485 8.92
19486 0.76
19486 1.36
19486 13.8
19486 8.92
19487 0.76
19487 1.36
19487 13.8
19487 8.92
19488 0.76
19488 1.36
19488 13.8
19488 8.92
19489 0.76
19489 1.36
19489 13.8
19489 8.92
19490 0.76
19490 1.36
19490 13.8
19490 8.92
19491 0.76
19491 1.36
19491 13.8
19491 8.92
19492 0.76
19492 1.36
19492 13.8
19492 8.92
19493 0.76
19493 1.36
19493 13.8
19493 8.92
19494 0.76
19494 1.36
19494 13.8
19494 8.92
19495 0.76
19495 1.36
19495 13.8
19495 8.92
19496 0.76
19496 1.36
19496 13.8
19496 8.92
19497 0.76
19497 1.36
19497 13.8
19497 8.92
19498 0.76
19498 1.36
19498 13.8
19498 8.92
19499 0.76
19499 1.36
19499 13.8
19499 8.92
19500 0.76
19500 1.36
19500 13.8
19500 8.92
19501 0.76
19501 1.36
19501 13.8
19501 8.92
19502 0.76
19502 1.36
19502 13.8
19502 8.92
19503 0.76
19503 1.36
19503 13.8
19503 8.92
19504 0.76
19504 1.36
19504 13.8
19504 8.92
19505 0.76
19505 1.36
19505 13.8
19505 8.92
19506 0.76
19506 1.36
19506 13.8
19506 8.92
19507 0.76
19507 1.36
19507 13.8
19507 8.92
19508 0.76
19508 1.36
19508 13.8
19508 8.92
19509 0.76
19509 1.36
19509 13.8
19509 8.92
19510 0.76
19510 1.36
19510 13.8
19510 8.92
19511 0.76
19511 1.36
19511 13.8
19511 8.92
19512 0.76
19512 1.36
19512 13.8
19512 8.92
19513 0.76
19513 1.36
19513 13.8
19513 8.92
19514 0.76
19514 1.36
19514 13.8
19514 8.92
19519 0.76
19519 1.36
19519 13.8
19519 8.92
19520 0.76
19520 1.36
19520 13.8
19520 8.92
19546 0.76
19546 1.36
19546 13.8
19546 8.92
19547 0.76
19547 1.36
19547 13.8
19547 8.92
19548 0.76
19548 1.36
19548 13.8
19548 8.92
19549 0.76
19549 1.36
19549 13.8
19549 8.92
19550 0.76
19550 1.36
19550 13.8
19550 8.92
19551 0.76
19551 1.36
19551 13.8
19551 8.92
19552 0.76
19552 1.36
19552 13.8
19552 8.92
19553 0.76
19553 1.36
19553 13.8
19553 8.92
19554 0.76
19554 1.36
19554 13.8
19554 8.92
19555 0.76
19555 1.36
19555 13.8
19555 8.92
19556 0.76
19556 1.36
19556 13.8
19556 8.92
19557 0.76
19557 1.36
19557 13.8
19557 8.92
19558 0.76
19558 1.36
19558 13.8
19558 8.92
19559 0.76
19559 1.36
19559 13.8
19559 8.92
19560 0.76
19560 1.36
19560 13.8
19560 8.92
19561 0.76
19561 1.36
19561 13.8
19561 8.92
19562 0.76
19562 1.36
19562 13.8
19562 8.92
19563 0.76
19563 1.36
19563 13.8
19563 8.92
19564 0.76
19564 1.36
19564 13.8
19564 8.92
19565 0.76
19565 1.36
19565 13.8
19565 8.92
19566 0.76
19566 1.36
19566 13.8
19566 8.92
19567 0.76
19567 1.36
19567 13.8
19567 8.92
19568 0.76
19568 1.36
19568 13.8
19568 8.92
19569 0.76
19569 1.36
19569 13.8
19569 8.92
19570 0.76
19570 1.36
19570 13.8
19570 8.92
19571 0.76
19571 1.36
19571 13.8
19571 8.92
19572 0.76
19572 1.36
19572 13.8
19572 8.92
19573 0.76
19573 1.36
19573 13.8
19573 8.92
19574 0.76
19574 1.36
19574 13.8
19574 8.92
19575 0.76
19575 1.36
19575 13.8
19575 8.92
19576 0.76
19576 1.36
19576 13.8
19576 8.92
19577 0.76
19577 1.36
19577 13.8
19577 8.92
19578 0.76
19578 1.36
19578 13.8
19578 8.92
19579 0.76
19579 1.36
19579 13.8
19579 8.92
19580 0.76
19580 1.36
19580 13.8
19580 8.92
19581 0.76
19581 1.36
19581 13.8
19581 8.92
19582 0.76
19582 1.36
19582 13.8
19582 8.92
19583 0.76
19583 1.36
19583 13.8
19583 8.92
19584 0.76
19584 1.36
19584 13.8
19584 8.92
19585 0.76
19585 1.36
19585 13.8
19585 8.92
19617 0.76
19617 1.36
19617 13.8
19617 8.92
19618 0.76
19618 1.36
19618 13.8
19618 8.92
19619 0.76
19619 1.36
19619 13.8
19619 8.92
19620 0.76
19620 1.36
19620 13.8
19620 8.92
19621 0.76
19621 1.36
19621 13.8
19621 8.92
19622 0.76
19622 1.36
19622 13.8
19622 8.92
19623 0.76
19623 1.36
19623 13.8
19623 8.92
19624 0.76
19624 1.36
19624 13.8
19624 8.92
19625 0.76
19625 1.36
19625 13.8
19625 8.92
19626 0.76
19626 1.36
19626 13.8
19626 8.92
19627 0.76
19627 1.36
19627 13.8
19627 8.92
19628 0.76
19628 1.36
19628 13.8
19628 8.92
19629 0.76
19629 1.36
19629 13.8
19629 8.92
19630 0.76
19630 1.36
19630 13.8
19630 8.92
19631 0.76
19631 1.36
19631 13.8
19631 8.92
19632 0.76
19632 1.36
19632 13.8
19632 8.92
19633 0.76
19633 1.36
19633 13.8
19633 8.92
19634 0.76
19634 1.36
19634 13.8
19634 8.92
19635 0.76
19635 1.36
19635 13.8
19635 8.92
19636 0.76
19636 1.36
19636 13.8
19636 8.92
19637 0.76
19637 1.36
19637 13.8
19637 8.92
19638 0.76
19638 1.36
19638 13.8
19638 8.92
19639 0.76
19639 1.36
19639 13.8
19639 8.92
19640 0.76
19640 1.36
19640 13.8
19640 8.92
19641 0.76
19641 1.36
19641 13.8
19641 8.92
19642 0.76
19642 1.36
19642 13.8
19642 8.92
19643 0.76
19643 1.36
19643 13.8
19643 8.92
19644 0.76
19644 1.36
19644 13.8
19644 8.92
19645 0.76
19645 1.36
19645 13.8
19645 8.92
19646 0.76
19646 1.36
19646 13.8
19646 8.92
19647 0.76
19647 1.36
19647 13.8
19647 8.92
19648 0.76
19648 1.36
19648 13.8
19648 8.92
19649 0.76
19649 1.36
19649 13.8
19649 8.92
19650 0.76
19650 1.36
19650 13.8
19650 8.92
19651 0.76
19651 1.36
19651 13.8
19651 8.92
19652 0.76
19652 1.36
19652 13.8
19652 8.92
19653 0.76
19653 1.36
19653 13.8
19653 8.92
19654 0.76
19654 1.36
19654 13.8
19654 8.92
19655 0.76
19655 1.36
19655 13.8
19655 8.92
19689 0.76
19689 1.36
19689 13.8
19689 8.92
19690 0.76
19690 1.36
19690 13.8
19690 8.92
19691 0.76
19691 1.36
19691 13.8
19691 8.92
19692 0.76
19692 1.36
19692 13.8
19692 8.92
19693 0.76
19693 1.36
19693 13.8
19693 8.92
19694 0.76
19694 1.36
19694 13.8
19694 8.92
19695 0.76
19695 1.36
19695 13.8
19695 8.92
19696 0.76
19696 1.36
19696 13.8
19696 8.92
19697 0.76
19697 1.36
19697 13.8
19697 8.92
19698 0.76
19698 1.36
19698 13.8
19698 8.92
19699 0.76
19699 1.36
19699 13.8
19699 8.92
19700 0.76
19700 1.36
19700 13.8
19700 8.92
19701 0.76
19701 1.36
19701 13.8
19701 8.92
19702 0.76
19702 1.36
19702 13.8
19702 8.92
19703 0.76
19703 1.36
19703 13.8
19703 8.92
19704 0.76
19704 1.36
19704 13.8
19704 8.92
19705 0.76
19705 1.36
19705 13.8
19705 8.92
19706 0.76
19706 1.36
19706 13.8
19706 8.92
19707 0.76
19707 1.36
19707 13.8
19707 8.92
19708 0.76
19708 1.36
19708 13.8
19708 8.92
19709 0.76
19709 1.36
19709 13.8
19709 8.92
19710 0.76
19710 1.36
19710 13.8
19710 8.92
19711 0.76
19711 1.36
19711 13.8
19711 8.92
19712 0.76
19712 1.36
19712 13.8
19712 8.92
19713 0.76
19713 1.36
19713 13.8
19713 8.92
19714 0.76
19714 1.36
19714 13.8
19714 8.92
19715 0.76
19715 1.36
19715 13.8
19715 8.92
19716 0.76
19716 1.36
19716 13.8
19716 8.92
19717 0.76
19717 1.36
19717 13.8
19717 8.92
19718 0.76
19718 1.36
19718 13.8
19718 8.92
19719 0.76
19719 1.36
19719 13.8
19719 8.92
19720 0.76
19720 1.36
19720 13.8
19720 8.92
19721 0.76
19721 1.36
19721 13.8
19721 8.92
19722 0.76
19722 1.36
19722 13.8
19722 8.92
19723 0.76
19723 1.36
19723 13.8
19723 8.92
19724 0.76
19724 1.36
19724 13.8
19724 8.92
19755 0.76
19755 1.36
19755 13.8
19755 8.92
19756 0.76
19756 1.36
19756 13.8
19756 8.92
19757 0.76
19757 1.36
19757 13.8
19757 8.92
19758 0.76
19758 1.36
19758 13.8
19758 8.92
19759 0.76
19759 1.36
19759 13.8
19759 8.92
19760 0.76
19760 1.36
19760 13.8
19760 8.92
19761 0.76
19761 1.36
19761 13.8
19761 8.92
19762 0.76
19762 1.36
19762 13.8
19762 8.92
19763 0.76
19763 1.36
19763 13.8
19763 8.92
19764 0.76
19764 1.36
19764 13.8
19764 8.92
19765 0.76
19765 1.36
19765 13.8
19765 8.92
19766 0.76
19766 1.36
19766 13.8
19766 8.92
19767 0.76
19767 1.36
19767 13.8
19767 8.92
19768 0.76
19768 1.36
19768 13.8
19768 8.92
19769 0.76
19769 1.36
19769 13.8
19769 8.92
19770 0.76
19770 1.36
19770 13.8
19770 8.92
19771 0.76
19771 1.36
19771 13.8
19771 8.92
19772 0.76
19772 1.36
19772 13.8
19772 8.92
19773 0.76
19773 1.36
19773 13.8
19773 8.92
19774 0.76
19774 1.36
19774 13.8
19774 8.92
19775 0.76
19775 1.36
19775 13.8
19775 8.92
19776 0.76
19776 1.36
19776 13.8
19776 8.92
19777 0.76
19777 1.36
19777 13.8
19777 8.92
19778 0.76
19778 1.36
19778 13.8
19778 8.92
19779 0.76
19779 1.36
19779 13.8
19779 8.92
19780 0.76
19780 1.36
19780 13.8
19780 8.92
19781 0.76
19781 1.36
19781 13.8
19781 8.92
19782 0.76
19782 1.36
19782 13.8
19782 8.92
19783 0.76
19783 1.36
19783 13.8
19783 8.92
19784 0.76
19784 1.36
19784 13.8
19784 8.92
19785 0.76
19785 1.36
19785 13.8
19785 8.92
19786 0.76
19786 1.36
19786 13.8
19786 8.92
19787 0.76
19787 1.36
19787 13.8
19787 8.92
19788 0.76
19788 1.36
19788 13.8
19788 8.92
19789 0.76
19789 1.36
19789 13.8
19789 8.92
19817 0.76
19817 1.36
19817 13.8
19817 8.92
19818 0.76
19818 1.36
19818 13.8
19818 8.92
19819 0.76
19819 1.36
19819 13.8
19819 8.92
19820 0.76
19820 1.36
19820 13.8
19820 8.92
19821 0.76
19821 1.36
19821 13.8
19821 8.92
19822 0.76
19822 1.36
19822 13.8
19822 8.92
19823 0.76
19823 1.36
19823 13.8
19823 8.92
19824 0.76
19824 1.36
19824 13.8
19824 8.92
19825 0.76
19825 1.36
19825 13.8
19825 8.92
19826 0.76
19826 1.36
19826 13.8
19826 8.92
19827 0.76
19827 1.36
19827 13.8
19827 8.92
19828 0.76
19828 1.36
19828 13.8
19828 8.92
19829 0.76
19829 1.36
19829 13.8
19829 8.92
19830 0.76
19830 1.36
19830 13.8
19830 8.92
19831 0.76
19831 1.36
19831 13.8
19831 8.92
19832 0.76
19832 1.36
19832 13.8
19832 8.92
19833 0.76
19833 1.36
19833 13.8
19833 8.92
19834 0.76
19834 1.36
19834 13.8
19834 8.92
19835 0.76
19835 1.36
19835 13.8
19835 8.92
19836 0.76
19836 1.36
19836 13.8
19836 8.92
19837 0.76
19837 1.36
19837 13.8
19837 8.92
19838 0.76
19838 1.36
19838 13.8
19838 8.92
19839 0.76
19839 1.36
19839 13.8
19839 8.92
19840 0.76
19840 1.36
19840 13.8
19840 8.92
19841 0.76
19841 1.36
19841 13.8
19841 8.92
19842 0.76
19842 1.36
19842 13.8
19842 8.92
19843 0.76
19843 1.36
19843 13.8
19843 8.92
19844 0.76
19844 1.36
19844 13.8
19844 8.92
19845 0.76
19845 1.36
19845 13.8
19845 8.92
19846 0.76
19846 1.36
19846 13.8
19846 8.92
19847 0.76
19847 1.36
19847 13.8
19847 8.92
19848 0.76
19848 1.36
19848 13.8
19848 8.92
19849 0.76
19849 1.36
19849 13.8
19849 8.92
19850 0.76
19850 1.36
19850 13.8
19850 8.92
19851 0.76
19851 1.36
19851 13.8
19851 8.92
19852 0.76
19852 1.36
19852 13.8
19852 8.92
19881 0.76
19881 1.36
19881 13.8
19881 8.92
19882 0.76
19882 1.36
19882 13.8
19882 8.92
19883 0.76
19883 1.36
19883 13.8
19883 8.92
19884 0.76
19884 1.36
19884 13.8
19884 8.92
19885 0.76
19885 1.36
19885 13.8
19885 8.92
19886 0.76
19886 1.36
19886 13.8
19886 8.92
19887 0.76
19887 1.36
19887 13.8
19887 8.92
19888 0.76
19888 1.36
19888 13.8
19888 8.92
19889 0.76
19889 1.36
19889 13.8
19889 8.92
19890 0.76
19890 1.36
19890 13.8
19890 8.92
19891 0.76
19891 1.36
19891 13.8
19891 8.92
19892 0.76
19892 1.36
19892 13.8
19892 8.92
19893 0.76
19893 1.36
19893 13.8
19893 8.92
19894 0.76
19894 1.36
19894 13.8
19894 8.92
19895 0.76
19895 1.36
19895 13.8
19895 8.92
19896 0.76
19896 1.36
19896 13.8
19896 8.92
19897 0.76
19897 1.36
19897 13.8
19897 8.92
19898 0.76
19898 1.36
19898 13.8
19898 8.92
19899 0.76
19899 1.36
19899 13.8
19899 8.92
19900 0.76
19900 1.36
19900 13.8
19900 8.92
19901 0.76
19901 1.36
19901 13.8
19901 8.92
19902 0.76
19902 1.36
19902 13.8
19902 8.92
19903 0.76
19903 1.36
19903 13.8
19903 8.92
19904 0.76
19904 1.36
19904 13.8
19904 8.92
19905 0.76
19905 1.36
19905 13.8
19905 8.92
19935 0.76
19935 1.36
19935 13.8
19935 8.92
19936 0.76
19936 1.36
19936 13.8
19936 8.92
19937 0.76
19937 1.36
19937 13.8
19937 8.92
19938 0.76
19938 1.36
19938 13.8
19938 8.92
19939 0.76
19939 1.36
19939 13.8
19939 8.92
19940 0.76
19940 1.36
19940 13.8
19940 8.92
19941 0.76
19941 1.36
19941 13.8
19941 8.92
19942 0.76
19942 1.36
19942 13.8
19942 8.92
19943 0.76
19943 1.36
19943 13.8
19943 8.92
19944 0.76
19944 1.36
19944 13.8
19944 8.92
19945 0.76
19945 1.36
19945 13.8
19945 8.92
19946 0.76
19946 1.36
19946 13.8
19946 8.92
19947 0.76
19947 1.36
19947 13.8
19947 8.92
19948 0.76
19948 1.36
19948 13.8
19948 8.92
19949 0.76
19949 1.36
19949 13.8
19949 8.92
19950 0.76
19950 1.36
19950 13.8
19950 8.92
19951 0.76
19951 1.36
19951 13.8
19951 8.92
19952 0.76
19952 1.36
19952 13.8
19952 8.92
19953 0.76
19953 1.36
19953 13.8
19953 8.92
19954 0.76
19954 1.36
19954 13.8
19954 8.92
19955 0.76
19955 1.36
19955 13.8
19955 8.92
19956 0.76
19956 1.36
19956 13.8
19956 8.92
19957 0.76
19957 1.36
19957 13.8
19957 8.92
19958 0.76
19958 1.36
19958 13.8
19958 8.92
19987 0.76
19987 1.36
19987 13.8
19987 8.92
19988 0.76
19988 1.36
19988 13.8
19988 8.92
19989 0.76
19989 1.36
19989 13.8
19989 8.92
19990 0.76
19990 1.36
19990 13.8
19990 8.92
19991 0.76
19991 1.36
19991 13.8
19991 8.92
19992 0.76
19992 1.36
19992 13.8
19992 8.92
19993 0.76
19993 1.36
19993 13.8
19993 8.92
19994 0.76
19994 1.36
19994 13.8
19994 8.92
19995 0.76
19995 1.36
19995 13.8
19995 8.92
19996 0.76
19996 1.36
19996 13.8
19996 8.92
19997 0.76
19997 1.36
19997 13.8
19997 8.92
19998 0.76
19998 1.36
19998 13.8
19998 8.92
19999 0.76
19999 1.36
19999 13.8
19999 8.92
20000 0.76
20000 1.36
20000 13.8
20000 8.92
20001 0.76
20001 1.36
20001 13.8
20001 8.92
20002 0.76
20002 1.36
20002 13.8
20002 8.92
20003 0.76
20003 1.36
20003 13.8
20003 8.92
20004 0.76
20004 1.36
20004 13.8
20004 8.92
20005 0.76
20005 1.36
20005 13.8
20005 8.92
20006 0.76
20006 1.36
20006 13.8
20006 8.92
20007 0.76
20007 1.36
20007 13.8
20007 8.92
20008 0.76
20008 1.36
20008 13.8
20008 8.92
20009 0.76
20009 1.36
20009 13.8
20009 8.92
20010 0.76
20010 1.36
20010 13.8
20010 8.92
20011 0.76
20011 1.36
20011 13.8
20011 8.92
20041 0.76
20041 1.36
20041 13.8
20041 8.92
20042 0.76
20042 1.36
20042 13.8
20042 8.92
20043 0.76
20043 1.36
20043 13.8
20043 8.92
20044 0.76
20044 1.36
20044 13.8
20044 8.92
20045 0.76
20045 1.36
20045 13.8
20045 8.92
20046 0.76
20046 1.36
20046 13.8
20046 8.92
20047 0.76
20047 1.36
20047 13.8
20047 8.92
20048 0.76
20048 1.36
20048 13.8
20048 8.92
20049 0.76
20049 1.36
20049 13.8
20049 8.92
20050 0.76
20050 1.36
20050 13.8
20050 8.92
20051 0.76
20051 1.36
20051 13.8
20051 8.92
20052 0.76
20052 1.36
20052 13.8
20052 8.92
20053 0.76
20053 1.36
20053 13.8
20053 8.92
20054 0.76
20054 1.36
20054 13.8
20054 8.92
20055 0.76
20055 1.36
20055 13.8
20055 8.92
20056 0.76
20056 1.36
20056 13.8
20056 8.92
20057 0.76
20057 1.36
20057 13.8
20057 8.92
20058 0.76
20058 1.36
20058 13.8
20058 8.92
20059 0.76
20059 1.36
20059 13.8
20059 8.92
20060 0.76
20060 1.36
20060 13.8
20060 8.92
20061 0.76
20061 1.36
20061 13.8
20061 8.92
20062 0.76
20062 1.36
20062 13.8
20062 8.92
20063 0.76
20063 1.36
20063 13.8
20063 8.92
20064 0.76
20064 1.36
20064 13.8
20064 8.92
20093 0.76
20093 1.36
20093 13.8
20093 8.92
20094 0.76
20094 1.36
20094 13.8
20094 8.92
20095 0.76
20095 1.36
20095 13.8
20095 8.92
20096 0.76
20096 1.36
20096 13.8
20096 8.92
20097 0.76
20097 1.36
20097 13.8
20097 8.92
20098 0.76
20098 1.36
20098 13.8
20098 8.92
20099 0.76
20099 1.36
20099 13.8
20099 8.92
20100 0.76
20100 1.36
20100 13.8
20100 8.92
20101 0.76
20101 1.36
20101 13.8
20101 8.92
20102 0.76
20102 1.36
20102 13.8
20102 8.92
20103 0.76
20103 1.36
20103 13.8
20103 8.92
20104 0.76
20104 1.36
20104 13.8
20104 8.92
20105 0.76
20105 1.36
20105 13.8
20105 8.92
20106 0.76
20106 1.36
20106 13.8
20106 8.92
20107 0.76
20107 1.36
20107 13.8
20107 8.92
20108 0.76
20108 1.36
20108 13.8
20108 8.92
20109 0.76
20109 1.36
20109 13.8
20109 8.92
20110 0.76
20110 1.36
20110 13.8
20110 8.92
20111 0.76
20111 1.36
20111 13.8
20111 8.92
20112 0.76
20112 1.36
20112 13.8
20112 8.92
20113 0.76
20113 1.36
20113 13.8
20113 8.92
20114 0.76
20114 1.36
20114 13.8
20114 8.92
20115 0.76
20115 1.36
20115 13.8
20115 8.92
20116 0.76
20116 1.36
20116 13.8
20116 8.92
20117 0.76
20117 1.36
20117 13.8
20117 8.92
20118 0.76
20118 1.36
20118 13.8
20118 8.92
20119 0.76
20119 1.36
20119 13.8
20119 8.92
20145 0.76
20145 1.36
20145 13.8
20145 8.92
20146 0.76
20146 1.36
20146 13.8
20146 8.92
20147 0.76
20147 1.36
20147 13.8
20147 8.92
20148 0.76
20148 1.36
20148 13.8
20148 8.92
20149 0.76
20149 1.36
20149 13.8
20149 8.92
20150 0.76
20150 1.36
20150 13.8
20150 8.92
20151 0.76
20151 1.36
20151 13.8
20151 8.92
20152 0.76
20152 1.36
20152 13.8
20152 8.92
20153 0.76
20153 1.36
20153 13.8
20153 8.92
20154 0.76
20154 1.36
20154 13.8
20154 8.92
20155 0.76
20155 1.36
20155 13.8
20155 8.92
20156 0.76
20156 1.36
20156 13.8
20156 8.92
20157 0.76
20157 1.36
20157 13.8
20157 8.92
20158 0.76
20158 1.36
20158 13.8
20158 8.92
20159 0.76
20159 1.36
20159 13.8
20159 8.92
20160 0.76
20160 1.36
20160 13.8
20160 8.92
20161 0.76
20161 1.36
20161 13.8
20161 8.92
20162 0.76
20162 1.36
20162 13.8
20162 8.92
20163 0.76
20163 1.36
20163 13.8
20163 8.92
20164 0.76
20164 1.36
20164 13.8
20164 8.92
20165 0.76
20165 1.36
20165 13.8
20165 8.92
20166 0.76
20166 1.36
20166 13.8
20166 8.92
20167 0.76
20167 1.36
20167 13.8
20167 8.92
20168 0.76
20168 1.36
20168 13.8
20168 8.92
20169 0.76
20169 1.36
20169 13.8
20169 8.92
20170 0.76
20170 1.36
20170 13.8
20170 8.92
20190 0.76
20190 1.36
20190 13.8
20190 8.92
20191 0.76
20191 1.36
20191 13.8
20191 8.92
20192 0.76
20192 1.36
20192 13.8
20192 8.92
20193 0.76
20193 1.36
20193 13.8
20193 8.92
20194 0.76
20194 1.36
20194 13.8
20194 8.92
20195 0.76
20195 1.36
20195 13.8
20195 8.92
20196 0.76
20196 1.36
20196 13.8
20196 8.92
20197 0.76
20197 1.36
20197 13.8
20197 8.92
20198 0.76
20198 1.36
20198 13.8
20198 8.92
20199 0.76
20199 1.36
20199 13.8
20199 8.92
20200 0.76
20200 1.36
20200 13.8
20200 8.92
20201 0.76
20201 1.36
20201 13.8
20201 8.92
20202 0.76
20202 1.36
20202 13.8
20202 8.92
20203 0.76
20203 1.36
20203 13.8
20203 8.92
20204 0.76
20204 1.36
20204 13.8
20204 8.92
20205 0.76
20205 1.36
20205 13.8
20205 8.92
20206 0.76
20206 1.36
20206 13.8
20206 8.92
20207 0.76
20207 1.36
20207 13.8
20207 8.92
20208 0.76
20208 1.36
20208 13.8
20208 8.92
20209 0.76
20209 1.36
20209 13.8
20209 8.92
20210 0.76
20210 1.36
20210 13.8
20210 8.92
20211 0.76
20211 1.36
20211 13.8
20211 8.92
20212 0.76
20212 1.36
20212 13.8
20212 8.92
20213 0.76
20213 1.36
20213 13.8
20213 8.92
20214 0.76
20214 1.36
20214 13.8
20214 8.92
20215 0.76
20215 1.36
20215 13.8
20215 8.92
20216 0.76
20216 1.36
20216 13.8
20216 8.92
20238 0.76
20238 1.36
20238 13.8
20238 8.92
20239 0.76
20239 1.36
20239 13.8
20239 8.92
20240 0.76
20240 1.36
20240 13.8
20240 8.92
20241 0.76
20241 1.36
20241 13.8
20241 8.92
20242 0.76
20242 1.36
20242 13.8
20242 8.92
20243 0.76
20243 1.36
20243 13.8
20243 8.92
20244 0.76
20244 1.36
20244 13.8
20244 8.92
20245 0.76
20245 1.36
20245 13.8
20245 8.92
20246 0.76
20246 1.36
20246 13.8
20246 8.92
20247 0.76
20247 1.36
20247 13.8
20247 8.92
20248 0.76
20248 1.36
20248 13.8
20248 8.92
20249 0.76
20249 1.36
20249 13.8
20249 8.92
20250 0.76
20250 1.36
20250 13.8
20250 8.92
20251 0.76
20251 1.36
20251 13.8
20251 8.92
20252 0.76
20252 1.36
20252 13.8
20252 8.92
20253 0.76
20253 1.36
20253 13.8
20253 8.92
20254 0.76
20254 1.36
20254 13.8
20254 8.92
20255 0.76
20255 1.36
20255 13.8
20255 8.92
20256 0.76
20256 1.36
20256 13.8
20256 8.92
20257 0.76
20257 1.36
20257 13.8
20257 8.92
20258 0.76
20258 1.36
20258 13.8
20258 8.92
20259 0.76
20259 1.36
20259 13.8
20259 8.92
20260 0.76
20260 1.36
20260 13.8
20260 8.92
20277 0.76
20277 1.36
20277 13.8
20277 8.92
20278 0.76
20278 1.36
20278 13.8
20278 8.92
20279 0.76
20279 1.36
20279 13.8
20279 8.92
20280 0.76
20280 1.36
20280 13.8
20280 8.92
20281 0.76
20281 1.36
20281 13.8
20281 8.92
20282 0.76
20282 1.36
20282 13.8
20282 8.92
20283 0.76
20283 1.36
20283 13.8
20283 8.92
20284 0.76
20284 1.36
20284 13.8
20284 8.92
20285 0.76
20285 1.36
20285 13.8
20285 8.92
20286 0.76
20286 1.36
20286 13.8
20286 8.92
20287 0.76
20287 1.36
20287 13.8
20287 8.92
20288 0.76
20288 1.36
20288 13.8
20288 8.92
20289 0.76
20289 1.36
20289 13.8
20289 8.92
20290 0.76
20290 1.36
20290 13.8
20290 8.92
20291 0.76
20291 1.36
20291 13.8
20291 8.92
20292 0.76
20292 1.36
20292 13.8
20292 8.92
20293 0.76
20293 1.36
20293 13.8
20293 8.92
20294 0.76
20294 1.36
20294 13.8
20294 8.92
20295 0.76
20295 1.36
20295 13.8
20295 8.92
20296 0.76
20296 1.36
20296 13.8
20296 8.92
20297 0.76
20297 1.36
20297 13.8
20297 8.92
20298 0.76
20298 1.36
20298 13.8
20298 8.92
20328 0.76
20328 1.36
20328 13.8
20328 8.92
20329 0.76
20329 1.36
20329 13.8
20329 8.92
20330 0.76
20330 1.36
20330 13.8
20330 8.92
20331 0.76
20331 1.36
20331 13.8
20331 8.92
20332 0.76
20332 1.36
20332 13.8
20332 8.92
20333 0.76
20333 1.36
20333 13.8
20333 8.92
20334 0.76
20334 1.36
20334 13.8
20334 8.92
20335 0.76
20335 1.36
20335 13.8
20335 8.92
20336 0.76
20336 1.36
20336 13.8
20336 8.92
20337 0.76
20337 1.36
20337 13.8
20337 8.92
20338 0.76
20338 1.36
20338 13.8
20338 8.92
20339 0.76
20339 1.36
20339 13.8
20339 8.92
20364 0.76
20364 1.36
20364 13.8
20364 8.92
20365 0.76
20365 1.36
20365 13.8
20365 8.92
20366 0.76
20366 1.36
20366 13.8
20366 8.92
20367 0.76
20367 1.36
20367 13.8
20367 8.92
20368 0.76
20368 1.36
20368 13.8
20368 8.92
20369 0.76
20369 1.36
20369 13.8
20369 8.92
20370 0.76
20370 1.36
20370 13.8
20370 8.92
20371 0.76
20371 1.36
20371 13.8
20371 8.92
20372 0.76
20372 1.36
20372 13.8
20372 8.92
20373 0.76
20373 1.36
20373 13.8
20373 8.92
20374 0.76
20374 1.36
20374 13.8
20374 8.92
20408 0.76
20408 1.36
20408 13.8
20408 8.92
20409 0.76
20409 1.36
20409 13.8
20409 8.92
20410 0.76
20410 1.36
20410 13.8
20410 8.92
20411 0.76
20411 1.36
20411 13.8
20411 8.92
20412 0.76
20412 1.36
20412 13.8
20412 8.92
20413 0.76
20413 1.36
20413 13.8
20413 8.92
20414 0.76
20414 1.36
20414 13.8
20414 8.92
20415 0.76
20415 1.36
20415 13.8
20415 8.92
20416 0.76
20416 1.36
20416 13.8
20416 8.92
20417 0.76
20417 1.36
20417 13.8
20417 8.92
20418 0.76
20418 1.36
20418 13.8
20418 8.92
20419 0.76
20419 1.36
20419 13.8
20419 8.92
20420 0.76
20420 1.36
20420 13.8
20420 8.92
20421 0.76
20421 1.36
20421 13.8
20421 8.92
20442 0.76
20442 1.36
20442 13.8
20442 8.92
20443 0.76
20443 1.36
20443 13.8
20443 8.92
20444 0.76
20444 1.36
20444 13.8
20444 8.92
20445 0.76
20445 1.36
20445 13.8
20445 8.92
20446 0.76
20446 1.36
20446 13.8
20446 8.92
20447 0.76
20447 1.36
20447 13.8
20447 8.92
20448 0.76
20448 1.36
20448 13.8
20448 8.92
20449 0.76
20449 1.36
20449 13.8
20449 8.92
20450 0.76
20450 1.36
20450 13.8
20450 8.92
20451 0.76
20451 1.36
20451 13.8
20451 8.92
20452 0.76
20452 1.36
20452 13.8
20452 8.92
20453 0.76
20453 1.36
20453 13.8
20453 8.92
20454 0.76
20454 1.36
20454 13.8
20454 8.92
20455 0.76
20455 1.36
20455 13.8
20455 8.92
20456 0.76
20456 1.36
20456 13.8
20456 8.92
20481 0.76
20481 1.36
20481 13.8
20481 8.92
20482 0.76
20482 1.36
20482 13.8
20482 8.92
20483 0.76
20483 1.36
20483 13.8
20483 8.92
20484 0.76
20484 1.36
20484 13.8
20484 8.92
20485 0.76
20485 1.36
20485 13.8
20485 8.92
20486 0.76
20486 1.36
20486 13.8
20486 8.92
20487 0.76
20487 1.36
20487 13.8
20487 8.92
20488 0.76
20488 1.36
20488 13.8
20488 8.92
20489 0.76
20489 1.36
20489 13.8
20489 8.92
20490 0.76
20490 1.36
20490 13.8
20490 8.92
20491 0.76
20491 1.36
20491 13.8
20491 8.92
20511 0.76
20511 1.36
20511 13.8
20511 8.92
20512 0.76
20512 1.36
20512 13.8
20512 8.92
20513 0.76
20513 1.36
20513 13.8
20513 8.92
20514 0.76
20514 1.36
20514 13.8
20514 8.92
20515 0.76
20515 1.36
20515 13.8
20515 8.92
20516 0.76
20516 1.36
20516 13.8
20516 8.92
20517 0.76
20517 1.36
20517 13.8
20517 8.92
20518 0.76
20518 1.36
20518 13.8
20518 8.92
20519 0.76
20519 1.36
20519 13.8
20519 8.92
20520 0.76
20520 1.36
20520 13.8
20520 8.92
20521 0.76
20521 1.36
20521 13.8
20521 8.92
20542 0.76
20542 1.36
20542 13.8
20542 8.92
20543 0.76
20543 1.36
20543 13.8
20543 8.92
20544 0.76
20544 1.36
20544 13.8
20544 8.92
20545 0.76
20545 1.36
20545 13.8
20545 8.92
20546 0.76
20546 1.36
20546 13.8
20546 8.92
20547 0.76
20547 1.36
20547 13.8
20547 8.92
20548 0.76
20548 1.36
20548 13.8
20548 8.92
20549 0.76
20549 1.36
20549 13.8
20549 8.92
20550 0.76
20550 1.36
20550 13.8
20550 8.92
20551 0.76
20551 1.36
20551 13.8
20551 8.92
20552 0.76
20552 1.36
20552 13.8
20552 8.92
20573 0.76
20573 1.36
20573 13.8
20573 8.92
20574 0.76
20574 1.36
20574 13.8
20574 8.92
20575 0.76
20575 1.36
20575 13.8
20575 8.92
20576 0.76
20576 1.36
20576 13.8
20576 8.92
20577 0.76
20577 1.36
20577 13.8
20577 8.92
20578 0.76
20578 1.36
20578 13.8
20578 8.92
20579 0.76
20579 1.36
20579 13.8
20579 8.92
20599 0.76
20599 1.36
20599 13.8
20599 8.92
20600 0.76
20600 1.36
20600 13.8
20600 8.92
20601 0.76
20601 1.36
20601 13.8
20601 8.92
20602 0.76
20602 1.36
20602 13.8
20602 8.92
20603 0.76
20603 1.36
20603 13.8
20603 8.92
20604 0.76
20604 1.36
20604 13.8
20604 8.92
20605 0.76
20605 1.36
20605 13.8
20605 8.92
