pt_graph cpue_kghour
11481 0.4
11481 107.6
11481 2.08
11481 16.36
11482 0.4
11482 107.6
11482 2.08
11482 16.36
11483 0.4
11483 107.6
11483 2.08
11483 16.36
11484 0.4
11484 107.6
11484 2.08
11484 16.36
11485 0.4
11485 107.6
11485 2.08
11485 16.36
11486 0.4
11486 107.6
11486 2.08
11486 16.36
11590 0.4
11590 107.6
11590 2.08
11590 16.36
11591 0.4
11591 107.6
11591 2.08
11591 16.36
11592 0.4
11592 107.6
11592 2.08
11592 16.36
11593 0.4
11593 107.6
11593 2.08
11593 16.36
11594 0.4
11594 107.6
11594 2.08
11594 16.36
11595 0.4
11595 107.6
11595 2.08
11595 16.36
11596 0.4
11596 107.6
11596 2.08
11596 16.36
11697 0.4
11697 107.6
11697 2.08
11697 16.36
11698 0.4
11698 107.6
11698 2.08
11698 16.36
11699 0.4
11699 107.6
11699 2.08
11699 16.36
11700 0.4
11700 107.6
11700 2.08
11700 16.36
11701 0.4
11701 107.6
11701 2.08
11701 16.36
11702 0.4
11702 107.6
11702 2.08
11702 16.36
11703 0.4
11703 107.6
11703 2.08
11703 16.36
11704 0.4
11704 107.6
11704 2.08
11704 16.36
11705 0.4
11705 107.6
11705 2.08
11705 16.36
11706 0.4
11706 107.6
11706 2.08
11706 16.36
11807 0.4
11807 107.6
11807 2.08
11807 16.36
11808 0.4
11808 107.6
11808 2.08
11808 16.36
11809 0.4
11809 107.6
11809 2.08
11809 16.36
11810 0.4
11810 107.6
11810 2.08
11810 16.36
11811 0.4
11811 107.6
11811 2.08
11811 16.36
11812 0.4
11812 107.6
11812 2.08
11812 16.36
11813 0.4
11813 107.6
11813 2.08
11813 16.36
11814 0.4
11814 107.6
11814 2.08
11814 16.36
11815 0.4
11815 107.6
11815 2.08
11815 16.36
11816 0.4
11816 107.6
11816 2.08
11816 16.36
11916 0.4
11916 107.6
11916 2.08
11916 16.36
11917 0.4
11917 107.6
11917 2.08
11917 16.36
11918 0.4
11918 107.6
11918 2.08
11918 16.36
11919 0.4
11919 107.6
11919 2.08
11919 16.36
11920 0.4
11920 107.6
11920 2.08
11920 16.36
11921 0.4
11921 107.6
11921 2.08
11921 16.36
11922 0.4
11922 107.6
11922 2.08
11922 16.36
11923 0.4
11923 107.6
11923 2.08
11923 16.36
11924 0.4
11924 107.6
11924 2.08
11924 16.36
11925 0.4
11925 107.6
11925 2.08
11925 16.36
11926 0.4
11926 107.6
11926 2.08
11926 16.36
12020 0.4
12020 107.6
12020 2.08
12020 16.36
12021 0.4
12021 107.6
12021 2.08
12021 16.36
12022 0.4
12022 107.6
12022 2.08
12022 16.36
12023 0.4
12023 107.6
12023 2.08
12023 16.36
12024 0.4
12024 107.6
12024 2.08
12024 16.36
12025 0.4
12025 107.6
12025 2.08
12025 16.36
12026 0.4
12026 107.6
12026 2.08
12026 16.36
12027 0.4
12027 107.6
12027 2.08
12027 16.36
12028 0.4
12028 107.6
12028 2.08
12028 16.36
12029 0.4
12029 107.6
12029 2.08
12029 16.36
12030 0.4
12030 107.6
12030 2.08
12030 16.36
12031 0.4
12031 107.6
12031 2.08
12031 16.36
12032 0.4
12032 107.6
12032 2.08
12032 16.36
12033 0.4
12033 107.6
12033 2.08
12033 16.36
12128 0.4
12128 107.6
12128 2.08
12128 16.36
12129 0.4
12129 107.6
12129 2.08
12129 16.36
12130 0.4
12130 107.6
12130 2.08
12130 16.36
12131 0.4
12131 107.6
12131 2.08
12131 16.36
12132 0.4
12132 107.6
12132 2.08
12132 16.36
12133 0.4
12133 107.6
12133 2.08
12133 16.36
12134 0.4
12134 107.6
12134 2.08
12134 16.36
12135 0.4
12135 107.6
12135 2.08
12135 16.36
12136 0.4
12136 107.6
12136 2.08
12136 16.36
12137 0.4
12137 107.6
12137 2.08
12137 16.36
12138 0.4
12138 107.6
12138 2.08
12138 16.36
12139 0.4
12139 107.6
12139 2.08
12139 16.36
12140 0.4
12140 107.6
12140 2.08
12140 16.36
12235 0.4
12235 107.6
12235 2.08
12235 16.36
12236 0.4
12236 107.6
12236 2.08
12236 16.36
12237 0.4
12237 107.6
12237 2.08
12237 16.36
12238 0.4
12238 107.6
12238 2.08
12238 16.36
12239 0.4
12239 107.6
12239 2.08
12239 16.36
12240 0.4
12240 107.6
12240 2.08
12240 16.36
12241 0.4
12241 107.6
12241 2.08
12241 16.36
12242 0.4
12242 107.6
12242 2.08
12242 16.36
12243 0.4
12243 107.6
12243 2.08
12243 16.36
12244 0.4
12244 107.6
12244 2.08
12244 16.36
12245 0.4
12245 107.6
12245 2.08
12245 16.36
12246 0.4
12246 107.6
12246 2.08
12246 16.36
12247 0.4
12247 107.6
12247 2.08
12247 16.36
12248 0.4
12248 107.6
12248 2.08
12248 16.36
12342 0.4
12342 107.6
12342 2.08
12342 16.36
12343 0.4
12343 107.6
12343 2.08
12343 16.36
12344 0.4
12344 107.6
12344 2.08
12344 16.36
12345 0.4
12345 107.6
12345 2.08
12345 16.36
12346 0.4
12346 107.6
12346 2.08
12346 16.36
12347 0.4
12347 107.6
12347 2.08
12347 16.36
12348 0.4
12348 107.6
12348 2.08
12348 16.36
12349 0.4
12349 107.6
12349 2.08
12349 16.36
12350 0.4
12350 107.6
12350 2.08
12350 16.36
12351 0.4
12351 107.6
12351 2.08
12351 16.36
12352 0.4
12352 107.6
12352 2.08
12352 16.36
12353 0.4
12353 107.6
12353 2.08
12353 16.36
12354 0.4
12354 107.6
12354 2.08
12354 16.36
12450 0.4
12450 107.6
12450 2.08
12450 16.36
12451 0.4
12451 107.6
12451 2.08
12451 16.36
12452 0.4
12452 107.6
12452 2.08
12452 16.36
12453 0.4
12453 107.6
12453 2.08
12453 16.36
12454 0.4
12454 107.6
12454 2.08
12454 16.36
12455 0.4
12455 107.6
12455 2.08
12455 16.36
12456 0.4
12456 107.6
12456 2.08
12456 16.36
12457 0.4
12457 107.6
12457 2.08
12457 16.36
12458 0.4
12458 107.6
12458 2.08
12458 16.36
12459 0.4
12459 107.6
12459 2.08
12459 16.36
12460 0.4
12460 107.6
12460 2.08
12460 16.36
12461 0.4
12461 107.6
12461 2.08
12461 16.36
12462 0.4
12462 107.6
12462 2.08
12462 16.36
12463 0.4
12463 107.6
12463 2.08
12463 16.36
12559 0.4
12559 107.6
12559 2.08
12559 16.36
12560 0.4
12560 107.6
12560 2.08
12560 16.36
12561 0.4
12561 107.6
12561 2.08
12561 16.36
12562 0.4
12562 107.6
12562 2.08
12562 16.36
12563 0.4
12563 107.6
12563 2.08
12563 16.36
12564 0.4
12564 107.6
12564 2.08
12564 16.36
12565 0.4
12565 107.6
12565 2.08
12565 16.36
12566 0.4
12566 107.6
12566 2.08
12566 16.36
12567 0.4
12567 107.6
12567 2.08
12567 16.36
12568 0.4
12568 107.6
12568 2.08
12568 16.36
12569 0.4
12569 107.6
12569 2.08
12569 16.36
12570 0.4
12570 107.6
12570 2.08
12570 16.36
12571 0.4
12571 107.6
12571 2.08
12571 16.36
12663 0.4
12663 107.6
12663 2.08
12663 16.36
12664 0.4
12664 107.6
12664 2.08
12664 16.36
12665 0.4
12665 107.6
12665 2.08
12665 16.36
12666 0.4
12666 107.6
12666 2.08
12666 16.36
12667 0.4
12667 107.6
12667 2.08
12667 16.36
12668 0.4
12668 107.6
12668 2.08
12668 16.36
12669 0.4
12669 107.6
12669 2.08
12669 16.36
12670 0.4
12670 107.6
12670 2.08
12670 16.36
12671 0.4
12671 107.6
12671 2.08
12671 16.36
12672 0.4
12672 107.6
12672 2.08
12672 16.36
12673 0.4
12673 107.6
12673 2.08
12673 16.36
12767 0.4
12767 107.6
12767 2.08
12767 16.36
12768 0.4
12768 107.6
12768 2.08
12768 16.36
12769 0.4
12769 107.6
12769 2.08
12769 16.36
12770 0.4
12770 107.6
12770 2.08
12770 16.36
12771 0.4
12771 107.6
12771 2.08
12771 16.36
12772 0.4
12772 107.6
12772 2.08
12772 16.36
12773 0.4
12773 107.6
12773 2.08
12773 16.36
12774 0.4
12774 107.6
12774 2.08
12774 16.36
12775 0.4
12775 107.6
12775 2.08
12775 16.36
12776 0.4
12776 107.6
12776 2.08
12776 16.36
12777 0.4
12777 107.6
12777 2.08
12777 16.36
12867 0.4
12867 107.6
12867 2.08
12867 16.36
12868 0.4
12868 107.6
12868 2.08
12868 16.36
12869 0.4
12869 107.6
12869 2.08
12869 16.36
12870 0.4
12870 107.6
12870 2.08
12870 16.36
12871 0.4
12871 107.6
12871 2.08
12871 16.36
12872 0.4
12872 107.6
12872 2.08
12872 16.36
12873 0.4
12873 107.6
12873 2.08
12873 16.36
12874 0.4
12874 107.6
12874 2.08
12874 16.36
12875 0.4
12875 107.6
12875 2.08
12875 16.36
12876 0.4
12876 107.6
12876 2.08
12876 16.36
12877 0.4
12877 107.6
12877 2.08
12877 16.36
12878 0.4
12878 107.6
12878 2.08
12878 16.36
12879 0.4
12879 107.6
12879 2.08
12879 16.36
12880 0.4
12880 107.6
12880 2.08
12880 16.36
12975 0.4
12975 107.6
12975 2.08
12975 16.36
12976 0.4
12976 107.6
12976 2.08
12976 16.36
12977 0.4
12977 107.6
12977 2.08
12977 16.36
12978 0.4
12978 107.6
12978 2.08
12978 16.36
12979 0.4
12979 107.6
12979 2.08
12979 16.36
12980 0.4
12980 107.6
12980 2.08
12980 16.36
12981 0.4
12981 107.6
12981 2.08
12981 16.36
12982 0.4
12982 107.6
12982 2.08
12982 16.36
12983 0.4
12983 107.6
12983 2.08
12983 16.36
12984 0.4
12984 107.6
12984 2.08
12984 16.36
12985 0.4
12985 107.6
12985 2.08
12985 16.36
12986 0.4
12986 107.6
12986 2.08
12986 16.36
12987 0.4
12987 107.6
12987 2.08
12987 16.36
13082 0.4
13082 107.6
13082 2.08
13082 16.36
13083 0.4
13083 107.6
13083 2.08
13083 16.36
13084 0.4
13084 107.6
13084 2.08
13084 16.36
13085 0.4
13085 107.6
13085 2.08
13085 16.36
13086 0.4
13086 107.6
13086 2.08
13086 16.36
13087 0.4
13087 107.6
13087 2.08
13087 16.36
13088 0.4
13088 107.6
13088 2.08
13088 16.36
13089 0.4
13089 107.6
13089 2.08
13089 16.36
13090 0.4
13090 107.6
13090 2.08
13090 16.36
13091 0.4
13091 107.6
13091 2.08
13091 16.36
13092 0.4
13092 107.6
13092 2.08
13092 16.36
13093 0.4
13093 107.6
13093 2.08
13093 16.36
13094 0.4
13094 107.6
13094 2.08
13094 16.36
13095 0.4
13095 107.6
13095 2.08
13095 16.36
13188 0.4
13188 107.6
13188 2.08
13188 16.36
13189 0.4
13189 107.6
13189 2.08
13189 16.36
13190 0.4
13190 107.6
13190 2.08
13190 16.36
13191 0.4
13191 107.6
13191 2.08
13191 16.36
13192 0.4
13192 107.6
13192 2.08
13192 16.36
13193 0.4
13193 107.6
13193 2.08
13193 16.36
13194 0.4
13194 107.6
13194 2.08
13194 16.36
13195 0.4
13195 107.6
13195 2.08
13195 16.36
13196 0.4
13196 107.6
13196 2.08
13196 16.36
13197 0.4
13197 107.6
13197 2.08
13197 16.36
13198 0.4
13198 107.6
13198 2.08
13198 16.36
13199 0.4
13199 107.6
13199 2.08
13199 16.36
13200 0.4
13200 107.6
13200 2.08
13200 16.36
13201 0.4
13201 107.6
13201 2.08
13201 16.36
13202 0.4
13202 107.6
13202 2.08
13202 16.36
13203 0.4
13203 107.6
13203 2.08
13203 16.36
13299 0.4
13299 107.6
13299 2.08
13299 16.36
13300 0.4
13300 107.6
13300 2.08
13300 16.36
13301 0.4
13301 107.6
13301 2.08
13301 16.36
13302 0.4
13302 107.6
13302 2.08
13302 16.36
13303 0.4
13303 107.6
13303 2.08
13303 16.36
13304 0.4
13304 107.6
13304 2.08
13304 16.36
13305 0.4
13305 107.6
13305 2.08
13305 16.36
13306 0.4
13306 107.6
13306 2.08
13306 16.36
13307 0.4
13307 107.6
13307 2.08
13307 16.36
13308 0.4
13308 107.6
13308 2.08
13308 16.36
13309 0.4
13309 107.6
13309 2.08
13309 16.36
13310 0.4
13310 107.6
13310 2.08
13310 16.36
13311 0.4
13311 107.6
13311 2.08
13311 16.36
13312 0.4
13312 107.6
13312 2.08
13312 16.36
13313 0.4
13313 107.6
13313 2.08
13313 16.36
13409 0.4
13409 107.6
13409 2.08
13409 16.36
13410 0.4
13410 107.6
13410 2.08
13410 16.36
13411 0.4
13411 107.6
13411 2.08
13411 16.36
13412 0.4
13412 107.6
13412 2.08
13412 16.36
13413 0.4
13413 107.6
13413 2.08
13413 16.36
13414 0.4
13414 107.6
13414 2.08
13414 16.36
13415 0.4
13415 107.6
13415 2.08
13415 16.36
13416 0.4
13416 107.6
13416 2.08
13416 16.36
13417 0.4
13417 107.6
13417 2.08
13417 16.36
13418 0.4
13418 107.6
13418 2.08
13418 16.36
13419 0.4
13419 107.6
13419 2.08
13419 16.36
13420 0.4
13420 107.6
13420 2.08
13420 16.36
13421 0.4
13421 107.6
13421 2.08
13421 16.36
13422 0.4
13422 107.6
13422 2.08
13422 16.36
13423 0.4
13423 107.6
13423 2.08
13423 16.36
13424 0.4
13424 107.6
13424 2.08
13424 16.36
13515 0.4
13515 107.6
13515 2.08
13515 16.36
13516 0.4
13516 107.6
13516 2.08
13516 16.36
13517 0.4
13517 107.6
13517 2.08
13517 16.36
13518 0.4
13518 107.6
13518 2.08
13518 16.36
13519 0.4
13519 107.6
13519 2.08
13519 16.36
13520 0.4
13520 107.6
13520 2.08
13520 16.36
13521 0.4
13521 107.6
13521 2.08
13521 16.36
13522 0.4
13522 107.6
13522 2.08
13522 16.36
13523 0.4
13523 107.6
13523 2.08
13523 16.36
13524 0.4
13524 107.6
13524 2.08
13524 16.36
13525 0.4
13525 107.6
13525 2.08
13525 16.36
13526 0.4
13526 107.6
13526 2.08
13526 16.36
13527 0.4
13527 107.6
13527 2.08
13527 16.36
13528 0.4
13528 107.6
13528 2.08
13528 16.36
13529 0.4
13529 107.6
13529 2.08
13529 16.36
13530 0.4
13530 107.6
13530 2.08
13530 16.36
13531 0.4
13531 107.6
13531 2.08
13531 16.36
13532 0.4
13532 107.6
13532 2.08
13532 16.36
13624 0.4
13624 107.6
13624 2.08
13624 16.36
13625 0.4
13625 107.6
13625 2.08
13625 16.36
13626 0.4
13626 107.6
13626 2.08
13626 16.36
13627 0.4
13627 107.6
13627 2.08
13627 16.36
13628 0.4
13628 107.6
13628 2.08
13628 16.36
13629 0.4
13629 107.6
13629 2.08
13629 16.36
13630 0.4
13630 107.6
13630 2.08
13630 16.36
13631 0.4
13631 107.6
13631 2.08
13631 16.36
13632 0.4
13632 107.6
13632 2.08
13632 16.36
13633 0.4
13633 107.6
13633 2.08
13633 16.36
13634 0.4
13634 107.6
13634 2.08
13634 16.36
13635 0.4
13635 107.6
13635 2.08
13635 16.36
13636 0.4
13636 107.6
13636 2.08
13636 16.36
13637 0.4
13637 107.6
13637 2.08
13637 16.36
13638 0.4
13638 107.6
13638 2.08
13638 16.36
13639 0.4
13639 107.6
13639 2.08
13639 16.36
13640 0.4
13640 107.6
13640 2.08
13640 16.36
13641 0.4
13641 107.6
13641 2.08
13641 16.36
13642 0.4
13642 107.6
13642 2.08
13642 16.36
13735 0.4
13735 107.6
13735 2.08
13735 16.36
13736 0.4
13736 107.6
13736 2.08
13736 16.36
13737 0.4
13737 107.6
13737 2.08
13737 16.36
13738 0.4
13738 107.6
13738 2.08
13738 16.36
13739 0.4
13739 107.6
13739 2.08
13739 16.36
13740 0.4
13740 107.6
13740 2.08
13740 16.36
13741 0.4
13741 107.6
13741 2.08
13741 16.36
13742 0.4
13742 107.6
13742 2.08
13742 16.36
13743 0.4
13743 107.6
13743 2.08
13743 16.36
13744 0.4
13744 107.6
13744 2.08
13744 16.36
13745 0.4
13745 107.6
13745 2.08
13745 16.36
13746 0.4
13746 107.6
13746 2.08
13746 16.36
13747 0.4
13747 107.6
13747 2.08
13747 16.36
13748 0.4
13748 107.6
13748 2.08
13748 16.36
13749 0.4
13749 107.6
13749 2.08
13749 16.36
13750 0.4
13750 107.6
13750 2.08
13750 16.36
13751 0.4
13751 107.6
13751 2.08
13751 16.36
13752 0.4
13752 107.6
13752 2.08
13752 16.36
13842 0.4
13842 107.6
13842 2.08
13842 16.36
13843 0.4
13843 107.6
13843 2.08
13843 16.36
13844 0.4
13844 107.6
13844 2.08
13844 16.36
13845 0.4
13845 107.6
13845 2.08
13845 16.36
13846 0.4
13846 107.6
13846 2.08
13846 16.36
13847 0.4
13847 107.6
13847 2.08
13847 16.36
13848 0.4
13848 107.6
13848 2.08
13848 16.36
13849 0.4
13849 107.6
13849 2.08
13849 16.36
13850 0.4
13850 107.6
13850 2.08
13850 16.36
13851 0.4
13851 107.6
13851 2.08
13851 16.36
13852 0.4
13852 107.6
13852 2.08
13852 16.36
13853 0.4
13853 107.6
13853 2.08
13853 16.36
13854 0.4
13854 107.6
13854 2.08
13854 16.36
13855 0.4
13855 107.6
13855 2.08
13855 16.36
13856 0.4
13856 107.6
13856 2.08
13856 16.36
13857 0.4
13857 107.6
13857 2.08
13857 16.36
13858 0.4
13858 107.6
13858 2.08
13858 16.36
13859 0.4
13859 107.6
13859 2.08
13859 16.36
13860 0.4
13860 107.6
13860 2.08
13860 16.36
13861 0.4
13861 107.6
13861 2.08
13861 16.36
13862 0.4
13862 107.6
13862 2.08
13862 16.36
13863 0.4
13863 107.6
13863 2.08
13863 16.36
13864 0.4
13864 107.6
13864 2.08
13864 16.36
13954 0.4
13954 107.6
13954 2.08
13954 16.36
13955 0.4
13955 107.6
13955 2.08
13955 16.36
13956 0.4
13956 107.6
13956 2.08
13956 16.36
13957 0.4
13957 107.6
13957 2.08
13957 16.36
13958 0.4
13958 107.6
13958 2.08
13958 16.36
13959 0.4
13959 107.6
13959 2.08
13959 16.36
13960 0.4
13960 107.6
13960 2.08
13960 16.36
13961 0.4
13961 107.6
13961 2.08
13961 16.36
13962 0.4
13962 107.6
13962 2.08
13962 16.36
13963 0.4
13963 107.6
13963 2.08
13963 16.36
13964 0.4
13964 107.6
13964 2.08
13964 16.36
13965 0.4
13965 107.6
13965 2.08
13965 16.36
13966 0.4
13966 107.6
13966 2.08
13966 16.36
13967 0.4
13967 107.6
13967 2.08
13967 16.36
13968 0.4
13968 107.6
13968 2.08
13968 16.36
13969 0.4
13969 107.6
13969 2.08
13969 16.36
13970 0.4
13970 107.6
13970 2.08
13970 16.36
13971 0.4
13971 107.6
13971 2.08
13971 16.36
13972 0.4
13972 107.6
13972 2.08
13972 16.36
13973 0.4
13973 107.6
13973 2.08
13973 16.36
13974 0.4
13974 107.6
13974 2.08
13974 16.36
13975 0.4
13975 107.6
13975 2.08
13975 16.36
13976 0.4
13976 107.6
13976 2.08
13976 16.36
14068 0.4
14068 107.6
14068 2.08
14068 16.36
14069 0.4
14069 107.6
14069 2.08
14069 16.36
14070 0.4
14070 107.6
14070 2.08
14070 16.36
14071 0.4
14071 107.6
14071 2.08
14071 16.36
14072 0.4
14072 107.6
14072 2.08
14072 16.36
14073 0.4
14073 107.6
14073 2.08
14073 16.36
14074 0.4
14074 107.6
14074 2.08
14074 16.36
14075 0.4
14075 107.6
14075 2.08
14075 16.36
14076 0.4
14076 107.6
14076 2.08
14076 16.36
14077 0.4
14077 107.6
14077 2.08
14077 16.36
14078 0.4
14078 107.6
14078 2.08
14078 16.36
14079 0.4
14079 107.6
14079 2.08
14079 16.36
14080 0.4
14080 107.6
14080 2.08
14080 16.36
14081 0.4
14081 107.6
14081 2.08
14081 16.36
14082 0.4
14082 107.6
14082 2.08
14082 16.36
14083 0.4
14083 107.6
14083 2.08
14083 16.36
14084 0.4
14084 107.6
14084 2.08
14084 16.36
14085 0.4
14085 107.6
14085 2.08
14085 16.36
14086 0.4
14086 107.6
14086 2.08
14086 16.36
14087 0.4
14087 107.6
14087 2.08
14087 16.36
14088 0.4
14088 107.6
14088 2.08
14088 16.36
14089 0.4
14089 107.6
14089 2.08
14089 16.36
14090 0.4
14090 107.6
14090 2.08
14090 16.36
14181 0.4
14181 107.6
14181 2.08
14181 16.36
14182 0.4
14182 107.6
14182 2.08
14182 16.36
14183 0.4
14183 107.6
14183 2.08
14183 16.36
14184 0.4
14184 107.6
14184 2.08
14184 16.36
14185 0.4
14185 107.6
14185 2.08
14185 16.36
14186 0.4
14186 107.6
14186 2.08
14186 16.36
14187 0.4
14187 107.6
14187 2.08
14187 16.36
14188 0.4
14188 107.6
14188 2.08
14188 16.36
14189 0.4
14189 107.6
14189 2.08
14189 16.36
14190 0.4
14190 107.6
14190 2.08
14190 16.36
14191 0.4
14191 107.6
14191 2.08
14191 16.36
14192 0.4
14192 107.6
14192 2.08
14192 16.36
14193 0.4
14193 107.6
14193 2.08
14193 16.36
14194 0.4
14194 107.6
14194 2.08
14194 16.36
14195 0.4
14195 107.6
14195 2.08
14195 16.36
14196 0.4
14196 107.6
14196 2.08
14196 16.36
14197 0.4
14197 107.6
14197 2.08
14197 16.36
14198 0.4
14198 107.6
14198 2.08
14198 16.36
14199 0.4
14199 107.6
14199 2.08
14199 16.36
14200 0.4
14200 107.6
14200 2.08
14200 16.36
14201 0.4
14201 107.6
14201 2.08
14201 16.36
14202 0.4
14202 107.6
14202 2.08
14202 16.36
14203 0.4
14203 107.6
14203 2.08
14203 16.36
14208 0.4
14208 107.6
14208 2.08
14208 16.36
14209 0.4
14209 107.6
14209 2.08
14209 16.36
14210 0.4
14210 107.6
14210 2.08
14210 16.36
14211 0.4
14211 107.6
14211 2.08
14211 16.36
14212 0.4
14212 107.6
14212 2.08
14212 16.36
14213 0.4
14213 107.6
14213 2.08
14213 16.36
14214 0.4
14214 107.6
14214 2.08
14214 16.36
14215 0.4
14215 107.6
14215 2.08
14215 16.36
14216 0.4
14216 107.6
14216 2.08
14216 16.36
14217 0.4
14217 107.6
14217 2.08
14217 16.36
14218 0.4
14218 107.6
14218 2.08
14218 16.36
14219 0.4
14219 107.6
14219 2.08
14219 16.36
14297 0.4
14297 107.6
14297 2.08
14297 16.36
14298 0.4
14298 107.6
14298 2.08
14298 16.36
14299 0.4
14299 107.6
14299 2.08
14299 16.36
14300 0.4
14300 107.6
14300 2.08
14300 16.36
14301 0.4
14301 107.6
14301 2.08
14301 16.36
14302 0.4
14302 107.6
14302 2.08
14302 16.36
14303 0.4
14303 107.6
14303 2.08
14303 16.36
14304 0.4
14304 107.6
14304 2.08
14304 16.36
14305 0.4
14305 107.6
14305 2.08
14305 16.36
14306 0.4
14306 107.6
14306 2.08
14306 16.36
14307 0.4
14307 107.6
14307 2.08
14307 16.36
14308 0.4
14308 107.6
14308 2.08
14308 16.36
14309 0.4
14309 107.6
14309 2.08
14309 16.36
14310 0.4
14310 107.6
14310 2.08
14310 16.36
14311 0.4
14311 107.6
14311 2.08
14311 16.36
14312 0.4
14312 107.6
14312 2.08
14312 16.36
14313 0.4
14313 107.6
14313 2.08
14313 16.36
14314 0.4
14314 107.6
14314 2.08
14314 16.36
14315 0.4
14315 107.6
14315 2.08
14315 16.36
14316 0.4
14316 107.6
14316 2.08
14316 16.36
14317 0.4
14317 107.6
14317 2.08
14317 16.36
14318 0.4
14318 107.6
14318 2.08
14318 16.36
14324 0.4
14324 107.6
14324 2.08
14324 16.36
14325 0.4
14325 107.6
14325 2.08
14325 16.36
14326 0.4
14326 107.6
14326 2.08
14326 16.36
14327 0.4
14327 107.6
14327 2.08
14327 16.36
14328 0.4
14328 107.6
14328 2.08
14328 16.36
14329 0.4
14329 107.6
14329 2.08
14329 16.36
14330 0.4
14330 107.6
14330 2.08
14330 16.36
14331 0.4
14331 107.6
14331 2.08
14331 16.36
14332 0.4
14332 107.6
14332 2.08
14332 16.36
14333 0.4
14333 107.6
14333 2.08
14333 16.36
14334 0.4
14334 107.6
14334 2.08
14334 16.36
14411 0.4
14411 107.6
14411 2.08
14411 16.36
14412 0.4
14412 107.6
14412 2.08
14412 16.36
14413 0.4
14413 107.6
14413 2.08
14413 16.36
14414 0.4
14414 107.6
14414 2.08
14414 16.36
14415 0.4
14415 107.6
14415 2.08
14415 16.36
14416 0.4
14416 107.6
14416 2.08
14416 16.36
14417 0.4
14417 107.6
14417 2.08
14417 16.36
14418 0.4
14418 107.6
14418 2.08
14418 16.36
14419 0.4
14419 107.6
14419 2.08
14419 16.36
14420 0.4
14420 107.6
14420 2.08
14420 16.36
14421 0.4
14421 107.6
14421 2.08
14421 16.36
14422 0.4
14422 107.6
14422 2.08
14422 16.36
14423 0.4
14423 107.6
14423 2.08
14423 16.36
14424 0.4
14424 107.6
14424 2.08
14424 16.36
14425 0.4
14425 107.6
14425 2.08
14425 16.36
14426 0.4
14426 107.6
14426 2.08
14426 16.36
14427 0.4
14427 107.6
14427 2.08
14427 16.36
14428 0.4
14428 107.6
14428 2.08
14428 16.36
14429 0.4
14429 107.6
14429 2.08
14429 16.36
14430 0.4
14430 107.6
14430 2.08
14430 16.36
14431 0.4
14431 107.6
14431 2.08
14431 16.36
14434 0.4
14434 107.6
14434 2.08
14434 16.36
14435 0.4
14435 107.6
14435 2.08
14435 16.36
14436 0.4
14436 107.6
14436 2.08
14436 16.36
14437 0.4
14437 107.6
14437 2.08
14437 16.36
14438 0.4
14438 107.6
14438 2.08
14438 16.36
14439 0.4
14439 107.6
14439 2.08
14439 16.36
14440 0.4
14440 107.6
14440 2.08
14440 16.36
14441 0.4
14441 107.6
14441 2.08
14441 16.36
14442 0.4
14442 107.6
14442 2.08
14442 16.36
14443 0.4
14443 107.6
14443 2.08
14443 16.36
14444 0.4
14444 107.6
14444 2.08
14444 16.36
14445 0.4
14445 107.6
14445 2.08
14445 16.36
14446 0.4
14446 107.6
14446 2.08
14446 16.36
14447 0.4
14447 107.6
14447 2.08
14447 16.36
14448 0.4
14448 107.6
14448 2.08
14448 16.36
14449 0.4
14449 107.6
14449 2.08
14449 16.36
14526 0.4
14526 107.6
14526 2.08
14526 16.36
14527 0.4
14527 107.6
14527 2.08
14527 16.36
14528 0.4
14528 107.6
14528 2.08
14528 16.36
14529 0.4
14529 107.6
14529 2.08
14529 16.36
14530 0.4
14530 107.6
14530 2.08
14530 16.36
14531 0.4
14531 107.6
14531 2.08
14531 16.36
14532 0.4
14532 107.6
14532 2.08
14532 16.36
14533 0.4
14533 107.6
14533 2.08
14533 16.36
14534 0.4
14534 107.6
14534 2.08
14534 16.36
14535 0.4
14535 107.6
14535 2.08
14535 16.36
14536 0.4
14536 107.6
14536 2.08
14536 16.36
14537 0.4
14537 107.6
14537 2.08
14537 16.36
14538 0.4
14538 107.6
14538 2.08
14538 16.36
14539 0.4
14539 107.6
14539 2.08
14539 16.36
14540 0.4
14540 107.6
14540 2.08
14540 16.36
14541 0.4
14541 107.6
14541 2.08
14541 16.36
14542 0.4
14542 107.6
14542 2.08
14542 16.36
14543 0.4
14543 107.6
14543 2.08
14543 16.36
14544 0.4
14544 107.6
14544 2.08
14544 16.36
14545 0.4
14545 107.6
14545 2.08
14545 16.36
14548 0.4
14548 107.6
14548 2.08
14548 16.36
14549 0.4
14549 107.6
14549 2.08
14549 16.36
14550 0.4
14550 107.6
14550 2.08
14550 16.36
14551 0.4
14551 107.6
14551 2.08
14551 16.36
14552 0.4
14552 107.6
14552 2.08
14552 16.36
14553 0.4
14553 107.6
14553 2.08
14553 16.36
14554 0.4
14554 107.6
14554 2.08
14554 16.36
14555 0.4
14555 107.6
14555 2.08
14555 16.36
14556 0.4
14556 107.6
14556 2.08
14556 16.36
14557 0.4
14557 107.6
14557 2.08
14557 16.36
14558 0.4
14558 107.6
14558 2.08
14558 16.36
14559 0.4
14559 107.6
14559 2.08
14559 16.36
14560 0.4
14560 107.6
14560 2.08
14560 16.36
14561 0.4
14561 107.6
14561 2.08
14561 16.36
14562 0.4
14562 107.6
14562 2.08
14562 16.36
14563 0.4
14563 107.6
14563 2.08
14563 16.36
14640 0.4
14640 107.6
14640 2.08
14640 16.36
14641 0.4
14641 107.6
14641 2.08
14641 16.36
14642 0.4
14642 107.6
14642 2.08
14642 16.36
14643 0.4
14643 107.6
14643 2.08
14643 16.36
14644 0.4
14644 107.6
14644 2.08
14644 16.36
14645 0.4
14645 107.6
14645 2.08
14645 16.36
14646 0.4
14646 107.6
14646 2.08
14646 16.36
14647 0.4
14647 107.6
14647 2.08
14647 16.36
14648 0.4
14648 107.6
14648 2.08
14648 16.36
14649 0.4
14649 107.6
14649 2.08
14649 16.36
14650 0.4
14650 107.6
14650 2.08
14650 16.36
14651 0.4
14651 107.6
14651 2.08
14651 16.36
14652 0.4
14652 107.6
14652 2.08
14652 16.36
14653 0.4
14653 107.6
14653 2.08
14653 16.36
14654 0.4
14654 107.6
14654 2.08
14654 16.36
14655 0.4
14655 107.6
14655 2.08
14655 16.36
14656 0.4
14656 107.6
14656 2.08
14656 16.36
14657 0.4
14657 107.6
14657 2.08
14657 16.36
14658 0.4
14658 107.6
14658 2.08
14658 16.36
14659 0.4
14659 107.6
14659 2.08
14659 16.36
14660 0.4
14660 107.6
14660 2.08
14660 16.36
14663 0.4
14663 107.6
14663 2.08
14663 16.36
14664 0.4
14664 107.6
14664 2.08
14664 16.36
14665 0.4
14665 107.6
14665 2.08
14665 16.36
14666 0.4
14666 107.6
14666 2.08
14666 16.36
14667 0.4
14667 107.6
14667 2.08
14667 16.36
14668 0.4
14668 107.6
14668 2.08
14668 16.36
14669 0.4
14669 107.6
14669 2.08
14669 16.36
14670 0.4
14670 107.6
14670 2.08
14670 16.36
14671 0.4
14671 107.6
14671 2.08
14671 16.36
14672 0.4
14672 107.6
14672 2.08
14672 16.36
14673 0.4
14673 107.6
14673 2.08
14673 16.36
14674 0.4
14674 107.6
14674 2.08
14674 16.36
14675 0.4
14675 107.6
14675 2.08
14675 16.36
14676 0.4
14676 107.6
14676 2.08
14676 16.36
14677 0.4
14677 107.6
14677 2.08
14677 16.36
14678 0.4
14678 107.6
14678 2.08
14678 16.36
14753 0.4
14753 107.6
14753 2.08
14753 16.36
14754 0.4
14754 107.6
14754 2.08
14754 16.36
14755 0.4
14755 107.6
14755 2.08
14755 16.36
14756 0.4
14756 107.6
14756 2.08
14756 16.36
14757 0.4
14757 107.6
14757 2.08
14757 16.36
14758 0.4
14758 107.6
14758 2.08
14758 16.36
14759 0.4
14759 107.6
14759 2.08
14759 16.36
14760 0.4
14760 107.6
14760 2.08
14760 16.36
14761 0.4
14761 107.6
14761 2.08
14761 16.36
14762 0.4
14762 107.6
14762 2.08
14762 16.36
14763 0.4
14763 107.6
14763 2.08
14763 16.36
14764 0.4
14764 107.6
14764 2.08
14764 16.36
14765 0.4
14765 107.6
14765 2.08
14765 16.36
14766 0.4
14766 107.6
14766 2.08
14766 16.36
14767 0.4
14767 107.6
14767 2.08
14767 16.36
14768 0.4
14768 107.6
14768 2.08
14768 16.36
14769 0.4
14769 107.6
14769 2.08
14769 16.36
14770 0.4
14770 107.6
14770 2.08
14770 16.36
14771 0.4
14771 107.6
14771 2.08
14771 16.36
14772 0.4
14772 107.6
14772 2.08
14772 16.36
14773 0.4
14773 107.6
14773 2.08
14773 16.36
14774 0.4
14774 107.6
14774 2.08
14774 16.36
14775 0.4
14775 107.6
14775 2.08
14775 16.36
14776 0.4
14776 107.6
14776 2.08
14776 16.36
14777 0.4
14777 107.6
14777 2.08
14777 16.36
14778 0.4
14778 107.6
14778 2.08
14778 16.36
14779 0.4
14779 107.6
14779 2.08
14779 16.36
14780 0.4
14780 107.6
14780 2.08
14780 16.36
14781 0.4
14781 107.6
14781 2.08
14781 16.36
14782 0.4
14782 107.6
14782 2.08
14782 16.36
14792 0.4
14792 107.6
14792 2.08
14792 16.36
14793 0.4
14793 107.6
14793 2.08
14793 16.36
14881 0.4
14881 107.6
14881 2.08
14881 16.36
14882 0.4
14882 107.6
14882 2.08
14882 16.36
14883 0.4
14883 107.6
14883 2.08
14883 16.36
14884 0.4
14884 107.6
14884 2.08
14884 16.36
14885 0.4
14885 107.6
14885 2.08
14885 16.36
14886 0.4
14886 107.6
14886 2.08
14886 16.36
14887 0.4
14887 107.6
14887 2.08
14887 16.36
14888 0.4
14888 107.6
14888 2.08
14888 16.36
14889 0.4
14889 107.6
14889 2.08
14889 16.36
14890 0.4
14890 107.6
14890 2.08
14890 16.36
14891 0.4
14891 107.6
14891 2.08
14891 16.36
14892 0.4
14892 107.6
14892 2.08
14892 16.36
14893 0.4
14893 107.6
14893 2.08
14893 16.36
14894 0.4
14894 107.6
14894 2.08
14894 16.36
14895 0.4
14895 107.6
14895 2.08
14895 16.36
14896 0.4
14896 107.6
14896 2.08
14896 16.36
14897 0.4
14897 107.6
14897 2.08
14897 16.36
14898 0.4
14898 107.6
14898 2.08
14898 16.36
14899 0.4
14899 107.6
14899 2.08
14899 16.36
14900 0.4
14900 107.6
14900 2.08
14900 16.36
14901 0.4
14901 107.6
14901 2.08
14901 16.36
14902 0.4
14902 107.6
14902 2.08
14902 16.36
14903 0.4
14903 107.6
14903 2.08
14903 16.36
14904 0.4
14904 107.6
14904 2.08
14904 16.36
14905 0.4
14905 107.6
14905 2.08
14905 16.36
14906 0.4
14906 107.6
14906 2.08
14906 16.36
14907 0.4
14907 107.6
14907 2.08
14907 16.36
14908 0.4
14908 107.6
14908 2.08
14908 16.36
14909 0.4
14909 107.6
14909 2.08
14909 16.36
14919 0.4
14919 107.6
14919 2.08
14919 16.36
14920 0.4
14920 107.6
14920 2.08
14920 16.36
15008 0.4
15008 107.6
15008 2.08
15008 16.36
15009 0.4
15009 107.6
15009 2.08
15009 16.36
15010 0.4
15010 107.6
15010 2.08
15010 16.36
15011 0.4
15011 107.6
15011 2.08
15011 16.36
15012 0.4
15012 107.6
15012 2.08
15012 16.36
15013 0.4
15013 107.6
15013 2.08
15013 16.36
15014 0.4
15014 107.6
15014 2.08
15014 16.36
15015 0.4
15015 107.6
15015 2.08
15015 16.36
15016 0.4
15016 107.6
15016 2.08
15016 16.36
15017 0.4
15017 107.6
15017 2.08
15017 16.36
15018 0.4
15018 107.6
15018 2.08
15018 16.36
15019 0.4
15019 107.6
15019 2.08
15019 16.36
15020 0.4
15020 107.6
15020 2.08
15020 16.36
15021 0.4
15021 107.6
15021 2.08
15021 16.36
15022 0.4
15022 107.6
15022 2.08
15022 16.36
15023 0.4
15023 107.6
15023 2.08
15023 16.36
15024 0.4
15024 107.6
15024 2.08
15024 16.36
15025 0.4
15025 107.6
15025 2.08
15025 16.36
15026 0.4
15026 107.6
15026 2.08
15026 16.36
15027 0.4
15027 107.6
15027 2.08
15027 16.36
15028 0.4
15028 107.6
15028 2.08
15028 16.36
15029 0.4
15029 107.6
15029 2.08
15029 16.36
15030 0.4
15030 107.6
15030 2.08
15030 16.36
15031 0.4
15031 107.6
15031 2.08
15031 16.36
15032 0.4
15032 107.6
15032 2.08
15032 16.36
15033 0.4
15033 107.6
15033 2.08
15033 16.36
15034 0.4
15034 107.6
15034 2.08
15034 16.36
15035 0.4
15035 107.6
15035 2.08
15035 16.36
15036 0.4
15036 107.6
15036 2.08
15036 16.36
15037 0.4
15037 107.6
15037 2.08
15037 16.36
15047 0.4
15047 107.6
15047 2.08
15047 16.36
15048 0.4
15048 107.6
15048 2.08
15048 16.36
15134 0.4
15134 107.6
15134 2.08
15134 16.36
15135 0.4
15135 107.6
15135 2.08
15135 16.36
15136 0.4
15136 107.6
15136 2.08
15136 16.36
15137 0.4
15137 107.6
15137 2.08
15137 16.36
15138 0.4
15138 107.6
15138 2.08
15138 16.36
15139 0.4
15139 107.6
15139 2.08
15139 16.36
15140 0.4
15140 107.6
15140 2.08
15140 16.36
15141 0.4
15141 107.6
15141 2.08
15141 16.36
15142 0.4
15142 107.6
15142 2.08
15142 16.36
15143 0.4
15143 107.6
15143 2.08
15143 16.36
15144 0.4
15144 107.6
15144 2.08
15144 16.36
15145 0.4
15145 107.6
15145 2.08
15145 16.36
15146 0.4
15146 107.6
15146 2.08
15146 16.36
15147 0.4
15147 107.6
15147 2.08
15147 16.36
15148 0.4
15148 107.6
15148 2.08
15148 16.36
15149 0.4
15149 107.6
15149 2.08
15149 16.36
15150 0.4
15150 107.6
15150 2.08
15150 16.36
15151 0.4
15151 107.6
15151 2.08
15151 16.36
15152 0.4
15152 107.6
15152 2.08
15152 16.36
15153 0.4
15153 107.6
15153 2.08
15153 16.36
15154 0.4
15154 107.6
15154 2.08
15154 16.36
15155 0.4
15155 107.6
15155 2.08
15155 16.36
15156 0.4
15156 107.6
15156 2.08
15156 16.36
15157 0.4
15157 107.6
15157 2.08
15157 16.36
15158 0.4
15158 107.6
15158 2.08
15158 16.36
15159 0.4
15159 107.6
15159 2.08
15159 16.36
15160 0.4
15160 107.6
15160 2.08
15160 16.36
15161 0.4
15161 107.6
15161 2.08
15161 16.36
15162 0.4
15162 107.6
15162 2.08
15162 16.36
15165 0.4
15165 107.6
15165 2.08
15165 16.36
15166 0.4
15166 107.6
15166 2.08
15166 16.36
15167 0.4
15167 107.6
15167 2.08
15167 16.36
15172 0.4
15172 107.6
15172 2.08
15172 16.36
15173 0.4
15173 107.6
15173 2.08
15173 16.36
15174 0.4
15174 107.6
15174 2.08
15174 16.36
15175 0.4
15175 107.6
15175 2.08
15175 16.36
15176 0.4
15176 107.6
15176 2.08
15176 16.36
15177 0.4
15177 107.6
15177 2.08
15177 16.36
15178 0.4
15178 107.6
15178 2.08
15178 16.36
15179 0.4
15179 107.6
15179 2.08
15179 16.36
15180 0.4
15180 107.6
15180 2.08
15180 16.36
15255 0.4
15255 107.6
15255 2.08
15255 16.36
15256 0.4
15256 107.6
15256 2.08
15256 16.36
15257 0.4
15257 107.6
15257 2.08
15257 16.36
15258 0.4
15258 107.6
15258 2.08
15258 16.36
15259 0.4
15259 107.6
15259 2.08
15259 16.36
15260 0.4
15260 107.6
15260 2.08
15260 16.36
15261 0.4
15261 107.6
15261 2.08
15261 16.36
15262 0.4
15262 107.6
15262 2.08
15262 16.36
15263 0.4
15263 107.6
15263 2.08
15263 16.36
15264 0.4
15264 107.6
15264 2.08
15264 16.36
15265 0.4
15265 107.6
15265 2.08
15265 16.36
15266 0.4
15266 107.6
15266 2.08
15266 16.36
15267 0.4
15267 107.6
15267 2.08
15267 16.36
15268 0.4
15268 107.6
15268 2.08
15268 16.36
15269 0.4
15269 107.6
15269 2.08
15269 16.36
15270 0.4
15270 107.6
15270 2.08
15270 16.36
15271 0.4
15271 107.6
15271 2.08
15271 16.36
15272 0.4
15272 107.6
15272 2.08
15272 16.36
15273 0.4
15273 107.6
15273 2.08
15273 16.36
15274 0.4
15274 107.6
15274 2.08
15274 16.36
15275 0.4
15275 107.6
15275 2.08
15275 16.36
15276 0.4
15276 107.6
15276 2.08
15276 16.36
15277 0.4
15277 107.6
15277 2.08
15277 16.36
15278 0.4
15278 107.6
15278 2.08
15278 16.36
15279 0.4
15279 107.6
15279 2.08
15279 16.36
15280 0.4
15280 107.6
15280 2.08
15280 16.36
15281 0.4
15281 107.6
15281 2.08
15281 16.36
15282 0.4
15282 107.6
15282 2.08
15282 16.36
15283 0.4
15283 107.6
15283 2.08
15283 16.36
15284 0.4
15284 107.6
15284 2.08
15284 16.36
15287 0.4
15287 107.6
15287 2.08
15287 16.36
15288 0.4
15288 107.6
15288 2.08
15288 16.36
15294 0.4
15294 107.6
15294 2.08
15294 16.36
15295 0.4
15295 107.6
15295 2.08
15295 16.36
15296 0.4
15296 107.6
15296 2.08
15296 16.36
15297 0.4
15297 107.6
15297 2.08
15297 16.36
15298 0.4
15298 107.6
15298 2.08
15298 16.36
15299 0.4
15299 107.6
15299 2.08
15299 16.36
15300 0.4
15300 107.6
15300 2.08
15300 16.36
15301 0.4
15301 107.6
15301 2.08
15301 16.36
15373 0.4
15373 107.6
15373 2.08
15373 16.36
15374 0.4
15374 107.6
15374 2.08
15374 16.36
15375 0.4
15375 107.6
15375 2.08
15375 16.36
15376 0.4
15376 107.6
15376 2.08
15376 16.36
15377 0.4
15377 107.6
15377 2.08
15377 16.36
15378 0.4
15378 107.6
15378 2.08
15378 16.36
15379 0.4
15379 107.6
15379 2.08
15379 16.36
15380 0.4
15380 107.6
15380 2.08
15380 16.36
15381 0.4
15381 107.6
15381 2.08
15381 16.36
15382 0.4
15382 107.6
15382 2.08
15382 16.36
15383 0.4
15383 107.6
15383 2.08
15383 16.36
15384 0.4
15384 107.6
15384 2.08
15384 16.36
15385 0.4
15385 107.6
15385 2.08
15385 16.36
15386 0.4
15386 107.6
15386 2.08
15386 16.36
15387 0.4
15387 107.6
15387 2.08
15387 16.36
15388 0.4
15388 107.6
15388 2.08
15388 16.36
15389 0.4
15389 107.6
15389 2.08
15389 16.36
15390 0.4
15390 107.6
15390 2.08
15390 16.36
15391 0.4
15391 107.6
15391 2.08
15391 16.36
15392 0.4
15392 107.6
15392 2.08
15392 16.36
15393 0.4
15393 107.6
15393 2.08
15393 16.36
15394 0.4
15394 107.6
15394 2.08
15394 16.36
15395 0.4
15395 107.6
15395 2.08
15395 16.36
15396 0.4
15396 107.6
15396 2.08
15396 16.36
15397 0.4
15397 107.6
15397 2.08
15397 16.36
15398 0.4
15398 107.6
15398 2.08
15398 16.36
15399 0.4
15399 107.6
15399 2.08
15399 16.36
15400 0.4
15400 107.6
15400 2.08
15400 16.36
15401 0.4
15401 107.6
15401 2.08
15401 16.36
15404 0.4
15404 107.6
15404 2.08
15404 16.36
15405 0.4
15405 107.6
15405 2.08
15405 16.36
15406 0.4
15406 107.6
15406 2.08
15406 16.36
15411 0.4
15411 107.6
15411 2.08
15411 16.36
15412 0.4
15412 107.6
15412 2.08
15412 16.36
15413 0.4
15413 107.6
15413 2.08
15413 16.36
15414 0.4
15414 107.6
15414 2.08
15414 16.36
15415 0.4
15415 107.6
15415 2.08
15415 16.36
15416 0.4
15416 107.6
15416 2.08
15416 16.36
15417 0.4
15417 107.6
15417 2.08
15417 16.36
15418 0.4
15418 107.6
15418 2.08
15418 16.36
15489 0.4
15489 107.6
15489 2.08
15489 16.36
15490 0.4
15490 107.6
15490 2.08
15490 16.36
15491 0.4
15491 107.6
15491 2.08
15491 16.36
15492 0.4
15492 107.6
15492 2.08
15492 16.36
15493 0.4
15493 107.6
15493 2.08
15493 16.36
15494 0.4
15494 107.6
15494 2.08
15494 16.36
15495 0.4
15495 107.6
15495 2.08
15495 16.36
15496 0.4
15496 107.6
15496 2.08
15496 16.36
15497 0.4
15497 107.6
15497 2.08
15497 16.36
15498 0.4
15498 107.6
15498 2.08
15498 16.36
15499 0.4
15499 107.6
15499 2.08
15499 16.36
15500 0.4
15500 107.6
15500 2.08
15500 16.36
15501 0.4
15501 107.6
15501 2.08
15501 16.36
15502 0.4
15502 107.6
15502 2.08
15502 16.36
15503 0.4
15503 107.6
15503 2.08
15503 16.36
15504 0.4
15504 107.6
15504 2.08
15504 16.36
15505 0.4
15505 107.6
15505 2.08
15505 16.36
15506 0.4
15506 107.6
15506 2.08
15506 16.36
15507 0.4
15507 107.6
15507 2.08
15507 16.36
15508 0.4
15508 107.6
15508 2.08
15508 16.36
15509 0.4
15509 107.6
15509 2.08
15509 16.36
15510 0.4
15510 107.6
15510 2.08
15510 16.36
15511 0.4
15511 107.6
15511 2.08
15511 16.36
15512 0.4
15512 107.6
15512 2.08
15512 16.36
15513 0.4
15513 107.6
15513 2.08
15513 16.36
15514 0.4
15514 107.6
15514 2.08
15514 16.36
15515 0.4
15515 107.6
15515 2.08
15515 16.36
15516 0.4
15516 107.6
15516 2.08
15516 16.36
15517 0.4
15517 107.6
15517 2.08
15517 16.36
15518 0.4
15518 107.6
15518 2.08
15518 16.36
15519 0.4
15519 107.6
15519 2.08
15519 16.36
15520 0.4
15520 107.6
15520 2.08
15520 16.36
15521 0.4
15521 107.6
15521 2.08
15521 16.36
15522 0.4
15522 107.6
15522 2.08
15522 16.36
15523 0.4
15523 107.6
15523 2.08
15523 16.36
15524 0.4
15524 107.6
15524 2.08
15524 16.36
15525 0.4
15525 107.6
15525 2.08
15525 16.36
15526 0.4
15526 107.6
15526 2.08
15526 16.36
15527 0.4
15527 107.6
15527 2.08
15527 16.36
15528 0.4
15528 107.6
15528 2.08
15528 16.36
15529 0.4
15529 107.6
15529 2.08
15529 16.36
15530 0.4
15530 107.6
15530 2.08
15530 16.36
15531 0.4
15531 107.6
15531 2.08
15531 16.36
15532 0.4
15532 107.6
15532 2.08
15532 16.36
15533 0.4
15533 107.6
15533 2.08
15533 16.36
15534 0.4
15534 107.6
15534 2.08
15534 16.36
15607 0.4
15607 107.6
15607 2.08
15607 16.36
15608 0.4
15608 107.6
15608 2.08
15608 16.36
15609 0.4
15609 107.6
15609 2.08
15609 16.36
15610 0.4
15610 107.6
15610 2.08
15610 16.36
15611 0.4
15611 107.6
15611 2.08
15611 16.36
15612 0.4
15612 107.6
15612 2.08
15612 16.36
15613 0.4
15613 107.6
15613 2.08
15613 16.36
15614 0.4
15614 107.6
15614 2.08
15614 16.36
15615 0.4
15615 107.6
15615 2.08
15615 16.36
15616 0.4
15616 107.6
15616 2.08
15616 16.36
15617 0.4
15617 107.6
15617 2.08
15617 16.36
15618 0.4
15618 107.6
15618 2.08
15618 16.36
15619 0.4
15619 107.6
15619 2.08
15619 16.36
15620 0.4
15620 107.6
15620 2.08
15620 16.36
15621 0.4
15621 107.6
15621 2.08
15621 16.36
15622 0.4
15622 107.6
15622 2.08
15622 16.36
15623 0.4
15623 107.6
15623 2.08
15623 16.36
15624 0.4
15624 107.6
15624 2.08
15624 16.36
15625 0.4
15625 107.6
15625 2.08
15625 16.36
15626 0.4
15626 107.6
15626 2.08
15626 16.36
15627 0.4
15627 107.6
15627 2.08
15627 16.36
15628 0.4
15628 107.6
15628 2.08
15628 16.36
15629 0.4
15629 107.6
15629 2.08
15629 16.36
15630 0.4
15630 107.6
15630 2.08
15630 16.36
15631 0.4
15631 107.6
15631 2.08
15631 16.36
15632 0.4
15632 107.6
15632 2.08
15632 16.36
15633 0.4
15633 107.6
15633 2.08
15633 16.36
15634 0.4
15634 107.6
15634 2.08
15634 16.36
15635 0.4
15635 107.6
15635 2.08
15635 16.36
15636 0.4
15636 107.6
15636 2.08
15636 16.36
15637 0.4
15637 107.6
15637 2.08
15637 16.36
15638 0.4
15638 107.6
15638 2.08
15638 16.36
15639 0.4
15639 107.6
15639 2.08
15639 16.36
15640 0.4
15640 107.6
15640 2.08
15640 16.36
15641 0.4
15641 107.6
15641 2.08
15641 16.36
15642 0.4
15642 107.6
15642 2.08
15642 16.36
15643 0.4
15643 107.6
15643 2.08
15643 16.36
15644 0.4
15644 107.6
15644 2.08
15644 16.36
15645 0.4
15645 107.6
15645 2.08
15645 16.36
15646 0.4
15646 107.6
15646 2.08
15646 16.36
15647 0.4
15647 107.6
15647 2.08
15647 16.36
15648 0.4
15648 107.6
15648 2.08
15648 16.36
15649 0.4
15649 107.6
15649 2.08
15649 16.36
15650 0.4
15650 107.6
15650 2.08
15650 16.36
15651 0.4
15651 107.6
15651 2.08
15651 16.36
15727 0.4
15727 107.6
15727 2.08
15727 16.36
15728 0.4
15728 107.6
15728 2.08
15728 16.36
15729 0.4
15729 107.6
15729 2.08
15729 16.36
15730 0.4
15730 107.6
15730 2.08
15730 16.36
15731 0.4
15731 107.6
15731 2.08
15731 16.36
15732 0.4
15732 107.6
15732 2.08
15732 16.36
15733 0.4
15733 107.6
15733 2.08
15733 16.36
15734 0.4
15734 107.6
15734 2.08
15734 16.36
15735 0.4
15735 107.6
15735 2.08
15735 16.36
15736 0.4
15736 107.6
15736 2.08
15736 16.36
15737 0.4
15737 107.6
15737 2.08
15737 16.36
15738 0.4
15738 107.6
15738 2.08
15738 16.36
15739 0.4
15739 107.6
15739 2.08
15739 16.36
15740 0.4
15740 107.6
15740 2.08
15740 16.36
15741 0.4
15741 107.6
15741 2.08
15741 16.36
15742 0.4
15742 107.6
15742 2.08
15742 16.36
15743 0.4
15743 107.6
15743 2.08
15743 16.36
15744 0.4
15744 107.6
15744 2.08
15744 16.36
15745 0.4
15745 107.6
15745 2.08
15745 16.36
15746 0.4
15746 107.6
15746 2.08
15746 16.36
15747 0.4
15747 107.6
15747 2.08
15747 16.36
15748 0.4
15748 107.6
15748 2.08
15748 16.36
15749 0.4
15749 107.6
15749 2.08
15749 16.36
15750 0.4
15750 107.6
15750 2.08
15750 16.36
15751 0.4
15751 107.6
15751 2.08
15751 16.36
15752 0.4
15752 107.6
15752 2.08
15752 16.36
15753 0.4
15753 107.6
15753 2.08
15753 16.36
15754 0.4
15754 107.6
15754 2.08
15754 16.36
15755 0.4
15755 107.6
15755 2.08
15755 16.36
15756 0.4
15756 107.6
15756 2.08
15756 16.36
15757 0.4
15757 107.6
15757 2.08
15757 16.36
15758 0.4
15758 107.6
15758 2.08
15758 16.36
15759 0.4
15759 107.6
15759 2.08
15759 16.36
15760 0.4
15760 107.6
15760 2.08
15760 16.36
15763 0.4
15763 107.6
15763 2.08
15763 16.36
15764 0.4
15764 107.6
15764 2.08
15764 16.36
15842 0.4
15842 107.6
15842 2.08
15842 16.36
15843 0.4
15843 107.6
15843 2.08
15843 16.36
15844 0.4
15844 107.6
15844 2.08
15844 16.36
15845 0.4
15845 107.6
15845 2.08
15845 16.36
15846 0.4
15846 107.6
15846 2.08
15846 16.36
15847 0.4
15847 107.6
15847 2.08
15847 16.36
15848 0.4
15848 107.6
15848 2.08
15848 16.36
15849 0.4
15849 107.6
15849 2.08
15849 16.36
15850 0.4
15850 107.6
15850 2.08
15850 16.36
15851 0.4
15851 107.6
15851 2.08
15851 16.36
15852 0.4
15852 107.6
15852 2.08
15852 16.36
15853 0.4
15853 107.6
15853 2.08
15853 16.36
15854 0.4
15854 107.6
15854 2.08
15854 16.36
15855 0.4
15855 107.6
15855 2.08
15855 16.36
15856 0.4
15856 107.6
15856 2.08
15856 16.36
15857 0.4
15857 107.6
15857 2.08
15857 16.36
15858 0.4
15858 107.6
15858 2.08
15858 16.36
15859 0.4
15859 107.6
15859 2.08
15859 16.36
15860 0.4
15860 107.6
15860 2.08
15860 16.36
15861 0.4
15861 107.6
15861 2.08
15861 16.36
15862 0.4
15862 107.6
15862 2.08
15862 16.36
15863 0.4
15863 107.6
15863 2.08
15863 16.36
15864 0.4
15864 107.6
15864 2.08
15864 16.36
15865 0.4
15865 107.6
15865 2.08
15865 16.36
15866 0.4
15866 107.6
15866 2.08
15866 16.36
15867 0.4
15867 107.6
15867 2.08
15867 16.36
15868 0.4
15868 107.6
15868 2.08
15868 16.36
15869 0.4
15869 107.6
15869 2.08
15869 16.36
15870 0.4
15870 107.6
15870 2.08
15870 16.36
15871 0.4
15871 107.6
15871 2.08
15871 16.36
15872 0.4
15872 107.6
15872 2.08
15872 16.36
15873 0.4
15873 107.6
15873 2.08
15873 16.36
15874 0.4
15874 107.6
15874 2.08
15874 16.36
15875 0.4
15875 107.6
15875 2.08
15875 16.36
15878 0.4
15878 107.6
15878 2.08
15878 16.36
15879 0.4
15879 107.6
15879 2.08
15879 16.36
15880 0.4
15880 107.6
15880 2.08
15880 16.36
15956 0.4
15956 107.6
15956 2.08
15956 16.36
15957 0.4
15957 107.6
15957 2.08
15957 16.36
15958 0.4
15958 107.6
15958 2.08
15958 16.36
15959 0.4
15959 107.6
15959 2.08
15959 16.36
15960 0.4
15960 107.6
15960 2.08
15960 16.36
15961 0.4
15961 107.6
15961 2.08
15961 16.36
15962 0.4
15962 107.6
15962 2.08
15962 16.36
15963 0.4
15963 107.6
15963 2.08
15963 16.36
15964 0.4
15964 107.6
15964 2.08
15964 16.36
15965 0.4
15965 107.6
15965 2.08
15965 16.36
15966 0.4
15966 107.6
15966 2.08
15966 16.36
15967 0.4
15967 107.6
15967 2.08
15967 16.36
15968 0.4
15968 107.6
15968 2.08
15968 16.36
15969 0.4
15969 107.6
15969 2.08
15969 16.36
15970 0.4
15970 107.6
15970 2.08
15970 16.36
15971 0.4
15971 107.6
15971 2.08
15971 16.36
15972 0.4
15972 107.6
15972 2.08
15972 16.36
15973 0.4
15973 107.6
15973 2.08
15973 16.36
15974 0.4
15974 107.6
15974 2.08
15974 16.36
15975 0.4
15975 107.6
15975 2.08
15975 16.36
15976 0.4
15976 107.6
15976 2.08
15976 16.36
15977 0.4
15977 107.6
15977 2.08
15977 16.36
15978 0.4
15978 107.6
15978 2.08
15978 16.36
15979 0.4
15979 107.6
15979 2.08
15979 16.36
15980 0.4
15980 107.6
15980 2.08
15980 16.36
15981 0.4
15981 107.6
15981 2.08
15981 16.36
15982 0.4
15982 107.6
15982 2.08
15982 16.36
15983 0.4
15983 107.6
15983 2.08
15983 16.36
15984 0.4
15984 107.6
15984 2.08
15984 16.36
15985 0.4
15985 107.6
15985 2.08
15985 16.36
15986 0.4
15986 107.6
15986 2.08
15986 16.36
15987 0.4
15987 107.6
15987 2.08
15987 16.36
15988 0.4
15988 107.6
15988 2.08
15988 16.36
15989 0.4
15989 107.6
15989 2.08
15989 16.36
15992 0.4
15992 107.6
15992 2.08
15992 16.36
15993 0.4
15993 107.6
15993 2.08
15993 16.36
16068 0.4
16068 107.6
16068 2.08
16068 16.36
16069 0.4
16069 107.6
16069 2.08
16069 16.36
16070 0.4
16070 107.6
16070 2.08
16070 16.36
16071 0.4
16071 107.6
16071 2.08
16071 16.36
16072 0.4
16072 107.6
16072 2.08
16072 16.36
16073 0.4
16073 107.6
16073 2.08
16073 16.36
16074 0.4
16074 107.6
16074 2.08
16074 16.36
16075 0.4
16075 107.6
16075 2.08
16075 16.36
16076 0.4
16076 107.6
16076 2.08
16076 16.36
16077 0.4
16077 107.6
16077 2.08
16077 16.36
16078 0.4
16078 107.6
16078 2.08
16078 16.36
16079 0.4
16079 107.6
16079 2.08
16079 16.36
16080 0.4
16080 107.6
16080 2.08
16080 16.36
16081 0.4
16081 107.6
16081 2.08
16081 16.36
16082 0.4
16082 107.6
16082 2.08
16082 16.36
16083 0.4
16083 107.6
16083 2.08
16083 16.36
16084 0.4
16084 107.6
16084 2.08
16084 16.36
16085 0.4
16085 107.6
16085 2.08
16085 16.36
16086 0.4
16086 107.6
16086 2.08
16086 16.36
16087 0.4
16087 107.6
16087 2.08
16087 16.36
16088 0.4
16088 107.6
16088 2.08
16088 16.36
16089 0.4
16089 107.6
16089 2.08
16089 16.36
16090 0.4
16090 107.6
16090 2.08
16090 16.36
16091 0.4
16091 107.6
16091 2.08
16091 16.36
16092 0.4
16092 107.6
16092 2.08
16092 16.36
16093 0.4
16093 107.6
16093 2.08
16093 16.36
16094 0.4
16094 107.6
16094 2.08
16094 16.36
16095 0.4
16095 107.6
16095 2.08
16095 16.36
16096 0.4
16096 107.6
16096 2.08
16096 16.36
16097 0.4
16097 107.6
16097 2.08
16097 16.36
16098 0.4
16098 107.6
16098 2.08
16098 16.36
16099 0.4
16099 107.6
16099 2.08
16099 16.36
16100 0.4
16100 107.6
16100 2.08
16100 16.36
16101 0.4
16101 107.6
16101 2.08
16101 16.36
16104 0.4
16104 107.6
16104 2.08
16104 16.36
16105 0.4
16105 107.6
16105 2.08
16105 16.36
16180 0.4
16180 107.6
16180 2.08
16180 16.36
16181 0.4
16181 107.6
16181 2.08
16181 16.36
16182 0.4
16182 107.6
16182 2.08
16182 16.36
16183 0.4
16183 107.6
16183 2.08
16183 16.36
16184 0.4
16184 107.6
16184 2.08
16184 16.36
16185 0.4
16185 107.6
16185 2.08
16185 16.36
16186 0.4
16186 107.6
16186 2.08
16186 16.36
16187 0.4
16187 107.6
16187 2.08
16187 16.36
16188 0.4
16188 107.6
16188 2.08
16188 16.36
16189 0.4
16189 107.6
16189 2.08
16189 16.36
16190 0.4
16190 107.6
16190 2.08
16190 16.36
16191 0.4
16191 107.6
16191 2.08
16191 16.36
16192 0.4
16192 107.6
16192 2.08
16192 16.36
16193 0.4
16193 107.6
16193 2.08
16193 16.36
16194 0.4
16194 107.6
16194 2.08
16194 16.36
16195 0.4
16195 107.6
16195 2.08
16195 16.36
16196 0.4
16196 107.6
16196 2.08
16196 16.36
16197 0.4
16197 107.6
16197 2.08
16197 16.36
16198 0.4
16198 107.6
16198 2.08
16198 16.36
16199 0.4
16199 107.6
16199 2.08
16199 16.36
16200 0.4
16200 107.6
16200 2.08
16200 16.36
16201 0.4
16201 107.6
16201 2.08
16201 16.36
16202 0.4
16202 107.6
16202 2.08
16202 16.36
16203 0.4
16203 107.6
16203 2.08
16203 16.36
16204 0.4
16204 107.6
16204 2.08
16204 16.36
16205 0.4
16205 107.6
16205 2.08
16205 16.36
16206 0.4
16206 107.6
16206 2.08
16206 16.36
16207 0.4
16207 107.6
16207 2.08
16207 16.36
16208 0.4
16208 107.6
16208 2.08
16208 16.36
16209 0.4
16209 107.6
16209 2.08
16209 16.36
16210 0.4
16210 107.6
16210 2.08
16210 16.36
16211 0.4
16211 107.6
16211 2.08
16211 16.36
16212 0.4
16212 107.6
16212 2.08
16212 16.36
16213 0.4
16213 107.6
16213 2.08
16213 16.36
16216 0.4
16216 107.6
16216 2.08
16216 16.36
16291 0.4
16291 107.6
16291 2.08
16291 16.36
16292 0.4
16292 107.6
16292 2.08
16292 16.36
16293 0.4
16293 107.6
16293 2.08
16293 16.36
16294 0.4
16294 107.6
16294 2.08
16294 16.36
16295 0.4
16295 107.6
16295 2.08
16295 16.36
16296 0.4
16296 107.6
16296 2.08
16296 16.36
16297 0.4
16297 107.6
16297 2.08
16297 16.36
16298 0.4
16298 107.6
16298 2.08
16298 16.36
16299 0.4
16299 107.6
16299 2.08
16299 16.36
16300 0.4
16300 107.6
16300 2.08
16300 16.36
16301 0.4
16301 107.6
16301 2.08
16301 16.36
16302 0.4
16302 107.6
16302 2.08
16302 16.36
16303 0.4
16303 107.6
16303 2.08
16303 16.36
16304 0.4
16304 107.6
16304 2.08
16304 16.36
16305 0.4
16305 107.6
16305 2.08
16305 16.36
16306 0.4
16306 107.6
16306 2.08
16306 16.36
16307 0.4
16307 107.6
16307 2.08
16307 16.36
16308 0.4
16308 107.6
16308 2.08
16308 16.36
16309 0.4
16309 107.6
16309 2.08
16309 16.36
16310 0.4
16310 107.6
16310 2.08
16310 16.36
16311 0.4
16311 107.6
16311 2.08
16311 16.36
16312 0.4
16312 107.6
16312 2.08
16312 16.36
16313 0.4
16313 107.6
16313 2.08
16313 16.36
16314 0.4
16314 107.6
16314 2.08
16314 16.36
16315 0.4
16315 107.6
16315 2.08
16315 16.36
16316 0.4
16316 107.6
16316 2.08
16316 16.36
16317 0.4
16317 107.6
16317 2.08
16317 16.36
16318 0.4
16318 107.6
16318 2.08
16318 16.36
16319 0.4
16319 107.6
16319 2.08
16319 16.36
16320 0.4
16320 107.6
16320 2.08
16320 16.36
16321 0.4
16321 107.6
16321 2.08
16321 16.36
16322 0.4
16322 107.6
16322 2.08
16322 16.36
16323 0.4
16323 107.6
16323 2.08
16323 16.36
16324 0.4
16324 107.6
16324 2.08
16324 16.36
16400 0.4
16400 107.6
16400 2.08
16400 16.36
16401 0.4
16401 107.6
16401 2.08
16401 16.36
16402 0.4
16402 107.6
16402 2.08
16402 16.36
16403 0.4
16403 107.6
16403 2.08
16403 16.36
16404 0.4
16404 107.6
16404 2.08
16404 16.36
16405 0.4
16405 107.6
16405 2.08
16405 16.36
16406 0.4
16406 107.6
16406 2.08
16406 16.36
16407 0.4
16407 107.6
16407 2.08
16407 16.36
16408 0.4
16408 107.6
16408 2.08
16408 16.36
16409 0.4
16409 107.6
16409 2.08
16409 16.36
16410 0.4
16410 107.6
16410 2.08
16410 16.36
16411 0.4
16411 107.6
16411 2.08
16411 16.36
16412 0.4
16412 107.6
16412 2.08
16412 16.36
16413 0.4
16413 107.6
16413 2.08
16413 16.36
16414 0.4
16414 107.6
16414 2.08
16414 16.36
16415 0.4
16415 107.6
16415 2.08
16415 16.36
16416 0.4
16416 107.6
16416 2.08
16416 16.36
16417 0.4
16417 107.6
16417 2.08
16417 16.36
16418 0.4
16418 107.6
16418 2.08
16418 16.36
16419 0.4
16419 107.6
16419 2.08
16419 16.36
16420 0.4
16420 107.6
16420 2.08
16420 16.36
16421 0.4
16421 107.6
16421 2.08
16421 16.36
16422 0.4
16422 107.6
16422 2.08
16422 16.36
16423 0.4
16423 107.6
16423 2.08
16423 16.36
16424 0.4
16424 107.6
16424 2.08
16424 16.36
16425 0.4
16425 107.6
16425 2.08
16425 16.36
16426 0.4
16426 107.6
16426 2.08
16426 16.36
16427 0.4
16427 107.6
16427 2.08
16427 16.36
16428 0.4
16428 107.6
16428 2.08
16428 16.36
16429 0.4
16429 107.6
16429 2.08
16429 16.36
16430 0.4
16430 107.6
16430 2.08
16430 16.36
16431 0.4
16431 107.6
16431 2.08
16431 16.36
16432 0.4
16432 107.6
16432 2.08
16432 16.36
16433 0.4
16433 107.6
16433 2.08
16433 16.36
16434 0.4
16434 107.6
16434 2.08
16434 16.36
16435 0.4
16435 107.6
16435 2.08
16435 16.36
16436 0.4
16436 107.6
16436 2.08
16436 16.36
16437 0.4
16437 107.6
16437 2.08
16437 16.36
16510 0.4
16510 107.6
16510 2.08
16510 16.36
16511 0.4
16511 107.6
16511 2.08
16511 16.36
16512 0.4
16512 107.6
16512 2.08
16512 16.36
16513 0.4
16513 107.6
16513 2.08
16513 16.36
16514 0.4
16514 107.6
16514 2.08
16514 16.36
16515 0.4
16515 107.6
16515 2.08
16515 16.36
16516 0.4
16516 107.6
16516 2.08
16516 16.36
16517 0.4
16517 107.6
16517 2.08
16517 16.36
16518 0.4
16518 107.6
16518 2.08
16518 16.36
16519 0.4
16519 107.6
16519 2.08
16519 16.36
16520 0.4
16520 107.6
16520 2.08
16520 16.36
16521 0.4
16521 107.6
16521 2.08
16521 16.36
16522 0.4
16522 107.6
16522 2.08
16522 16.36
16523 0.4
16523 107.6
16523 2.08
16523 16.36
16524 0.4
16524 107.6
16524 2.08
16524 16.36
16525 0.4
16525 107.6
16525 2.08
16525 16.36
16526 0.4
16526 107.6
16526 2.08
16526 16.36
16527 0.4
16527 107.6
16527 2.08
16527 16.36
16528 0.4
16528 107.6
16528 2.08
16528 16.36
16529 0.4
16529 107.6
16529 2.08
16529 16.36
16530 0.4
16530 107.6
16530 2.08
16530 16.36
16531 0.4
16531 107.6
16531 2.08
16531 16.36
16532 0.4
16532 107.6
16532 2.08
16532 16.36
16533 0.4
16533 107.6
16533 2.08
16533 16.36
16534 0.4
16534 107.6
16534 2.08
16534 16.36
16535 0.4
16535 107.6
16535 2.08
16535 16.36
16536 0.4
16536 107.6
16536 2.08
16536 16.36
16537 0.4
16537 107.6
16537 2.08
16537 16.36
16538 0.4
16538 107.6
16538 2.08
16538 16.36
16539 0.4
16539 107.6
16539 2.08
16539 16.36
16540 0.4
16540 107.6
16540 2.08
16540 16.36
16541 0.4
16541 107.6
16541 2.08
16541 16.36
16542 0.4
16542 107.6
16542 2.08
16542 16.36
16543 0.4
16543 107.6
16543 2.08
16543 16.36
16544 0.4
16544 107.6
16544 2.08
16544 16.36
16545 0.4
16545 107.6
16545 2.08
16545 16.36
16620 0.4
16620 107.6
16620 2.08
16620 16.36
16621 0.4
16621 107.6
16621 2.08
16621 16.36
16622 0.4
16622 107.6
16622 2.08
16622 16.36
16623 0.4
16623 107.6
16623 2.08
16623 16.36
16624 0.4
16624 107.6
16624 2.08
16624 16.36
16625 0.4
16625 107.6
16625 2.08
16625 16.36
16626 0.4
16626 107.6
16626 2.08
16626 16.36
16627 0.4
16627 107.6
16627 2.08
16627 16.36
16628 0.4
16628 107.6
16628 2.08
16628 16.36
16629 0.4
16629 107.6
16629 2.08
16629 16.36
16630 0.4
16630 107.6
16630 2.08
16630 16.36
16631 0.4
16631 107.6
16631 2.08
16631 16.36
16632 0.4
16632 107.6
16632 2.08
16632 16.36
16633 0.4
16633 107.6
16633 2.08
16633 16.36
16634 0.4
16634 107.6
16634 2.08
16634 16.36
16635 0.4
16635 107.6
16635 2.08
16635 16.36
16636 0.4
16636 107.6
16636 2.08
16636 16.36
16637 0.4
16637 107.6
16637 2.08
16637 16.36
16638 0.4
16638 107.6
16638 2.08
16638 16.36
16639 0.4
16639 107.6
16639 2.08
16639 16.36
16640 0.4
16640 107.6
16640 2.08
16640 16.36
16641 0.4
16641 107.6
16641 2.08
16641 16.36
16642 0.4
16642 107.6
16642 2.08
16642 16.36
16643 0.4
16643 107.6
16643 2.08
16643 16.36
16644 0.4
16644 107.6
16644 2.08
16644 16.36
16645 0.4
16645 107.6
16645 2.08
16645 16.36
16646 0.4
16646 107.6
16646 2.08
16646 16.36
16647 0.4
16647 107.6
16647 2.08
16647 16.36
16648 0.4
16648 107.6
16648 2.08
16648 16.36
16649 0.4
16649 107.6
16649 2.08
16649 16.36
16650 0.4
16650 107.6
16650 2.08
16650 16.36
16651 0.4
16651 107.6
16651 2.08
16651 16.36
16652 0.4
16652 107.6
16652 2.08
16652 16.36
16653 0.4
16653 107.6
16653 2.08
16653 16.36
16654 0.4
16654 107.6
16654 2.08
16654 16.36
16655 0.4
16655 107.6
16655 2.08
16655 16.36
16737 0.4
16737 107.6
16737 2.08
16737 16.36
16738 0.4
16738 107.6
16738 2.08
16738 16.36
16739 0.4
16739 107.6
16739 2.08
16739 16.36
16740 0.4
16740 107.6
16740 2.08
16740 16.36
16744 0.4
16744 107.6
16744 2.08
16744 16.36
16745 0.4
16745 107.6
16745 2.08
16745 16.36
16746 0.4
16746 107.6
16746 2.08
16746 16.36
16747 0.4
16747 107.6
16747 2.08
16747 16.36
16748 0.4
16748 107.6
16748 2.08
16748 16.36
16749 0.4
16749 107.6
16749 2.08
16749 16.36
16750 0.4
16750 107.6
16750 2.08
16750 16.36
16751 0.4
16751 107.6
16751 2.08
16751 16.36
16752 0.4
16752 107.6
16752 2.08
16752 16.36
16753 0.4
16753 107.6
16753 2.08
16753 16.36
16754 0.4
16754 107.6
16754 2.08
16754 16.36
16755 0.4
16755 107.6
16755 2.08
16755 16.36
16756 0.4
16756 107.6
16756 2.08
16756 16.36
16757 0.4
16757 107.6
16757 2.08
16757 16.36
16758 0.4
16758 107.6
16758 2.08
16758 16.36
16759 0.4
16759 107.6
16759 2.08
16759 16.36
16760 0.4
16760 107.6
16760 2.08
16760 16.36
16761 0.4
16761 107.6
16761 2.08
16761 16.36
16762 0.4
16762 107.6
16762 2.08
16762 16.36
16763 0.4
16763 107.6
16763 2.08
16763 16.36
16847 0.4
16847 107.6
16847 2.08
16847 16.36
16848 0.4
16848 107.6
16848 2.08
16848 16.36
16849 0.4
16849 107.6
16849 2.08
16849 16.36
16850 0.4
16850 107.6
16850 2.08
16850 16.36
16851 0.4
16851 107.6
16851 2.08
16851 16.36
16854 0.4
16854 107.6
16854 2.08
16854 16.36
16855 0.4
16855 107.6
16855 2.08
16855 16.36
16856 0.4
16856 107.6
16856 2.08
16856 16.36
16857 0.4
16857 107.6
16857 2.08
16857 16.36
16858 0.4
16858 107.6
16858 2.08
16858 16.36
16859 0.4
16859 107.6
16859 2.08
16859 16.36
16860 0.4
16860 107.6
16860 2.08
16860 16.36
16861 0.4
16861 107.6
16861 2.08
16861 16.36
16862 0.4
16862 107.6
16862 2.08
16862 16.36
16863 0.4
16863 107.6
16863 2.08
16863 16.36
16864 0.4
16864 107.6
16864 2.08
16864 16.36
16865 0.4
16865 107.6
16865 2.08
16865 16.36
16866 0.4
16866 107.6
16866 2.08
16866 16.36
16867 0.4
16867 107.6
16867 2.08
16867 16.36
16868 0.4
16868 107.6
16868 2.08
16868 16.36
16869 0.4
16869 107.6
16869 2.08
16869 16.36
16870 0.4
16870 107.6
16870 2.08
16870 16.36
16871 0.4
16871 107.6
16871 2.08
16871 16.36
16872 0.4
16872 107.6
16872 2.08
16872 16.36
16958 0.4
16958 107.6
16958 2.08
16958 16.36
16959 0.4
16959 107.6
16959 2.08
16959 16.36
16960 0.4
16960 107.6
16960 2.08
16960 16.36
16961 0.4
16961 107.6
16961 2.08
16961 16.36
16965 0.4
16965 107.6
16965 2.08
16965 16.36
16966 0.4
16966 107.6
16966 2.08
16966 16.36
16967 0.4
16967 107.6
16967 2.08
16967 16.36
16968 0.4
16968 107.6
16968 2.08
16968 16.36
16969 0.4
16969 107.6
16969 2.08
16969 16.36
16970 0.4
16970 107.6
16970 2.08
16970 16.36
16971 0.4
16971 107.6
16971 2.08
16971 16.36
16972 0.4
16972 107.6
16972 2.08
16972 16.36
16973 0.4
16973 107.6
16973 2.08
16973 16.36
16974 0.4
16974 107.6
16974 2.08
16974 16.36
16975 0.4
16975 107.6
16975 2.08
16975 16.36
16976 0.4
16976 107.6
16976 2.08
16976 16.36
16977 0.4
16977 107.6
16977 2.08
16977 16.36
16978 0.4
16978 107.6
16978 2.08
16978 16.36
16979 0.4
16979 107.6
16979 2.08
16979 16.36
16980 0.4
16980 107.6
16980 2.08
16980 16.36
16981 0.4
16981 107.6
16981 2.08
16981 16.36
17062 0.4
17062 107.6
17062 2.08
17062 16.36
17063 0.4
17063 107.6
17063 2.08
17063 16.36
17064 0.4
17064 107.6
17064 2.08
17064 16.36
17065 0.4
17065 107.6
17065 2.08
17065 16.36
17066 0.4
17066 107.6
17066 2.08
17066 16.36
17067 0.4
17067 107.6
17067 2.08
17067 16.36
17068 0.4
17068 107.6
17068 2.08
17068 16.36
17069 0.4
17069 107.6
17069 2.08
17069 16.36
17070 0.4
17070 107.6
17070 2.08
17070 16.36
17071 0.4
17071 107.6
17071 2.08
17071 16.36
17072 0.4
17072 107.6
17072 2.08
17072 16.36
17073 0.4
17073 107.6
17073 2.08
17073 16.36
17074 0.4
17074 107.6
17074 2.08
17074 16.36
17075 0.4
17075 107.6
17075 2.08
17075 16.36
17076 0.4
17076 107.6
17076 2.08
17076 16.36
17077 0.4
17077 107.6
17077 2.08
17077 16.36
17078 0.4
17078 107.6
17078 2.08
17078 16.36
17079 0.4
17079 107.6
17079 2.08
17079 16.36
17080 0.4
17080 107.6
17080 2.08
17080 16.36
17081 0.4
17081 107.6
17081 2.08
17081 16.36
17082 0.4
17082 107.6
17082 2.08
17082 16.36
17083 0.4
17083 107.6
17083 2.08
17083 16.36
17084 0.4
17084 107.6
17084 2.08
17084 16.36
17085 0.4
17085 107.6
17085 2.08
17085 16.36
17086 0.4
17086 107.6
17086 2.08
17086 16.36
17087 0.4
17087 107.6
17087 2.08
17087 16.36
17088 0.4
17088 107.6
17088 2.08
17088 16.36
17170 0.4
17170 107.6
17170 2.08
17170 16.36
17171 0.4
17171 107.6
17171 2.08
17171 16.36
17172 0.4
17172 107.6
17172 2.08
17172 16.36
17173 0.4
17173 107.6
17173 2.08
17173 16.36
17174 0.4
17174 107.6
17174 2.08
17174 16.36
17175 0.4
17175 107.6
17175 2.08
17175 16.36
17176 0.4
17176 107.6
17176 2.08
17176 16.36
17177 0.4
17177 107.6
17177 2.08
17177 16.36
17178 0.4
17178 107.6
17178 2.08
17178 16.36
17179 0.4
17179 107.6
17179 2.08
17179 16.36
17180 0.4
17180 107.6
17180 2.08
17180 16.36
17181 0.4
17181 107.6
17181 2.08
17181 16.36
17182 0.4
17182 107.6
17182 2.08
17182 16.36
17183 0.4
17183 107.6
17183 2.08
17183 16.36
17184 0.4
17184 107.6
17184 2.08
17184 16.36
17185 0.4
17185 107.6
17185 2.08
17185 16.36
17186 0.4
17186 107.6
17186 2.08
17186 16.36
17187 0.4
17187 107.6
17187 2.08
17187 16.36
17188 0.4
17188 107.6
17188 2.08
17188 16.36
17189 0.4
17189 107.6
17189 2.08
17189 16.36
17190 0.4
17190 107.6
17190 2.08
17190 16.36
17191 0.4
17191 107.6
17191 2.08
17191 16.36
17192 0.4
17192 107.6
17192 2.08
17192 16.36
17193 0.4
17193 107.6
17193 2.08
17193 16.36
17194 0.4
17194 107.6
17194 2.08
17194 16.36
17274 0.4
17274 107.6
17274 2.08
17274 16.36
17275 0.4
17275 107.6
17275 2.08
17275 16.36
17276 0.4
17276 107.6
17276 2.08
17276 16.36
17277 0.4
17277 107.6
17277 2.08
17277 16.36
17278 0.4
17278 107.6
17278 2.08
17278 16.36
17279 0.4
17279 107.6
17279 2.08
17279 16.36
17280 0.4
17280 107.6
17280 2.08
17280 16.36
17281 0.4
17281 107.6
17281 2.08
17281 16.36
17282 0.4
17282 107.6
17282 2.08
17282 16.36
17283 0.4
17283 107.6
17283 2.08
17283 16.36
17284 0.4
17284 107.6
17284 2.08
17284 16.36
17285 0.4
17285 107.6
17285 2.08
17285 16.36
17286 0.4
17286 107.6
17286 2.08
17286 16.36
17287 0.4
17287 107.6
17287 2.08
17287 16.36
17288 0.4
17288 107.6
17288 2.08
17288 16.36
17289 0.4
17289 107.6
17289 2.08
17289 16.36
17290 0.4
17290 107.6
17290 2.08
17290 16.36
17291 0.4
17291 107.6
17291 2.08
17291 16.36
17292 0.4
17292 107.6
17292 2.08
17292 16.36
17293 0.4
17293 107.6
17293 2.08
17293 16.36
17294 0.4
17294 107.6
17294 2.08
17294 16.36
17295 0.4
17295 107.6
17295 2.08
17295 16.36
17296 0.4
17296 107.6
17296 2.08
17296 16.36
17297 0.4
17297 107.6
17297 2.08
17297 16.36
17298 0.4
17298 107.6
17298 2.08
17298 16.36
17299 0.4
17299 107.6
17299 2.08
17299 16.36
17382 0.4
17382 107.6
17382 2.08
17382 16.36
17383 0.4
17383 107.6
17383 2.08
17383 16.36
17384 0.4
17384 107.6
17384 2.08
17384 16.36
17385 0.4
17385 107.6
17385 2.08
17385 16.36
17386 0.4
17386 107.6
17386 2.08
17386 16.36
17387 0.4
17387 107.6
17387 2.08
17387 16.36
17388 0.4
17388 107.6
17388 2.08
17388 16.36
17389 0.4
17389 107.6
17389 2.08
17389 16.36
17390 0.4
17390 107.6
17390 2.08
17390 16.36
17391 0.4
17391 107.6
17391 2.08
17391 16.36
17392 0.4
17392 107.6
17392 2.08
17392 16.36
17393 0.4
17393 107.6
17393 2.08
17393 16.36
17394 0.4
17394 107.6
17394 2.08
17394 16.36
17395 0.4
17395 107.6
17395 2.08
17395 16.36
17396 0.4
17396 107.6
17396 2.08
17396 16.36
17397 0.4
17397 107.6
17397 2.08
17397 16.36
17398 0.4
17398 107.6
17398 2.08
17398 16.36
17399 0.4
17399 107.6
17399 2.08
17399 16.36
17400 0.4
17400 107.6
17400 2.08
17400 16.36
17401 0.4
17401 107.6
17401 2.08
17401 16.36
17402 0.4
17402 107.6
17402 2.08
17402 16.36
17403 0.4
17403 107.6
17403 2.08
17403 16.36
17404 0.4
17404 107.6
17404 2.08
17404 16.36
17486 0.4
17486 107.6
17486 2.08
17486 16.36
17487 0.4
17487 107.6
17487 2.08
17487 16.36
17488 0.4
17488 107.6
17488 2.08
17488 16.36
17489 0.4
17489 107.6
17489 2.08
17489 16.36
17490 0.4
17490 107.6
17490 2.08
17490 16.36
17491 0.4
17491 107.6
17491 2.08
17491 16.36
17492 0.4
17492 107.6
17492 2.08
17492 16.36
17493 0.4
17493 107.6
17493 2.08
17493 16.36
17494 0.4
17494 107.6
17494 2.08
17494 16.36
17495 0.4
17495 107.6
17495 2.08
17495 16.36
17496 0.4
17496 107.6
17496 2.08
17496 16.36
17497 0.4
17497 107.6
17497 2.08
17497 16.36
17498 0.4
17498 107.6
17498 2.08
17498 16.36
17499 0.4
17499 107.6
17499 2.08
17499 16.36
17500 0.4
17500 107.6
17500 2.08
17500 16.36
17501 0.4
17501 107.6
17501 2.08
17501 16.36
17502 0.4
17502 107.6
17502 2.08
17502 16.36
17503 0.4
17503 107.6
17503 2.08
17503 16.36
17504 0.4
17504 107.6
17504 2.08
17504 16.36
17505 0.4
17505 107.6
17505 2.08
17505 16.36
17590 0.4
17590 107.6
17590 2.08
17590 16.36
17591 0.4
17591 107.6
17591 2.08
17591 16.36
17592 0.4
17592 107.6
17592 2.08
17592 16.36
17593 0.4
17593 107.6
17593 2.08
17593 16.36
17594 0.4
17594 107.6
17594 2.08
17594 16.36
17595 0.4
17595 107.6
17595 2.08
17595 16.36
17596 0.4
17596 107.6
17596 2.08
17596 16.36
17597 0.4
17597 107.6
17597 2.08
17597 16.36
17598 0.4
17598 107.6
17598 2.08
17598 16.36
17599 0.4
17599 107.6
17599 2.08
17599 16.36
17600 0.4
17600 107.6
17600 2.08
17600 16.36
17601 0.4
17601 107.6
17601 2.08
17601 16.36
17602 0.4
17602 107.6
17602 2.08
17602 16.36
17603 0.4
17603 107.6
17603 2.08
17603 16.36
