pt_graph cpue_kghour
12344 7.92
12344 1.4
12344 45.24
12344 29.04
12345 7.92
12345 1.4
12345 45.24
12345 29.04
12453 7.92
12453 1.4
12453 45.24
12453 29.04
12454 7.92
12454 1.4
12454 45.24
12454 29.04
12455 7.92
12455 1.4
12455 45.24
12455 29.04
12558 7.92
12558 1.4
12558 45.24
12558 29.04
12559 7.92
12559 1.4
12559 45.24
12559 29.04
12560 7.92
12560 1.4
12560 45.24
12560 29.04
12561 7.92
12561 1.4
12561 45.24
12561 29.04
12562 7.92
12562 1.4
12562 45.24
12562 29.04
12563 7.92
12563 1.4
12563 45.24
12563 29.04
12564 7.92
12564 1.4
12564 45.24
12564 29.04
12666 7.92
12666 1.4
12666 45.24
12666 29.04
12667 7.92
12667 1.4
12667 45.24
12667 29.04
12668 7.92
12668 1.4
12668 45.24
12668 29.04
12669 7.92
12669 1.4
12669 45.24
12669 29.04
12670 7.92
12670 1.4
12670 45.24
12670 29.04
12671 7.92
12671 1.4
12671 45.24
12671 29.04
12672 7.92
12672 1.4
12672 45.24
12672 29.04
12673 7.92
12673 1.4
12673 45.24
12673 29.04
12771 7.92
12771 1.4
12771 45.24
12771 29.04
12772 7.92
12772 1.4
12772 45.24
12772 29.04
12773 7.92
12773 1.4
12773 45.24
12773 29.04
12774 7.92
12774 1.4
12774 45.24
12774 29.04
12775 7.92
12775 1.4
12775 45.24
12775 29.04
12776 7.92
12776 1.4
12776 45.24
12776 29.04
12777 7.92
12777 1.4
12777 45.24
12777 29.04
12778 7.92
12778 1.4
12778 45.24
12778 29.04
12873 7.92
12873 1.4
12873 45.24
12873 29.04
12874 7.92
12874 1.4
12874 45.24
12874 29.04
12875 7.92
12875 1.4
12875 45.24
12875 29.04
12876 7.92
12876 1.4
12876 45.24
12876 29.04
12877 7.92
12877 1.4
12877 45.24
12877 29.04
12878 7.92
12878 1.4
12878 45.24
12878 29.04
12879 7.92
12879 1.4
12879 45.24
12879 29.04
12880 7.92
12880 1.4
12880 45.24
12880 29.04
12881 7.92
12881 1.4
12881 45.24
12881 29.04
12882 7.92
12882 1.4
12882 45.24
12882 29.04
12883 7.92
12883 1.4
12883 45.24
12883 29.04
12981 7.92
12981 1.4
12981 45.24
12981 29.04
12982 7.92
12982 1.4
12982 45.24
12982 29.04
12983 7.92
12983 1.4
12983 45.24
12983 29.04
12984 7.92
12984 1.4
12984 45.24
12984 29.04
12985 7.92
12985 1.4
12985 45.24
12985 29.04
12986 7.92
12986 1.4
12986 45.24
12986 29.04
12987 7.92
12987 1.4
12987 45.24
12987 29.04
12988 7.92
12988 1.4
12988 45.24
12988 29.04
12989 7.92
12989 1.4
12989 45.24
12989 29.04
12990 7.92
12990 1.4
12990 45.24
12990 29.04
12991 7.92
12991 1.4
12991 45.24
12991 29.04
13086 7.92
13086 1.4
13086 45.24
13086 29.04
13087 7.92
13087 1.4
13087 45.24
13087 29.04
13088 7.92
13088 1.4
13088 45.24
13088 29.04
13089 7.92
13089 1.4
13089 45.24
13089 29.04
13090 7.92
13090 1.4
13090 45.24
13090 29.04
13091 7.92
13091 1.4
13091 45.24
13091 29.04
13092 7.92
13092 1.4
13092 45.24
13092 29.04
13093 7.92
13093 1.4
13093 45.24
13093 29.04
13094 7.92
13094 1.4
13094 45.24
13094 29.04
13095 7.92
13095 1.4
13095 45.24
13095 29.04
13096 7.92
13096 1.4
13096 45.24
13096 29.04
13097 7.92
13097 1.4
13097 45.24
13097 29.04
13098 7.92
13098 1.4
13098 45.24
13098 29.04
13099 7.92
13099 1.4
13099 45.24
13099 29.04
13197 7.92
13197 1.4
13197 45.24
13197 29.04
13198 7.92
13198 1.4
13198 45.24
13198 29.04
13199 7.92
13199 1.4
13199 45.24
13199 29.04
13200 7.92
13200 1.4
13200 45.24
13200 29.04
13201 7.92
13201 1.4
13201 45.24
13201 29.04
13202 7.92
13202 1.4
13202 45.24
13202 29.04
13203 7.92
13203 1.4
13203 45.24
13203 29.04
13204 7.92
13204 1.4
13204 45.24
13204 29.04
13205 7.92
13205 1.4
13205 45.24
13205 29.04
13206 7.92
13206 1.4
13206 45.24
13206 29.04
13207 7.92
13207 1.4
13207 45.24
13207 29.04
13208 7.92
13208 1.4
13208 45.24
13208 29.04
13209 7.92
13209 1.4
13209 45.24
13209 29.04
13210 7.92
13210 1.4
13210 45.24
13210 29.04
13304 7.92
13304 1.4
13304 45.24
13304 29.04
13305 7.92
13305 1.4
13305 45.24
13305 29.04
13306 7.92
13306 1.4
13306 45.24
13306 29.04
13307 7.92
13307 1.4
13307 45.24
13307 29.04
13308 7.92
13308 1.4
13308 45.24
13308 29.04
13309 7.92
13309 1.4
13309 45.24
13309 29.04
13310 7.92
13310 1.4
13310 45.24
13310 29.04
13311 7.92
13311 1.4
13311 45.24
13311 29.04
13312 7.92
13312 1.4
13312 45.24
13312 29.04
13313 7.92
13313 1.4
13313 45.24
13313 29.04
13314 7.92
13314 1.4
13314 45.24
13314 29.04
13315 7.92
13315 1.4
13315 45.24
13315 29.04
13316 7.92
13316 1.4
13316 45.24
13316 29.04
13317 7.92
13317 1.4
13317 45.24
13317 29.04
13318 7.92
13318 1.4
13318 45.24
13318 29.04
13319 7.92
13319 1.4
13319 45.24
13319 29.04
13320 7.92
13320 1.4
13320 45.24
13320 29.04
13321 7.92
13321 1.4
13321 45.24
13321 29.04
13414 7.92
13414 1.4
13414 45.24
13414 29.04
13415 7.92
13415 1.4
13415 45.24
13415 29.04
13416 7.92
13416 1.4
13416 45.24
13416 29.04
13417 7.92
13417 1.4
13417 45.24
13417 29.04
13418 7.92
13418 1.4
13418 45.24
13418 29.04
13419 7.92
13419 1.4
13419 45.24
13419 29.04
13420 7.92
13420 1.4
13420 45.24
13420 29.04
13421 7.92
13421 1.4
13421 45.24
13421 29.04
13422 7.92
13422 1.4
13422 45.24
13422 29.04
13423 7.92
13423 1.4
13423 45.24
13423 29.04
13424 7.92
13424 1.4
13424 45.24
13424 29.04
13425 7.92
13425 1.4
13425 45.24
13425 29.04
13426 7.92
13426 1.4
13426 45.24
13426 29.04
13427 7.92
13427 1.4
13427 45.24
13427 29.04
13428 7.92
13428 1.4
13428 45.24
13428 29.04
13429 7.92
13429 1.4
13429 45.24
13429 29.04
13430 7.92
13430 1.4
13430 45.24
13430 29.04
13431 7.92
13431 1.4
13431 45.24
13431 29.04
13432 7.92
13432 1.4
13432 45.24
13432 29.04
13525 7.92
13525 1.4
13525 45.24
13525 29.04
13526 7.92
13526 1.4
13526 45.24
13526 29.04
13527 7.92
13527 1.4
13527 45.24
13527 29.04
13528 7.92
13528 1.4
13528 45.24
13528 29.04
13529 7.92
13529 1.4
13529 45.24
13529 29.04
13530 7.92
13530 1.4
13530 45.24
13530 29.04
13531 7.92
13531 1.4
13531 45.24
13531 29.04
13532 7.92
13532 1.4
13532 45.24
13532 29.04
13533 7.92
13533 1.4
13533 45.24
13533 29.04
13534 7.92
13534 1.4
13534 45.24
13534 29.04
13535 7.92
13535 1.4
13535 45.24
13535 29.04
13536 7.92
13536 1.4
13536 45.24
13536 29.04
13537 7.92
13537 1.4
13537 45.24
13537 29.04
13538 7.92
13538 1.4
13538 45.24
13538 29.04
13539 7.92
13539 1.4
13539 45.24
13539 29.04
13540 7.92
13540 1.4
13540 45.24
13540 29.04
13541 7.92
13541 1.4
13541 45.24
13541 29.04
13542 7.92
13542 1.4
13542 45.24
13542 29.04
13543 7.92
13543 1.4
13543 45.24
13543 29.04
13630 7.92
13630 1.4
13630 45.24
13630 29.04
13631 7.92
13631 1.4
13631 45.24
13631 29.04
13632 7.92
13632 1.4
13632 45.24
13632 29.04
13633 7.92
13633 1.4
13633 45.24
13633 29.04
13634 7.92
13634 1.4
13634 45.24
13634 29.04
13635 7.92
13635 1.4
13635 45.24
13635 29.04
13636 7.92
13636 1.4
13636 45.24
13636 29.04
13637 7.92
13637 1.4
13637 45.24
13637 29.04
13638 7.92
13638 1.4
13638 45.24
13638 29.04
13639 7.92
13639 1.4
13639 45.24
13639 29.04
13640 7.92
13640 1.4
13640 45.24
13640 29.04
13641 7.92
13641 1.4
13641 45.24
13641 29.04
13642 7.92
13642 1.4
13642 45.24
13642 29.04
13643 7.92
13643 1.4
13643 45.24
13643 29.04
13644 7.92
13644 1.4
13644 45.24
13644 29.04
13645 7.92
13645 1.4
13645 45.24
13645 29.04
13646 7.92
13646 1.4
13646 45.24
13646 29.04
13647 7.92
13647 1.4
13647 45.24
13647 29.04
13648 7.92
13648 1.4
13648 45.24
13648 29.04
13649 7.92
13649 1.4
13649 45.24
13649 29.04
13650 7.92
13650 1.4
13650 45.24
13650 29.04
13651 7.92
13651 1.4
13651 45.24
13651 29.04
13652 7.92
13652 1.4
13652 45.24
13652 29.04
13741 7.92
13741 1.4
13741 45.24
13741 29.04
13742 7.92
13742 1.4
13742 45.24
13742 29.04
13743 7.92
13743 1.4
13743 45.24
13743 29.04
13744 7.92
13744 1.4
13744 45.24
13744 29.04
13745 7.92
13745 1.4
13745 45.24
13745 29.04
13746 7.92
13746 1.4
13746 45.24
13746 29.04
13747 7.92
13747 1.4
13747 45.24
13747 29.04
13748 7.92
13748 1.4
13748 45.24
13748 29.04
13749 7.92
13749 1.4
13749 45.24
13749 29.04
13750 7.92
13750 1.4
13750 45.24
13750 29.04
13751 7.92
13751 1.4
13751 45.24
13751 29.04
13752 7.92
13752 1.4
13752 45.24
13752 29.04
13753 7.92
13753 1.4
13753 45.24
13753 29.04
13754 7.92
13754 1.4
13754 45.24
13754 29.04
13755 7.92
13755 1.4
13755 45.24
13755 29.04
13756 7.92
13756 1.4
13756 45.24
13756 29.04
13757 7.92
13757 1.4
13757 45.24
13757 29.04
13758 7.92
13758 1.4
13758 45.24
13758 29.04
13759 7.92
13759 1.4
13759 45.24
13759 29.04
13760 7.92
13760 1.4
13760 45.24
13760 29.04
13761 7.92
13761 1.4
13761 45.24
13761 29.04
13762 7.92
13762 1.4
13762 45.24
13762 29.04
13763 7.92
13763 1.4
13763 45.24
13763 29.04
13850 7.92
13850 1.4
13850 45.24
13850 29.04
13851 7.92
13851 1.4
13851 45.24
13851 29.04
13852 7.92
13852 1.4
13852 45.24
13852 29.04
13853 7.92
13853 1.4
13853 45.24
13853 29.04
13854 7.92
13854 1.4
13854 45.24
13854 29.04
13855 7.92
13855 1.4
13855 45.24
13855 29.04
13856 7.92
13856 1.4
13856 45.24
13856 29.04
13857 7.92
13857 1.4
13857 45.24
13857 29.04
13858 7.92
13858 1.4
13858 45.24
13858 29.04
13859 7.92
13859 1.4
13859 45.24
13859 29.04
13860 7.92
13860 1.4
13860 45.24
13860 29.04
13861 7.92
13861 1.4
13861 45.24
13861 29.04
13862 7.92
13862 1.4
13862 45.24
13862 29.04
13863 7.92
13863 1.4
13863 45.24
13863 29.04
13864 7.92
13864 1.4
13864 45.24
13864 29.04
13865 7.92
13865 1.4
13865 45.24
13865 29.04
13866 7.92
13866 1.4
13866 45.24
13866 29.04
13867 7.92
13867 1.4
13867 45.24
13867 29.04
13868 7.92
13868 1.4
13868 45.24
13868 29.04
13869 7.92
13869 1.4
13869 45.24
13869 29.04
13870 7.92
13870 1.4
13870 45.24
13870 29.04
13871 7.92
13871 1.4
13871 45.24
13871 29.04
13872 7.92
13872 1.4
13872 45.24
13872 29.04
13873 7.92
13873 1.4
13873 45.24
13873 29.04
13874 7.92
13874 1.4
13874 45.24
13874 29.04
13875 7.92
13875 1.4
13875 45.24
13875 29.04
13963 7.92
13963 1.4
13963 45.24
13963 29.04
13964 7.92
13964 1.4
13964 45.24
13964 29.04
13965 7.92
13965 1.4
13965 45.24
13965 29.04
13966 7.92
13966 1.4
13966 45.24
13966 29.04
13967 7.92
13967 1.4
13967 45.24
13967 29.04
13968 7.92
13968 1.4
13968 45.24
13968 29.04
13969 7.92
13969 1.4
13969 45.24
13969 29.04
13970 7.92
13970 1.4
13970 45.24
13970 29.04
13971 7.92
13971 1.4
13971 45.24
13971 29.04
13972 7.92
13972 1.4
13972 45.24
13972 29.04
13973 7.92
13973 1.4
13973 45.24
13973 29.04
13974 7.92
13974 1.4
13974 45.24
13974 29.04
13975 7.92
13975 1.4
13975 45.24
13975 29.04
13976 7.92
13976 1.4
13976 45.24
13976 29.04
13977 7.92
13977 1.4
13977 45.24
13977 29.04
13978 7.92
13978 1.4
13978 45.24
13978 29.04
13979 7.92
13979 1.4
13979 45.24
13979 29.04
13980 7.92
13980 1.4
13980 45.24
13980 29.04
13981 7.92
13981 1.4
13981 45.24
13981 29.04
13982 7.92
13982 1.4
13982 45.24
13982 29.04
13983 7.92
13983 1.4
13983 45.24
13983 29.04
13984 7.92
13984 1.4
13984 45.24
13984 29.04
13985 7.92
13985 1.4
13985 45.24
13985 29.04
13986 7.92
13986 1.4
13986 45.24
13986 29.04
13987 7.92
13987 1.4
13987 45.24
13987 29.04
13988 7.92
13988 1.4
13988 45.24
13988 29.04
14075 7.92
14075 1.4
14075 45.24
14075 29.04
14076 7.92
14076 1.4
14076 45.24
14076 29.04
14077 7.92
14077 1.4
14077 45.24
14077 29.04
14078 7.92
14078 1.4
14078 45.24
14078 29.04
14079 7.92
14079 1.4
14079 45.24
14079 29.04
14080 7.92
14080 1.4
14080 45.24
14080 29.04
14081 7.92
14081 1.4
14081 45.24
14081 29.04
14082 7.92
14082 1.4
14082 45.24
14082 29.04
14083 7.92
14083 1.4
14083 45.24
14083 29.04
14084 7.92
14084 1.4
14084 45.24
14084 29.04
14085 7.92
14085 1.4
14085 45.24
14085 29.04
14086 7.92
14086 1.4
14086 45.24
14086 29.04
14087 7.92
14087 1.4
14087 45.24
14087 29.04
14088 7.92
14088 1.4
14088 45.24
14088 29.04
14089 7.92
14089 1.4
14089 45.24
14089 29.04
14090 7.92
14090 1.4
14090 45.24
14090 29.04
14091 7.92
14091 1.4
14091 45.24
14091 29.04
14092 7.92
14092 1.4
14092 45.24
14092 29.04
14097 7.92
14097 1.4
14097 45.24
14097 29.04
14098 7.92
14098 1.4
14098 45.24
14098 29.04
14099 7.92
14099 1.4
14099 45.24
14099 29.04
14100 7.92
14100 1.4
14100 45.24
14100 29.04
14101 7.92
14101 1.4
14101 45.24
14101 29.04
14190 7.92
14190 1.4
14190 45.24
14190 29.04
14191 7.92
14191 1.4
14191 45.24
14191 29.04
14192 7.92
14192 1.4
14192 45.24
14192 29.04
14193 7.92
14193 1.4
14193 45.24
14193 29.04
14194 7.92
14194 1.4
14194 45.24
14194 29.04
14195 7.92
14195 1.4
14195 45.24
14195 29.04
14196 7.92
14196 1.4
14196 45.24
14196 29.04
14197 7.92
14197 1.4
14197 45.24
14197 29.04
14198 7.92
14198 1.4
14198 45.24
14198 29.04
14199 7.92
14199 1.4
14199 45.24
14199 29.04
14200 7.92
14200 1.4
14200 45.24
14200 29.04
14201 7.92
14201 1.4
14201 45.24
14201 29.04
14202 7.92
14202 1.4
14202 45.24
14202 29.04
14203 7.92
14203 1.4
14203 45.24
14203 29.04
14204 7.92
14204 1.4
14204 45.24
14204 29.04
14205 7.92
14205 1.4
14205 45.24
14205 29.04
14206 7.92
14206 1.4
14206 45.24
14206 29.04
14207 7.92
14207 1.4
14207 45.24
14207 29.04
14208 7.92
14208 1.4
14208 45.24
14208 29.04
14213 7.92
14213 1.4
14213 45.24
14213 29.04
14214 7.92
14214 1.4
14214 45.24
14214 29.04
14215 7.92
14215 1.4
14215 45.24
14215 29.04
14216 7.92
14216 1.4
14216 45.24
14216 29.04
14217 7.92
14217 1.4
14217 45.24
14217 29.04
14306 7.92
14306 1.4
14306 45.24
14306 29.04
14307 7.92
14307 1.4
14307 45.24
14307 29.04
14308 7.92
14308 1.4
14308 45.24
14308 29.04
14309 7.92
14309 1.4
14309 45.24
14309 29.04
14310 7.92
14310 1.4
14310 45.24
14310 29.04
14311 7.92
14311 1.4
14311 45.24
14311 29.04
14312 7.92
14312 1.4
14312 45.24
14312 29.04
14313 7.92
14313 1.4
14313 45.24
14313 29.04
14314 7.92
14314 1.4
14314 45.24
14314 29.04
14315 7.92
14315 1.4
14315 45.24
14315 29.04
14316 7.92
14316 1.4
14316 45.24
14316 29.04
14317 7.92
14317 1.4
14317 45.24
14317 29.04
14318 7.92
14318 1.4
14318 45.24
14318 29.04
14319 7.92
14319 1.4
14319 45.24
14319 29.04
14320 7.92
14320 1.4
14320 45.24
14320 29.04
14321 7.92
14321 1.4
14321 45.24
14321 29.04
14322 7.92
14322 1.4
14322 45.24
14322 29.04
14323 7.92
14323 1.4
14323 45.24
14323 29.04
14328 7.92
14328 1.4
14328 45.24
14328 29.04
14329 7.92
14329 1.4
14329 45.24
14329 29.04
14330 7.92
14330 1.4
14330 45.24
14330 29.04
14331 7.92
14331 1.4
14331 45.24
14331 29.04
14332 7.92
14332 1.4
14332 45.24
14332 29.04
14333 7.92
14333 1.4
14333 45.24
14333 29.04
14416 7.92
14416 1.4
14416 45.24
14416 29.04
14417 7.92
14417 1.4
14417 45.24
14417 29.04
14418 7.92
14418 1.4
14418 45.24
14418 29.04
14419 7.92
14419 1.4
14419 45.24
14419 29.04
14420 7.92
14420 1.4
14420 45.24
14420 29.04
14421 7.92
14421 1.4
14421 45.24
14421 29.04
14422 7.92
14422 1.4
14422 45.24
14422 29.04
14423 7.92
14423 1.4
14423 45.24
14423 29.04
14424 7.92
14424 1.4
14424 45.24
14424 29.04
14425 7.92
14425 1.4
14425 45.24
14425 29.04
14426 7.92
14426 1.4
14426 45.24
14426 29.04
14427 7.92
14427 1.4
14427 45.24
14427 29.04
14428 7.92
14428 1.4
14428 45.24
14428 29.04
14429 7.92
14429 1.4
14429 45.24
14429 29.04
14430 7.92
14430 1.4
14430 45.24
14430 29.04
14431 7.92
14431 1.4
14431 45.24
14431 29.04
14432 7.92
14432 1.4
14432 45.24
14432 29.04
14433 7.92
14433 1.4
14433 45.24
14433 29.04
14434 7.92
14434 1.4
14434 45.24
14434 29.04
14435 7.92
14435 1.4
14435 45.24
14435 29.04
14436 7.92
14436 1.4
14436 45.24
14436 29.04
14437 7.92
14437 1.4
14437 45.24
14437 29.04
14438 7.92
14438 1.4
14438 45.24
14438 29.04
14441 7.92
14441 1.4
14441 45.24
14441 29.04
14442 7.92
14442 1.4
14442 45.24
14442 29.04
14445 7.92
14445 1.4
14445 45.24
14445 29.04
14446 7.92
14446 1.4
14446 45.24
14446 29.04
14447 7.92
14447 1.4
14447 45.24
14447 29.04
14531 7.92
14531 1.4
14531 45.24
14531 29.04
14532 7.92
14532 1.4
14532 45.24
14532 29.04
14533 7.92
14533 1.4
14533 45.24
14533 29.04
14534 7.92
14534 1.4
14534 45.24
14534 29.04
14535 7.92
14535 1.4
14535 45.24
14535 29.04
14536 7.92
14536 1.4
14536 45.24
14536 29.04
14537 7.92
14537 1.4
14537 45.24
14537 29.04
14538 7.92
14538 1.4
14538 45.24
14538 29.04
14539 7.92
14539 1.4
14539 45.24
14539 29.04
14540 7.92
14540 1.4
14540 45.24
14540 29.04
14541 7.92
14541 1.4
14541 45.24
14541 29.04
14542 7.92
14542 1.4
14542 45.24
14542 29.04
14543 7.92
14543 1.4
14543 45.24
14543 29.04
14544 7.92
14544 1.4
14544 45.24
14544 29.04
14545 7.92
14545 1.4
14545 45.24
14545 29.04
14546 7.92
14546 1.4
14546 45.24
14546 29.04
14547 7.92
14547 1.4
14547 45.24
14547 29.04
14548 7.92
14548 1.4
14548 45.24
14548 29.04
14549 7.92
14549 1.4
14549 45.24
14549 29.04
14550 7.92
14550 1.4
14550 45.24
14550 29.04
14551 7.92
14551 1.4
14551 45.24
14551 29.04
14552 7.92
14552 1.4
14552 45.24
14552 29.04
14555 7.92
14555 1.4
14555 45.24
14555 29.04
14556 7.92
14556 1.4
14556 45.24
14556 29.04
14559 7.92
14559 1.4
14559 45.24
14559 29.04
14560 7.92
14560 1.4
14560 45.24
14560 29.04
14561 7.92
14561 1.4
14561 45.24
14561 29.04
14562 7.92
14562 1.4
14562 45.24
14562 29.04
14645 7.92
14645 1.4
14645 45.24
14645 29.04
14646 7.92
14646 1.4
14646 45.24
14646 29.04
14647 7.92
14647 1.4
14647 45.24
14647 29.04
14648 7.92
14648 1.4
14648 45.24
14648 29.04
14649 7.92
14649 1.4
14649 45.24
14649 29.04
14650 7.92
14650 1.4
14650 45.24
14650 29.04
14651 7.92
14651 1.4
14651 45.24
14651 29.04
14652 7.92
14652 1.4
14652 45.24
14652 29.04
14653 7.92
14653 1.4
14653 45.24
14653 29.04
14654 7.92
14654 1.4
14654 45.24
14654 29.04
14655 7.92
14655 1.4
14655 45.24
14655 29.04
14656 7.92
14656 1.4
14656 45.24
14656 29.04
14657 7.92
14657 1.4
14657 45.24
14657 29.04
14658 7.92
14658 1.4
14658 45.24
14658 29.04
14659 7.92
14659 1.4
14659 45.24
14659 29.04
14660 7.92
14660 1.4
14660 45.24
14660 29.04
14661 7.92
14661 1.4
14661 45.24
14661 29.04
14662 7.92
14662 1.4
14662 45.24
14662 29.04
14663 7.92
14663 1.4
14663 45.24
14663 29.04
14664 7.92
14664 1.4
14664 45.24
14664 29.04
14665 7.92
14665 1.4
14665 45.24
14665 29.04
14666 7.92
14666 1.4
14666 45.24
14666 29.04
14667 7.92
14667 1.4
14667 45.24
14667 29.04
14668 7.92
14668 1.4
14668 45.24
14668 29.04
14669 7.92
14669 1.4
14669 45.24
14669 29.04
14670 7.92
14670 1.4
14670 45.24
14670 29.04
14671 7.92
14671 1.4
14671 45.24
14671 29.04
14672 7.92
14672 1.4
14672 45.24
14672 29.04
14673 7.92
14673 1.4
14673 45.24
14673 29.04
14674 7.92
14674 1.4
14674 45.24
14674 29.04
14675 7.92
14675 1.4
14675 45.24
14675 29.04
14676 7.92
14676 1.4
14676 45.24
14676 29.04
14763 7.92
14763 1.4
14763 45.24
14763 29.04
14764 7.92
14764 1.4
14764 45.24
14764 29.04
14765 7.92
14765 1.4
14765 45.24
14765 29.04
14766 7.92
14766 1.4
14766 45.24
14766 29.04
14767 7.92
14767 1.4
14767 45.24
14767 29.04
14768 7.92
14768 1.4
14768 45.24
14768 29.04
14769 7.92
14769 1.4
14769 45.24
14769 29.04
14770 7.92
14770 1.4
14770 45.24
14770 29.04
14771 7.92
14771 1.4
14771 45.24
14771 29.04
14772 7.92
14772 1.4
14772 45.24
14772 29.04
14773 7.92
14773 1.4
14773 45.24
14773 29.04
14774 7.92
14774 1.4
14774 45.24
14774 29.04
14775 7.92
14775 1.4
14775 45.24
14775 29.04
14776 7.92
14776 1.4
14776 45.24
14776 29.04
14777 7.92
14777 1.4
14777 45.24
14777 29.04
14778 7.92
14778 1.4
14778 45.24
14778 29.04
14779 7.92
14779 1.4
14779 45.24
14779 29.04
14780 7.92
14780 1.4
14780 45.24
14780 29.04
14781 7.92
14781 1.4
14781 45.24
14781 29.04
14782 7.92
14782 1.4
14782 45.24
14782 29.04
14783 7.92
14783 1.4
14783 45.24
14783 29.04
14784 7.92
14784 1.4
14784 45.24
14784 29.04
14785 7.92
14785 1.4
14785 45.24
14785 29.04
14786 7.92
14786 1.4
14786 45.24
14786 29.04
14787 7.92
14787 1.4
14787 45.24
14787 29.04
14788 7.92
14788 1.4
14788 45.24
14788 29.04
14789 7.92
14789 1.4
14789 45.24
14789 29.04
14790 7.92
14790 1.4
14790 45.24
14790 29.04
14791 7.92
14791 1.4
14791 45.24
14791 29.04
14792 7.92
14792 1.4
14792 45.24
14792 29.04
14793 7.92
14793 1.4
14793 45.24
14793 29.04
14794 7.92
14794 1.4
14794 45.24
14794 29.04
14888 7.92
14888 1.4
14888 45.24
14888 29.04
14889 7.92
14889 1.4
14889 45.24
14889 29.04
14890 7.92
14890 1.4
14890 45.24
14890 29.04
14891 7.92
14891 1.4
14891 45.24
14891 29.04
14892 7.92
14892 1.4
14892 45.24
14892 29.04
14893 7.92
14893 1.4
14893 45.24
14893 29.04
14894 7.92
14894 1.4
14894 45.24
14894 29.04
14895 7.92
14895 1.4
14895 45.24
14895 29.04
14896 7.92
14896 1.4
14896 45.24
14896 29.04
14897 7.92
14897 1.4
14897 45.24
14897 29.04
14898 7.92
14898 1.4
14898 45.24
14898 29.04
14899 7.92
14899 1.4
14899 45.24
14899 29.04
14900 7.92
14900 1.4
14900 45.24
14900 29.04
14901 7.92
14901 1.4
14901 45.24
14901 29.04
14902 7.92
14902 1.4
14902 45.24
14902 29.04
14903 7.92
14903 1.4
14903 45.24
14903 29.04
14904 7.92
14904 1.4
14904 45.24
14904 29.04
14905 7.92
14905 1.4
14905 45.24
14905 29.04
14906 7.92
14906 1.4
14906 45.24
14906 29.04
14907 7.92
14907 1.4
14907 45.24
14907 29.04
14908 7.92
14908 1.4
14908 45.24
14908 29.04
14909 7.92
14909 1.4
14909 45.24
14909 29.04
14910 7.92
14910 1.4
14910 45.24
14910 29.04
14911 7.92
14911 1.4
14911 45.24
14911 29.04
14912 7.92
14912 1.4
14912 45.24
14912 29.04
14913 7.92
14913 1.4
14913 45.24
14913 29.04
14914 7.92
14914 1.4
14914 45.24
14914 29.04
14915 7.92
14915 1.4
14915 45.24
14915 29.04
14916 7.92
14916 1.4
14916 45.24
14916 29.04
14917 7.92
14917 1.4
14917 45.24
14917 29.04
14918 7.92
14918 1.4
14918 45.24
14918 29.04
14919 7.92
14919 1.4
14919 45.24
14919 29.04
14920 7.92
14920 1.4
14920 45.24
14920 29.04
14921 7.92
14921 1.4
14921 45.24
14921 29.04
15016 7.92
15016 1.4
15016 45.24
15016 29.04
15017 7.92
15017 1.4
15017 45.24
15017 29.04
15018 7.92
15018 1.4
15018 45.24
15018 29.04
15019 7.92
15019 1.4
15019 45.24
15019 29.04
15020 7.92
15020 1.4
15020 45.24
15020 29.04
15021 7.92
15021 1.4
15021 45.24
15021 29.04
15022 7.92
15022 1.4
15022 45.24
15022 29.04
15023 7.92
15023 1.4
15023 45.24
15023 29.04
15024 7.92
15024 1.4
15024 45.24
15024 29.04
15025 7.92
15025 1.4
15025 45.24
15025 29.04
15026 7.92
15026 1.4
15026 45.24
15026 29.04
15027 7.92
15027 1.4
15027 45.24
15027 29.04
15028 7.92
15028 1.4
15028 45.24
15028 29.04
15029 7.92
15029 1.4
15029 45.24
15029 29.04
15030 7.92
15030 1.4
15030 45.24
15030 29.04
15031 7.92
15031 1.4
15031 45.24
15031 29.04
15032 7.92
15032 1.4
15032 45.24
15032 29.04
15033 7.92
15033 1.4
15033 45.24
15033 29.04
15034 7.92
15034 1.4
15034 45.24
15034 29.04
15035 7.92
15035 1.4
15035 45.24
15035 29.04
15036 7.92
15036 1.4
15036 45.24
15036 29.04
15037 7.92
15037 1.4
15037 45.24
15037 29.04
15038 7.92
15038 1.4
15038 45.24
15038 29.04
15039 7.92
15039 1.4
15039 45.24
15039 29.04
15040 7.92
15040 1.4
15040 45.24
15040 29.04
15041 7.92
15041 1.4
15041 45.24
15041 29.04
15042 7.92
15042 1.4
15042 45.24
15042 29.04
15043 7.92
15043 1.4
15043 45.24
15043 29.04
15044 7.92
15044 1.4
15044 45.24
15044 29.04
15045 7.92
15045 1.4
15045 45.24
15045 29.04
15046 7.92
15046 1.4
15046 45.24
15046 29.04
15047 7.92
15047 1.4
15047 45.24
15047 29.04
15048 7.92
15048 1.4
15048 45.24
15048 29.04
15049 7.92
15049 1.4
15049 45.24
15049 29.04
15140 7.92
15140 1.4
15140 45.24
15140 29.04
15141 7.92
15141 1.4
15141 45.24
15141 29.04
15142 7.92
15142 1.4
15142 45.24
15142 29.04
15143 7.92
15143 1.4
15143 45.24
15143 29.04
15144 7.92
15144 1.4
15144 45.24
15144 29.04
15145 7.92
15145 1.4
15145 45.24
15145 29.04
15146 7.92
15146 1.4
15146 45.24
15146 29.04
15147 7.92
15147 1.4
15147 45.24
15147 29.04
15148 7.92
15148 1.4
15148 45.24
15148 29.04
15149 7.92
15149 1.4
15149 45.24
15149 29.04
15150 7.92
15150 1.4
15150 45.24
15150 29.04
15151 7.92
15151 1.4
15151 45.24
15151 29.04
15152 7.92
15152 1.4
15152 45.24
15152 29.04
15153 7.92
15153 1.4
15153 45.24
15153 29.04
15154 7.92
15154 1.4
15154 45.24
15154 29.04
15155 7.92
15155 1.4
15155 45.24
15155 29.04
15156 7.92
15156 1.4
15156 45.24
15156 29.04
15157 7.92
15157 1.4
15157 45.24
15157 29.04
15158 7.92
15158 1.4
15158 45.24
15158 29.04
15159 7.92
15159 1.4
15159 45.24
15159 29.04
15160 7.92
15160 1.4
15160 45.24
15160 29.04
15161 7.92
15161 1.4
15161 45.24
15161 29.04
15162 7.92
15162 1.4
15162 45.24
15162 29.04
15163 7.92
15163 1.4
15163 45.24
15163 29.04
15164 7.92
15164 1.4
15164 45.24
15164 29.04
15165 7.92
15165 1.4
15165 45.24
15165 29.04
15166 7.92
15166 1.4
15166 45.24
15166 29.04
15167 7.92
15167 1.4
15167 45.24
15167 29.04
15168 7.92
15168 1.4
15168 45.24
15168 29.04
15169 7.92
15169 1.4
15169 45.24
15169 29.04
15170 7.92
15170 1.4
15170 45.24
15170 29.04
15171 7.92
15171 1.4
15171 45.24
15171 29.04
15172 7.92
15172 1.4
15172 45.24
15172 29.04
15261 7.92
15261 1.4
15261 45.24
15261 29.04
15262 7.92
15262 1.4
15262 45.24
15262 29.04
15263 7.92
15263 1.4
15263 45.24
15263 29.04
15264 7.92
15264 1.4
15264 45.24
15264 29.04
15265 7.92
15265 1.4
15265 45.24
15265 29.04
15266 7.92
15266 1.4
15266 45.24
15266 29.04
15267 7.92
15267 1.4
15267 45.24
15267 29.04
15268 7.92
15268 1.4
15268 45.24
15268 29.04
15269 7.92
15269 1.4
15269 45.24
15269 29.04
15270 7.92
15270 1.4
15270 45.24
15270 29.04
15271 7.92
15271 1.4
15271 45.24
15271 29.04
15272 7.92
15272 1.4
15272 45.24
15272 29.04
15273 7.92
15273 1.4
15273 45.24
15273 29.04
15274 7.92
15274 1.4
15274 45.24
15274 29.04
15275 7.92
15275 1.4
15275 45.24
15275 29.04
15276 7.92
15276 1.4
15276 45.24
15276 29.04
15277 7.92
15277 1.4
15277 45.24
15277 29.04
15278 7.92
15278 1.4
15278 45.24
15278 29.04
15279 7.92
15279 1.4
15279 45.24
15279 29.04
15280 7.92
15280 1.4
15280 45.24
15280 29.04
15281 7.92
15281 1.4
15281 45.24
15281 29.04
15282 7.92
15282 1.4
15282 45.24
15282 29.04
15283 7.92
15283 1.4
15283 45.24
15283 29.04
15284 7.92
15284 1.4
15284 45.24
15284 29.04
15285 7.92
15285 1.4
15285 45.24
15285 29.04
15286 7.92
15286 1.4
15286 45.24
15286 29.04
15287 7.92
15287 1.4
15287 45.24
15287 29.04
15288 7.92
15288 1.4
15288 45.24
15288 29.04
15289 7.92
15289 1.4
15289 45.24
15289 29.04
15290 7.92
15290 1.4
15290 45.24
15290 29.04
15291 7.92
15291 1.4
15291 45.24
15291 29.04
15292 7.92
15292 1.4
15292 45.24
15292 29.04
15293 7.92
15293 1.4
15293 45.24
15293 29.04
15294 7.92
15294 1.4
15294 45.24
15294 29.04
15379 7.92
15379 1.4
15379 45.24
15379 29.04
15380 7.92
15380 1.4
15380 45.24
15380 29.04
15381 7.92
15381 1.4
15381 45.24
15381 29.04
15382 7.92
15382 1.4
15382 45.24
15382 29.04
15383 7.92
15383 1.4
15383 45.24
15383 29.04
15384 7.92
15384 1.4
15384 45.24
15384 29.04
15385 7.92
15385 1.4
15385 45.24
15385 29.04
15386 7.92
15386 1.4
15386 45.24
15386 29.04
15387 7.92
15387 1.4
15387 45.24
15387 29.04
15388 7.92
15388 1.4
15388 45.24
15388 29.04
15389 7.92
15389 1.4
15389 45.24
15389 29.04
15390 7.92
15390 1.4
15390 45.24
15390 29.04
15391 7.92
15391 1.4
15391 45.24
15391 29.04
15392 7.92
15392 1.4
15392 45.24
15392 29.04
15393 7.92
15393 1.4
15393 45.24
15393 29.04
15394 7.92
15394 1.4
15394 45.24
15394 29.04
15395 7.92
15395 1.4
15395 45.24
15395 29.04
15396 7.92
15396 1.4
15396 45.24
15396 29.04
15397 7.92
15397 1.4
15397 45.24
15397 29.04
15398 7.92
15398 1.4
15398 45.24
15398 29.04
15399 7.92
15399 1.4
15399 45.24
15399 29.04
15400 7.92
15400 1.4
15400 45.24
15400 29.04
15401 7.92
15401 1.4
15401 45.24
15401 29.04
15402 7.92
15402 1.4
15402 45.24
15402 29.04
15403 7.92
15403 1.4
15403 45.24
15403 29.04
15404 7.92
15404 1.4
15404 45.24
15404 29.04
15405 7.92
15405 1.4
15405 45.24
15405 29.04
15406 7.92
15406 1.4
15406 45.24
15406 29.04
15407 7.92
15407 1.4
15407 45.24
15407 29.04
15408 7.92
15408 1.4
15408 45.24
15408 29.04
15409 7.92
15409 1.4
15409 45.24
15409 29.04
15410 7.92
15410 1.4
15410 45.24
15410 29.04
15411 7.92
15411 1.4
15411 45.24
15411 29.04
15493 7.92
15493 1.4
15493 45.24
15493 29.04
15494 7.92
15494 1.4
15494 45.24
15494 29.04
15495 7.92
15495 1.4
15495 45.24
15495 29.04
15496 7.92
15496 1.4
15496 45.24
15496 29.04
15497 7.92
15497 1.4
15497 45.24
15497 29.04
15498 7.92
15498 1.4
15498 45.24
15498 29.04
15499 7.92
15499 1.4
15499 45.24
15499 29.04
15500 7.92
15500 1.4
15500 45.24
15500 29.04
15501 7.92
15501 1.4
15501 45.24
15501 29.04
15502 7.92
15502 1.4
15502 45.24
15502 29.04
15503 7.92
15503 1.4
15503 45.24
15503 29.04
15504 7.92
15504 1.4
15504 45.24
15504 29.04
15505 7.92
15505 1.4
15505 45.24
15505 29.04
15506 7.92
15506 1.4
15506 45.24
15506 29.04
15507 7.92
15507 1.4
15507 45.24
15507 29.04
15508 7.92
15508 1.4
15508 45.24
15508 29.04
15509 7.92
15509 1.4
15509 45.24
15509 29.04
15510 7.92
15510 1.4
15510 45.24
15510 29.04
15511 7.92
15511 1.4
15511 45.24
15511 29.04
15512 7.92
15512 1.4
15512 45.24
15512 29.04
15513 7.92
15513 1.4
15513 45.24
15513 29.04
15514 7.92
15514 1.4
15514 45.24
15514 29.04
15515 7.92
15515 1.4
15515 45.24
15515 29.04
15516 7.92
15516 1.4
15516 45.24
15516 29.04
15517 7.92
15517 1.4
15517 45.24
15517 29.04
15518 7.92
15518 1.4
15518 45.24
15518 29.04
15519 7.92
15519 1.4
15519 45.24
15519 29.04
15520 7.92
15520 1.4
15520 45.24
15520 29.04
15521 7.92
15521 1.4
15521 45.24
15521 29.04
15522 7.92
15522 1.4
15522 45.24
15522 29.04
15523 7.92
15523 1.4
15523 45.24
15523 29.04
15524 7.92
15524 1.4
15524 45.24
15524 29.04
15525 7.92
15525 1.4
15525 45.24
15525 29.04
15526 7.92
15526 1.4
15526 45.24
15526 29.04
15527 7.92
15527 1.4
15527 45.24
15527 29.04
15528 7.92
15528 1.4
15528 45.24
15528 29.04
15529 7.92
15529 1.4
15529 45.24
15529 29.04
15611 7.92
15611 1.4
15611 45.24
15611 29.04
15612 7.92
15612 1.4
15612 45.24
15612 29.04
15613 7.92
15613 1.4
15613 45.24
15613 29.04
15614 7.92
15614 1.4
15614 45.24
15614 29.04
15615 7.92
15615 1.4
15615 45.24
15615 29.04
15616 7.92
15616 1.4
15616 45.24
15616 29.04
15617 7.92
15617 1.4
15617 45.24
15617 29.04
15618 7.92
15618 1.4
15618 45.24
15618 29.04
15619 7.92
15619 1.4
15619 45.24
15619 29.04
15620 7.92
15620 1.4
15620 45.24
15620 29.04
15621 7.92
15621 1.4
15621 45.24
15621 29.04
15622 7.92
15622 1.4
15622 45.24
15622 29.04
15623 7.92
15623 1.4
15623 45.24
15623 29.04
15624 7.92
15624 1.4
15624 45.24
15624 29.04
15625 7.92
15625 1.4
15625 45.24
15625 29.04
15626 7.92
15626 1.4
15626 45.24
15626 29.04
15627 7.92
15627 1.4
15627 45.24
15627 29.04
15628 7.92
15628 1.4
15628 45.24
15628 29.04
15629 7.92
15629 1.4
15629 45.24
15629 29.04
15630 7.92
15630 1.4
15630 45.24
15630 29.04
15631 7.92
15631 1.4
15631 45.24
15631 29.04
15632 7.92
15632 1.4
15632 45.24
15632 29.04
15633 7.92
15633 1.4
15633 45.24
15633 29.04
15634 7.92
15634 1.4
15634 45.24
15634 29.04
15635 7.92
15635 1.4
15635 45.24
15635 29.04
15636 7.92
15636 1.4
15636 45.24
15636 29.04
15637 7.92
15637 1.4
15637 45.24
15637 29.04
15638 7.92
15638 1.4
15638 45.24
15638 29.04
15639 7.92
15639 1.4
15639 45.24
15639 29.04
15640 7.92
15640 1.4
15640 45.24
15640 29.04
15641 7.92
15641 1.4
15641 45.24
15641 29.04
15642 7.92
15642 1.4
15642 45.24
15642 29.04
15643 7.92
15643 1.4
15643 45.24
15643 29.04
15644 7.92
15644 1.4
15644 45.24
15644 29.04
15645 7.92
15645 1.4
15645 45.24
15645 29.04
15646 7.92
15646 1.4
15646 45.24
15646 29.04
15726 7.92
15726 1.4
15726 45.24
15726 29.04
15727 7.92
15727 1.4
15727 45.24
15727 29.04
15728 7.92
15728 1.4
15728 45.24
15728 29.04
15729 7.92
15729 1.4
15729 45.24
15729 29.04
15730 7.92
15730 1.4
15730 45.24
15730 29.04
15731 7.92
15731 1.4
15731 45.24
15731 29.04
15732 7.92
15732 1.4
15732 45.24
15732 29.04
15733 7.92
15733 1.4
15733 45.24
15733 29.04
15734 7.92
15734 1.4
15734 45.24
15734 29.04
15735 7.92
15735 1.4
15735 45.24
15735 29.04
15736 7.92
15736 1.4
15736 45.24
15736 29.04
15737 7.92
15737 1.4
15737 45.24
15737 29.04
15738 7.92
15738 1.4
15738 45.24
15738 29.04
15739 7.92
15739 1.4
15739 45.24
15739 29.04
15740 7.92
15740 1.4
15740 45.24
15740 29.04
15741 7.92
15741 1.4
15741 45.24
15741 29.04
15742 7.92
15742 1.4
15742 45.24
15742 29.04
15743 7.92
15743 1.4
15743 45.24
15743 29.04
15744 7.92
15744 1.4
15744 45.24
15744 29.04
15745 7.92
15745 1.4
15745 45.24
15745 29.04
15746 7.92
15746 1.4
15746 45.24
15746 29.04
15747 7.92
15747 1.4
15747 45.24
15747 29.04
15748 7.92
15748 1.4
15748 45.24
15748 29.04
15749 7.92
15749 1.4
15749 45.24
15749 29.04
15750 7.92
15750 1.4
15750 45.24
15750 29.04
15751 7.92
15751 1.4
15751 45.24
15751 29.04
15752 7.92
15752 1.4
15752 45.24
15752 29.04
15753 7.92
15753 1.4
15753 45.24
15753 29.04
15754 7.92
15754 1.4
15754 45.24
15754 29.04
15755 7.92
15755 1.4
15755 45.24
15755 29.04
15756 7.92
15756 1.4
15756 45.24
15756 29.04
15757 7.92
15757 1.4
15757 45.24
15757 29.04
15758 7.92
15758 1.4
15758 45.24
15758 29.04
15759 7.92
15759 1.4
15759 45.24
15759 29.04
15760 7.92
15760 1.4
15760 45.24
15760 29.04
15761 7.92
15761 1.4
15761 45.24
15761 29.04
15842 7.92
15842 1.4
15842 45.24
15842 29.04
15843 7.92
15843 1.4
15843 45.24
15843 29.04
15844 7.92
15844 1.4
15844 45.24
15844 29.04
15845 7.92
15845 1.4
15845 45.24
15845 29.04
15846 7.92
15846 1.4
15846 45.24
15846 29.04
15847 7.92
15847 1.4
15847 45.24
15847 29.04
15848 7.92
15848 1.4
15848 45.24
15848 29.04
15849 7.92
15849 1.4
15849 45.24
15849 29.04
15850 7.92
15850 1.4
15850 45.24
15850 29.04
15851 7.92
15851 1.4
15851 45.24
15851 29.04
15852 7.92
15852 1.4
15852 45.24
15852 29.04
15853 7.92
15853 1.4
15853 45.24
15853 29.04
15854 7.92
15854 1.4
15854 45.24
15854 29.04
15855 7.92
15855 1.4
15855 45.24
15855 29.04
15856 7.92
15856 1.4
15856 45.24
15856 29.04
15857 7.92
15857 1.4
15857 45.24
15857 29.04
15858 7.92
15858 1.4
15858 45.24
15858 29.04
15859 7.92
15859 1.4
15859 45.24
15859 29.04
15860 7.92
15860 1.4
15860 45.24
15860 29.04
15861 7.92
15861 1.4
15861 45.24
15861 29.04
15862 7.92
15862 1.4
15862 45.24
15862 29.04
15863 7.92
15863 1.4
15863 45.24
15863 29.04
15864 7.92
15864 1.4
15864 45.24
15864 29.04
15865 7.92
15865 1.4
15865 45.24
15865 29.04
15866 7.92
15866 1.4
15866 45.24
15866 29.04
15867 7.92
15867 1.4
15867 45.24
15867 29.04
15868 7.92
15868 1.4
15868 45.24
15868 29.04
15869 7.92
15869 1.4
15869 45.24
15869 29.04
15870 7.92
15870 1.4
15870 45.24
15870 29.04
15871 7.92
15871 1.4
15871 45.24
15871 29.04
15872 7.92
15872 1.4
15872 45.24
15872 29.04
15873 7.92
15873 1.4
15873 45.24
15873 29.04
15874 7.92
15874 1.4
15874 45.24
15874 29.04
15875 7.92
15875 1.4
15875 45.24
15875 29.04
15876 7.92
15876 1.4
15876 45.24
15876 29.04
15877 7.92
15877 1.4
15877 45.24
15877 29.04
15955 7.92
15955 1.4
15955 45.24
15955 29.04
15956 7.92
15956 1.4
15956 45.24
15956 29.04
15957 7.92
15957 1.4
15957 45.24
15957 29.04
15958 7.92
15958 1.4
15958 45.24
15958 29.04
15959 7.92
15959 1.4
15959 45.24
15959 29.04
15960 7.92
15960 1.4
15960 45.24
15960 29.04
15961 7.92
15961 1.4
15961 45.24
15961 29.04
15962 7.92
15962 1.4
15962 45.24
15962 29.04
15963 7.92
15963 1.4
15963 45.24
15963 29.04
15964 7.92
15964 1.4
15964 45.24
15964 29.04
15965 7.92
15965 1.4
15965 45.24
15965 29.04
15966 7.92
15966 1.4
15966 45.24
15966 29.04
15967 7.92
15967 1.4
15967 45.24
15967 29.04
15968 7.92
15968 1.4
15968 45.24
15968 29.04
15969 7.92
15969 1.4
15969 45.24
15969 29.04
15970 7.92
15970 1.4
15970 45.24
15970 29.04
15971 7.92
15971 1.4
15971 45.24
15971 29.04
15972 7.92
15972 1.4
15972 45.24
15972 29.04
15973 7.92
15973 1.4
15973 45.24
15973 29.04
15974 7.92
15974 1.4
15974 45.24
15974 29.04
15975 7.92
15975 1.4
15975 45.24
15975 29.04
15976 7.92
15976 1.4
15976 45.24
15976 29.04
15977 7.92
15977 1.4
15977 45.24
15977 29.04
15978 7.92
15978 1.4
15978 45.24
15978 29.04
15979 7.92
15979 1.4
15979 45.24
15979 29.04
15980 7.92
15980 1.4
15980 45.24
15980 29.04
15981 7.92
15981 1.4
15981 45.24
15981 29.04
15982 7.92
15982 1.4
15982 45.24
15982 29.04
15983 7.92
15983 1.4
15983 45.24
15983 29.04
15984 7.92
15984 1.4
15984 45.24
15984 29.04
15985 7.92
15985 1.4
15985 45.24
15985 29.04
15986 7.92
15986 1.4
15986 45.24
15986 29.04
15987 7.92
15987 1.4
15987 45.24
15987 29.04
15988 7.92
15988 1.4
15988 45.24
15988 29.04
15989 7.92
15989 1.4
15989 45.24
15989 29.04
15990 7.92
15990 1.4
15990 45.24
15990 29.04
16068 7.92
16068 1.4
16068 45.24
16068 29.04
16069 7.92
16069 1.4
16069 45.24
16069 29.04
16070 7.92
16070 1.4
16070 45.24
16070 29.04
16071 7.92
16071 1.4
16071 45.24
16071 29.04
16072 7.92
16072 1.4
16072 45.24
16072 29.04
16073 7.92
16073 1.4
16073 45.24
16073 29.04
16074 7.92
16074 1.4
16074 45.24
16074 29.04
16075 7.92
16075 1.4
16075 45.24
16075 29.04
16076 7.92
16076 1.4
16076 45.24
16076 29.04
16077 7.92
16077 1.4
16077 45.24
16077 29.04
16078 7.92
16078 1.4
16078 45.24
16078 29.04
16079 7.92
16079 1.4
16079 45.24
16079 29.04
16080 7.92
16080 1.4
16080 45.24
16080 29.04
16081 7.92
16081 1.4
16081 45.24
16081 29.04
16082 7.92
16082 1.4
16082 45.24
16082 29.04
16083 7.92
16083 1.4
16083 45.24
16083 29.04
16084 7.92
16084 1.4
16084 45.24
16084 29.04
16085 7.92
16085 1.4
16085 45.24
16085 29.04
16086 7.92
16086 1.4
16086 45.24
16086 29.04
16087 7.92
16087 1.4
16087 45.24
16087 29.04
16088 7.92
16088 1.4
16088 45.24
16088 29.04
16089 7.92
16089 1.4
16089 45.24
16089 29.04
16090 7.92
16090 1.4
16090 45.24
16090 29.04
16091 7.92
16091 1.4
16091 45.24
16091 29.04
16092 7.92
16092 1.4
16092 45.24
16092 29.04
16093 7.92
16093 1.4
16093 45.24
16093 29.04
16094 7.92
16094 1.4
16094 45.24
16094 29.04
16095 7.92
16095 1.4
16095 45.24
16095 29.04
16096 7.92
16096 1.4
16096 45.24
16096 29.04
16097 7.92
16097 1.4
16097 45.24
16097 29.04
16098 7.92
16098 1.4
16098 45.24
16098 29.04
16099 7.92
16099 1.4
16099 45.24
16099 29.04
16100 7.92
16100 1.4
16100 45.24
16100 29.04
16101 7.92
16101 1.4
16101 45.24
16101 29.04
16102 7.92
16102 1.4
16102 45.24
16102 29.04
16179 7.92
16179 1.4
16179 45.24
16179 29.04
16180 7.92
16180 1.4
16180 45.24
16180 29.04
16181 7.92
16181 1.4
16181 45.24
16181 29.04
16182 7.92
16182 1.4
16182 45.24
16182 29.04
16183 7.92
16183 1.4
16183 45.24
16183 29.04
16184 7.92
16184 1.4
16184 45.24
16184 29.04
16185 7.92
16185 1.4
16185 45.24
16185 29.04
16186 7.92
16186 1.4
16186 45.24
16186 29.04
16187 7.92
16187 1.4
16187 45.24
16187 29.04
16188 7.92
16188 1.4
16188 45.24
16188 29.04
16189 7.92
16189 1.4
16189 45.24
16189 29.04
16190 7.92
16190 1.4
16190 45.24
16190 29.04
16191 7.92
16191 1.4
16191 45.24
16191 29.04
16192 7.92
16192 1.4
16192 45.24
16192 29.04
16193 7.92
16193 1.4
16193 45.24
16193 29.04
16194 7.92
16194 1.4
16194 45.24
16194 29.04
16195 7.92
16195 1.4
16195 45.24
16195 29.04
16196 7.92
16196 1.4
16196 45.24
16196 29.04
16197 7.92
16197 1.4
16197 45.24
16197 29.04
16198 7.92
16198 1.4
16198 45.24
16198 29.04
16199 7.92
16199 1.4
16199 45.24
16199 29.04
16200 7.92
16200 1.4
16200 45.24
16200 29.04
16201 7.92
16201 1.4
16201 45.24
16201 29.04
16202 7.92
16202 1.4
16202 45.24
16202 29.04
16203 7.92
16203 1.4
16203 45.24
16203 29.04
16204 7.92
16204 1.4
16204 45.24
16204 29.04
16205 7.92
16205 1.4
16205 45.24
16205 29.04
16206 7.92
16206 1.4
16206 45.24
16206 29.04
16207 7.92
16207 1.4
16207 45.24
16207 29.04
16208 7.92
16208 1.4
16208 45.24
16208 29.04
16209 7.92
16209 1.4
16209 45.24
16209 29.04
16210 7.92
16210 1.4
16210 45.24
16210 29.04
16211 7.92
16211 1.4
16211 45.24
16211 29.04
16212 7.92
16212 1.4
16212 45.24
16212 29.04
16213 7.92
16213 1.4
16213 45.24
16213 29.04
16289 7.92
16289 1.4
16289 45.24
16289 29.04
16290 7.92
16290 1.4
16290 45.24
16290 29.04
16291 7.92
16291 1.4
16291 45.24
16291 29.04
16292 7.92
16292 1.4
16292 45.24
16292 29.04
16293 7.92
16293 1.4
16293 45.24
16293 29.04
16294 7.92
16294 1.4
16294 45.24
16294 29.04
16295 7.92
16295 1.4
16295 45.24
16295 29.04
16296 7.92
16296 1.4
16296 45.24
16296 29.04
16297 7.92
16297 1.4
16297 45.24
16297 29.04
16298 7.92
16298 1.4
16298 45.24
16298 29.04
16299 7.92
16299 1.4
16299 45.24
16299 29.04
16300 7.92
16300 1.4
16300 45.24
16300 29.04
16301 7.92
16301 1.4
16301 45.24
16301 29.04
16302 7.92
16302 1.4
16302 45.24
16302 29.04
16303 7.92
16303 1.4
16303 45.24
16303 29.04
16304 7.92
16304 1.4
16304 45.24
16304 29.04
16305 7.92
16305 1.4
16305 45.24
16305 29.04
16306 7.92
16306 1.4
16306 45.24
16306 29.04
16307 7.92
16307 1.4
16307 45.24
16307 29.04
16308 7.92
16308 1.4
16308 45.24
16308 29.04
16309 7.92
16309 1.4
16309 45.24
16309 29.04
16310 7.92
16310 1.4
16310 45.24
16310 29.04
16311 7.92
16311 1.4
16311 45.24
16311 29.04
16312 7.92
16312 1.4
16312 45.24
16312 29.04
16313 7.92
16313 1.4
16313 45.24
16313 29.04
16314 7.92
16314 1.4
16314 45.24
16314 29.04
16315 7.92
16315 1.4
16315 45.24
16315 29.04
16316 7.92
16316 1.4
16316 45.24
16316 29.04
16317 7.92
16317 1.4
16317 45.24
16317 29.04
16318 7.92
16318 1.4
16318 45.24
16318 29.04
16319 7.92
16319 1.4
16319 45.24
16319 29.04
16320 7.92
16320 1.4
16320 45.24
16320 29.04
16321 7.92
16321 1.4
16321 45.24
16321 29.04
16322 7.92
16322 1.4
16322 45.24
16322 29.04
16323 7.92
16323 1.4
16323 45.24
16323 29.04
16324 7.92
16324 1.4
16324 45.24
16324 29.04
16400 7.92
16400 1.4
16400 45.24
16400 29.04
16401 7.92
16401 1.4
16401 45.24
16401 29.04
16402 7.92
16402 1.4
16402 45.24
16402 29.04
16403 7.92
16403 1.4
16403 45.24
16403 29.04
16404 7.92
16404 1.4
16404 45.24
16404 29.04
16405 7.92
16405 1.4
16405 45.24
16405 29.04
16406 7.92
16406 1.4
16406 45.24
16406 29.04
16407 7.92
16407 1.4
16407 45.24
16407 29.04
16408 7.92
16408 1.4
16408 45.24
16408 29.04
16409 7.92
16409 1.4
16409 45.24
16409 29.04
16410 7.92
16410 1.4
16410 45.24
16410 29.04
16411 7.92
16411 1.4
16411 45.24
16411 29.04
16412 7.92
16412 1.4
16412 45.24
16412 29.04
16413 7.92
16413 1.4
16413 45.24
16413 29.04
16414 7.92
16414 1.4
16414 45.24
16414 29.04
16415 7.92
16415 1.4
16415 45.24
16415 29.04
16416 7.92
16416 1.4
16416 45.24
16416 29.04
16417 7.92
16417 1.4
16417 45.24
16417 29.04
16418 7.92
16418 1.4
16418 45.24
16418 29.04
16419 7.92
16419 1.4
16419 45.24
16419 29.04
16420 7.92
16420 1.4
16420 45.24
16420 29.04
16421 7.92
16421 1.4
16421 45.24
16421 29.04
16422 7.92
16422 1.4
16422 45.24
16422 29.04
16423 7.92
16423 1.4
16423 45.24
16423 29.04
16424 7.92
16424 1.4
16424 45.24
16424 29.04
16425 7.92
16425 1.4
16425 45.24
16425 29.04
16426 7.92
16426 1.4
16426 45.24
16426 29.04
16427 7.92
16427 1.4
16427 45.24
16427 29.04
16428 7.92
16428 1.4
16428 45.24
16428 29.04
16429 7.92
16429 1.4
16429 45.24
16429 29.04
16430 7.92
16430 1.4
16430 45.24
16430 29.04
16431 7.92
16431 1.4
16431 45.24
16431 29.04
16432 7.92
16432 1.4
16432 45.24
16432 29.04
16433 7.92
16433 1.4
16433 45.24
16433 29.04
16434 7.92
16434 1.4
16434 45.24
16434 29.04
16435 7.92
16435 1.4
16435 45.24
16435 29.04
16510 7.92
16510 1.4
16510 45.24
16510 29.04
16511 7.92
16511 1.4
16511 45.24
16511 29.04
16512 7.92
16512 1.4
16512 45.24
16512 29.04
16513 7.92
16513 1.4
16513 45.24
16513 29.04
16514 7.92
16514 1.4
16514 45.24
16514 29.04
16515 7.92
16515 1.4
16515 45.24
16515 29.04
16516 7.92
16516 1.4
16516 45.24
16516 29.04
16517 7.92
16517 1.4
16517 45.24
16517 29.04
16518 7.92
16518 1.4
16518 45.24
16518 29.04
16519 7.92
16519 1.4
16519 45.24
16519 29.04
16520 7.92
16520 1.4
16520 45.24
16520 29.04
16521 7.92
16521 1.4
16521 45.24
16521 29.04
16522 7.92
16522 1.4
16522 45.24
16522 29.04
16523 7.92
16523 1.4
16523 45.24
16523 29.04
16524 7.92
16524 1.4
16524 45.24
16524 29.04
16525 7.92
16525 1.4
16525 45.24
16525 29.04
16526 7.92
16526 1.4
16526 45.24
16526 29.04
16527 7.92
16527 1.4
16527 45.24
16527 29.04
16528 7.92
16528 1.4
16528 45.24
16528 29.04
16529 7.92
16529 1.4
16529 45.24
16529 29.04
16530 7.92
16530 1.4
16530 45.24
16530 29.04
16531 7.92
16531 1.4
16531 45.24
16531 29.04
16532 7.92
16532 1.4
16532 45.24
16532 29.04
16533 7.92
16533 1.4
16533 45.24
16533 29.04
16534 7.92
16534 1.4
16534 45.24
16534 29.04
16535 7.92
16535 1.4
16535 45.24
16535 29.04
16536 7.92
16536 1.4
16536 45.24
16536 29.04
16537 7.92
16537 1.4
16537 45.24
16537 29.04
16538 7.92
16538 1.4
16538 45.24
16538 29.04
16539 7.92
16539 1.4
16539 45.24
16539 29.04
16540 7.92
16540 1.4
16540 45.24
16540 29.04
16541 7.92
16541 1.4
16541 45.24
16541 29.04
16542 7.92
16542 1.4
16542 45.24
16542 29.04
16543 7.92
16543 1.4
16543 45.24
16543 29.04
16544 7.92
16544 1.4
16544 45.24
16544 29.04
16620 7.92
16620 1.4
16620 45.24
16620 29.04
16621 7.92
16621 1.4
16621 45.24
16621 29.04
16622 7.92
16622 1.4
16622 45.24
16622 29.04
16623 7.92
16623 1.4
16623 45.24
16623 29.04
16624 7.92
16624 1.4
16624 45.24
16624 29.04
16625 7.92
16625 1.4
16625 45.24
16625 29.04
16626 7.92
16626 1.4
16626 45.24
16626 29.04
16627 7.92
16627 1.4
16627 45.24
16627 29.04
16628 7.92
16628 1.4
16628 45.24
16628 29.04
16629 7.92
16629 1.4
16629 45.24
16629 29.04
16630 7.92
16630 1.4
16630 45.24
16630 29.04
16631 7.92
16631 1.4
16631 45.24
16631 29.04
16632 7.92
16632 1.4
16632 45.24
16632 29.04
16633 7.92
16633 1.4
16633 45.24
16633 29.04
16634 7.92
16634 1.4
16634 45.24
16634 29.04
16635 7.92
16635 1.4
16635 45.24
16635 29.04
16636 7.92
16636 1.4
16636 45.24
16636 29.04
16637 7.92
16637 1.4
16637 45.24
16637 29.04
16638 7.92
16638 1.4
16638 45.24
16638 29.04
16639 7.92
16639 1.4
16639 45.24
16639 29.04
16640 7.92
16640 1.4
16640 45.24
16640 29.04
16641 7.92
16641 1.4
16641 45.24
16641 29.04
16642 7.92
16642 1.4
16642 45.24
16642 29.04
16643 7.92
16643 1.4
16643 45.24
16643 29.04
16644 7.92
16644 1.4
16644 45.24
16644 29.04
16645 7.92
16645 1.4
16645 45.24
16645 29.04
16646 7.92
16646 1.4
16646 45.24
16646 29.04
16647 7.92
16647 1.4
16647 45.24
16647 29.04
16648 7.92
16648 1.4
16648 45.24
16648 29.04
16649 7.92
16649 1.4
16649 45.24
16649 29.04
16650 7.92
16650 1.4
16650 45.24
16650 29.04
16651 7.92
16651 1.4
16651 45.24
16651 29.04
16652 7.92
16652 1.4
16652 45.24
16652 29.04
16653 7.92
16653 1.4
16653 45.24
16653 29.04
16654 7.92
16654 1.4
16654 45.24
16654 29.04
16730 7.92
16730 1.4
16730 45.24
16730 29.04
16731 7.92
16731 1.4
16731 45.24
16731 29.04
16732 7.92
16732 1.4
16732 45.24
16732 29.04
16733 7.92
16733 1.4
16733 45.24
16733 29.04
16734 7.92
16734 1.4
16734 45.24
16734 29.04
16735 7.92
16735 1.4
16735 45.24
16735 29.04
16736 7.92
16736 1.4
16736 45.24
16736 29.04
16737 7.92
16737 1.4
16737 45.24
16737 29.04
16738 7.92
16738 1.4
16738 45.24
16738 29.04
16739 7.92
16739 1.4
16739 45.24
16739 29.04
16740 7.92
16740 1.4
16740 45.24
16740 29.04
16741 7.92
16741 1.4
16741 45.24
16741 29.04
16742 7.92
16742 1.4
16742 45.24
16742 29.04
16743 7.92
16743 1.4
16743 45.24
16743 29.04
16744 7.92
16744 1.4
16744 45.24
16744 29.04
16745 7.92
16745 1.4
16745 45.24
16745 29.04
16746 7.92
16746 1.4
16746 45.24
16746 29.04
16747 7.92
16747 1.4
16747 45.24
16747 29.04
16748 7.92
16748 1.4
16748 45.24
16748 29.04
16749 7.92
16749 1.4
16749 45.24
16749 29.04
16750 7.92
16750 1.4
16750 45.24
16750 29.04
16751 7.92
16751 1.4
16751 45.24
16751 29.04
16752 7.92
16752 1.4
16752 45.24
16752 29.04
16753 7.92
16753 1.4
16753 45.24
16753 29.04
16754 7.92
16754 1.4
16754 45.24
16754 29.04
16755 7.92
16755 1.4
16755 45.24
16755 29.04
16756 7.92
16756 1.4
16756 45.24
16756 29.04
16757 7.92
16757 1.4
16757 45.24
16757 29.04
16758 7.92
16758 1.4
16758 45.24
16758 29.04
16759 7.92
16759 1.4
16759 45.24
16759 29.04
16760 7.92
16760 1.4
16760 45.24
16760 29.04
16761 7.92
16761 1.4
16761 45.24
16761 29.04
16762 7.92
16762 1.4
16762 45.24
16762 29.04
16763 7.92
16763 1.4
16763 45.24
16763 29.04
16840 7.92
16840 1.4
16840 45.24
16840 29.04
16841 7.92
16841 1.4
16841 45.24
16841 29.04
16842 7.92
16842 1.4
16842 45.24
16842 29.04
16843 7.92
16843 1.4
16843 45.24
16843 29.04
16844 7.92
16844 1.4
16844 45.24
16844 29.04
16845 7.92
16845 1.4
16845 45.24
16845 29.04
16846 7.92
16846 1.4
16846 45.24
16846 29.04
16847 7.92
16847 1.4
16847 45.24
16847 29.04
16848 7.92
16848 1.4
16848 45.24
16848 29.04
16849 7.92
16849 1.4
16849 45.24
16849 29.04
16850 7.92
16850 1.4
16850 45.24
16850 29.04
16851 7.92
16851 1.4
16851 45.24
16851 29.04
16852 7.92
16852 1.4
16852 45.24
16852 29.04
16853 7.92
16853 1.4
16853 45.24
16853 29.04
16854 7.92
16854 1.4
16854 45.24
16854 29.04
16855 7.92
16855 1.4
16855 45.24
16855 29.04
16856 7.92
16856 1.4
16856 45.24
16856 29.04
16857 7.92
16857 1.4
16857 45.24
16857 29.04
16858 7.92
16858 1.4
16858 45.24
16858 29.04
16859 7.92
16859 1.4
16859 45.24
16859 29.04
16860 7.92
16860 1.4
16860 45.24
16860 29.04
16861 7.92
16861 1.4
16861 45.24
16861 29.04
16862 7.92
16862 1.4
16862 45.24
16862 29.04
16863 7.92
16863 1.4
16863 45.24
16863 29.04
16864 7.92
16864 1.4
16864 45.24
16864 29.04
16865 7.92
16865 1.4
16865 45.24
16865 29.04
16866 7.92
16866 1.4
16866 45.24
16866 29.04
16867 7.92
16867 1.4
16867 45.24
16867 29.04
16868 7.92
16868 1.4
16868 45.24
16868 29.04
16869 7.92
16869 1.4
16869 45.24
16869 29.04
16870 7.92
16870 1.4
16870 45.24
16870 29.04
16871 7.92
16871 1.4
16871 45.24
16871 29.04
16872 7.92
16872 1.4
16872 45.24
16872 29.04
16873 7.92
16873 1.4
16873 45.24
16873 29.04
16951 7.92
16951 1.4
16951 45.24
16951 29.04
16952 7.92
16952 1.4
16952 45.24
16952 29.04
16953 7.92
16953 1.4
16953 45.24
16953 29.04
16954 7.92
16954 1.4
16954 45.24
16954 29.04
16955 7.92
16955 1.4
16955 45.24
16955 29.04
16956 7.92
16956 1.4
16956 45.24
16956 29.04
16957 7.92
16957 1.4
16957 45.24
16957 29.04
16958 7.92
16958 1.4
16958 45.24
16958 29.04
16959 7.92
16959 1.4
16959 45.24
16959 29.04
16960 7.92
16960 1.4
16960 45.24
16960 29.04
16961 7.92
16961 1.4
16961 45.24
16961 29.04
16962 7.92
16962 1.4
16962 45.24
16962 29.04
16963 7.92
16963 1.4
16963 45.24
16963 29.04
16964 7.92
16964 1.4
16964 45.24
16964 29.04
16965 7.92
16965 1.4
16965 45.24
16965 29.04
16966 7.92
16966 1.4
16966 45.24
16966 29.04
16967 7.92
16967 1.4
16967 45.24
16967 29.04
16968 7.92
16968 1.4
16968 45.24
16968 29.04
16969 7.92
16969 1.4
16969 45.24
16969 29.04
16970 7.92
16970 1.4
16970 45.24
16970 29.04
16971 7.92
16971 1.4
16971 45.24
16971 29.04
16972 7.92
16972 1.4
16972 45.24
16972 29.04
16973 7.92
16973 1.4
16973 45.24
16973 29.04
16974 7.92
16974 1.4
16974 45.24
16974 29.04
16975 7.92
16975 1.4
16975 45.24
16975 29.04
16976 7.92
16976 1.4
16976 45.24
16976 29.04
16977 7.92
16977 1.4
16977 45.24
16977 29.04
16978 7.92
16978 1.4
16978 45.24
16978 29.04
16979 7.92
16979 1.4
16979 45.24
16979 29.04
16980 7.92
16980 1.4
16980 45.24
16980 29.04
16981 7.92
16981 1.4
16981 45.24
16981 29.04
16982 7.92
16982 1.4
16982 45.24
16982 29.04
16983 7.92
16983 1.4
16983 45.24
16983 29.04
17059 7.92
17059 1.4
17059 45.24
17059 29.04
17060 7.92
17060 1.4
17060 45.24
17060 29.04
17061 7.92
17061 1.4
17061 45.24
17061 29.04
17062 7.92
17062 1.4
17062 45.24
17062 29.04
17063 7.92
17063 1.4
17063 45.24
17063 29.04
17064 7.92
17064 1.4
17064 45.24
17064 29.04
17065 7.92
17065 1.4
17065 45.24
17065 29.04
17066 7.92
17066 1.4
17066 45.24
17066 29.04
17067 7.92
17067 1.4
17067 45.24
17067 29.04
17068 7.92
17068 1.4
17068 45.24
17068 29.04
17069 7.92
17069 1.4
17069 45.24
17069 29.04
17070 7.92
17070 1.4
17070 45.24
17070 29.04
17071 7.92
17071 1.4
17071 45.24
17071 29.04
17072 7.92
17072 1.4
17072 45.24
17072 29.04
17073 7.92
17073 1.4
17073 45.24
17073 29.04
17074 7.92
17074 1.4
17074 45.24
17074 29.04
17075 7.92
17075 1.4
17075 45.24
17075 29.04
17076 7.92
17076 1.4
17076 45.24
17076 29.04
17077 7.92
17077 1.4
17077 45.24
17077 29.04
17078 7.92
17078 1.4
17078 45.24
17078 29.04
17079 7.92
17079 1.4
17079 45.24
17079 29.04
17080 7.92
17080 1.4
17080 45.24
17080 29.04
17081 7.92
17081 1.4
17081 45.24
17081 29.04
17082 7.92
17082 1.4
17082 45.24
17082 29.04
17083 7.92
17083 1.4
17083 45.24
17083 29.04
17084 7.92
17084 1.4
17084 45.24
17084 29.04
17085 7.92
17085 1.4
17085 45.24
17085 29.04
17086 7.92
17086 1.4
17086 45.24
17086 29.04
17087 7.92
17087 1.4
17087 45.24
17087 29.04
17088 7.92
17088 1.4
17088 45.24
17088 29.04
17089 7.92
17089 1.4
17089 45.24
17089 29.04
17090 7.92
17090 1.4
17090 45.24
17090 29.04
17168 7.92
17168 1.4
17168 45.24
17168 29.04
17169 7.92
17169 1.4
17169 45.24
17169 29.04
17170 7.92
17170 1.4
17170 45.24
17170 29.04
17171 7.92
17171 1.4
17171 45.24
17171 29.04
17172 7.92
17172 1.4
17172 45.24
17172 29.04
17173 7.92
17173 1.4
17173 45.24
17173 29.04
17174 7.92
17174 1.4
17174 45.24
17174 29.04
17175 7.92
17175 1.4
17175 45.24
17175 29.04
17176 7.92
17176 1.4
17176 45.24
17176 29.04
17177 7.92
17177 1.4
17177 45.24
17177 29.04
17178 7.92
17178 1.4
17178 45.24
17178 29.04
17179 7.92
17179 1.4
17179 45.24
17179 29.04
17180 7.92
17180 1.4
17180 45.24
17180 29.04
17181 7.92
17181 1.4
17181 45.24
17181 29.04
17182 7.92
17182 1.4
17182 45.24
17182 29.04
17183 7.92
17183 1.4
17183 45.24
17183 29.04
17184 7.92
17184 1.4
17184 45.24
17184 29.04
17185 7.92
17185 1.4
17185 45.24
17185 29.04
17186 7.92
17186 1.4
17186 45.24
17186 29.04
17187 7.92
17187 1.4
17187 45.24
17187 29.04
17188 7.92
17188 1.4
17188 45.24
17188 29.04
17189 7.92
17189 1.4
17189 45.24
17189 29.04
17190 7.92
17190 1.4
17190 45.24
17190 29.04
17191 7.92
17191 1.4
17191 45.24
17191 29.04
17192 7.92
17192 1.4
17192 45.24
17192 29.04
17193 7.92
17193 1.4
17193 45.24
17193 29.04
17194 7.92
17194 1.4
17194 45.24
17194 29.04
17195 7.92
17195 1.4
17195 45.24
17195 29.04
17196 7.92
17196 1.4
17196 45.24
17196 29.04
17197 7.92
17197 1.4
17197 45.24
17197 29.04
17198 7.92
17198 1.4
17198 45.24
17198 29.04
17274 7.92
17274 1.4
17274 45.24
17274 29.04
17275 7.92
17275 1.4
17275 45.24
17275 29.04
17276 7.92
17276 1.4
17276 45.24
17276 29.04
17277 7.92
17277 1.4
17277 45.24
17277 29.04
17278 7.92
17278 1.4
17278 45.24
17278 29.04
17279 7.92
17279 1.4
17279 45.24
17279 29.04
17280 7.92
17280 1.4
17280 45.24
17280 29.04
17281 7.92
17281 1.4
17281 45.24
17281 29.04
17282 7.92
17282 1.4
17282 45.24
17282 29.04
17283 7.92
17283 1.4
17283 45.24
17283 29.04
17284 7.92
17284 1.4
17284 45.24
17284 29.04
17285 7.92
17285 1.4
17285 45.24
17285 29.04
17286 7.92
17286 1.4
17286 45.24
17286 29.04
17287 7.92
17287 1.4
17287 45.24
17287 29.04
17288 7.92
17288 1.4
17288 45.24
17288 29.04
17289 7.92
17289 1.4
17289 45.24
17289 29.04
17290 7.92
17290 1.4
17290 45.24
17290 29.04
17291 7.92
17291 1.4
17291 45.24
17291 29.04
17292 7.92
17292 1.4
17292 45.24
17292 29.04
17293 7.92
17293 1.4
17293 45.24
17293 29.04
17294 7.92
17294 1.4
17294 45.24
17294 29.04
17295 7.92
17295 1.4
17295 45.24
17295 29.04
17296 7.92
17296 1.4
17296 45.24
17296 29.04
17297 7.92
17297 1.4
17297 45.24
17297 29.04
17298 7.92
17298 1.4
17298 45.24
17298 29.04
17299 7.92
17299 1.4
17299 45.24
17299 29.04
17300 7.92
17300 1.4
17300 45.24
17300 29.04
17301 7.92
17301 1.4
17301 45.24
17301 29.04
17302 7.92
17302 1.4
17302 45.24
17302 29.04
17303 7.92
17303 1.4
17303 45.24
17303 29.04
17304 7.92
17304 1.4
17304 45.24
17304 29.04
17382 7.92
17382 1.4
17382 45.24
17382 29.04
17383 7.92
17383 1.4
17383 45.24
17383 29.04
17384 7.92
17384 1.4
17384 45.24
17384 29.04
17385 7.92
17385 1.4
17385 45.24
17385 29.04
17386 7.92
17386 1.4
17386 45.24
17386 29.04
17387 7.92
17387 1.4
17387 45.24
17387 29.04
17388 7.92
17388 1.4
17388 45.24
17388 29.04
17389 7.92
17389 1.4
17389 45.24
17389 29.04
17390 7.92
17390 1.4
17390 45.24
17390 29.04
17391 7.92
17391 1.4
17391 45.24
17391 29.04
17392 7.92
17392 1.4
17392 45.24
17392 29.04
17393 7.92
17393 1.4
17393 45.24
17393 29.04
17394 7.92
17394 1.4
17394 45.24
17394 29.04
17395 7.92
17395 1.4
17395 45.24
17395 29.04
17396 7.92
17396 1.4
17396 45.24
17396 29.04
17397 7.92
17397 1.4
17397 45.24
17397 29.04
17398 7.92
17398 1.4
17398 45.24
17398 29.04
17399 7.92
17399 1.4
17399 45.24
17399 29.04
17400 7.92
17400 1.4
17400 45.24
17400 29.04
17401 7.92
17401 1.4
17401 45.24
17401 29.04
17402 7.92
17402 1.4
17402 45.24
17402 29.04
17403 7.92
17403 1.4
17403 45.24
17403 29.04
17404 7.92
17404 1.4
17404 45.24
17404 29.04
17405 7.92
17405 1.4
17405 45.24
17405 29.04
17406 7.92
17406 1.4
17406 45.24
17406 29.04
17407 7.92
17407 1.4
17407 45.24
17407 29.04
17408 7.92
17408 1.4
17408 45.24
17408 29.04
17409 7.92
17409 1.4
17409 45.24
17409 29.04
17410 7.92
17410 1.4
17410 45.24
17410 29.04
17488 7.92
17488 1.4
17488 45.24
17488 29.04
17489 7.92
17489 1.4
17489 45.24
17489 29.04
17490 7.92
17490 1.4
17490 45.24
17490 29.04
17491 7.92
17491 1.4
17491 45.24
17491 29.04
17492 7.92
17492 1.4
17492 45.24
17492 29.04
17493 7.92
17493 1.4
17493 45.24
17493 29.04
17494 7.92
17494 1.4
17494 45.24
17494 29.04
17495 7.92
17495 1.4
17495 45.24
17495 29.04
17496 7.92
17496 1.4
17496 45.24
17496 29.04
17497 7.92
17497 1.4
17497 45.24
17497 29.04
17498 7.92
17498 1.4
17498 45.24
17498 29.04
17499 7.92
17499 1.4
17499 45.24
17499 29.04
17500 7.92
17500 1.4
17500 45.24
17500 29.04
17501 7.92
17501 1.4
17501 45.24
17501 29.04
17502 7.92
17502 1.4
17502 45.24
17502 29.04
17503 7.92
17503 1.4
17503 45.24
17503 29.04
17504 7.92
17504 1.4
17504 45.24
17504 29.04
17505 7.92
17505 1.4
17505 45.24
17505 29.04
17506 7.92
17506 1.4
17506 45.24
17506 29.04
17507 7.92
17507 1.4
17507 45.24
17507 29.04
17508 7.92
17508 1.4
17508 45.24
17508 29.04
17509 7.92
17509 1.4
17509 45.24
17509 29.04
17510 7.92
17510 1.4
17510 45.24
17510 29.04
17511 7.92
17511 1.4
17511 45.24
17511 29.04
17512 7.92
17512 1.4
17512 45.24
17512 29.04
17513 7.92
17513 1.4
17513 45.24
17513 29.04
17514 7.92
17514 1.4
17514 45.24
17514 29.04
17590 7.92
17590 1.4
17590 45.24
17590 29.04
17591 7.92
17591 1.4
17591 45.24
17591 29.04
17592 7.92
17592 1.4
17592 45.24
17592 29.04
17593 7.92
17593 1.4
17593 45.24
17593 29.04
17594 7.92
17594 1.4
17594 45.24
17594 29.04
17595 7.92
17595 1.4
17595 45.24
17595 29.04
17596 7.92
17596 1.4
17596 45.24
17596 29.04
17597 7.92
17597 1.4
17597 45.24
17597 29.04
17598 7.92
17598 1.4
17598 45.24
17598 29.04
17599 7.92
17599 1.4
17599 45.24
17599 29.04
17600 7.92
17600 1.4
17600 45.24
17600 29.04
17601 7.92
17601 1.4
17601 45.24
17601 29.04
17602 7.92
17602 1.4
17602 45.24
17602 29.04
17603 7.92
17603 1.4
17603 45.24
17603 29.04
17604 7.92
17604 1.4
17604 45.24
17604 29.04
17605 7.92
17605 1.4
17605 45.24
17605 29.04
17606 7.92
17606 1.4
17606 45.24
17606 29.04
17607 7.92
17607 1.4
17607 45.24
17607 29.04
17608 7.92
17608 1.4
17608 45.24
17608 29.04
17609 7.92
17609 1.4
17609 45.24
17609 29.04
17610 7.92
17610 1.4
17610 45.24
17610 29.04
17611 7.92
17611 1.4
17611 45.24
17611 29.04
17612 7.92
17612 1.4
17612 45.24
17612 29.04
17613 7.92
17613 1.4
17613 45.24
17613 29.04
17614 7.92
17614 1.4
17614 45.24
17614 29.04
17690 7.92
17690 1.4
17690 45.24
17690 29.04
17691 7.92
17691 1.4
17691 45.24
17691 29.04
17692 7.92
17692 1.4
17692 45.24
17692 29.04
17693 7.92
17693 1.4
17693 45.24
17693 29.04
17694 7.92
17694 1.4
17694 45.24
17694 29.04
17695 7.92
17695 1.4
17695 45.24
17695 29.04
17696 7.92
17696 1.4
17696 45.24
17696 29.04
17697 7.92
17697 1.4
17697 45.24
17697 29.04
17698 7.92
17698 1.4
17698 45.24
17698 29.04
17699 7.92
17699 1.4
17699 45.24
17699 29.04
17700 7.92
17700 1.4
17700 45.24
17700 29.04
17701 7.92
17701 1.4
17701 45.24
17701 29.04
17702 7.92
17702 1.4
17702 45.24
17702 29.04
17703 7.92
17703 1.4
17703 45.24
17703 29.04
17704 7.92
17704 1.4
17704 45.24
17704 29.04
17705 7.92
17705 1.4
17705 45.24
17705 29.04
17706 7.92
17706 1.4
17706 45.24
17706 29.04
17707 7.92
17707 1.4
17707 45.24
17707 29.04
17708 7.92
17708 1.4
17708 45.24
17708 29.04
17709 7.92
17709 1.4
17709 45.24
17709 29.04
17710 7.92
17710 1.4
17710 45.24
17710 29.04
17711 7.92
17711 1.4
17711 45.24
17711 29.04
17712 7.92
17712 1.4
17712 45.24
17712 29.04
17713 7.92
17713 1.4
17713 45.24
17713 29.04
17714 7.92
17714 1.4
17714 45.24
17714 29.04
17790 7.92
17790 1.4
17790 45.24
17790 29.04
17791 7.92
17791 1.4
17791 45.24
17791 29.04
17792 7.92
17792 1.4
17792 45.24
17792 29.04
17793 7.92
17793 1.4
17793 45.24
17793 29.04
17794 7.92
17794 1.4
17794 45.24
17794 29.04
17795 7.92
17795 1.4
17795 45.24
17795 29.04
17796 7.92
17796 1.4
17796 45.24
17796 29.04
17797 7.92
17797 1.4
17797 45.24
17797 29.04
17798 7.92
17798 1.4
17798 45.24
17798 29.04
17799 7.92
17799 1.4
17799 45.24
17799 29.04
17800 7.92
17800 1.4
17800 45.24
17800 29.04
17801 7.92
17801 1.4
17801 45.24
17801 29.04
17802 7.92
17802 1.4
17802 45.24
17802 29.04
17803 7.92
17803 1.4
17803 45.24
17803 29.04
17804 7.92
17804 1.4
17804 45.24
17804 29.04
17805 7.92
17805 1.4
17805 45.24
17805 29.04
17806 7.92
17806 1.4
17806 45.24
17806 29.04
17807 7.92
17807 1.4
17807 45.24
17807 29.04
17808 7.92
17808 1.4
17808 45.24
17808 29.04
17809 7.92
17809 1.4
17809 45.24
17809 29.04
17810 7.92
17810 1.4
17810 45.24
17810 29.04
17883 7.92
17883 1.4
17883 45.24
17883 29.04
17884 7.92
17884 1.4
17884 45.24
17884 29.04
17885 7.92
17885 1.4
17885 45.24
17885 29.04
17886 7.92
17886 1.4
17886 45.24
17886 29.04
17887 7.92
17887 1.4
17887 45.24
17887 29.04
17888 7.92
17888 1.4
17888 45.24
17888 29.04
17889 7.92
17889 1.4
17889 45.24
17889 29.04
17890 7.92
17890 1.4
17890 45.24
17890 29.04
17891 7.92
17891 1.4
17891 45.24
17891 29.04
17892 7.92
17892 1.4
17892 45.24
17892 29.04
17893 7.92
17893 1.4
17893 45.24
17893 29.04
17894 7.92
17894 1.4
17894 45.24
17894 29.04
17895 7.92
17895 1.4
17895 45.24
17895 29.04
17896 7.92
17896 1.4
17896 45.24
17896 29.04
17897 7.92
17897 1.4
17897 45.24
17897 29.04
17898 7.92
17898 1.4
17898 45.24
17898 29.04
17899 7.92
17899 1.4
17899 45.24
17899 29.04
17900 7.92
17900 1.4
17900 45.24
17900 29.04
17901 7.92
17901 1.4
17901 45.24
17901 29.04
17902 7.92
17902 1.4
17902 45.24
17902 29.04
17974 7.92
17974 1.4
17974 45.24
17974 29.04
17975 7.92
17975 1.4
17975 45.24
17975 29.04
17976 7.92
17976 1.4
17976 45.24
17976 29.04
17977 7.92
17977 1.4
17977 45.24
17977 29.04
17978 7.92
17978 1.4
17978 45.24
17978 29.04
17979 7.92
17979 1.4
17979 45.24
17979 29.04
17980 7.92
17980 1.4
17980 45.24
17980 29.04
17981 7.92
17981 1.4
17981 45.24
17981 29.04
17982 7.92
17982 1.4
17982 45.24
17982 29.04
17983 7.92
17983 1.4
17983 45.24
17983 29.04
17984 7.92
17984 1.4
17984 45.24
17984 29.04
17985 7.92
17985 1.4
17985 45.24
17985 29.04
17986 7.92
17986 1.4
17986 45.24
17986 29.04
17987 7.92
17987 1.4
17987 45.24
17987 29.04
17988 7.92
17988 1.4
17988 45.24
17988 29.04
17989 7.92
17989 1.4
17989 45.24
17989 29.04
17990 7.92
17990 1.4
17990 45.24
17990 29.04
18064 7.92
18064 1.4
18064 45.24
18064 29.04
18065 7.92
18065 1.4
18065 45.24
18065 29.04
18066 7.92
18066 1.4
18066 45.24
18066 29.04
18067 7.92
18067 1.4
18067 45.24
18067 29.04
18068 7.92
18068 1.4
18068 45.24
18068 29.04
18069 7.92
18069 1.4
18069 45.24
18069 29.04
18070 7.92
18070 1.4
18070 45.24
18070 29.04
18071 7.92
18071 1.4
18071 45.24
18071 29.04
18072 7.92
18072 1.4
18072 45.24
18072 29.04
18073 7.92
18073 1.4
18073 45.24
18073 29.04
18074 7.92
18074 1.4
18074 45.24
18074 29.04
18075 7.92
18075 1.4
18075 45.24
18075 29.04
18076 7.92
18076 1.4
18076 45.24
18076 29.04
18077 7.92
18077 1.4
18077 45.24
18077 29.04
18078 7.92
18078 1.4
18078 45.24
18078 29.04
18151 7.92
18151 1.4
18151 45.24
18151 29.04
18152 7.92
18152 1.4
18152 45.24
18152 29.04
18153 7.92
18153 1.4
18153 45.24
18153 29.04
18154 7.92
18154 1.4
18154 45.24
18154 29.04
18155 7.92
18155 1.4
18155 45.24
18155 29.04
18156 7.92
18156 1.4
18156 45.24
18156 29.04
18157 7.92
18157 1.4
18157 45.24
18157 29.04
18158 7.92
18158 1.4
18158 45.24
18158 29.04
18159 7.92
18159 1.4
18159 45.24
18159 29.04
18160 7.92
18160 1.4
18160 45.24
18160 29.04
18161 7.92
18161 1.4
18161 45.24
18161 29.04
18162 7.92
18162 1.4
18162 45.24
18162 29.04
18163 7.92
18163 1.4
18163 45.24
18163 29.04
18237 7.92
18237 1.4
18237 45.24
18237 29.04
18238 7.92
18238 1.4
18238 45.24
18238 29.04
18239 7.92
18239 1.4
18239 45.24
18239 29.04
18240 7.92
18240 1.4
18240 45.24
18240 29.04
18241 7.92
18241 1.4
18241 45.24
18241 29.04
18242 7.92
18242 1.4
18242 45.24
18242 29.04
18243 7.92
18243 1.4
18243 45.24
18243 29.04
18244 7.92
18244 1.4
18244 45.24
18244 29.04
18245 7.92
18245 1.4
18245 45.24
18245 29.04
18246 7.92
18246 1.4
18246 45.24
18246 29.04
18247 7.92
18247 1.4
18247 45.24
18247 29.04
18320 7.92
18320 1.4
18320 45.24
18320 29.04
18321 7.92
18321 1.4
18321 45.24
18321 29.04
18322 7.92
18322 1.4
18322 45.24
18322 29.04
18323 7.92
18323 1.4
18323 45.24
18323 29.04
18324 7.92
18324 1.4
18324 45.24
18324 29.04
18325 7.92
18325 1.4
18325 45.24
18325 29.04
18326 7.92
18326 1.4
18326 45.24
18326 29.04
18327 7.92
18327 1.4
18327 45.24
18327 29.04
18328 7.92
18328 1.4
18328 45.24
18328 29.04
18401 7.92
18401 1.4
18401 45.24
18401 29.04
18402 7.92
18402 1.4
18402 45.24
18402 29.04
18403 7.92
18403 1.4
18403 45.24
18403 29.04
18404 7.92
18404 1.4
18404 45.24
18404 29.04
18405 7.92
18405 1.4
18405 45.24
18405 29.04
18481 7.92
18481 1.4
18481 45.24
18481 29.04
