pt_graph cpue_kghour
11858 0.8
11858 77.2
11858 1.2
11858 8.4
11858 10.28
11858 0
11859 0.8
11859 77.2
11859 1.2
11859 8.4
11859 10.28
11859 0
11860 0.8
11860 77.2
11860 1.2
11860 8.4
11860 10.28
11860 0
11937 0.8
11937 77.2
11937 1.2
11937 8.4
11937 10.28
11937 0
11938 0.8
11938 77.2
11938 1.2
11938 8.4
11938 10.28
11938 0
11939 0.8
11939 77.2
11939 1.2
11939 8.4
11939 10.28
11939 0
12016 0.8
12016 77.2
12016 1.2
12016 8.4
12016 10.28
12016 0
12089 0.8
12089 77.2
12089 1.2
12089 8.4
12089 10.28
12089 0
12090 0.8
12090 77.2
12090 1.2
12090 8.4
12090 10.28
12090 0
12164 0.8
12164 77.2
12164 1.2
12164 8.4
12164 10.28
12164 0
12096 0.8
12096 77.2
12096 1.2
12096 8.4
12096 10.28
12096 0
12097 0.8
12097 77.2
12097 1.2
12097 8.4
12097 10.28
12097 0
12098 0.8
12098 77.2
12098 1.2
12098 8.4
12098 10.28
12098 0
12228 0.8
12228 77.2
12228 1.2
12228 8.4
12228 10.28
12228 0
12229 0.8
12229 77.2
12229 1.2
12229 8.4
12229 10.28
12229 0
12230 0.8
12230 77.2
12230 1.2
12230 8.4
12230 10.28
12230 0
12172 0.8
12172 77.2
12172 1.2
12172 8.4
12172 10.28
12172 0
12173 0.8
12173 77.2
12173 1.2
12173 8.4
12173 10.28
12173 0
12174 0.8
12174 77.2
12174 1.2
12174 8.4
12174 10.28
12174 0
12294 0.8
12294 77.2
12294 1.2
12294 8.4
12294 10.28
12294 0
12295 0.8
12295 77.2
12295 1.2
12295 8.4
12295 10.28
12295 0
12296 0.8
12296 77.2
12296 1.2
12296 8.4
12296 10.28
12296 0
12238 0.8
12238 77.2
12238 1.2
12238 8.4
12238 10.28
12238 0
12239 0.8
12239 77.2
12239 1.2
12239 8.4
12239 10.28
12239 0
12240 0.8
12240 77.2
12240 1.2
12240 8.4
12240 10.28
12240 0
12354 0.8
12354 77.2
12354 1.2
12354 8.4
12354 10.28
12354 0
12241 0.8
12241 77.2
12241 1.2
12241 8.4
12241 10.28
12241 0
12355 0.8
12355 77.2
12355 1.2
12355 8.4
12355 10.28
12355 0
12242 0.8
12242 77.2
12242 1.2
12242 8.4
12242 10.28
12242 0
12356 0.8
12356 77.2
12356 1.2
12356 8.4
12356 10.28
12356 0
12243 0.8
12243 77.2
12243 1.2
12243 8.4
12243 10.28
12243 0
12357 0.8
12357 77.2
12357 1.2
12357 8.4
12357 10.28
12357 0
12244 0.8
12244 77.2
12244 1.2
12244 8.4
12244 10.28
12244 0
12358 0.8
12358 77.2
12358 1.2
12358 8.4
12358 10.28
12358 0
12245 0.8
12245 77.2
12245 1.2
12245 8.4
12245 10.28
12245 0
12359 0.8
12359 77.2
12359 1.2
12359 8.4
12359 10.28
12359 0
12305 0.8
12305 77.2
12305 1.2
12305 8.4
12305 10.28
12305 0
12306 0.8
12306 77.2
12306 1.2
12306 8.4
12306 10.28
12306 0
12307 0.8
12307 77.2
12307 1.2
12307 8.4
12307 10.28
12307 0
12416 0.8
12416 77.2
12416 1.2
12416 8.4
12416 10.28
12416 0
12308 0.8
12308 77.2
12308 1.2
12308 8.4
12308 10.28
12308 0
12417 0.8
12417 77.2
12417 1.2
12417 8.4
12417 10.28
12417 0
12309 0.8
12309 77.2
12309 1.2
12309 8.4
12309 10.28
12309 0
12418 0.8
12418 77.2
12418 1.2
12418 8.4
12418 10.28
12418 0
12310 0.8
12310 77.2
12310 1.2
12310 8.4
12310 10.28
12310 0
12419 0.8
12419 77.2
12419 1.2
12419 8.4
12419 10.28
12419 0
12311 0.8
12311 77.2
12311 1.2
12311 8.4
12311 10.28
12311 0
12420 0.8
12420 77.2
12420 1.2
12420 8.4
12420 10.28
12420 0
12366 0.8
12366 77.2
12366 1.2
12366 8.4
12366 10.28
12366 0
12312 0.8
12312 77.2
12312 1.2
12312 8.4
12312 10.28
12312 0
12421 0.8
12421 77.2
12421 1.2
12421 8.4
12421 10.28
12421 0
12367 0.8
12367 77.2
12367 1.2
12367 8.4
12367 10.28
12367 0
12368 0.8
12368 77.2
12368 1.2
12368 8.4
12368 10.28
12368 0
12477 0.8
12477 77.2
12477 1.2
12477 8.4
12477 10.28
12477 0
12369 0.8
12369 77.2
12369 1.2
12369 8.4
12369 10.28
12369 0
12478 0.8
12478 77.2
12478 1.2
12478 8.4
12478 10.28
12478 0
12479 0.8
12479 77.2
12479 1.2
12479 8.4
12479 10.28
12479 0
12480 0.8
12480 77.2
12480 1.2
12480 8.4
12480 10.28
12480 0
12481 0.8
12481 77.2
12481 1.2
12481 8.4
12481 10.28
12481 0
12482 0.8
12482 77.2
12482 1.2
12482 8.4
12482 10.28
12482 0
12539 0.8
12539 77.2
12539 1.2
12539 8.4
12539 10.28
12539 0
12540 0.8
12540 77.2
12540 1.2
12540 8.4
12540 10.28
12540 0
12541 0.8
12541 77.2
12541 1.2
12541 8.4
12541 10.28
12541 0
12542 0.8
12542 77.2
12542 1.2
12542 8.4
12542 10.28
12542 0
12543 0.8
12543 77.2
12543 1.2
12543 8.4
12543 10.28
12543 0
12435 0.8
12435 77.2
12435 1.2
12435 8.4
12435 10.28
12435 0
12544 0.8
12544 77.2
12544 1.2
12544 8.4
12544 10.28
12544 0
12600 0.8
12600 77.2
12600 1.2
12600 8.4
12600 10.28
12600 0
12601 0.8
12601 77.2
12601 1.2
12601 8.4
12601 10.28
12601 0
12602 0.8
12602 77.2
12602 1.2
12602 8.4
12602 10.28
12602 0
12603 0.8
12603 77.2
12603 1.2
12603 8.4
12603 10.28
12603 0
12660 0.8
12660 77.2
12660 1.2
12660 8.4
12660 10.28
12660 0
12661 0.8
12661 77.2
12661 1.2
12661 8.4
12661 10.28
12661 0
12662 0.8
12662 77.2
12662 1.2
12662 8.4
12662 10.28
12662 0
12663 0.8
12663 77.2
12663 1.2
12663 8.4
12663 10.28
12663 0
12664 0.8
12664 77.2
12664 1.2
12664 8.4
12664 10.28
12664 0
12665 0.8
12665 77.2
12665 1.2
12665 8.4
12665 10.28
12665 0
12722 0.8
12722 77.2
12722 1.2
12722 8.4
12722 10.28
12722 0
12723 0.8
12723 77.2
12723 1.2
12723 8.4
12723 10.28
12723 0
12724 0.8
12724 77.2
12724 1.2
12724 8.4
12724 10.28
12724 0
12725 0.8
12725 77.2
12725 1.2
12725 8.4
12725 10.28
12725 0
12726 0.8
12726 77.2
12726 1.2
12726 8.4
12726 10.28
12726 0
12783 0.8
12783 77.2
12783 1.2
12783 8.4
12783 10.28
12783 0
12784 0.8
12784 77.2
12784 1.2
12784 8.4
12784 10.28
12784 0
12785 0.8
12785 77.2
12785 1.2
12785 8.4
12785 10.28
12785 0
12786 0.8
12786 77.2
12786 1.2
12786 8.4
12786 10.28
12786 0
12787 0.8
12787 77.2
12787 1.2
12787 8.4
12787 10.28
12787 0
12788 0.8
12788 77.2
12788 1.2
12788 8.4
12788 10.28
12788 0
12842 0.8
12842 77.2
12842 1.2
12842 8.4
12842 10.28
12842 0
12843 0.8
12843 77.2
12843 1.2
12843 8.4
12843 10.28
12843 0
12844 0.8
12844 77.2
12844 1.2
12844 8.4
12844 10.28
12844 0
12845 0.8
12845 77.2
12845 1.2
12845 8.4
12845 10.28
12845 0
12846 0.8
12846 77.2
12846 1.2
12846 8.4
12846 10.28
12846 0
12847 0.8
12847 77.2
12847 1.2
12847 8.4
12847 10.28
12847 0
12903 0.8
12903 77.2
12903 1.2
12903 8.4
12903 10.28
12903 0
12904 0.8
12904 77.2
12904 1.2
12904 8.4
12904 10.28
12904 0
12905 0.8
12905 77.2
12905 1.2
12905 8.4
12905 10.28
12905 0
12962 0.8
12962 77.2
12962 1.2
12962 8.4
12962 10.28
12962 0
12963 0.8
12963 77.2
12963 1.2
12963 8.4
12963 10.28
12963 0
12964 0.8
12964 77.2
12964 1.2
12964 8.4
12964 10.28
12964 0
12965 0.8
12965 77.2
12965 1.2
12965 8.4
12965 10.28
12965 0
13019 0.8
13019 77.2
13019 1.2
13019 8.4
13019 10.28
13019 0
13020 0.8
13020 77.2
13020 1.2
13020 8.4
13020 10.28
13020 0
13021 0.8
13021 77.2
13021 1.2
13021 8.4
13021 10.28
13021 0
13022 0.8
13022 77.2
13022 1.2
13022 8.4
13022 10.28
13022 0
13023 0.8
13023 77.2
13023 1.2
13023 8.4
13023 10.28
13023 0
13080 0.8
13080 77.2
13080 1.2
13080 8.4
13080 10.28
13080 0
13081 0.8
13081 77.2
13081 1.2
13081 8.4
13081 10.28
13081 0
13082 0.8
13082 77.2
13082 1.2
13082 8.4
13082 10.28
13082 0
13135 0.8
13135 77.2
13135 1.2
13135 8.4
13135 10.28
13135 0
13083 0.8
13083 77.2
13083 1.2
13083 8.4
13083 10.28
13083 0
13136 0.8
13136 77.2
13136 1.2
13136 8.4
13136 10.28
13136 0
13137 0.8
13137 77.2
13137 1.2
13137 8.4
13137 10.28
13137 0
13138 0.8
13138 77.2
13138 1.2
13138 8.4
13138 10.28
13138 0
13139 0.8
13139 77.2
13139 1.2
13139 8.4
13139 10.28
13139 0
13140 0.8
13140 77.2
13140 1.2
13140 8.4
13140 10.28
13140 0
13141 0.8
13141 77.2
13141 1.2
13141 8.4
13141 10.28
13141 0
13194 0.8
13194 77.2
13194 1.2
13194 8.4
13194 10.28
13194 0
13142 0.8
13142 77.2
13142 1.2
13142 8.4
13142 10.28
13142 0
13195 0.8
13195 77.2
13195 1.2
13195 8.4
13195 10.28
13195 0
13196 0.8
13196 77.2
13196 1.2
13196 8.4
13196 10.28
13196 0
13197 0.8
13197 77.2
13197 1.2
13197 8.4
13197 10.28
13197 0
13198 0.8
13198 77.2
13198 1.2
13198 8.4
13198 10.28
13198 0
13199 0.8
13199 77.2
13199 1.2
13199 8.4
13199 10.28
13199 0
13253 0.8
13253 77.2
13253 1.2
13253 8.4
13253 10.28
13253 0
13254 0.8
13254 77.2
13254 1.2
13254 8.4
13254 10.28
13254 0
13255 0.8
13255 77.2
13255 1.2
13255 8.4
13255 10.28
13255 0
13256 0.8
13256 77.2
13256 1.2
13256 8.4
13256 10.28
13256 0
13310 0.8
13310 77.2
13310 1.2
13310 8.4
13310 10.28
13310 0
13257 0.8
13257 77.2
13257 1.2
13257 8.4
13257 10.28
13257 0
13311 0.8
13311 77.2
13311 1.2
13311 8.4
13311 10.28
13311 0
13258 0.8
13258 77.2
13258 1.2
13258 8.4
13258 10.28
13258 0
13312 0.8
13312 77.2
13312 1.2
13312 8.4
13312 10.28
13312 0
13313 0.8
13313 77.2
13313 1.2
13313 8.4
13313 10.28
13313 0
13314 0.8
13314 77.2
13314 1.2
13314 8.4
13314 10.28
13314 0
13315 0.8
13315 77.2
13315 1.2
13315 8.4
13315 10.28
13315 0
13316 0.8
13316 77.2
13316 1.2
13316 8.4
13316 10.28
13316 0
13369 0.8
13369 77.2
13369 1.2
13369 8.4
13369 10.28
13369 0
13317 0.8
13317 77.2
13317 1.2
13317 8.4
13317 10.28
13317 0
13370 0.8
13370 77.2
13370 1.2
13370 8.4
13370 10.28
13370 0
13318 0.8
13318 77.2
13318 1.2
13318 8.4
13318 10.28
13318 0
13371 0.8
13371 77.2
13371 1.2
13371 8.4
13371 10.28
13371 0
13319 0.8
13319 77.2
13319 1.2
13319 8.4
13319 10.28
13319 0
13372 0.8
13372 77.2
13372 1.2
13372 8.4
13372 10.28
13372 0
13373 0.8
13373 77.2
13373 1.2
13373 8.4
13373 10.28
13373 0
13374 0.8
13374 77.2
13374 1.2
13374 8.4
13374 10.28
13374 0
13375 0.8
13375 77.2
13375 1.2
13375 8.4
13375 10.28
13375 0
13430 0.8
13430 77.2
13430 1.2
13430 8.4
13430 10.28
13430 0
13431 0.8
13431 77.2
13431 1.2
13431 8.4
13431 10.28
13431 0
13432 0.8
13432 77.2
13432 1.2
13432 8.4
13432 10.28
13432 0
13433 0.8
13433 77.2
13433 1.2
13433 8.4
13433 10.28
13433 0
13434 0.8
13434 77.2
13434 1.2
13434 8.4
13434 10.28
13434 0
13435 0.8
13435 77.2
13435 1.2
13435 8.4
13435 10.28
13435 0
13485 0.8
13485 77.2
13485 1.2
13485 8.4
13485 10.28
13485 0
13436 0.8
13436 77.2
13436 1.2
13436 8.4
13436 10.28
13436 0
13486 0.8
13486 77.2
13486 1.2
13486 8.4
13486 10.28
13486 0
13437 0.8
13437 77.2
13437 1.2
13437 8.4
13437 10.28
13437 0
13487 0.8
13487 77.2
13487 1.2
13487 8.4
13487 10.28
13487 0
13488 0.8
13488 77.2
13488 1.2
13488 8.4
13488 10.28
13488 0
13489 0.8
13489 77.2
13489 1.2
13489 8.4
13489 10.28
13489 0
13490 0.8
13490 77.2
13490 1.2
13490 8.4
13490 10.28
13490 0
13491 0.8
13491 77.2
13491 1.2
13491 8.4
13491 10.28
13491 0
13492 0.8
13492 77.2
13492 1.2
13492 8.4
13492 10.28
13492 0
13544 0.8
13544 77.2
13544 1.2
13544 8.4
13544 10.28
13544 0
13493 0.8
13493 77.2
13493 1.2
13493 8.4
13493 10.28
13493 0
13545 0.8
13545 77.2
13545 1.2
13545 8.4
13545 10.28
13545 0
13546 0.8
13546 77.2
13546 1.2
13546 8.4
13546 10.28
13546 0
13547 0.8
13547 77.2
13547 1.2
13547 8.4
13547 10.28
13547 0
13598 0.8
13598 77.2
13598 1.2
13598 8.4
13598 10.28
13598 0
13548 0.8
13548 77.2
13548 1.2
13548 8.4
13548 10.28
13548 0
13599 0.8
13599 77.2
13599 1.2
13599 8.4
13599 10.28
13599 0
13549 0.8
13549 77.2
13549 1.2
13549 8.4
13549 10.28
13549 0
13600 0.8
13600 77.2
13600 1.2
13600 8.4
13600 10.28
13600 0
13601 0.8
13601 77.2
13601 1.2
13601 8.4
13601 10.28
13601 0
13602 0.8
13602 77.2
13602 1.2
13602 8.4
13602 10.28
13602 0
13603 0.8
13603 77.2
13603 1.2
13603 8.4
13603 10.28
13603 0
13604 0.8
13604 77.2
13604 1.2
13604 8.4
13604 10.28
13604 0
13658 0.8
13658 77.2
13658 1.2
13658 8.4
13658 10.28
13658 0
13605 0.8
13605 77.2
13605 1.2
13605 8.4
13605 10.28
13605 0
13606 0.8
13606 77.2
13606 1.2
13606 8.4
13606 10.28
13606 0
13659 0.8
13659 77.2
13659 1.2
13659 8.4
13659 10.28
13659 0
13660 0.8
13660 77.2
13660 1.2
13660 8.4
13660 10.28
13660 0
13661 0.8
13661 77.2
13661 1.2
13661 8.4
13661 10.28
13661 0
13662 0.8
13662 77.2
13662 1.2
13662 8.4
13662 10.28
13662 0
13663 0.8
13663 77.2
13663 1.2
13663 8.4
13663 10.28
13663 0
13664 0.8
13664 77.2
13664 1.2
13664 8.4
13664 10.28
13664 0
13718 0.8
13718 77.2
13718 1.2
13718 8.4
13718 10.28
13718 0
13665 0.8
13665 77.2
13665 1.2
13665 8.4
13665 10.28
13665 0
13719 0.8
13719 77.2
13719 1.2
13719 8.4
13719 10.28
13719 0
13720 0.8
13720 77.2
13720 1.2
13720 8.4
13720 10.28
13720 0
13721 0.8
13721 77.2
13721 1.2
13721 8.4
13721 10.28
13721 0
13722 0.8
13722 77.2
13722 1.2
13722 8.4
13722 10.28
13722 0
13723 0.8
13723 77.2
13723 1.2
13723 8.4
13723 10.28
13723 0
13776 0.8
13776 77.2
13776 1.2
13776 8.4
13776 10.28
13776 0
13724 0.8
13724 77.2
13724 1.2
13724 8.4
13724 10.28
13724 0
13777 0.8
13777 77.2
13777 1.2
13777 8.4
13777 10.28
13777 0
13725 0.8
13725 77.2
13725 1.2
13725 8.4
13725 10.28
13725 0
13778 0.8
13778 77.2
13778 1.2
13778 8.4
13778 10.28
13778 0
13779 0.8
13779 77.2
13779 1.2
13779 8.4
13779 10.28
13779 0
13780 0.8
13780 77.2
13780 1.2
13780 8.4
13780 10.28
13780 0
13781 0.8
13781 77.2
13781 1.2
13781 8.4
13781 10.28
13781 0
13782 0.8
13782 77.2
13782 1.2
13782 8.4
13782 10.28
13782 0
13837 0.8
13837 77.2
13837 1.2
13837 8.4
13837 10.28
13837 0
13783 0.8
13783 77.2
13783 1.2
13783 8.4
13783 10.28
13783 0
13838 0.8
13838 77.2
13838 1.2
13838 8.4
13838 10.28
13838 0
13784 0.8
13784 77.2
13784 1.2
13784 8.4
13784 10.28
13784 0
13839 0.8
13839 77.2
13839 1.2
13839 8.4
13839 10.28
13839 0
13840 0.8
13840 77.2
13840 1.2
13840 8.4
13840 10.28
13840 0
13841 0.8
13841 77.2
13841 1.2
13841 8.4
13841 10.28
13841 0
13894 0.8
13894 77.2
13894 1.2
13894 8.4
13894 10.28
13894 0
13895 0.8
13895 77.2
13895 1.2
13895 8.4
13895 10.28
13895 0
13896 0.8
13896 77.2
13896 1.2
13896 8.4
13896 10.28
13896 0
13897 0.8
13897 77.2
13897 1.2
13897 8.4
13897 10.28
13897 0
13898 0.8
13898 77.2
13898 1.2
13898 8.4
13898 10.28
13898 0
13954 0.8
13954 77.2
13954 1.2
13954 8.4
13954 10.28
13954 0
13899 0.8
13899 77.2
13899 1.2
13899 8.4
13899 10.28
13899 0
13955 0.8
13955 77.2
13955 1.2
13955 8.4
13955 10.28
13955 0
13956 0.8
13956 77.2
13956 1.2
13956 8.4
13956 10.28
13956 0
13957 0.8
13957 77.2
13957 1.2
13957 8.4
13957 10.28
13957 0
13958 0.8
13958 77.2
13958 1.2
13958 8.4
13958 10.28
13958 0
13959 0.8
13959 77.2
13959 1.2
13959 8.4
13959 10.28
13959 0
14016 0.8
14016 77.2
14016 1.2
14016 8.4
14016 10.28
14016 0
13960 0.8
13960 77.2
13960 1.2
13960 8.4
13960 10.28
13960 0
14017 0.8
14017 77.2
14017 1.2
14017 8.4
14017 10.28
14017 0
14018 0.8
14018 77.2
14018 1.2
14018 8.4
14018 10.28
14018 0
14019 0.8
14019 77.2
14019 1.2
14019 8.4
14019 10.28
14019 0
14076 0.8
14076 77.2
14076 1.2
14076 8.4
14076 10.28
14076 0
14020 0.8
14020 77.2
14020 1.2
14020 8.4
14020 10.28
14020 0
14077 0.8
14077 77.2
14077 1.2
14077 8.4
14077 10.28
14077 0
14021 0.8
14021 77.2
14021 1.2
14021 8.4
14021 10.28
14021 0
14078 0.8
14078 77.2
14078 1.2
14078 8.4
14078 10.28
14078 0
14079 0.8
14079 77.2
14079 1.2
14079 8.4
14079 10.28
14079 0
14080 0.8
14080 77.2
14080 1.2
14080 8.4
14080 10.28
14080 0
14081 0.8
14081 77.2
14081 1.2
14081 8.4
14081 10.28
14081 0
14139 0.8
14139 77.2
14139 1.2
14139 8.4
14139 10.28
14139 0
14082 0.8
14082 77.2
14082 1.2
14082 8.4
14082 10.28
14082 0
14140 0.8
14140 77.2
14140 1.2
14140 8.4
14140 10.28
14140 0
14083 0.8
14083 77.2
14083 1.2
14083 8.4
14083 10.28
14083 0
14141 0.8
14141 77.2
14141 1.2
14141 8.4
14141 10.28
14141 0
14142 0.8
14142 77.2
14142 1.2
14142 8.4
14142 10.28
14142 0
14143 0.8
14143 77.2
14143 1.2
14143 8.4
14143 10.28
14143 0
14144 0.8
14144 77.2
14144 1.2
14144 8.4
14144 10.28
14144 0
14204 0.8
14204 77.2
14204 1.2
14204 8.4
14204 10.28
14204 0
14145 0.8
14145 77.2
14145 1.2
14145 8.4
14145 10.28
14145 0
14205 0.8
14205 77.2
14205 1.2
14205 8.4
14205 10.28
14205 0
14146 0.8
14146 77.2
14146 1.2
14146 8.4
14146 10.28
14146 0
14206 0.8
14206 77.2
14206 1.2
14206 8.4
14206 10.28
14206 0
14147 0.8
14147 77.2
14147 1.2
14147 8.4
14147 10.28
14147 0
14207 0.8
14207 77.2
14207 1.2
14207 8.4
14207 10.28
14207 0
14269 0.8
14269 77.2
14269 1.2
14269 8.4
14269 10.28
14269 0
14208 0.8
14208 77.2
14208 1.2
14208 8.4
14208 10.28
14208 0
14270 0.8
14270 77.2
14270 1.2
14270 8.4
14270 10.28
14270 0
14209 0.8
14209 77.2
14209 1.2
14209 8.4
14209 10.28
14209 0
14271 0.8
14271 77.2
14271 1.2
14271 8.4
14271 10.28
14271 0
14210 0.8
14210 77.2
14210 1.2
14210 8.4
14210 10.28
14210 0
14272 0.8
14272 77.2
14272 1.2
14272 8.4
14272 10.28
14272 0
14211 0.8
14211 77.2
14211 1.2
14211 8.4
14211 10.28
14211 0
14273 0.8
14273 77.2
14273 1.2
14273 8.4
14273 10.28
14273 0
14274 0.8
14274 77.2
14274 1.2
14274 8.4
14274 10.28
14274 0
14339 0.8
14339 77.2
14339 1.2
14339 8.4
14339 10.28
14339 0
14275 0.8
14275 77.2
14275 1.2
14275 8.4
14275 10.28
14275 0
14340 0.8
14340 77.2
14340 1.2
14340 8.4
14340 10.28
14340 0
14276 0.8
14276 77.2
14276 1.2
14276 8.4
14276 10.28
14276 0
14341 0.8
14341 77.2
14341 1.2
14341 8.4
14341 10.28
14341 0
14277 0.8
14277 77.2
14277 1.2
14277 8.4
14277 10.28
14277 0
14342 0.8
14342 77.2
14342 1.2
14342 8.4
14342 10.28
14342 0
14278 0.8
14278 77.2
14278 1.2
14278 8.4
14278 10.28
14278 0
14343 0.8
14343 77.2
14343 1.2
14343 8.4
14343 10.28
14343 0
14344 0.8
14344 77.2
14344 1.2
14344 8.4
14344 10.28
14344 0
14345 0.8
14345 77.2
14345 1.2
14345 8.4
14345 10.28
14345 0
14410 0.8
14410 77.2
14410 1.2
14410 8.4
14410 10.28
14410 0
14346 0.8
14346 77.2
14346 1.2
14346 8.4
14346 10.28
14346 0
14411 0.8
14411 77.2
14411 1.2
14411 8.4
14411 10.28
14411 0
14347 0.8
14347 77.2
14347 1.2
14347 8.4
14347 10.28
14347 0
14412 0.8
14412 77.2
14412 1.2
14412 8.4
14412 10.28
14412 0
14413 0.8
14413 77.2
14413 1.2
14413 8.4
14413 10.28
14413 0
14414 0.8
14414 77.2
14414 1.2
14414 8.4
14414 10.28
14414 0
14415 0.8
14415 77.2
14415 1.2
14415 8.4
14415 10.28
14415 0
14485 0.8
14485 77.2
14485 1.2
14485 8.4
14485 10.28
14485 0
14416 0.8
14416 77.2
14416 1.2
14416 8.4
14416 10.28
14416 0
14486 0.8
14486 77.2
14486 1.2
14486 8.4
14486 10.28
14486 0
14417 0.8
14417 77.2
14417 1.2
14417 8.4
14417 10.28
14417 0
14487 0.8
14487 77.2
14487 1.2
14487 8.4
14487 10.28
14487 0
14418 0.8
14418 77.2
14418 1.2
14418 8.4
14418 10.28
14418 0
14488 0.8
14488 77.2
14488 1.2
14488 8.4
14488 10.28
14488 0
14489 0.8
14489 77.2
14489 1.2
14489 8.4
14489 10.28
14489 0
14490 0.8
14490 77.2
14490 1.2
14490 8.4
14490 10.28
14490 0
14491 0.8
14491 77.2
14491 1.2
14491 8.4
14491 10.28
14491 0
14492 0.8
14492 77.2
14492 1.2
14492 8.4
14492 10.28
14492 0
14559 0.8
14559 77.2
14559 1.2
14559 8.4
14559 10.28
14559 0
14493 0.8
14493 77.2
14493 1.2
14493 8.4
14493 10.28
14493 0
14560 0.8
14560 77.2
14560 1.2
14560 8.4
14560 10.28
14560 0
14561 0.8
14561 77.2
14561 1.2
14561 8.4
14561 10.28
14561 0
14562 0.8
14562 77.2
14562 1.2
14562 8.4
14562 10.28
14562 0
14563 0.8
14563 77.2
14563 1.2
14563 8.4
14563 10.28
14563 0
14564 0.8
14564 77.2
14564 1.2
14564 8.4
14564 10.28
14564 0
14565 0.8
14565 77.2
14565 1.2
14565 8.4
14565 10.28
14565 0
14631 0.8
14631 77.2
14631 1.2
14631 8.4
14631 10.28
14631 0
14566 0.8
14566 77.2
14566 1.2
14566 8.4
14566 10.28
14566 0
14632 0.8
14632 77.2
14632 1.2
14632 8.4
14632 10.28
14632 0
14633 0.8
14633 77.2
14633 1.2
14633 8.4
14633 10.28
14633 0
14634 0.8
14634 77.2
14634 1.2
14634 8.4
14634 10.28
14634 0
14635 0.8
14635 77.2
14635 1.2
14635 8.4
14635 10.28
14635 0
14636 0.8
14636 77.2
14636 1.2
14636 8.4
14636 10.28
14636 0
14637 0.8
14637 77.2
14637 1.2
14637 8.4
14637 10.28
14637 0
14702 0.8
14702 77.2
14702 1.2
14702 8.4
14702 10.28
14702 0
14703 0.8
14703 77.2
14703 1.2
14703 8.4
14703 10.28
14703 0
14640 0.8
14640 77.2
14640 1.2
14640 8.4
14640 10.28
14640 0
14704 0.8
14704 77.2
14704 1.2
14704 8.4
14704 10.28
14704 0
14641 0.8
14641 77.2
14641 1.2
14641 8.4
14641 10.28
14641 0
14705 0.8
14705 77.2
14705 1.2
14705 8.4
14705 10.28
14705 0
14642 0.8
14642 77.2
14642 1.2
14642 8.4
14642 10.28
14642 0
14643 0.8
14643 77.2
14643 1.2
14643 8.4
14643 10.28
14643 0
14644 0.8
14644 77.2
14644 1.2
14644 8.4
14644 10.28
14644 0
14645 0.8
14645 77.2
14645 1.2
14645 8.4
14645 10.28
14645 0
14774 0.8
14774 77.2
14774 1.2
14774 8.4
14774 10.28
14774 0
14709 0.8
14709 77.2
14709 1.2
14709 8.4
14709 10.28
14709 0
14646 0.8
14646 77.2
14646 1.2
14646 8.4
14646 10.28
14646 0
14775 0.8
14775 77.2
14775 1.2
14775 8.4
14775 10.28
14775 0
14710 0.8
14710 77.2
14710 1.2
14710 8.4
14710 10.28
14710 0
14776 0.8
14776 77.2
14776 1.2
14776 8.4
14776 10.28
14776 0
14711 0.8
14711 77.2
14711 1.2
14711 8.4
14711 10.28
14711 0
14712 0.8
14712 77.2
14712 1.2
14712 8.4
14712 10.28
14712 0
14713 0.8
14713 77.2
14713 1.2
14713 8.4
14713 10.28
14713 0
14714 0.8
14714 77.2
14714 1.2
14714 8.4
14714 10.28
14714 0
14715 0.8
14715 77.2
14715 1.2
14715 8.4
14715 10.28
14715 0
14780 0.8
14780 77.2
14780 1.2
14780 8.4
14780 10.28
14780 0
14781 0.8
14781 77.2
14781 1.2
14781 8.4
14781 10.28
14781 0
14847 0.8
14847 77.2
14847 1.2
14847 8.4
14847 10.28
14847 0
14782 0.8
14782 77.2
14782 1.2
14782 8.4
14782 10.28
14782 0
14783 0.8
14783 77.2
14783 1.2
14783 8.4
14783 10.28
14783 0
14849 0.8
14849 77.2
14849 1.2
14849 8.4
14849 10.28
14849 0
14784 0.8
14784 77.2
14784 1.2
14784 8.4
14784 10.28
14784 0
14850 0.8
14850 77.2
14850 1.2
14850 8.4
14850 10.28
14850 0
14785 0.8
14785 77.2
14785 1.2
14785 8.4
14785 10.28
14785 0
14786 0.8
14786 77.2
14786 1.2
14786 8.4
14786 10.28
14786 0
14851 0.8
14851 77.2
14851 1.2
14851 8.4
14851 10.28
14851 0
14787 0.8
14787 77.2
14787 1.2
14787 8.4
14787 10.28
14787 0
14852 0.8
14852 77.2
14852 1.2
14852 8.4
14852 10.28
14852 0
14853 0.8
14853 77.2
14853 1.2
14853 8.4
14853 10.28
14853 0
14854 0.8
14854 77.2
14854 1.2
14854 8.4
14854 10.28
14854 0
14855 0.8
14855 77.2
14855 1.2
14855 8.4
14855 10.28
14855 0
14921 0.8
14921 77.2
14921 1.2
14921 8.4
14921 10.28
14921 0
14856 0.8
14856 77.2
14856 1.2
14856 8.4
14856 10.28
14856 0
14922 0.8
14922 77.2
14922 1.2
14922 8.4
14922 10.28
14922 0
14857 0.8
14857 77.2
14857 1.2
14857 8.4
14857 10.28
14857 0
14858 0.8
14858 77.2
14858 1.2
14858 8.4
14858 10.28
14858 0
14923 0.8
14923 77.2
14923 1.2
14923 8.4
14923 10.28
14923 0
14924 0.8
14924 77.2
14924 1.2
14924 8.4
14924 10.28
14924 0
14925 0.8
14925 77.2
14925 1.2
14925 8.4
14925 10.28
14925 0
14926 0.8
14926 77.2
14926 1.2
14926 8.4
14926 10.28
14926 0
14927 0.8
14927 77.2
14927 1.2
14927 8.4
14927 10.28
14927 0
14928 0.8
14928 77.2
14928 1.2
14928 8.4
14928 10.28
14928 0
14999 0.8
14999 77.2
14999 1.2
14999 8.4
14999 10.28
14999 0
15000 0.8
15000 77.2
15000 1.2
15000 8.4
15000 10.28
15000 0
