pt_graph scale
15667 0.19
15667 0.34
15667 3.45
15667 2.23
15667 8.2
15667 0.05
15733 0.19
15733 0.34
15733 3.45
15733 2.23
15733 8.2
15733 0.05
15734 0.19
15734 0.34
15734 3.45
15734 2.23
15734 8.2
15734 0.05
15735 0.19
15735 0.34
15735 3.45
15735 2.23
15735 8.2
15735 0.05
15736 0.19
15736 0.34
15736 3.45
15736 2.23
15736 8.2
15736 0.05
15737 0.19
15737 0.34
15737 3.45
15737 2.23
15737 8.2
15737 0.05
15738 0.19
15738 0.34
15738 3.45
15738 2.23
15738 8.2
15738 0.05
15796 0.19
15796 0.34
15796 3.45
15796 2.23
15796 8.2
15796 0.05
15739 0.19
15739 0.34
15739 3.45
15739 2.23
15739 8.2
15739 0.05
15797 0.19
15797 0.34
15797 3.45
15797 2.23
15797 8.2
15797 0.05
15740 0.19
15740 0.34
15740 3.45
15740 2.23
15740 8.2
15740 0.05
15798 0.19
15798 0.34
15798 3.45
15798 2.23
15798 8.2
15798 0.05
15741 0.19
15741 0.34
15741 3.45
15741 2.23
15741 8.2
15741 0.05
15799 0.19
15799 0.34
15799 3.45
15799 2.23
15799 8.2
15799 0.05
15800 0.19
15800 0.34
15800 3.45
15800 2.23
15800 8.2
15800 0.05
15801 0.19
15801 0.34
15801 3.45
15801 2.23
15801 8.2
15801 0.05
15802 0.19
15802 0.34
15802 3.45
15802 2.23
15802 8.2
15802 0.05
15860 0.19
15860 0.34
15860 3.45
15860 2.23
15860 8.2
15860 0.05
15803 0.19
15803 0.34
15803 3.45
15803 2.23
15803 8.2
15803 0.05
15861 0.19
15861 0.34
15861 3.45
15861 2.23
15861 8.2
15861 0.05
15804 0.19
15804 0.34
15804 3.45
15804 2.23
15804 8.2
15804 0.05
15862 0.19
15862 0.34
15862 3.45
15862 2.23
15862 8.2
15862 0.05
15805 0.19
15805 0.34
15805 3.45
15805 2.23
15805 8.2
15805 0.05
15863 0.19
15863 0.34
15863 3.45
15863 2.23
15863 8.2
15863 0.05
15806 0.19
15806 0.34
15806 3.45
15806 2.23
15806 8.2
15806 0.05
15864 0.19
15864 0.34
15864 3.45
15864 2.23
15864 8.2
15864 0.05
15807 0.19
15807 0.34
15807 3.45
15807 2.23
15807 8.2
15807 0.05
15927 0.19
15927 0.34
15927 3.45
15927 2.23
15927 8.2
15927 0.05
15865 0.19
15865 0.34
15865 3.45
15865 2.23
15865 8.2
15865 0.05
15928 0.19
15928 0.34
15928 3.45
15928 2.23
15928 8.2
15928 0.05
15866 0.19
15866 0.34
15866 3.45
15866 2.23
15866 8.2
15866 0.05
15929 0.19
15929 0.34
15929 3.45
15929 2.23
15929 8.2
15929 0.05
15867 0.19
15867 0.34
15867 3.45
15867 2.23
15867 8.2
15867 0.05
15930 0.19
15930 0.34
15930 3.45
15930 2.23
15930 8.2
15930 0.05
15868 0.19
15868 0.34
15868 3.45
15868 2.23
15868 8.2
15868 0.05
15931 0.19
15931 0.34
15931 3.45
15931 2.23
15931 8.2
15931 0.05
15869 0.19
15869 0.34
15869 3.45
15869 2.23
15869 8.2
15869 0.05
15932 0.19
15932 0.34
15932 3.45
15932 2.23
15932 8.2
15932 0.05
15870 0.19
15870 0.34
15870 3.45
15870 2.23
15870 8.2
15870 0.05
15991 0.19
15991 0.34
15991 3.45
15991 2.23
15991 8.2
15991 0.05
15933 0.19
15933 0.34
15933 3.45
15933 2.23
15933 8.2
15933 0.05
15871 0.19
15871 0.34
15871 3.45
15871 2.23
15871 8.2
15871 0.05
15992 0.19
15992 0.34
15992 3.45
15992 2.23
15992 8.2
15992 0.05
15934 0.19
15934 0.34
15934 3.45
15934 2.23
15934 8.2
15934 0.05
15872 0.19
15872 0.34
15872 3.45
15872 2.23
15872 8.2
15872 0.05
15993 0.19
15993 0.34
15993 3.45
15993 2.23
15993 8.2
15993 0.05
15935 0.19
15935 0.34
15935 3.45
15935 2.23
15935 8.2
15935 0.05
15873 0.19
15873 0.34
15873 3.45
15873 2.23
15873 8.2
15873 0.05
15994 0.19
15994 0.34
15994 3.45
15994 2.23
15994 8.2
15994 0.05
15936 0.19
15936 0.34
15936 3.45
15936 2.23
15936 8.2
15936 0.05
15995 0.19
15995 0.34
15995 3.45
15995 2.23
15995 8.2
15995 0.05
15937 0.19
15937 0.34
15937 3.45
15937 2.23
15937 8.2
15937 0.05
15996 0.19
15996 0.34
15996 3.45
15996 2.23
15996 8.2
15996 0.05
15938 0.19
15938 0.34
15938 3.45
15938 2.23
15938 8.2
15938 0.05
15997 0.19
15997 0.34
15997 3.45
15997 2.23
15997 8.2
15997 0.05
15939 0.19
15939 0.34
15939 3.45
15939 2.23
15939 8.2
15939 0.05
16056 0.19
16056 0.34
16056 3.45
16056 2.23
16056 8.2
16056 0.05
15998 0.19
15998 0.34
15998 3.45
15998 2.23
15998 8.2
15998 0.05
15940 0.19
15940 0.34
15940 3.45
15940 2.23
15940 8.2
15940 0.05
16057 0.19
16057 0.34
16057 3.45
16057 2.23
16057 8.2
16057 0.05
15999 0.19
15999 0.34
15999 3.45
15999 2.23
15999 8.2
15999 0.05
15941 0.19
15941 0.34
15941 3.45
15941 2.23
15941 8.2
15941 0.05
16058 0.19
16058 0.34
16058 3.45
16058 2.23
16058 8.2
16058 0.05
16000 0.19
16000 0.34
16000 3.45
16000 2.23
16000 8.2
16000 0.05
15942 0.19
15942 0.34
15942 3.45
15942 2.23
15942 8.2
15942 0.05
16059 0.19
16059 0.34
16059 3.45
16059 2.23
16059 8.2
16059 0.05
16001 0.19
16001 0.34
16001 3.45
16001 2.23
16001 8.2
16001 0.05
15943 0.19
15943 0.34
15943 3.45
15943 2.23
15943 8.2
15943 0.05
16060 0.19
16060 0.34
16060 3.45
16060 2.23
16060 8.2
16060 0.05
16002 0.19
16002 0.34
16002 3.45
16002 2.23
16002 8.2
16002 0.05
16061 0.19
16061 0.34
16061 3.45
16061 2.23
16061 8.2
16061 0.05
16003 0.19
16003 0.34
16003 3.45
16003 2.23
16003 8.2
16003 0.05
16122 0.19
16122 0.34
16122 3.45
16122 2.23
16122 8.2
16122 0.05
16062 0.19
16062 0.34
16062 3.45
16062 2.23
16062 8.2
16062 0.05
16004 0.19
16004 0.34
16004 3.45
16004 2.23
16004 8.2
16004 0.05
16123 0.19
16123 0.34
16123 3.45
16123 2.23
16123 8.2
16123 0.05
16063 0.19
16063 0.34
16063 3.45
16063 2.23
16063 8.2
16063 0.05
16005 0.19
16005 0.34
16005 3.45
16005 2.23
16005 8.2
16005 0.05
16124 0.19
16124 0.34
16124 3.45
16124 2.23
16124 8.2
16124 0.05
16064 0.19
16064 0.34
16064 3.45
16064 2.23
16064 8.2
16064 0.05
16006 0.19
16006 0.34
16006 3.45
16006 2.23
16006 8.2
16006 0.05
16125 0.19
16125 0.34
16125 3.45
16125 2.23
16125 8.2
16125 0.05
16065 0.19
16065 0.34
16065 3.45
16065 2.23
16065 8.2
16065 0.05
16007 0.19
16007 0.34
16007 3.45
16007 2.23
16007 8.2
16007 0.05
16126 0.19
16126 0.34
16126 3.45
16126 2.23
16126 8.2
16126 0.05
16066 0.19
16066 0.34
16066 3.45
16066 2.23
16066 8.2
16066 0.05
16008 0.19
16008 0.34
16008 3.45
16008 2.23
16008 8.2
16008 0.05
16127 0.19
16127 0.34
16127 3.45
16127 2.23
16127 8.2
16127 0.05
16067 0.19
16067 0.34
16067 3.45
16067 2.23
16067 8.2
16067 0.05
16009 0.19
16009 0.34
16009 3.45
16009 2.23
16009 8.2
16009 0.05
16128 0.19
16128 0.34
16128 3.45
16128 2.23
16128 8.2
16128 0.05
16068 0.19
16068 0.34
16068 3.45
16068 2.23
16068 8.2
16068 0.05
16186 0.19
16186 0.34
16186 3.45
16186 2.23
16186 8.2
16186 0.05
16129 0.19
16129 0.34
16129 3.45
16129 2.23
16129 8.2
16129 0.05
16069 0.19
16069 0.34
16069 3.45
16069 2.23
16069 8.2
16069 0.05
16187 0.19
16187 0.34
16187 3.45
16187 2.23
16187 8.2
16187 0.05
16130 0.19
16130 0.34
16130 3.45
16130 2.23
16130 8.2
16130 0.05
16070 0.19
16070 0.34
16070 3.45
16070 2.23
16070 8.2
16070 0.05
16188 0.19
16188 0.34
16188 3.45
16188 2.23
16188 8.2
16188 0.05
16131 0.19
16131 0.34
16131 3.45
16131 2.23
16131 8.2
16131 0.05
16071 0.19
16071 0.34
16071 3.45
16071 2.23
16071 8.2
16071 0.05
16189 0.19
16189 0.34
16189 3.45
16189 2.23
16189 8.2
16189 0.05
16132 0.19
16132 0.34
16132 3.45
16132 2.23
16132 8.2
16132 0.05
16072 0.19
16072 0.34
16072 3.45
16072 2.23
16072 8.2
16072 0.05
16190 0.19
16190 0.34
16190 3.45
16190 2.23
16190 8.2
16190 0.05
16133 0.19
16133 0.34
16133 3.45
16133 2.23
16133 8.2
16133 0.05
16073 0.19
16073 0.34
16073 3.45
16073 2.23
16073 8.2
16073 0.05
16191 0.19
16191 0.34
16191 3.45
16191 2.23
16191 8.2
16191 0.05
16134 0.19
16134 0.34
16134 3.45
16134 2.23
16134 8.2
16134 0.05
16074 0.19
16074 0.34
16074 3.45
16074 2.23
16074 8.2
16074 0.05
16251 0.19
16251 0.34
16251 3.45
16251 2.23
16251 8.2
16251 0.05
16192 0.19
16192 0.34
16192 3.45
16192 2.23
16192 8.2
16192 0.05
16135 0.19
16135 0.34
16135 3.45
16135 2.23
16135 8.2
16135 0.05
16252 0.19
16252 0.34
16252 3.45
16252 2.23
16252 8.2
16252 0.05
16193 0.19
16193 0.34
16193 3.45
16193 2.23
16193 8.2
16193 0.05
16136 0.19
16136 0.34
16136 3.45
16136 2.23
16136 8.2
16136 0.05
16253 0.19
16253 0.34
16253 3.45
16253 2.23
16253 8.2
16253 0.05
16194 0.19
16194 0.34
16194 3.45
16194 2.23
16194 8.2
16194 0.05
16137 0.19
16137 0.34
16137 3.45
16137 2.23
16137 8.2
16137 0.05
16254 0.19
16254 0.34
16254 3.45
16254 2.23
16254 8.2
16254 0.05
16195 0.19
16195 0.34
16195 3.45
16195 2.23
16195 8.2
16195 0.05
16138 0.19
16138 0.34
16138 3.45
16138 2.23
16138 8.2
16138 0.05
16255 0.19
16255 0.34
16255 3.45
16255 2.23
16255 8.2
16255 0.05
16196 0.19
16196 0.34
16196 3.45
16196 2.23
16196 8.2
16196 0.05
16139 0.19
16139 0.34
16139 3.45
16139 2.23
16139 8.2
16139 0.05
16256 0.19
16256 0.34
16256 3.45
16256 2.23
16256 8.2
16256 0.05
16197 0.19
16197 0.34
16197 3.45
16197 2.23
16197 8.2
16197 0.05
16140 0.19
16140 0.34
16140 3.45
16140 2.23
16140 8.2
16140 0.05
16257 0.19
16257 0.34
16257 3.45
16257 2.23
16257 8.2
16257 0.05
16198 0.19
16198 0.34
16198 3.45
16198 2.23
16198 8.2
16198 0.05
16141 0.19
16141 0.34
16141 3.45
16141 2.23
16141 8.2
16141 0.05
16316 0.19
16316 0.34
16316 3.45
16316 2.23
16316 8.2
16316 0.05
16258 0.19
16258 0.34
16258 3.45
16258 2.23
16258 8.2
16258 0.05
16199 0.19
16199 0.34
16199 3.45
16199 2.23
16199 8.2
16199 0.05
16142 0.19
16142 0.34
16142 3.45
16142 2.23
16142 8.2
16142 0.05
16317 0.19
16317 0.34
16317 3.45
16317 2.23
16317 8.2
16317 0.05
16259 0.19
16259 0.34
16259 3.45
16259 2.23
16259 8.2
16259 0.05
16200 0.19
16200 0.34
16200 3.45
16200 2.23
16200 8.2
16200 0.05
16318 0.19
16318 0.34
16318 3.45
16318 2.23
16318 8.2
16318 0.05
16260 0.19
16260 0.34
16260 3.45
16260 2.23
16260 8.2
16260 0.05
16201 0.19
16201 0.34
16201 3.45
16201 2.23
16201 8.2
16201 0.05
16319 0.19
16319 0.34
16319 3.45
16319 2.23
16319 8.2
16319 0.05
16261 0.19
16261 0.34
16261 3.45
16261 2.23
16261 8.2
16261 0.05
16202 0.19
16202 0.34
16202 3.45
16202 2.23
16202 8.2
16202 0.05
16320 0.19
16320 0.34
16320 3.45
16320 2.23
16320 8.2
16320 0.05
16262 0.19
16262 0.34
16262 3.45
16262 2.23
16262 8.2
16262 0.05
16203 0.19
16203 0.34
16203 3.45
16203 2.23
16203 8.2
16203 0.05
16321 0.19
16321 0.34
16321 3.45
16321 2.23
16321 8.2
16321 0.05
16263 0.19
16263 0.34
16263 3.45
16263 2.23
16263 8.2
16263 0.05
16204 0.19
16204 0.34
16204 3.45
16204 2.23
16204 8.2
16204 0.05
16380 0.19
16380 0.34
16380 3.45
16380 2.23
16380 8.2
16380 0.05
16322 0.19
16322 0.34
16322 3.45
16322 2.23
16322 8.2
16322 0.05
16264 0.19
16264 0.34
16264 3.45
16264 2.23
16264 8.2
16264 0.05
16205 0.19
16205 0.34
16205 3.45
16205 2.23
16205 8.2
16205 0.05
16381 0.19
16381 0.34
16381 3.45
16381 2.23
16381 8.2
16381 0.05
16323 0.19
16323 0.34
16323 3.45
16323 2.23
16323 8.2
16323 0.05
16265 0.19
16265 0.34
16265 3.45
16265 2.23
16265 8.2
16265 0.05
16206 0.19
16206 0.34
16206 3.45
16206 2.23
16206 8.2
16206 0.05
16382 0.19
16382 0.34
16382 3.45
16382 2.23
16382 8.2
16382 0.05
16324 0.19
16324 0.34
16324 3.45
16324 2.23
16324 8.2
16324 0.05
16266 0.19
16266 0.34
16266 3.45
16266 2.23
16266 8.2
16266 0.05
16207 0.19
16207 0.34
16207 3.45
16207 2.23
16207 8.2
16207 0.05
16383 0.19
16383 0.34
16383 3.45
16383 2.23
16383 8.2
16383 0.05
16325 0.19
16325 0.34
16325 3.45
16325 2.23
16325 8.2
16325 0.05
16267 0.19
16267 0.34
16267 3.45
16267 2.23
16267 8.2
16267 0.05
16384 0.19
16384 0.34
16384 3.45
16384 2.23
16384 8.2
16384 0.05
16326 0.19
16326 0.34
16326 3.45
16326 2.23
16326 8.2
16326 0.05
16268 0.19
16268 0.34
16268 3.45
16268 2.23
16268 8.2
16268 0.05
16385 0.19
16385 0.34
16385 3.45
16385 2.23
16385 8.2
16385 0.05
16327 0.19
16327 0.34
16327 3.45
16327 2.23
16327 8.2
16327 0.05
16443 0.19
16443 0.34
16443 3.45
16443 2.23
16443 8.2
16443 0.05
16269 0.19
16269 0.34
16269 3.45
16269 2.23
16269 8.2
16269 0.05
16386 0.19
16386 0.34
16386 3.45
16386 2.23
16386 8.2
16386 0.05
16328 0.19
16328 0.34
16328 3.45
16328 2.23
16328 8.2
16328 0.05
16270 0.19
16270 0.34
16270 3.45
16270 2.23
16270 8.2
16270 0.05
16444 0.19
16444 0.34
16444 3.45
16444 2.23
16444 8.2
16444 0.05
16387 0.19
16387 0.34
16387 3.45
16387 2.23
16387 8.2
16387 0.05
16329 0.19
16329 0.34
16329 3.45
16329 2.23
16329 8.2
16329 0.05
16271 0.19
16271 0.34
16271 3.45
16271 2.23
16271 8.2
16271 0.05
16445 0.19
16445 0.34
16445 3.45
16445 2.23
16445 8.2
16445 0.05
16388 0.19
16388 0.34
16388 3.45
16388 2.23
16388 8.2
16388 0.05
16330 0.19
16330 0.34
16330 3.45
16330 2.23
16330 8.2
16330 0.05
16272 0.19
16272 0.34
16272 3.45
16272 2.23
16272 8.2
16272 0.05
16446 0.19
16446 0.34
16446 3.45
16446 2.23
16446 8.2
16446 0.05
16389 0.19
16389 0.34
16389 3.45
16389 2.23
16389 8.2
16389 0.05
16331 0.19
16331 0.34
16331 3.45
16331 2.23
16331 8.2
16331 0.05
16273 0.19
16273 0.34
16273 3.45
16273 2.23
16273 8.2
16273 0.05
16447 0.19
16447 0.34
16447 3.45
16447 2.23
16447 8.2
16447 0.05
16390 0.19
16390 0.34
16390 3.45
16390 2.23
16390 8.2
16390 0.05
16332 0.19
16332 0.34
16332 3.45
16332 2.23
16332 8.2
16332 0.05
16448 0.19
16448 0.34
16448 3.45
16448 2.23
16448 8.2
16448 0.05
16391 0.19
16391 0.34
16391 3.45
16391 2.23
16391 8.2
16391 0.05
16333 0.19
16333 0.34
16333 3.45
16333 2.23
16333 8.2
16333 0.05
16449 0.19
16449 0.34
16449 3.45
16449 2.23
16449 8.2
16449 0.05
16392 0.19
16392 0.34
16392 3.45
16392 2.23
16392 8.2
16392 0.05
16334 0.19
16334 0.34
16334 3.45
16334 2.23
16334 8.2
16334 0.05
16450 0.19
16450 0.34
16450 3.45
16450 2.23
16450 8.2
16450 0.05
16393 0.19
16393 0.34
16393 3.45
16393 2.23
16393 8.2
16393 0.05
16335 0.19
16335 0.34
16335 3.45
16335 2.23
16335 8.2
16335 0.05
16506 0.19
16506 0.34
16506 3.45
16506 2.23
16506 8.2
16506 0.05
16451 0.19
16451 0.34
16451 3.45
16451 2.23
16451 8.2
16451 0.05
16394 0.19
16394 0.34
16394 3.45
16394 2.23
16394 8.2
16394 0.05
16336 0.19
16336 0.34
16336 3.45
16336 2.23
16336 8.2
16336 0.05
16507 0.19
16507 0.34
16507 3.45
16507 2.23
16507 8.2
16507 0.05
16452 0.19
16452 0.34
16452 3.45
16452 2.23
16452 8.2
16452 0.05
16395 0.19
16395 0.34
16395 3.45
16395 2.23
16395 8.2
16395 0.05
16337 0.19
16337 0.34
16337 3.45
16337 2.23
16337 8.2
16337 0.05
16508 0.19
16508 0.34
16508 3.45
16508 2.23
16508 8.2
16508 0.05
16453 0.19
16453 0.34
16453 3.45
16453 2.23
16453 8.2
16453 0.05
16396 0.19
16396 0.34
16396 3.45
16396 2.23
16396 8.2
16396 0.05
16338 0.19
16338 0.34
16338 3.45
16338 2.23
16338 8.2
16338 0.05
16509 0.19
16509 0.34
16509 3.45
16509 2.23
16509 8.2
16509 0.05
16454 0.19
16454 0.34
16454 3.45
16454 2.23
16454 8.2
16454 0.05
16397 0.19
16397 0.34
16397 3.45
16397 2.23
16397 8.2
16397 0.05
16510 0.19
16510 0.34
16510 3.45
16510 2.23
16510 8.2
16510 0.05
16455 0.19
16455 0.34
16455 3.45
16455 2.23
16455 8.2
16455 0.05
16398 0.19
16398 0.34
16398 3.45
16398 2.23
16398 8.2
16398 0.05
16511 0.19
16511 0.34
16511 3.45
16511 2.23
16511 8.2
16511 0.05
16456 0.19
16456 0.34
16456 3.45
16456 2.23
16456 8.2
16456 0.05
16399 0.19
16399 0.34
16399 3.45
16399 2.23
16399 8.2
16399 0.05
16512 0.19
16512 0.34
16512 3.45
16512 2.23
16512 8.2
16512 0.05
16457 0.19
16457 0.34
16457 3.45
16457 2.23
16457 8.2
16457 0.05
16400 0.19
16400 0.34
16400 3.45
16400 2.23
16400 8.2
16400 0.05
16562 0.19
16562 0.34
16562 3.45
16562 2.23
16562 8.2
16562 0.05
16513 0.19
16513 0.34
16513 3.45
16513 2.23
16513 8.2
16513 0.05
16458 0.19
16458 0.34
16458 3.45
16458 2.23
16458 8.2
16458 0.05
16401 0.19
16401 0.34
16401 3.45
16401 2.23
16401 8.2
16401 0.05
16563 0.19
16563 0.34
16563 3.45
16563 2.23
16563 8.2
16563 0.05
16514 0.19
16514 0.34
16514 3.45
16514 2.23
16514 8.2
16514 0.05
16459 0.19
16459 0.34
16459 3.45
16459 2.23
16459 8.2
16459 0.05
16402 0.19
16402 0.34
16402 3.45
16402 2.23
16402 8.2
16402 0.05
16564 0.19
16564 0.34
16564 3.45
16564 2.23
16564 8.2
16564 0.05
16515 0.19
16515 0.34
16515 3.45
16515 2.23
16515 8.2
16515 0.05
16460 0.19
16460 0.34
16460 3.45
16460 2.23
16460 8.2
16460 0.05
16403 0.19
16403 0.34
16403 3.45
16403 2.23
16403 8.2
16403 0.05
16565 0.19
16565 0.34
16565 3.45
16565 2.23
16565 8.2
16565 0.05
16516 0.19
16516 0.34
16516 3.45
16516 2.23
16516 8.2
16516 0.05
16461 0.19
16461 0.34
16461 3.45
16461 2.23
16461 8.2
16461 0.05
16404 0.19
16404 0.34
16404 3.45
16404 2.23
16404 8.2
16404 0.05
16566 0.19
16566 0.34
16566 3.45
16566 2.23
16566 8.2
16566 0.05
16517 0.19
16517 0.34
16517 3.45
16517 2.23
16517 8.2
16517 0.05
16462 0.19
16462 0.34
16462 3.45
16462 2.23
16462 8.2
16462 0.05
16567 0.19
16567 0.34
16567 3.45
16567 2.23
16567 8.2
16567 0.05
16518 0.19
16518 0.34
16518 3.45
16518 2.23
16518 8.2
16518 0.05
16463 0.19
16463 0.34
16463 3.45
16463 2.23
16463 8.2
16463 0.05
16568 0.19
16568 0.34
16568 3.45
16568 2.23
16568 8.2
16568 0.05
16519 0.19
16519 0.34
16519 3.45
16519 2.23
16519 8.2
16519 0.05
16464 0.19
16464 0.34
16464 3.45
16464 2.23
16464 8.2
16464 0.05
16614 0.19
16614 0.34
16614 3.45
16614 2.23
16614 8.2
16614 0.05
16569 0.19
16569 0.34
16569 3.45
16569 2.23
16569 8.2
16569 0.05
16520 0.19
16520 0.34
16520 3.45
16520 2.23
16520 8.2
16520 0.05
16465 0.19
16465 0.34
16465 3.45
16465 2.23
16465 8.2
16465 0.05
16615 0.19
16615 0.34
16615 3.45
16615 2.23
16615 8.2
16615 0.05
16570 0.19
16570 0.34
16570 3.45
16570 2.23
16570 8.2
16570 0.05
16521 0.19
16521 0.34
16521 3.45
16521 2.23
16521 8.2
16521 0.05
16466 0.19
16466 0.34
16466 3.45
16466 2.23
16466 8.2
16466 0.05
16616 0.19
16616 0.34
16616 3.45
16616 2.23
16616 8.2
16616 0.05
16571 0.19
16571 0.34
16571 3.45
16571 2.23
16571 8.2
16571 0.05
16522 0.19
16522 0.34
16522 3.45
16522 2.23
16522 8.2
16522 0.05
16467 0.19
16467 0.34
16467 3.45
16467 2.23
16467 8.2
16467 0.05
16617 0.19
16617 0.34
16617 3.45
16617 2.23
16617 8.2
16617 0.05
16572 0.19
16572 0.34
16572 3.45
16572 2.23
16572 8.2
16572 0.05
16523 0.19
16523 0.34
16523 3.45
16523 2.23
16523 8.2
16523 0.05
16468 0.19
16468 0.34
16468 3.45
16468 2.23
16468 8.2
16468 0.05
16618 0.19
16618 0.34
16618 3.45
16618 2.23
16618 8.2
16618 0.05
16573 0.19
16573 0.34
16573 3.45
16573 2.23
16573 8.2
16573 0.05
16524 0.19
16524 0.34
16524 3.45
16524 2.23
16524 8.2
16524 0.05
16619 0.19
16619 0.34
16619 3.45
16619 2.23
16619 8.2
16619 0.05
16574 0.19
16574 0.34
16574 3.45
16574 2.23
16574 8.2
16574 0.05
16525 0.19
16525 0.34
16525 3.45
16525 2.23
16525 8.2
16525 0.05
16620 0.19
16620 0.34
16620 3.45
16620 2.23
16620 8.2
16620 0.05
16575 0.19
16575 0.34
16575 3.45
16575 2.23
16575 8.2
16575 0.05
16526 0.19
16526 0.34
16526 3.45
16526 2.23
16526 8.2
16526 0.05
16670 0.19
16670 0.34
16670 3.45
16670 2.23
16670 8.2
16670 0.05
16621 0.19
16621 0.34
16621 3.45
16621 2.23
16621 8.2
16621 0.05
16576 0.19
16576 0.34
16576 3.45
16576 2.23
16576 8.2
16576 0.05
16527 0.19
16527 0.34
16527 3.45
16527 2.23
16527 8.2
16527 0.05
16671 0.19
16671 0.34
16671 3.45
16671 2.23
16671 8.2
16671 0.05
16622 0.19
16622 0.34
16622 3.45
16622 2.23
16622 8.2
16622 0.05
16577 0.19
16577 0.34
16577 3.45
16577 2.23
16577 8.2
16577 0.05
16528 0.19
16528 0.34
16528 3.45
16528 2.23
16528 8.2
16528 0.05
16672 0.19
16672 0.34
16672 3.45
16672 2.23
16672 8.2
16672 0.05
16623 0.19
16623 0.34
16623 3.45
16623 2.23
16623 8.2
16623 0.05
16578 0.19
16578 0.34
16578 3.45
16578 2.23
16578 8.2
16578 0.05
16529 0.19
16529 0.34
16529 3.45
16529 2.23
16529 8.2
16529 0.05
16673 0.19
16673 0.34
16673 3.45
16673 2.23
16673 8.2
16673 0.05
16624 0.19
16624 0.34
16624 3.45
16624 2.23
16624 8.2
16624 0.05
16579 0.19
16579 0.34
16579 3.45
16579 2.23
16579 8.2
16579 0.05
16530 0.19
16530 0.34
16530 3.45
16530 2.23
16530 8.2
16530 0.05
16674 0.19
16674 0.34
16674 3.45
16674 2.23
16674 8.2
16674 0.05
16625 0.19
16625 0.34
16625 3.45
16625 2.23
16625 8.2
16625 0.05
16580 0.19
16580 0.34
16580 3.45
16580 2.23
16580 8.2
16580 0.05
16675 0.19
16675 0.34
16675 3.45
16675 2.23
16675 8.2
16675 0.05
16626 0.19
16626 0.34
16626 3.45
16626 2.23
16626 8.2
16626 0.05
16581 0.19
16581 0.34
16581 3.45
16581 2.23
16581 8.2
16581 0.05
16676 0.19
16676 0.34
16676 3.45
16676 2.23
16676 8.2
16676 0.05
16627 0.19
16627 0.34
16627 3.45
16627 2.23
16627 8.2
16627 0.05
16582 0.19
16582 0.34
16582 3.45
16582 2.23
16582 8.2
16582 0.05
16720 0.19
16720 0.34
16720 3.45
16720 2.23
16720 8.2
16720 0.05
16677 0.19
16677 0.34
16677 3.45
16677 2.23
16677 8.2
16677 0.05
16628 0.19
16628 0.34
16628 3.45
16628 2.23
16628 8.2
16628 0.05
16583 0.19
16583 0.34
16583 3.45
16583 2.23
16583 8.2
16583 0.05
16721 0.19
16721 0.34
16721 3.45
16721 2.23
16721 8.2
16721 0.05
16678 0.19
16678 0.34
16678 3.45
16678 2.23
16678 8.2
16678 0.05
16629 0.19
16629 0.34
16629 3.45
16629 2.23
16629 8.2
16629 0.05
16584 0.19
16584 0.34
16584 3.45
16584 2.23
16584 8.2
16584 0.05
16722 0.19
16722 0.34
16722 3.45
16722 2.23
16722 8.2
16722 0.05
16679 0.19
16679 0.34
16679 3.45
16679 2.23
16679 8.2
16679 0.05
16630 0.19
16630 0.34
16630 3.45
16630 2.23
16630 8.2
16630 0.05
16585 0.19
16585 0.34
16585 3.45
16585 2.23
16585 8.2
16585 0.05
16723 0.19
16723 0.34
16723 3.45
16723 2.23
16723 8.2
16723 0.05
16680 0.19
16680 0.34
16680 3.45
16680 2.23
16680 8.2
16680 0.05
16631 0.19
16631 0.34
16631 3.45
16631 2.23
16631 8.2
16631 0.05
16586 0.19
16586 0.34
16586 3.45
16586 2.23
16586 8.2
16586 0.05
16724 0.19
16724 0.34
16724 3.45
16724 2.23
16724 8.2
16724 0.05
16681 0.19
16681 0.34
16681 3.45
16681 2.23
16681 8.2
16681 0.05
16632 0.19
16632 0.34
16632 3.45
16632 2.23
16632 8.2
16632 0.05
16725 0.19
16725 0.34
16725 3.45
16725 2.23
16725 8.2
16725 0.05
16682 0.19
16682 0.34
16682 3.45
16682 2.23
16682 8.2
16682 0.05
16633 0.19
16633 0.34
16633 3.45
16633 2.23
16633 8.2
16633 0.05
16726 0.19
16726 0.34
16726 3.45
16726 2.23
16726 8.2
16726 0.05
16683 0.19
16683 0.34
16683 3.45
16683 2.23
16683 8.2
16683 0.05
16634 0.19
16634 0.34
16634 3.45
16634 2.23
16634 8.2
16634 0.05
16767 0.19
16767 0.34
16767 3.45
16767 2.23
16767 8.2
16767 0.05
16727 0.19
16727 0.34
16727 3.45
16727 2.23
16727 8.2
16727 0.05
16684 0.19
16684 0.34
16684 3.45
16684 2.23
16684 8.2
16684 0.05
16635 0.19
16635 0.34
16635 3.45
16635 2.23
16635 8.2
16635 0.05
16768 0.19
16768 0.34
16768 3.45
16768 2.23
16768 8.2
16768 0.05
16728 0.19
16728 0.34
16728 3.45
16728 2.23
16728 8.2
16728 0.05
16685 0.19
16685 0.34
16685 3.45
16685 2.23
16685 8.2
16685 0.05
16636 0.19
16636 0.34
16636 3.45
16636 2.23
16636 8.2
16636 0.05
16769 0.19
16769 0.34
16769 3.45
16769 2.23
16769 8.2
16769 0.05
16729 0.19
16729 0.34
16729 3.45
16729 2.23
16729 8.2
16729 0.05
16686 0.19
16686 0.34
16686 3.45
16686 2.23
16686 8.2
16686 0.05
16637 0.19
16637 0.34
16637 3.45
16637 2.23
16637 8.2
16637 0.05
16770 0.19
16770 0.34
16770 3.45
16770 2.23
16770 8.2
16770 0.05
16730 0.19
16730 0.34
16730 3.45
16730 2.23
16730 8.2
16730 0.05
16687 0.19
16687 0.34
16687 3.45
16687 2.23
16687 8.2
16687 0.05
16638 0.19
16638 0.34
16638 3.45
16638 2.23
16638 8.2
16638 0.05
16771 0.19
16771 0.34
16771 3.45
16771 2.23
16771 8.2
16771 0.05
16731 0.19
16731 0.34
16731 3.45
16731 2.23
16731 8.2
16731 0.05
16688 0.19
16688 0.34
16688 3.45
16688 2.23
16688 8.2
16688 0.05
16772 0.19
16772 0.34
16772 3.45
16772 2.23
16772 8.2
16772 0.05
16732 0.19
16732 0.34
16732 3.45
16732 2.23
16732 8.2
16732 0.05
16689 0.19
16689 0.34
16689 3.45
16689 2.23
16689 8.2
16689 0.05
16813 0.19
16813 0.34
16813 3.45
16813 2.23
16813 8.2
16813 0.05
16773 0.19
16773 0.34
16773 3.45
16773 2.23
16773 8.2
16773 0.05
16733 0.19
16733 0.34
16733 3.45
16733 2.23
16733 8.2
16733 0.05
16690 0.19
16690 0.34
16690 3.45
16690 2.23
16690 8.2
16690 0.05
16814 0.19
16814 0.34
16814 3.45
16814 2.23
16814 8.2
16814 0.05
16774 0.19
16774 0.34
16774 3.45
16774 2.23
16774 8.2
16774 0.05
16734 0.19
16734 0.34
16734 3.45
16734 2.23
16734 8.2
16734 0.05
16691 0.19
16691 0.34
16691 3.45
16691 2.23
16691 8.2
16691 0.05
16815 0.19
16815 0.34
16815 3.45
16815 2.23
16815 8.2
16815 0.05
16775 0.19
16775 0.34
16775 3.45
16775 2.23
16775 8.2
16775 0.05
16735 0.19
16735 0.34
16735 3.45
16735 2.23
16735 8.2
16735 0.05
16692 0.19
16692 0.34
16692 3.45
16692 2.23
16692 8.2
16692 0.05
16816 0.19
16816 0.34
16816 3.45
16816 2.23
16816 8.2
16816 0.05
16776 0.19
16776 0.34
16776 3.45
16776 2.23
16776 8.2
16776 0.05
16736 0.19
16736 0.34
16736 3.45
16736 2.23
16736 8.2
16736 0.05
16693 0.19
16693 0.34
16693 3.45
16693 2.23
16693 8.2
16693 0.05
16817 0.19
16817 0.34
16817 3.45
16817 2.23
16817 8.2
16817 0.05
16777 0.19
16777 0.34
16777 3.45
16777 2.23
16777 8.2
16777 0.05
16737 0.19
16737 0.34
16737 3.45
16737 2.23
16737 8.2
16737 0.05
16694 0.19
16694 0.34
16694 3.45
16694 2.23
16694 8.2
16694 0.05
16818 0.19
16818 0.34
16818 3.45
16818 2.23
16818 8.2
16818 0.05
16778 0.19
16778 0.34
16778 3.45
16778 2.23
16778 8.2
16778 0.05
16738 0.19
16738 0.34
16738 3.45
16738 2.23
16738 8.2
16738 0.05
16819 0.19
16819 0.34
16819 3.45
16819 2.23
16819 8.2
16819 0.05
16779 0.19
16779 0.34
16779 3.45
16779 2.23
16779 8.2
16779 0.05
16739 0.19
16739 0.34
16739 3.45
16739 2.23
16739 8.2
16739 0.05
16856 0.19
16856 0.34
16856 3.45
16856 2.23
16856 8.2
16856 0.05
16820 0.19
16820 0.34
16820 3.45
16820 2.23
16820 8.2
16820 0.05
16780 0.19
16780 0.34
16780 3.45
16780 2.23
16780 8.2
16780 0.05
16740 0.19
16740 0.34
16740 3.45
16740 2.23
16740 8.2
16740 0.05
16857 0.19
16857 0.34
16857 3.45
16857 2.23
16857 8.2
16857 0.05
16821 0.19
16821 0.34
16821 3.45
16821 2.23
16821 8.2
16821 0.05
16781 0.19
16781 0.34
16781 3.45
16781 2.23
16781 8.2
16781 0.05
16741 0.19
16741 0.34
16741 3.45
16741 2.23
16741 8.2
16741 0.05
16858 0.19
16858 0.34
16858 3.45
16858 2.23
16858 8.2
16858 0.05
16822 0.19
16822 0.34
16822 3.45
16822 2.23
16822 8.2
16822 0.05
16782 0.19
16782 0.34
16782 3.45
16782 2.23
16782 8.2
16782 0.05
16742 0.19
16742 0.34
16742 3.45
16742 2.23
16742 8.2
16742 0.05
16859 0.19
16859 0.34
16859 3.45
16859 2.23
16859 8.2
16859 0.05
16823 0.19
16823 0.34
16823 3.45
16823 2.23
16823 8.2
16823 0.05
16783 0.19
16783 0.34
16783 3.45
16783 2.23
16783 8.2
16783 0.05
16860 0.19
16860 0.34
16860 3.45
16860 2.23
16860 8.2
16860 0.05
16824 0.19
16824 0.34
16824 3.45
16824 2.23
16824 8.2
16824 0.05
16784 0.19
16784 0.34
16784 3.45
16784 2.23
16784 8.2
16784 0.05
16861 0.19
16861 0.34
16861 3.45
16861 2.23
16861 8.2
16861 0.05
16825 0.19
16825 0.34
16825 3.45
16825 2.23
16825 8.2
16825 0.05
16785 0.19
16785 0.34
16785 3.45
16785 2.23
16785 8.2
16785 0.05
16895 0.19
16895 0.34
16895 3.45
16895 2.23
16895 8.2
16895 0.05
16862 0.19
16862 0.34
16862 3.45
16862 2.23
16862 8.2
16862 0.05
16826 0.19
16826 0.34
16826 3.45
16826 2.23
16826 8.2
16826 0.05
16786 0.19
16786 0.34
16786 3.45
16786 2.23
16786 8.2
16786 0.05
16896 0.19
16896 0.34
16896 3.45
16896 2.23
16896 8.2
16896 0.05
16863 0.19
16863 0.34
16863 3.45
16863 2.23
16863 8.2
16863 0.05
16827 0.19
16827 0.34
16827 3.45
16827 2.23
16827 8.2
16827 0.05
16787 0.19
16787 0.34
16787 3.45
16787 2.23
16787 8.2
16787 0.05
16897 0.19
16897 0.34
16897 3.45
16897 2.23
16897 8.2
16897 0.05
16864 0.19
16864 0.34
16864 3.45
16864 2.23
16864 8.2
16864 0.05
16828 0.19
16828 0.34
16828 3.45
16828 2.23
16828 8.2
16828 0.05
16788 0.19
16788 0.34
16788 3.45
16788 2.23
16788 8.2
16788 0.05
16898 0.19
16898 0.34
16898 3.45
16898 2.23
16898 8.2
16898 0.05
16865 0.19
16865 0.34
16865 3.45
16865 2.23
16865 8.2
16865 0.05
16829 0.19
16829 0.34
16829 3.45
16829 2.23
16829 8.2
16829 0.05
16789 0.19
16789 0.34
16789 3.45
16789 2.23
16789 8.2
16789 0.05
16899 0.19
16899 0.34
16899 3.45
16899 2.23
16899 8.2
16899 0.05
16866 0.19
16866 0.34
16866 3.45
16866 2.23
16866 8.2
16866 0.05
16830 0.19
16830 0.34
16830 3.45
16830 2.23
16830 8.2
16830 0.05
16900 0.19
16900 0.34
16900 3.45
16900 2.23
16900 8.2
16900 0.05
16867 0.19
16867 0.34
16867 3.45
16867 2.23
16867 8.2
16867 0.05
16831 0.19
16831 0.34
16831 3.45
16831 2.23
16831 8.2
16831 0.05
16901 0.19
16901 0.34
16901 3.45
16901 2.23
16901 8.2
16901 0.05
16868 0.19
16868 0.34
16868 3.45
16868 2.23
16868 8.2
16868 0.05
16832 0.19
16832 0.34
16832 3.45
16832 2.23
16832 8.2
16832 0.05
16936 0.19
16936 0.34
16936 3.45
16936 2.23
16936 8.2
16936 0.05
16902 0.19
16902 0.34
16902 3.45
16902 2.23
16902 8.2
16902 0.05
16869 0.19
16869 0.34
16869 3.45
16869 2.23
16869 8.2
16869 0.05
16833 0.19
16833 0.34
16833 3.45
16833 2.23
16833 8.2
16833 0.05
16937 0.19
16937 0.34
16937 3.45
16937 2.23
16937 8.2
16937 0.05
16903 0.19
16903 0.34
16903 3.45
16903 2.23
16903 8.2
16903 0.05
16870 0.19
16870 0.34
16870 3.45
16870 2.23
16870 8.2
16870 0.05
16834 0.19
16834 0.34
16834 3.45
16834 2.23
16834 8.2
16834 0.05
16938 0.19
16938 0.34
16938 3.45
16938 2.23
16938 8.2
16938 0.05
16904 0.19
16904 0.34
16904 3.45
16904 2.23
16904 8.2
16904 0.05
16871 0.19
16871 0.34
16871 3.45
16871 2.23
16871 8.2
16871 0.05
16939 0.19
16939 0.34
16939 3.45
16939 2.23
16939 8.2
16939 0.05
16905 0.19
16905 0.34
16905 3.45
16905 2.23
16905 8.2
16905 0.05
16872 0.19
16872 0.34
16872 3.45
16872 2.23
16872 8.2
16872 0.05
16940 0.19
16940 0.34
16940 3.45
16940 2.23
16940 8.2
16940 0.05
16906 0.19
16906 0.34
16906 3.45
16906 2.23
16906 8.2
16906 0.05
16873 0.19
16873 0.34
16873 3.45
16873 2.23
16873 8.2
16873 0.05
16972 0.19
16972 0.34
16972 3.45
16972 2.23
16972 8.2
16972 0.05
16941 0.19
16941 0.34
16941 3.45
16941 2.23
16941 8.2
16941 0.05
16907 0.19
16907 0.34
16907 3.45
16907 2.23
16907 8.2
16907 0.05
16874 0.19
16874 0.34
16874 3.45
16874 2.23
16874 8.2
16874 0.05
16973 0.19
16973 0.34
16973 3.45
16973 2.23
16973 8.2
16973 0.05
16942 0.19
16942 0.34
16942 3.45
16942 2.23
16942 8.2
16942 0.05
16908 0.19
16908 0.34
16908 3.45
16908 2.23
16908 8.2
16908 0.05
16875 0.19
16875 0.34
16875 3.45
16875 2.23
16875 8.2
16875 0.05
16974 0.19
16974 0.34
16974 3.45
16974 2.23
16974 8.2
16974 0.05
16943 0.19
16943 0.34
16943 3.45
16943 2.23
16943 8.2
16943 0.05
16909 0.19
16909 0.34
16909 3.45
16909 2.23
16909 8.2
16909 0.05
16876 0.19
16876 0.34
16876 3.45
16876 2.23
16876 8.2
16876 0.05
16975 0.19
16975 0.34
16975 3.45
16975 2.23
16975 8.2
16975 0.05
16944 0.19
16944 0.34
16944 3.45
16944 2.23
16944 8.2
16944 0.05
16910 0.19
16910 0.34
16910 3.45
16910 2.23
16910 8.2
16910 0.05
16976 0.19
16976 0.34
16976 3.45
16976 2.23
16976 8.2
16976 0.05
16945 0.19
16945 0.34
16945 3.45
16945 2.23
16945 8.2
16945 0.05
16911 0.19
16911 0.34
16911 3.45
16911 2.23
16911 8.2
16911 0.05
16977 0.19
16977 0.34
16977 3.45
16977 2.23
16977 8.2
16977 0.05
16946 0.19
16946 0.34
16946 3.45
16946 2.23
16946 8.2
16946 0.05
16912 0.19
16912 0.34
16912 3.45
16912 2.23
16912 8.2
16912 0.05
17013 0.19
17013 0.34
17013 3.45
17013 2.23
17013 8.2
17013 0.05
16978 0.19
16978 0.34
16978 3.45
16978 2.23
16978 8.2
16978 0.05
16947 0.19
16947 0.34
16947 3.45
16947 2.23
16947 8.2
16947 0.05
16913 0.19
16913 0.34
16913 3.45
16913 2.23
16913 8.2
16913 0.05
17014 0.19
17014 0.34
17014 3.45
17014 2.23
17014 8.2
17014 0.05
16979 0.19
16979 0.34
16979 3.45
16979 2.23
16979 8.2
16979 0.05
16948 0.19
16948 0.34
16948 3.45
16948 2.23
16948 8.2
16948 0.05
16914 0.19
16914 0.34
16914 3.45
16914 2.23
16914 8.2
16914 0.05
17015 0.19
17015 0.34
17015 3.45
17015 2.23
17015 8.2
17015 0.05
16980 0.19
16980 0.34
16980 3.45
16980 2.23
16980 8.2
16980 0.05
16949 0.19
16949 0.34
16949 3.45
16949 2.23
16949 8.2
16949 0.05
16915 0.19
16915 0.34
16915 3.45
16915 2.23
16915 8.2
16915 0.05
17016 0.19
17016 0.34
17016 3.45
17016 2.23
17016 8.2
17016 0.05
16981 0.19
16981 0.34
16981 3.45
16981 2.23
16981 8.2
16981 0.05
17054 0.19
17054 0.34
17054 3.45
17054 2.23
17054 8.2
17054 0.05
16950 0.19
16950 0.34
16950 3.45
16950 2.23
16950 8.2
16950 0.05
16916 0.19
16916 0.34
16916 3.45
16916 2.23
16916 8.2
16916 0.05
17017 0.19
17017 0.34
17017 3.45
17017 2.23
17017 8.2
17017 0.05
16982 0.19
16982 0.34
16982 3.45
16982 2.23
16982 8.2
16982 0.05
17055 0.19
17055 0.34
17055 3.45
17055 2.23
17055 8.2
17055 0.05
16951 0.19
16951 0.34
16951 3.45
16951 2.23
16951 8.2
16951 0.05
17018 0.19
17018 0.34
17018 3.45
17018 2.23
17018 8.2
17018 0.05
16983 0.19
16983 0.34
16983 3.45
16983 2.23
16983 8.2
16983 0.05
16952 0.19
16952 0.34
16952 3.45
16952 2.23
16952 8.2
16952 0.05
17056 0.19
17056 0.34
17056 3.45
17056 2.23
17056 8.2
17056 0.05
17019 0.19
17019 0.34
17019 3.45
17019 2.23
17019 8.2
17019 0.05
16984 0.19
16984 0.34
16984 3.45
16984 2.23
16984 8.2
16984 0.05
16953 0.19
16953 0.34
16953 3.45
16953 2.23
16953 8.2
16953 0.05
17057 0.19
17057 0.34
17057 3.45
17057 2.23
17057 8.2
17057 0.05
17020 0.19
17020 0.34
17020 3.45
17020 2.23
17020 8.2
17020 0.05
16985 0.19
16985 0.34
16985 3.45
16985 2.23
16985 8.2
16985 0.05
16954 0.19
16954 0.34
16954 3.45
16954 2.23
16954 8.2
16954 0.05
17058 0.19
17058 0.34
17058 3.45
17058 2.23
17058 8.2
17058 0.05
17021 0.19
17021 0.34
17021 3.45
17021 2.23
17021 8.2
17021 0.05
16986 0.19
16986 0.34
16986 3.45
16986 2.23
16986 8.2
16986 0.05
16955 0.19
16955 0.34
16955 3.45
16955 2.23
16955 8.2
16955 0.05
17059 0.19
17059 0.34
17059 3.45
17059 2.23
17059 8.2
17059 0.05
17022 0.19
17022 0.34
17022 3.45
17022 2.23
17022 8.2
17022 0.05
16987 0.19
16987 0.34
16987 3.45
16987 2.23
16987 8.2
16987 0.05
16956 0.19
16956 0.34
16956 3.45
16956 2.23
16956 8.2
16956 0.05
17060 0.19
17060 0.34
17060 3.45
17060 2.23
17060 8.2
17060 0.05
17023 0.19
17023 0.34
17023 3.45
17023 2.23
17023 8.2
17023 0.05
17097 0.19
17097 0.34
17097 3.45
17097 2.23
17097 8.2
17097 0.05
16988 0.19
16988 0.34
16988 3.45
16988 2.23
16988 8.2
16988 0.05
17061 0.19
17061 0.34
17061 3.45
17061 2.23
17061 8.2
17061 0.05
17024 0.19
17024 0.34
17024 3.45
17024 2.23
17024 8.2
17024 0.05
17098 0.19
17098 0.34
17098 3.45
17098 2.23
17098 8.2
17098 0.05
16989 0.19
16989 0.34
16989 3.45
16989 2.23
16989 8.2
16989 0.05
17062 0.19
17062 0.34
17062 3.45
17062 2.23
17062 8.2
17062 0.05
17025 0.19
17025 0.34
17025 3.45
17025 2.23
17025 8.2
17025 0.05
16990 0.19
16990 0.34
16990 3.45
16990 2.23
16990 8.2
16990 0.05
17099 0.19
17099 0.34
17099 3.45
17099 2.23
17099 8.2
17099 0.05
17063 0.19
17063 0.34
17063 3.45
17063 2.23
17063 8.2
17063 0.05
17026 0.19
17026 0.34
17026 3.45
17026 2.23
17026 8.2
17026 0.05
16991 0.19
16991 0.34
16991 3.45
16991 2.23
16991 8.2
16991 0.05
17100 0.19
17100 0.34
17100 3.45
17100 2.23
17100 8.2
17100 0.05
17064 0.19
17064 0.34
17064 3.45
17064 2.23
17064 8.2
17064 0.05
17027 0.19
17027 0.34
17027 3.45
17027 2.23
17027 8.2
17027 0.05
16992 0.19
16992 0.34
16992 3.45
16992 2.23
16992 8.2
16992 0.05
17101 0.19
17101 0.34
17101 3.45
17101 2.23
17101 8.2
17101 0.05
17065 0.19
17065 0.34
17065 3.45
17065 2.23
17065 8.2
17065 0.05
17028 0.19
17028 0.34
17028 3.45
17028 2.23
17028 8.2
17028 0.05
16993 0.19
16993 0.34
16993 3.45
16993 2.23
16993 8.2
16993 0.05
17102 0.19
17102 0.34
17102 3.45
17102 2.23
17102 8.2
17102 0.05
17066 0.19
17066 0.34
17066 3.45
17066 2.23
17066 8.2
17066 0.05
17137 0.19
17137 0.34
17137 3.45
17137 2.23
17137 8.2
17137 0.05
17029 0.19
17029 0.34
17029 3.45
17029 2.23
17029 8.2
17029 0.05
16994 0.19
16994 0.34
16994 3.45
16994 2.23
16994 8.2
16994 0.05
17103 0.19
17103 0.34
17103 3.45
17103 2.23
17103 8.2
17103 0.05
17067 0.19
17067 0.34
17067 3.45
17067 2.23
17067 8.2
17067 0.05
17030 0.19
17030 0.34
17030 3.45
17030 2.23
17030 8.2
17030 0.05
17138 0.19
17138 0.34
17138 3.45
17138 2.23
17138 8.2
17138 0.05
17104 0.19
17104 0.34
17104 3.45
17104 2.23
17104 8.2
17104 0.05
17068 0.19
17068 0.34
17068 3.45
17068 2.23
17068 8.2
17068 0.05
17031 0.19
17031 0.34
17031 3.45
17031 2.23
17031 8.2
17031 0.05
17139 0.19
17139 0.34
17139 3.45
17139 2.23
17139 8.2
17139 0.05
17105 0.19
17105 0.34
17105 3.45
17105 2.23
17105 8.2
17105 0.05
17069 0.19
17069 0.34
17069 3.45
17069 2.23
17069 8.2
17069 0.05
17032 0.19
17032 0.34
17032 3.45
17032 2.23
17032 8.2
17032 0.05
17140 0.19
17140 0.34
17140 3.45
17140 2.23
17140 8.2
17140 0.05
17106 0.19
17106 0.34
17106 3.45
17106 2.23
17106 8.2
17106 0.05
17070 0.19
17070 0.34
17070 3.45
17070 2.23
17070 8.2
17070 0.05
17033 0.19
17033 0.34
17033 3.45
17033 2.23
17033 8.2
17033 0.05
17141 0.19
17141 0.34
17141 3.45
17141 2.23
17141 8.2
17141 0.05
17107 0.19
17107 0.34
17107 3.45
17107 2.23
17107 8.2
17107 0.05
17071 0.19
17071 0.34
17071 3.45
17071 2.23
17071 8.2
17071 0.05
17034 0.19
17034 0.34
17034 3.45
17034 2.23
17034 8.2
17034 0.05
17142 0.19
17142 0.34
17142 3.45
17142 2.23
17142 8.2
17142 0.05
17108 0.19
17108 0.34
17108 3.45
17108 2.23
17108 8.2
17108 0.05
17072 0.19
17072 0.34
17072 3.45
17072 2.23
17072 8.2
17072 0.05
17035 0.19
17035 0.34
17035 3.45
17035 2.23
17035 8.2
17035 0.05
17143 0.19
17143 0.34
17143 3.45
17143 2.23
17143 8.2
17143 0.05
17109 0.19
17109 0.34
17109 3.45
17109 2.23
17109 8.2
17109 0.05
17178 0.19
17178 0.34
17178 3.45
17178 2.23
17178 8.2
17178 0.05
17073 0.19
17073 0.34
17073 3.45
17073 2.23
17073 8.2
17073 0.05
17144 0.19
17144 0.34
17144 3.45
17144 2.23
17144 8.2
17144 0.05
17110 0.19
17110 0.34
17110 3.45
17110 2.23
17110 8.2
17110 0.05
17179 0.19
17179 0.34
17179 3.45
17179 2.23
17179 8.2
17179 0.05
17074 0.19
17074 0.34
17074 3.45
17074 2.23
17074 8.2
17074 0.05
17145 0.19
17145 0.34
17145 3.45
17145 2.23
17145 8.2
17145 0.05
17111 0.19
17111 0.34
17111 3.45
17111 2.23
17111 8.2
17111 0.05
17075 0.19
17075 0.34
17075 3.45
17075 2.23
17075 8.2
17075 0.05
17180 0.19
17180 0.34
17180 3.45
17180 2.23
17180 8.2
17180 0.05
17146 0.19
17146 0.34
17146 3.45
17146 2.23
17146 8.2
17146 0.05
17112 0.19
17112 0.34
17112 3.45
17112 2.23
17112 8.2
17112 0.05
17076 0.19
17076 0.34
17076 3.45
17076 2.23
17076 8.2
17076 0.05
17181 0.19
17181 0.34
17181 3.45
17181 2.23
17181 8.2
17181 0.05
17147 0.19
17147 0.34
17147 3.45
17147 2.23
17147 8.2
17147 0.05
17113 0.19
17113 0.34
17113 3.45
17113 2.23
17113 8.2
17113 0.05
17077 0.19
17077 0.34
17077 3.45
17077 2.23
17077 8.2
17077 0.05
17182 0.19
17182 0.34
17182 3.45
17182 2.23
17182 8.2
17182 0.05
17148 0.19
17148 0.34
17148 3.45
17148 2.23
17148 8.2
17148 0.05
17218 0.19
17218 0.34
17218 3.45
17218 2.23
17218 8.2
17218 0.05
17114 0.19
17114 0.34
17114 3.45
17114 2.23
17114 8.2
17114 0.05
17078 0.19
17078 0.34
17078 3.45
17078 2.23
17078 8.2
17078 0.05
17183 0.19
17183 0.34
17183 3.45
17183 2.23
17183 8.2
17183 0.05
17149 0.19
17149 0.34
17149 3.45
17149 2.23
17149 8.2
17149 0.05
17219 0.19
17219 0.34
17219 3.45
17219 2.23
17219 8.2
17219 0.05
17115 0.19
17115 0.34
17115 3.45
17115 2.23
17115 8.2
17115 0.05
17079 0.19
17079 0.34
17079 3.45
17079 2.23
17079 8.2
17079 0.05
17184 0.19
17184 0.34
17184 3.45
17184 2.23
17184 8.2
17184 0.05
17150 0.19
17150 0.34
17150 3.45
17150 2.23
17150 8.2
17150 0.05
17220 0.19
17220 0.34
17220 3.45
17220 2.23
17220 8.2
17220 0.05
17116 0.19
17116 0.34
17116 3.45
17116 2.23
17116 8.2
17116 0.05
17185 0.19
17185 0.34
17185 3.45
17185 2.23
17185 8.2
17185 0.05
17151 0.19
17151 0.34
17151 3.45
17151 2.23
17151 8.2
17151 0.05
17221 0.19
17221 0.34
17221 3.45
17221 2.23
17221 8.2
17221 0.05
17117 0.19
17117 0.34
17117 3.45
17117 2.23
17117 8.2
17117 0.05
17186 0.19
17186 0.34
17186 3.45
17186 2.23
17186 8.2
17186 0.05
17152 0.19
17152 0.34
17152 3.45
17152 2.23
17152 8.2
17152 0.05
17118 0.19
17118 0.34
17118 3.45
17118 2.23
17118 8.2
17118 0.05
17222 0.19
17222 0.34
17222 3.45
17222 2.23
17222 8.2
17222 0.05
17187 0.19
17187 0.34
17187 3.45
17187 2.23
17187 8.2
17187 0.05
17153 0.19
17153 0.34
17153 3.45
17153 2.23
17153 8.2
17153 0.05
17119 0.19
17119 0.34
17119 3.45
17119 2.23
17119 8.2
17119 0.05
17223 0.19
17223 0.34
17223 3.45
17223 2.23
17223 8.2
17223 0.05
17188 0.19
17188 0.34
17188 3.45
17188 2.23
17188 8.2
17188 0.05
17255 0.19
17255 0.34
17255 3.45
17255 2.23
17255 8.2
17255 0.05
17154 0.19
17154 0.34
17154 3.45
17154 2.23
17154 8.2
17154 0.05
17120 0.19
17120 0.34
17120 3.45
17120 2.23
17120 8.2
17120 0.05
17224 0.19
17224 0.34
17224 3.45
17224 2.23
17224 8.2
17224 0.05
17189 0.19
17189 0.34
17189 3.45
17189 2.23
17189 8.2
17189 0.05
17256 0.19
17256 0.34
17256 3.45
17256 2.23
17256 8.2
17256 0.05
17155 0.19
17155 0.34
17155 3.45
17155 2.23
17155 8.2
17155 0.05
17121 0.19
17121 0.34
17121 3.45
17121 2.23
17121 8.2
17121 0.05
17225 0.19
17225 0.34
17225 3.45
17225 2.23
17225 8.2
17225 0.05
17190 0.19
17190 0.34
17190 3.45
17190 2.23
17190 8.2
17190 0.05
17257 0.19
17257 0.34
17257 3.45
17257 2.23
17257 8.2
17257 0.05
17156 0.19
17156 0.34
17156 3.45
17156 2.23
17156 8.2
17156 0.05
17226 0.19
17226 0.34
17226 3.45
17226 2.23
17226 8.2
17226 0.05
17191 0.19
17191 0.34
17191 3.45
17191 2.23
17191 8.2
17191 0.05
17258 0.19
17258 0.34
17258 3.45
17258 2.23
17258 8.2
17258 0.05
17157 0.19
17157 0.34
17157 3.45
17157 2.23
17157 8.2
17157 0.05
17227 0.19
17227 0.34
17227 3.45
17227 2.23
17227 8.2
17227 0.05
17192 0.19
17192 0.34
17192 3.45
17192 2.23
17192 8.2
17192 0.05
17158 0.19
17158 0.34
17158 3.45
17158 2.23
17158 8.2
17158 0.05
17259 0.19
17259 0.34
17259 3.45
17259 2.23
17259 8.2
17259 0.05
17228 0.19
17228 0.34
17228 3.45
17228 2.23
17228 8.2
17228 0.05
17193 0.19
17193 0.34
17193 3.45
17193 2.23
17193 8.2
17193 0.05
17159 0.19
17159 0.34
17159 3.45
17159 2.23
17159 8.2
17159 0.05
17260 0.19
17260 0.34
17260 3.45
17260 2.23
17260 8.2
17260 0.05
17229 0.19
17229 0.34
17229 3.45
17229 2.23
17229 8.2
17229 0.05
17194 0.19
17194 0.34
17194 3.45
17194 2.23
17194 8.2
17194 0.05
17160 0.19
17160 0.34
17160 3.45
17160 2.23
17160 8.2
17160 0.05
17261 0.19
17261 0.34
17261 3.45
17261 2.23
17261 8.2
17261 0.05
17230 0.19
17230 0.34
17230 3.45
17230 2.23
17230 8.2
17230 0.05
17289 0.19
17289 0.34
17289 3.45
17289 2.23
17289 8.2
17289 0.05
17195 0.19
17195 0.34
17195 3.45
17195 2.23
17195 8.2
17195 0.05
17262 0.19
17262 0.34
17262 3.45
17262 2.23
17262 8.2
17262 0.05
17231 0.19
17231 0.34
17231 3.45
17231 2.23
17231 8.2
17231 0.05
17290 0.19
17290 0.34
17290 3.45
17290 2.23
17290 8.2
17290 0.05
17196 0.19
17196 0.34
17196 3.45
17196 2.23
17196 8.2
17196 0.05
17263 0.19
17263 0.34
17263 3.45
17263 2.23
17263 8.2
17263 0.05
17232 0.19
17232 0.34
17232 3.45
17232 2.23
17232 8.2
17232 0.05
17291 0.19
17291 0.34
17291 3.45
17291 2.23
17291 8.2
17291 0.05
17197 0.19
17197 0.34
17197 3.45
17197 2.23
17197 8.2
17197 0.05
17264 0.19
17264 0.34
17264 3.45
17264 2.23
17264 8.2
17264 0.05
17233 0.19
17233 0.34
17233 3.45
17233 2.23
17233 8.2
17233 0.05
17198 0.19
17198 0.34
17198 3.45
17198 2.23
17198 8.2
17198 0.05
17292 0.19
17292 0.34
17292 3.45
17292 2.23
17292 8.2
17292 0.05
17265 0.19
17265 0.34
17265 3.45
17265 2.23
17265 8.2
17265 0.05
17234 0.19
17234 0.34
17234 3.45
17234 2.23
17234 8.2
17234 0.05
17199 0.19
17199 0.34
17199 3.45
17199 2.23
17199 8.2
17199 0.05
17293 0.19
17293 0.34
17293 3.45
17293 2.23
17293 8.2
17293 0.05
17266 0.19
17266 0.34
17266 3.45
17266 2.23
17266 8.2
17266 0.05
17235 0.19
17235 0.34
17235 3.45
17235 2.23
17235 8.2
17235 0.05
17200 0.19
17200 0.34
17200 3.45
17200 2.23
17200 8.2
17200 0.05
17294 0.19
17294 0.34
17294 3.45
17294 2.23
17294 8.2
17294 0.05
17267 0.19
17267 0.34
17267 3.45
17267 2.23
17267 8.2
17267 0.05
17323 0.19
17323 0.34
17323 3.45
17323 2.23
17323 8.2
17323 0.05
17236 0.19
17236 0.34
17236 3.45
17236 2.23
17236 8.2
17236 0.05
17201 0.19
17201 0.34
17201 3.45
17201 2.23
17201 8.2
17201 0.05
17295 0.19
17295 0.34
17295 3.45
17295 2.23
17295 8.2
17295 0.05
17268 0.19
17268 0.34
17268 3.45
17268 2.23
17268 8.2
17268 0.05
17324 0.19
17324 0.34
17324 3.45
17324 2.23
17324 8.2
17324 0.05
17237 0.19
17237 0.34
17237 3.45
17237 2.23
17237 8.2
17237 0.05
17296 0.19
17296 0.34
17296 3.45
17296 2.23
17296 8.2
17296 0.05
17269 0.19
17269 0.34
17269 3.45
17269 2.23
17269 8.2
17269 0.05
17325 0.19
17325 0.34
17325 3.45
17325 2.23
17325 8.2
17325 0.05
17238 0.19
17238 0.34
17238 3.45
17238 2.23
17238 8.2
17238 0.05
17297 0.19
17297 0.34
17297 3.45
17297 2.23
17297 8.2
17297 0.05
17270 0.19
17270 0.34
17270 3.45
17270 2.23
17270 8.2
17270 0.05
17326 0.19
17326 0.34
17326 3.45
17326 2.23
17326 8.2
17326 0.05
17239 0.19
17239 0.34
17239 3.45
17239 2.23
17239 8.2
17239 0.05
17298 0.19
17298 0.34
17298 3.45
17298 2.23
17298 8.2
17298 0.05
17271 0.19
17271 0.34
17271 3.45
17271 2.23
17271 8.2
17271 0.05
17240 0.19
17240 0.34
17240 3.45
17240 2.23
17240 8.2
17240 0.05
17327 0.19
17327 0.34
17327 3.45
17327 2.23
17327 8.2
17327 0.05
17299 0.19
17299 0.34
17299 3.45
17299 2.23
17299 8.2
17299 0.05
17272 0.19
17272 0.34
17272 3.45
17272 2.23
17272 8.2
17272 0.05
17241 0.19
17241 0.34
17241 3.45
17241 2.23
17241 8.2
17241 0.05
17328 0.19
17328 0.34
17328 3.45
17328 2.23
17328 8.2
17328 0.05
17300 0.19
17300 0.34
17300 3.45
17300 2.23
17300 8.2
17300 0.05
17273 0.19
17273 0.34
17273 3.45
17273 2.23
17273 8.2
17273 0.05
17242 0.19
17242 0.34
17242 3.45
17242 2.23
17242 8.2
17242 0.05
17329 0.19
17329 0.34
17329 3.45
17329 2.23
17329 8.2
17329 0.05
17301 0.19
17301 0.34
17301 3.45
17301 2.23
17301 8.2
17301 0.05
17359 0.19
17359 0.34
17359 3.45
17359 2.23
17359 8.2
17359 0.05
17274 0.19
17274 0.34
17274 3.45
17274 2.23
17274 8.2
17274 0.05
17330 0.19
17330 0.34
17330 3.45
17330 2.23
17330 8.2
17330 0.05
17302 0.19
17302 0.34
17302 3.45
17302 2.23
17302 8.2
17302 0.05
17360 0.19
17360 0.34
17360 3.45
17360 2.23
17360 8.2
17360 0.05
17275 0.19
17275 0.34
17275 3.45
17275 2.23
17275 8.2
17275 0.05
17331 0.19
17331 0.34
17331 3.45
17331 2.23
17331 8.2
17331 0.05
17303 0.19
17303 0.34
17303 3.45
17303 2.23
17303 8.2
17303 0.05
17361 0.19
17361 0.34
17361 3.45
17361 2.23
17361 8.2
17361 0.05
17276 0.19
17276 0.34
17276 3.45
17276 2.23
17276 8.2
17276 0.05
17245 0.19
17245 0.34
17245 3.45
17245 2.23
17245 8.2
17245 0.05
17332 0.19
17332 0.34
17332 3.45
17332 2.23
17332 8.2
17332 0.05
17304 0.19
17304 0.34
17304 3.45
17304 2.23
17304 8.2
17304 0.05
17362 0.19
17362 0.34
17362 3.45
17362 2.23
17362 8.2
17362 0.05
17277 0.19
17277 0.34
17277 3.45
17277 2.23
17277 8.2
17277 0.05
17246 0.19
17246 0.34
17246 3.45
17246 2.23
17246 8.2
17246 0.05
17333 0.19
17333 0.34
17333 3.45
17333 2.23
17333 8.2
17333 0.05
17305 0.19
17305 0.34
17305 3.45
17305 2.23
17305 8.2
17305 0.05
17278 0.19
17278 0.34
17278 3.45
17278 2.23
17278 8.2
17278 0.05
17363 0.19
17363 0.34
17363 3.45
17363 2.23
17363 8.2
17363 0.05
17334 0.19
17334 0.34
17334 3.45
17334 2.23
17334 8.2
17334 0.05
17306 0.19
17306 0.34
17306 3.45
17306 2.23
17306 8.2
17306 0.05
17279 0.19
17279 0.34
17279 3.45
17279 2.23
17279 8.2
17279 0.05
17364 0.19
17364 0.34
17364 3.45
17364 2.23
17364 8.2
17364 0.05
17335 0.19
17335 0.34
17335 3.45
17335 2.23
17335 8.2
17335 0.05
17394 0.19
17394 0.34
17394 3.45
17394 2.23
17394 8.2
17394 0.05
17307 0.19
17307 0.34
17307 3.45
17307 2.23
17307 8.2
17307 0.05
17365 0.19
17365 0.34
17365 3.45
17365 2.23
17365 8.2
17365 0.05
17336 0.19
17336 0.34
17336 3.45
17336 2.23
17336 8.2
17336 0.05
17395 0.19
17395 0.34
17395 3.45
17395 2.23
17395 8.2
17395 0.05
17308 0.19
17308 0.34
17308 3.45
17308 2.23
17308 8.2
17308 0.05
17366 0.19
17366 0.34
17366 3.45
17366 2.23
17366 8.2
17366 0.05
17337 0.19
17337 0.34
17337 3.45
17337 2.23
17337 8.2
17337 0.05
17396 0.19
17396 0.34
17396 3.45
17396 2.23
17396 8.2
17396 0.05
17309 0.19
17309 0.34
17309 3.45
17309 2.23
17309 8.2
17309 0.05
17367 0.19
17367 0.34
17367 3.45
17367 2.23
17367 8.2
17367 0.05
17338 0.19
17338 0.34
17338 3.45
17338 2.23
17338 8.2
17338 0.05
17310 0.19
17310 0.34
17310 3.45
17310 2.23
17310 8.2
17310 0.05
17397 0.19
17397 0.34
17397 3.45
17397 2.23
17397 8.2
17397 0.05
17368 0.19
17368 0.34
17368 3.45
17368 2.23
17368 8.2
17368 0.05
17339 0.19
17339 0.34
17339 3.45
17339 2.23
17339 8.2
17339 0.05
17311 0.19
17311 0.34
17311 3.45
17311 2.23
17311 8.2
17311 0.05
17398 0.19
17398 0.34
17398 3.45
17398 2.23
17398 8.2
17398 0.05
17369 0.19
17369 0.34
17369 3.45
17369 2.23
17369 8.2
17369 0.05
17340 0.19
17340 0.34
17340 3.45
17340 2.23
17340 8.2
17340 0.05
17312 0.19
17312 0.34
17312 3.45
17312 2.23
17312 8.2
17312 0.05
17399 0.19
17399 0.34
17399 3.45
17399 2.23
17399 8.2
17399 0.05
17370 0.19
17370 0.34
17370 3.45
17370 2.23
17370 8.2
17370 0.05
17341 0.19
17341 0.34
17341 3.45
17341 2.23
17341 8.2
17341 0.05
17313 0.19
17313 0.34
17313 3.45
17313 2.23
17313 8.2
17313 0.05
17400 0.19
17400 0.34
17400 3.45
17400 2.23
17400 8.2
17400 0.05
17371 0.19
17371 0.34
17371 3.45
17371 2.23
17371 8.2
17371 0.05
17429 0.19
17429 0.34
17429 3.45
17429 2.23
17429 8.2
17429 0.05
17342 0.19
17342 0.34
17342 3.45
17342 2.23
17342 8.2
17342 0.05
17401 0.19
17401 0.34
17401 3.45
17401 2.23
17401 8.2
17401 0.05
17372 0.19
17372 0.34
17372 3.45
17372 2.23
17372 8.2
17372 0.05
17430 0.19
17430 0.34
17430 3.45
17430 2.23
17430 8.2
17430 0.05
17343 0.19
17343 0.34
17343 3.45
17343 2.23
17343 8.2
17343 0.05
17402 0.19
17402 0.34
17402 3.45
17402 2.23
17402 8.2
17402 0.05
17373 0.19
17373 0.34
17373 3.45
17373 2.23
17373 8.2
17373 0.05
17431 0.19
17431 0.34
17431 3.45
17431 2.23
17431 8.2
17431 0.05
17344 0.19
17344 0.34
17344 3.45
17344 2.23
17344 8.2
17344 0.05
17403 0.19
17403 0.34
17403 3.45
17403 2.23
17403 8.2
17403 0.05
17374 0.19
17374 0.34
17374 3.45
17374 2.23
17374 8.2
17374 0.05
17432 0.19
17432 0.34
17432 3.45
17432 2.23
17432 8.2
17432 0.05
17345 0.19
17345 0.34
17345 3.45
17345 2.23
17345 8.2
17345 0.05
17404 0.19
17404 0.34
17404 3.45
17404 2.23
17404 8.2
17404 0.05
17375 0.19
17375 0.34
17375 3.45
17375 2.23
17375 8.2
17375 0.05
17346 0.19
17346 0.34
17346 3.45
17346 2.23
17346 8.2
17346 0.05
17433 0.19
17433 0.34
17433 3.45
17433 2.23
17433 8.2
17433 0.05
17405 0.19
17405 0.34
17405 3.45
17405 2.23
17405 8.2
17405 0.05
17376 0.19
17376 0.34
17376 3.45
17376 2.23
17376 8.2
17376 0.05
17347 0.19
17347 0.34
17347 3.45
17347 2.23
17347 8.2
17347 0.05
17434 0.19
17434 0.34
17434 3.45
17434 2.23
17434 8.2
17434 0.05
17406 0.19
17406 0.34
17406 3.45
17406 2.23
17406 8.2
17406 0.05
17465 0.19
17465 0.34
17465 3.45
17465 2.23
17465 8.2
17465 0.05
17377 0.19
17377 0.34
17377 3.45
17377 2.23
17377 8.2
17377 0.05
17435 0.19
17435 0.34
17435 3.45
17435 2.23
17435 8.2
17435 0.05
17407 0.19
17407 0.34
17407 3.45
17407 2.23
17407 8.2
17407 0.05
17466 0.19
17466 0.34
17466 3.45
17466 2.23
17466 8.2
17466 0.05
17378 0.19
17378 0.34
17378 3.45
17378 2.23
17378 8.2
17378 0.05
17436 0.19
17436 0.34
17436 3.45
17436 2.23
17436 8.2
17436 0.05
17408 0.19
17408 0.34
17408 3.45
17408 2.23
17408 8.2
17408 0.05
17467 0.19
17467 0.34
17467 3.45
17467 2.23
17467 8.2
17467 0.05
17379 0.19
17379 0.34
17379 3.45
17379 2.23
17379 8.2
17379 0.05
17437 0.19
17437 0.34
17437 3.45
17437 2.23
17437 8.2
17437 0.05
17409 0.19
17409 0.34
17409 3.45
17409 2.23
17409 8.2
17409 0.05
17468 0.19
17468 0.34
17468 3.45
17468 2.23
17468 8.2
17468 0.05
17380 0.19
17380 0.34
17380 3.45
17380 2.23
17380 8.2
17380 0.05
17438 0.19
17438 0.34
17438 3.45
17438 2.23
17438 8.2
17438 0.05
17410 0.19
17410 0.34
17410 3.45
17410 2.23
17410 8.2
17410 0.05
17381 0.19
17381 0.34
17381 3.45
17381 2.23
17381 8.2
17381 0.05
17469 0.19
17469 0.34
17469 3.45
17469 2.23
17469 8.2
17469 0.05
17439 0.19
17439 0.34
17439 3.45
17439 2.23
17439 8.2
17439 0.05
17411 0.19
17411 0.34
17411 3.45
17411 2.23
17411 8.2
17411 0.05
17382 0.19
17382 0.34
17382 3.45
17382 2.23
17382 8.2
17382 0.05
17470 0.19
17470 0.34
17470 3.45
17470 2.23
17470 8.2
17470 0.05
17440 0.19
17440 0.34
17440 3.45
17440 2.23
17440 8.2
17440 0.05
17412 0.19
17412 0.34
17412 3.45
17412 2.23
17412 8.2
17412 0.05
17383 0.19
17383 0.34
17383 3.45
17383 2.23
17383 8.2
17383 0.05
17471 0.19
17471 0.34
17471 3.45
17471 2.23
17471 8.2
17471 0.05
17441 0.19
17441 0.34
17441 3.45
17441 2.23
17441 8.2
17441 0.05
17413 0.19
17413 0.34
17413 3.45
17413 2.23
17413 8.2
17413 0.05
17472 0.19
17472 0.34
17472 3.45
17472 2.23
17472 8.2
17472 0.05
17442 0.19
17442 0.34
17442 3.45
17442 2.23
17442 8.2
17442 0.05
17414 0.19
17414 0.34
17414 3.45
17414 2.23
17414 8.2
17414 0.05
17473 0.19
17473 0.34
17473 3.45
17473 2.23
17473 8.2
17473 0.05
17443 0.19
17443 0.34
17443 3.45
17443 2.23
17443 8.2
17443 0.05
17504 0.19
17504 0.34
17504 3.45
17504 2.23
17504 8.2
17504 0.05
17415 0.19
17415 0.34
17415 3.45
17415 2.23
17415 8.2
17415 0.05
17474 0.19
17474 0.34
17474 3.45
17474 2.23
17474 8.2
17474 0.05
17444 0.19
17444 0.34
17444 3.45
17444 2.23
17444 8.2
17444 0.05
17505 0.19
17505 0.34
17505 3.45
17505 2.23
17505 8.2
17505 0.05
17416 0.19
17416 0.34
17416 3.45
17416 2.23
17416 8.2
17416 0.05
17475 0.19
17475 0.34
17475 3.45
17475 2.23
17475 8.2
17475 0.05
17445 0.19
17445 0.34
17445 3.45
17445 2.23
17445 8.2
17445 0.05
17417 0.19
17417 0.34
17417 3.45
17417 2.23
17417 8.2
17417 0.05
17506 0.19
17506 0.34
17506 3.45
17506 2.23
17506 8.2
17506 0.05
17476 0.19
17476 0.34
17476 3.45
17476 2.23
17476 8.2
17476 0.05
17446 0.19
17446 0.34
17446 3.45
17446 2.23
17446 8.2
17446 0.05
17418 0.19
17418 0.34
17418 3.45
17418 2.23
17418 8.2
17418 0.05
17507 0.19
17507 0.34
17507 3.45
17507 2.23
17507 8.2
17507 0.05
17477 0.19
17477 0.34
17477 3.45
17477 2.23
17477 8.2
17477 0.05
17447 0.19
17447 0.34
17447 3.45
17447 2.23
17447 8.2
17447 0.05
17508 0.19
17508 0.34
17508 3.45
17508 2.23
17508 8.2
17508 0.05
17478 0.19
17478 0.34
17478 3.45
17478 2.23
17478 8.2
17478 0.05
17448 0.19
17448 0.34
17448 3.45
17448 2.23
17448 8.2
17448 0.05
17509 0.19
17509 0.34
17509 3.45
17509 2.23
17509 8.2
17509 0.05
17479 0.19
17479 0.34
17479 3.45
17479 2.23
17479 8.2
17479 0.05
17449 0.19
17449 0.34
17449 3.45
17449 2.23
17449 8.2
17449 0.05
17510 0.19
17510 0.34
17510 3.45
17510 2.23
17510 8.2
17510 0.05
17480 0.19
17480 0.34
17480 3.45
17480 2.23
17480 8.2
17480 0.05
17450 0.19
17450 0.34
17450 3.45
17450 2.23
17450 8.2
17450 0.05
17511 0.19
17511 0.34
17511 3.45
17511 2.23
17511 8.2
17511 0.05
17481 0.19
17481 0.34
17481 3.45
17481 2.23
17481 8.2
17481 0.05
17451 0.19
17451 0.34
17451 3.45
17451 2.23
17451 8.2
17451 0.05
17512 0.19
17512 0.34
17512 3.45
17512 2.23
17512 8.2
17512 0.05
17482 0.19
17482 0.34
17482 3.45
17482 2.23
17482 8.2
17482 0.05
17452 0.19
17452 0.34
17452 3.45
17452 2.23
17452 8.2
17452 0.05
17513 0.19
17513 0.34
17513 3.45
17513 2.23
17513 8.2
17513 0.05
17483 0.19
17483 0.34
17483 3.45
17483 2.23
17483 8.2
17483 0.05
17514 0.19
17514 0.34
17514 3.45
17514 2.23
17514 8.2
17514 0.05
17484 0.19
17484 0.34
17484 3.45
17484 2.23
17484 8.2
17484 0.05
17515 0.19
17515 0.34
17515 3.45
17515 2.23
17515 8.2
17515 0.05
17485 0.19
17485 0.34
17485 3.45
17485 2.23
17485 8.2
17485 0.05
17545 0.19
17545 0.34
17545 3.45
17545 2.23
17545 8.2
17545 0.05
17516 0.19
17516 0.34
17516 3.45
17516 2.23
17516 8.2
17516 0.05
17486 0.19
17486 0.34
17486 3.45
17486 2.23
17486 8.2
17486 0.05
17546 0.19
17546 0.34
17546 3.45
17546 2.23
17546 8.2
17546 0.05
17517 0.19
17517 0.34
17517 3.45
17517 2.23
17517 8.2
17517 0.05
17487 0.19
17487 0.34
17487 3.45
17487 2.23
17487 8.2
17487 0.05
17547 0.19
17547 0.34
17547 3.45
17547 2.23
17547 8.2
17547 0.05
17518 0.19
17518 0.34
17518 3.45
17518 2.23
17518 8.2
17518 0.05
17488 0.19
17488 0.34
17488 3.45
17488 2.23
17488 8.2
17488 0.05
17548 0.19
17548 0.34
17548 3.45
17548 2.23
17548 8.2
17548 0.05
17519 0.19
17519 0.34
17519 3.45
17519 2.23
17519 8.2
17519 0.05
17549 0.19
17549 0.34
17549 3.45
17549 2.23
17549 8.2
17549 0.05
17520 0.19
17520 0.34
17520 3.45
17520 2.23
17520 8.2
17520 0.05
17550 0.19
17550 0.34
17550 3.45
17550 2.23
17550 8.2
17550 0.05
17521 0.19
17521 0.34
17521 3.45
17521 2.23
17521 8.2
17521 0.05
17579 0.19
17579 0.34
17579 3.45
17579 2.23
17579 8.2
17579 0.05
17551 0.19
17551 0.34
17551 3.45
17551 2.23
17551 8.2
17551 0.05
17522 0.19
17522 0.34
17522 3.45
17522 2.23
17522 8.2
17522 0.05
17580 0.19
17580 0.34
17580 3.45
17580 2.23
17580 8.2
17580 0.05
17552 0.19
17552 0.34
17552 3.45
17552 2.23
17552 8.2
17552 0.05
17523 0.19
17523 0.34
17523 3.45
17523 2.23
17523 8.2
17523 0.05
17581 0.19
17581 0.34
17581 3.45
17581 2.23
17581 8.2
17581 0.05
17553 0.19
17553 0.34
17553 3.45
17553 2.23
17553 8.2
17553 0.05
17582 0.19
17582 0.34
17582 3.45
17582 2.23
17582 8.2
17582 0.05
17554 0.19
17554 0.34
17554 3.45
17554 2.23
17554 8.2
17554 0.05
17583 0.19
17583 0.34
17583 3.45
17583 2.23
17583 8.2
17583 0.05
17555 0.19
17555 0.34
17555 3.45
17555 2.23
17555 8.2
17555 0.05
17584 0.19
17584 0.34
17584 3.45
17584 2.23
17584 8.2
17584 0.05
17556 0.19
17556 0.34
17556 3.45
17556 2.23
17556 8.2
17556 0.05
17614 0.19
17614 0.34
17614 3.45
17614 2.23
17614 8.2
17614 0.05
17585 0.19
17585 0.34
17585 3.45
17585 2.23
17585 8.2
17585 0.05
17557 0.19
17557 0.34
17557 3.45
17557 2.23
17557 8.2
17557 0.05
17615 0.19
17615 0.34
17615 3.45
17615 2.23
17615 8.2
17615 0.05
17586 0.19
17586 0.34
17586 3.45
17586 2.23
17586 8.2
17586 0.05
17558 0.19
17558 0.34
17558 3.45
17558 2.23
17558 8.2
17558 0.05
17616 0.19
17616 0.34
17616 3.45
17616 2.23
17616 8.2
17616 0.05
17587 0.19
17587 0.34
17587 3.45
17587 2.23
17587 8.2
17587 0.05
17559 0.19
17559 0.34
17559 3.45
17559 2.23
17559 8.2
17559 0.05
17617 0.19
17617 0.34
17617 3.45
17617 2.23
17617 8.2
17617 0.05
17588 0.19
17588 0.34
17588 3.45
17588 2.23
17588 8.2
17588 0.05
17618 0.19
17618 0.34
17618 3.45
17618 2.23
17618 8.2
17618 0.05
17589 0.19
17589 0.34
17589 3.45
17589 2.23
17589 8.2
17589 0.05
17619 0.19
17619 0.34
17619 3.45
17619 2.23
17619 8.2
17619 0.05
17590 0.19
17590 0.34
17590 3.45
17590 2.23
17590 8.2
17590 0.05
17649 0.19
17649 0.34
17649 3.45
17649 2.23
17649 8.2
17649 0.05
17620 0.19
17620 0.34
17620 3.45
17620 2.23
17620 8.2
17620 0.05
17591 0.19
17591 0.34
17591 3.45
17591 2.23
17591 8.2
17591 0.05
17650 0.19
17650 0.34
17650 3.45
17650 2.23
17650 8.2
17650 0.05
17621 0.19
17621 0.34
17621 3.45
17621 2.23
17621 8.2
17621 0.05
17592 0.19
17592 0.34
17592 3.45
17592 2.23
17592 8.2
17592 0.05
17651 0.19
17651 0.34
17651 3.45
17651 2.23
17651 8.2
17651 0.05
17622 0.19
17622 0.34
17622 3.45
17622 2.23
17622 8.2
17622 0.05
17593 0.19
17593 0.34
17593 3.45
17593 2.23
17593 8.2
17593 0.05
17652 0.19
17652 0.34
17652 3.45
17652 2.23
17652 8.2
17652 0.05
17623 0.19
17623 0.34
17623 3.45
17623 2.23
17623 8.2
17623 0.05
17594 0.19
17594 0.34
17594 3.45
17594 2.23
17594 8.2
17594 0.05
17653 0.19
17653 0.34
17653 3.45
17653 2.23
17653 8.2
17653 0.05
17624 0.19
17624 0.34
17624 3.45
17624 2.23
17624 8.2
17624 0.05
17654 0.19
17654 0.34
17654 3.45
17654 2.23
17654 8.2
17654 0.05
17625 0.19
17625 0.34
17625 3.45
17625 2.23
17625 8.2
17625 0.05
17655 0.19
17655 0.34
17655 3.45
17655 2.23
17655 8.2
17655 0.05
17626 0.19
17626 0.34
17626 3.45
17626 2.23
17626 8.2
17626 0.05
17682 0.19
17682 0.34
17682 3.45
17682 2.23
17682 8.2
17682 0.05
17656 0.19
17656 0.34
17656 3.45
17656 2.23
17656 8.2
17656 0.05
17627 0.19
17627 0.34
17627 3.45
17627 2.23
17627 8.2
17627 0.05
17683 0.19
17683 0.34
17683 3.45
17683 2.23
17683 8.2
17683 0.05
17657 0.19
17657 0.34
17657 3.45
17657 2.23
17657 8.2
17657 0.05
17628 0.19
17628 0.34
17628 3.45
17628 2.23
17628 8.2
17628 0.05
17684 0.19
17684 0.34
17684 3.45
17684 2.23
17684 8.2
17684 0.05
17658 0.19
17658 0.34
17658 3.45
17658 2.23
17658 8.2
17658 0.05
17629 0.19
17629 0.34
17629 3.45
17629 2.23
17629 8.2
17629 0.05
17685 0.19
17685 0.34
17685 3.45
17685 2.23
17685 8.2
17685 0.05
17659 0.19
17659 0.34
17659 3.45
17659 2.23
17659 8.2
17659 0.05
17630 0.19
17630 0.34
17630 3.45
17630 2.23
17630 8.2
17630 0.05
17686 0.19
17686 0.34
17686 3.45
17686 2.23
17686 8.2
17686 0.05
17660 0.19
17660 0.34
17660 3.45
17660 2.23
17660 8.2
17660 0.05
17687 0.19
17687 0.34
17687 3.45
17687 2.23
17687 8.2
17687 0.05
17661 0.19
17661 0.34
17661 3.45
17661 2.23
17661 8.2
17661 0.05
17688 0.19
17688 0.34
17688 3.45
17688 2.23
17688 8.2
17688 0.05
17662 0.19
17662 0.34
17662 3.45
17662 2.23
17662 8.2
17662 0.05
17689 0.19
17689 0.34
17689 3.45
17689 2.23
17689 8.2
17689 0.05
17663 0.19
17663 0.34
17663 3.45
17663 2.23
17663 8.2
17663 0.05
17690 0.19
17690 0.34
17690 3.45
17690 2.23
17690 8.2
17690 0.05
17664 0.19
17664 0.34
17664 3.45
17664 2.23
17664 8.2
17664 0.05
17691 0.19
17691 0.34
17691 3.45
17691 2.23
17691 8.2
17691 0.05
17665 0.19
17665 0.34
17665 3.45
17665 2.23
17665 8.2
17665 0.05
17720 0.19
17720 0.34
17720 3.45
17720 2.23
17720 8.2
17720 0.05
17692 0.19
17692 0.34
17692 3.45
17692 2.23
17692 8.2
17692 0.05
17666 0.19
17666 0.34
17666 3.45
17666 2.23
17666 8.2
17666 0.05
17721 0.19
17721 0.34
17721 3.45
17721 2.23
17721 8.2
17721 0.05
17693 0.19
17693 0.34
17693 3.45
17693 2.23
17693 8.2
17693 0.05
17722 0.19
17722 0.34
17722 3.45
17722 2.23
17722 8.2
17722 0.05
17694 0.19
17694 0.34
17694 3.45
17694 2.23
17694 8.2
17694 0.05
17723 0.19
17723 0.34
17723 3.45
17723 2.23
17723 8.2
17723 0.05
17695 0.19
17695 0.34
17695 3.45
17695 2.23
17695 8.2
17695 0.05
17724 0.19
17724 0.34
17724 3.45
17724 2.23
17724 8.2
17724 0.05
17696 0.19
17696 0.34
17696 3.45
17696 2.23
17696 8.2
17696 0.05
17725 0.19
17725 0.34
17725 3.45
17725 2.23
17725 8.2
17725 0.05
17697 0.19
17697 0.34
17697 3.45
17697 2.23
17697 8.2
17697 0.05
17755 0.19
17755 0.34
17755 3.45
17755 2.23
17755 8.2
17755 0.05
17726 0.19
17726 0.34
17726 3.45
17726 2.23
17726 8.2
17726 0.05
17698 0.19
17698 0.34
17698 3.45
17698 2.23
17698 8.2
17698 0.05
17756 0.19
17756 0.34
17756 3.45
17756 2.23
17756 8.2
17756 0.05
17727 0.19
17727 0.34
17727 3.45
17727 2.23
17727 8.2
17727 0.05
17699 0.19
17699 0.34
17699 3.45
17699 2.23
17699 8.2
17699 0.05
17700 0.19
17700 0.34
17700 3.45
17700 2.23
17700 8.2
17700 0.05
17729 0.19
17729 0.34
17729 3.45
17729 2.23
17729 8.2
17729 0.05
17701 0.19
17701 0.34
17701 3.45
17701 2.23
17701 8.2
17701 0.05
17730 0.19
17730 0.34
17730 3.45
17730 2.23
17730 8.2
17730 0.05
17731 0.19
17731 0.34
17731 3.45
17731 2.23
17731 8.2
17731 0.05
17732 0.19
17732 0.34
17732 3.45
17732 2.23
17732 8.2
17732 0.05
17733 0.19
17733 0.34
17733 3.45
17733 2.23
17733 8.2
17733 0.05
17734 0.19
17734 0.34
17734 3.45
17734 2.23
17734 8.2
17734 0.05
17735 0.19
17735 0.34
17735 3.45
17735 2.23
17735 8.2
17735 0.05
17765 0.19
17765 0.34
17765 3.45
17765 2.23
17765 8.2
17765 0.05
17736 0.19
17736 0.34
17736 3.45
17736 2.23
17736 8.2
17736 0.05
17766 0.19
17766 0.34
17766 3.45
17766 2.23
17766 8.2
17766 0.05
17767 0.19
17767 0.34
17767 3.45
17767 2.23
17767 8.2
17767 0.05
17768 0.19
17768 0.34
17768 3.45
17768 2.23
17768 8.2
17768 0.05
17740 0.19
17740 0.34
17740 3.45
17740 2.23
17740 8.2
17740 0.05
17771 0.19
17771 0.34
17771 3.45
17771 2.23
17771 8.2
17771 0.05
17772 0.19
17772 0.34
17772 3.45
17772 2.23
17772 8.2
17772 0.05
17773 0.19
17773 0.34
17773 3.45
17773 2.23
17773 8.2
17773 0.05
17774 0.19
17774 0.34
17774 3.45
17774 2.23
17774 8.2
17774 0.05
17775 0.19
17775 0.34
17775 3.45
17775 2.23
17775 8.2
17775 0.05
17804 0.19
17804 0.34
17804 3.45
17804 2.23
17804 8.2
17804 0.05
17805 0.19
17805 0.34
17805 3.45
17805 2.23
17805 8.2
17805 0.05
17806 0.19
17806 0.34
17806 3.45
17806 2.23
17806 8.2
17806 0.05
17807 0.19
17807 0.34
17807 3.45
17807 2.23
17807 8.2
17807 0.05
17808 0.19
17808 0.34
17808 3.45
17808 2.23
17808 8.2
17808 0.05
17837 0.19
17837 0.34
17837 3.45
17837 2.23
17837 8.2
17837 0.05
17838 0.19
17838 0.34
17838 3.45
17838 2.23
17838 8.2
17838 0.05
17862 0.19
17862 0.34
17862 3.45
17862 2.23
17862 8.2
17862 0.05
