pt_graph met
13254 0
13255 0
13314 0
13315 0
13316 0
13371 0
13372 0
13373 0
13374 0
13375 0
13433 0
13434 0
13435 0
13436 0
13437 0
13487 0
13488 0
13489 0
13490 0
13491 0
13492 0
13493 0
13494 0
13545 0
13546 0
13547 0
13548 0
13549 0
13550 0
13551 0
13552 0
13553 0
13601 0
13602 0
13603 0
13604 0
13605 0
13606 0
13607 0
13608 0
13609 0
13610 0
13611 0
13659 0
13660 0
13661 0
13662 0
13663 0
13664 0
13665 0
13666 0
13667 0
13668 0
13669 0
13670 0
13671 0
13720 0
13721 0
13722 0
13723 0
13724 0
13725 0
13726 0
13727 0
13728 0
13729 0
13730 0
13731 0
13778 0
13779 0
13780 0
13781 0
13782 0
13783 0
13784 0
13785 0
13786 0
13787 0
13788 0
13789 0
13790 0
13791 0
13839 0
13840 0
13841 0
13842 0
13843 0
13844 0
13845 0
13846 0
13847 0
13848 0
13849 0
13850 0
13851 0
13852 0
13895 0
13896 0
13897 0
13898 0
13899 0
13900 0
13901 0
13902 0
13903 0
13904 0
13905 0
13906 0
13907 0
13908 0
13909 0
13910 0
13911 0
13956 0
13957 0
13958 0
13959 0
13960 0
13961 0
13962 0
13963 0
13964 0
13965 0
13966 0
13967 0
13968 0
13969 0
13970 0
13971 0
13972 0
14017 0
14018 0
14019 0
14020 0
14021 0
14022 0
14023 0
14024 0
14025 0
14026 0
14027 0
14028 0
14029 0
14030 0
14031 0
14032 0
14033 0
14034 0
14035 0
14080 0
14081 0
14082 0
14083 0
14084 0
14085 0
14086 0
14087 0
14088 0
14089 0
14090 0
14091 0
14092 0
14093 0
14094 0
14095 0
14096 0
14097 0
14142 0
14143 0
14144 0
14145 0
14146 0
14147 0
14148 0
14149 0
14150 0
14151 0
14152 0
14153 0
14154 0
14155 0
14156 0
14157 0
14158 0
14159 0
14160 0
14161 0
14207 0
14208 0
14209 0
14210 0
14211 0
14212 0
14213 0
14214 0
14215 0
14216 0
14217 0
14218 0
14219 0
14220 0
14221 0
14222 0
14223 0
14224 0
14225 0
14226 0
14273 0
14274 0
14275 0
14276 0
14277 0
14278 0
14279 0
14280 0
14281 0
14282 0
14283 0
14284 0
14285 0
14286 0
14287 0
14288 0
14289 0
14290 0
14291 0
14292 0
14293 0
14294 0
14343 0
14344 0
14345 0
14346 0
14347 0
14348 0
14349 0
14350 0
14351 0
14352 0
14353 0
14354 0
14355 0
14356 0
14357 0
14358 0
14359 0
14360 0
14361 0
14362 0
14363 0
14364 0
14413 0
14414 0
14415 0
14416 0
14417 0
14418 0
14419 0
14420 0
14421 0
14422 0
14423 0
14424 0
14425 0
14426 0
14427 0
14428 0
14429 0
14430 0
14431 0
14432 0
14433 0
14434 0
14435 0
14486 0
14487 0
14488 0
14489 0
14490 0
14491 0
14492 0
14493 0
14494 0
14495 0
14496 0
14497 0
14498 0
14499 0
14500 0
14501 0
14502 0
14503 0
14504 0
14505 0
14506 0
14507 0
14508 0
14509 0
14510 0
14559 0
14560 0
14561 0
14562 0
14563 0
14564 0
14565 0
14566 0
14567 0
14568 0
14569 0
14570 0
14571 0
14572 0
14573 0
14574 0
14575 0
14576 0
14577 0
14578 0
14579 0
14580 0
14581 0
14582 0
14583 0
14629 0
14630 0
14631 0
14632 0
14633 0
14634 0
14635 0
14636 0
14637 0
14638 0
14639 0
14642 0
14643 0
14644 0
14645 0
14646 0
14647 0
14648 0
14649 0
14650 0
14651 0
14652 0
14653 0
14654 0
14698 0
14699 0
14700 0
14701 0
14702 0
14703 0
14704 0
14705 0
14706 0
14707 0
14708 0
14712 0
14713 0
14714 0
14715 0
14716 0
14717 0
14718 0
14719 0
14720 0
14721 0
14722 0
14723 0
14769 0
14770 0
14771 0
14772 0
14773 0
14774 0
14775 0
14776 0
14777 0
14778 0
14779 0
14780 0
14782 0
14784 0
14785 0
14786 0
14787 0
14788 0
14789 0
14790 0
14791 0
14792 0
14793 0
14794 0
14795 0
14840 0
14841 0
14842 0
14843 0
14844 0
14845 0
14846 0
14847 0
14848 0
14849 0
14850 0
14851 0
14853 0
14854 0
14856 0
14857 0
14858 0
14859 0
14860 0
14861 0
14862 0
14863 0
14864 0
14865 0
14866 0
14909 0
14910 0
14911 0
14912 0
14913 0
14914 0
14915 0
14916 0
14917 0
14918 0
14919 0
14920 0
14921 0
14922 0
14923 0
14924 0
14925 0
14926 0
14927 0
14928 0
14929 0
14930 0
14931 0
14932 0
14933 0
14934 0
14935 0
14936 0
14937 0
14981 0
14982 0
14983 0
14984 0
14985 0
14986 0
14987 0
14988 0
14989 0
14990 0
14991 0
14992 0
14993 0
14994 0
14995 0
14996 0
14997 0
14998 0
14999 0
15000 0
15001 0
15002 0
15003 0
15004 0
15005 0
15006 0
15007 0
15008 0
15009 0
15052 0
15053 0
15054 0
15055 0
15056 0
15057 0
15058 0
15059 0
15060 0
15061 0
15062 0
15063 0
15064 0
15065 0
15066 0
15067 0
15068 0
15069 0
15070 0
15071 0
15072 0
15073 0
15074 0
15075 0
15076 0
15077 0
15078 0
15079 0
15080 0
15123 0
15124 0
15125 0
15126 0
15127 0
15128 0
15129 0
15130 0
15131 0
15132 0
15133 0
15134 0
15135 0
15136 0
15137 0
15138 0
15139 0
15140 0
15141 0
15142 0
15144 0
15145 0
15146 0
15147 0
15148 0
15149 0
15150 0
15151 0
15193 0
15194 0
15195 0
15196 0
15197 0
15198 0
15199 0
15200 0
15201 0
15202 0
15203 0
15204 0
15205 0
15206 0
15207 0
15208 0
15209 0
15210 0
15211 0
15212 0
15214 0
15215 0
15216 0
15217 0
15218 0
15219 0
15220 0
15221 0
15262 0
15263 0
15264 0
15265 0
15266 0
15267 0
15268 0
15269 0
15270 0
15271 0
15272 0
15273 0
15274 0
15275 0
15276 0
15277 0
15278 0
15279 0
15280 0
15281 0
15282 0
15283 0
15284 0
15285 0
15286 0
15287 0
15288 0
15289 0
15290 0
15291 0
15331 0
15332 0
15333 0
15334 0
15335 0
15336 0
15337 0
15338 0
15339 0
15340 0
15341 0
15342 0
15343 0
15344 0
15345 0
15346 0
15347 0
15348 0
15349 0
15350 0
15351 0
15352 0
15353 0
15354 0
15355 0
15356 0
15357 0
15358 0
15359 0
15360 0
15398 0
15399 0
15400 0
15401 0
15402 0
15403 0
15404 0
15405 0
15406 0
15407 0
15408 0
15409 0
15410 0
15411 0
15412 0
15413 0
15414 0
15415 0
15416 0
15417 0
15418 0
15419 0
15420 0
15421 0
15422 0
15423 0
15424 0
15425 0
15426 0
15427 0
15465 0
15466 0
15467 0
15468 0
15469 0
15470 0
15471 0
15472 0
15473 0
15474 0
15475 0
15476 0
15477 0
15478 0
15479 0
15480 0
15481 0
15482 0
15483 0
15484 0
15485 0
15486 0
15487 0
15488 0
15489 0
15490 0
15491 0
15492 0
15493 0
15494 0
15531 0
15532 0
15533 0
15534 0
15535 0
15536 0
15537 0
15538 0
15539 0
15540 0
15541 0
15542 0
15543 0
15544 0
15545 0
15546 0
15547 0
15548 0
15549 0
15550 0
15551 0
15552 0
15553 0
15554 0
15555 0
15556 0
15557 0
15558 0
15559 0
15560 0
15561 0
15600 0
15601 0
15602 0
15603 0
15604 0
15605 0
15606 0
15607 0
15608 0
15609 0
15610 0
15611 0
15612 0
15613 0
15614 0
15615 0
15616 0
15617 0
15618 0
15619 0
15620 0
15621 0
15622 0
15623 0
15624 0
15625 0
15626 0
15627 0
15628 0
15629 0
15666 0
15667 0
15668 0
15669 0
15670 0
15671 0
15672 0
15673 0
15674 0
15675 0
15676 0
15677 0
15678 0
15679 0
15680 0
15681 0
15682 0
15683 0
15684 0
15685 0
15686 0
15687 0
15688 0
15689 0
15690 0
15691 0
15692 0
15693 0
15694 0
15695 0
15733 0
15734 0
15735 0
15736 0
15737 0
15738 0
15739 0
15740 0
15741 0
15742 0
15743 0
15744 0
15745 0
15746 0
15747 0
15748 0
15749 0
15750 0
15751 0
15752 0
15753 0
15754 0
15755 0
15756 0
15757 0
15758 0
15759 0
15760 0
15761 0
15796 0
15797 0
15798 0
15799 0
15800 0
15801 0
15802 0
15803 0
15804 0
15805 0
15806 0
15807 0
15808 0
15809 0
15810 0
15811 0
15812 0
15813 0
15814 0
15815 0
15816 0
15817 0
15818 0
15819 0
15820 0
15821 0
15822 0
15823 0
15824 0
15860 0
15861 0
15862 0
15863 0
15864 0
15865 0
15866 0
15867 0
15868 0
15869 0
15870 0
15871 0
15872 0
15873 0
15874 0
15875 0
15876 0
15877 0
15878 0
15879 0
15880 0
15881 0
15882 0
15883 0
15884 0
15885 0
15886 0
15887 0
15927 0
15928 0
15929 0
15930 0
15931 0
15932 0
15933 0
15934 0
15935 0
15936 0
15937 0
15938 0
15939 0
15940 0
15941 0
15942 0
15943 0
15944 0
15945 0
15946 0
15947 0
15948 0
15949 0
15950 0
15951 0
15952 0
15953 0
15954 0
15955 0
15991 0
15992 0
15993 0
15994 0
15995 0
15996 0
15997 0
15998 0
15999 0
16000 0
16001 0
16002 0
16003 0
16004 0
16005 0
16006 0
16007 0
16008 0
16009 0
16010 0
16011 0
16012 0
16013 0
16014 0
16015 0
16016 0
16017 0
16018 0
16019 0
16056 0
16057 0
16058 0
16059 0
16060 0
16061 0
16062 0
16063 0
16064 0
16065 0
16066 0
16067 0
16068 0
16069 0
16070 0
16071 0
16072 0
16073 0
16074 0
16075 0
16076 0
16077 0
16078 0
16079 0
16080 0
16081 0
16082 0
16083 0
16122 0
16123 0
16124 0
16125 0
16126 0
16127 0
16128 0
16129 0
16130 0
16131 0
16132 0
16133 0
16134 0
16135 0
16136 0
16137 0
16138 0
16139 0
16140 0
16141 0
16142 0
16143 0
16144 0
16145 0
16146 0
16147 0
16148 0
16149 0
16186 0
16187 0
16188 0
16189 0
16190 0
16191 0
16192 0
16193 0
16194 0
16195 0
16196 0
16197 0
16198 0
16199 0
16200 0
16201 0
16202 0
16203 0
16204 0
16205 0
16206 0
16207 0
16208 0
16209 0
16210 0
16211 0
16212 0
16251 0
16252 0
16253 0
16254 0
16255 0
16256 0
16257 0
16258 0
16259 0
16260 0
16261 0
16262 0
16263 0
16264 0
16265 0
16266 0
16267 0
16268 0
16269 0
16270 0
16271 0
16272 0
16273 0
16274 0
16275 0
16276 0
16316 0
16317 0
16318 0
16319 0
16320 0
16321 0
16322 0
16323 0
16324 0
16325 0
16326 0
16327 0
16328 0
16329 0
16330 0
16331 0
16332 0
16333 0
16334 0
16335 0
16336 0
16337 0
16338 0
16339 0
16340 0
16380 0
16381 0
16382 0
16383 0
16384 0
16385 0
16386 0
16387 0
16388 0
16389 0
16390 0
16391 0
16392 0
16393 0
16394 0
16395 0
16396 0
16397 0
16398 0
16399 0
16400 0
16401 0
16402 0
16403 0
16404 0
16443 0
16444 0
16445 0
16446 0
16447 0
16448 0
16449 0
16450 0
16451 0
16452 0
16453 0
16454 0
16455 0
16456 0
16457 0
16458 0
16459 0
16460 0
16461 0
16462 0
16463 0
16464 0
16465 0
16466 0
16506 0
16507 0
16508 0
16509 0
16510 0
16511 0
16512 0
16513 0
16514 0
16515 0
16516 0
16517 0
16518 0
16519 0
16520 0
16521 0
16522 0
16523 0
16524 0
16525 0
16526 0
16527 0
16562 0
16563 0
16564 0
16565 0
16566 0
16567 0
16568 0
16569 0
16570 0
16571 0
16572 0
16573 0
16574 0
16575 0
16576 0
16577 0
16578 0
16579 0
16580 0
16581 0
16582 0
16614 0
16615 0
16616 0
16617 0
16618 0
16619 0
16620 0
16621 0
16622 0
16623 0
16624 0
16625 0
16626 0
16627 0
16628 0
16629 0
16630 0
16631 0
16632 0
16670 0
16671 0
16672 0
16673 0
16674 0
16675 0
16676 0
16677 0
16678 0
16679 0
16680 0
16681 0
16682 0
16683 0
16684 0
16685 0
16686 0
16720 0
16721 0
16722 0
16723 0
16724 0
16725 0
16726 0
16727 0
16728 0
16729 0
16730 0
16731 0
16732 0
16733 0
16734 0
16735 0
16767 0
16768 0
16769 0
16770 0
16771 0
16772 0
16773 0
16774 0
16775 0
16776 0
16777 0
16778 0
16779 0
16780 0
16813 0
16814 0
16815 0
16816 0
16817 0
16818 0
16819 0
16820 0
16821 0
16822 0
16823 0
16824 0
16825 0
16856 0
16857 0
16858 0
16859 0
16860 0
16861 0
16862 0
16863 0
16864 0
16865 0
16866 0
16895 0
16896 0
16897 0
16898 0
16899 0
16900 0
16901 0
16902 0
16903 0
16904 0
16936 0
16937 0
16938 0
16939 0
16940 0
16941 0
16942 0
16943 0
16972 0
16973 0
16974 0
16975 0
16976 0
16977 0
16978 0
17013 0
17014 0
17015 0
17016 0
17017 0
17018 0
17054 0
17055 0
17056 0
17057 0
17058 0
