pt_graph cpue_kghour
15331 0.76
15331 1.36
15331 13.8
15331 8.92
15331 32.8
15331 0.2
15332 0.76
15332 1.36
15332 13.8
15332 8.92
15332 32.8
15332 0.2
15333 0.76
15333 1.36
15333 13.8
15333 8.92
15333 32.8
15333 0.2
15334 0.76
15334 1.36
15334 13.8
15334 8.92
15334 32.8
15334 0.2
15398 0.76
15398 1.36
15398 13.8
15398 8.92
15398 32.8
15398 0.2
15399 0.76
15399 1.36
15399 13.8
15399 8.92
15399 32.8
15399 0.2
15400 0.76
15400 1.36
15400 13.8
15400 8.92
15400 32.8
15400 0.2
15401 0.76
15401 1.36
15401 13.8
15401 8.92
15401 32.8
15401 0.2
15402 0.76
15402 1.36
15402 13.8
15402 8.92
15402 32.8
15402 0.2
15403 0.76
15403 1.36
15403 13.8
15403 8.92
15403 32.8
15403 0.2
15465 0.76
15465 1.36
15465 13.8
15465 8.92
15465 32.8
15465 0.2
15404 0.76
15404 1.36
15404 13.8
15404 8.92
15404 32.8
15404 0.2
15466 0.76
15466 1.36
15466 13.8
15466 8.92
15466 32.8
15466 0.2
15405 0.76
15405 1.36
15405 13.8
15405 8.92
15405 32.8
15405 0.2
15467 0.76
15467 1.36
15467 13.8
15467 8.92
15467 32.8
15467 0.2
15468 0.76
15468 1.36
15468 13.8
15468 8.92
15468 32.8
15468 0.2
15469 0.76
15469 1.36
15469 13.8
15469 8.92
15469 32.8
15469 0.2
15531 0.76
15531 1.36
15531 13.8
15531 8.92
15531 32.8
15531 0.2
15470 0.76
15470 1.36
15470 13.8
15470 8.92
15470 32.8
15470 0.2
15532 0.76
15532 1.36
15532 13.8
15532 8.92
15532 32.8
15532 0.2
15471 0.76
15471 1.36
15471 13.8
15471 8.92
15471 32.8
15471 0.2
15533 0.76
15533 1.36
15533 13.8
15533 8.92
15533 32.8
15533 0.2
15472 0.76
15472 1.36
15472 13.8
15472 8.92
15472 32.8
15472 0.2
15534 0.76
15534 1.36
15534 13.8
15534 8.92
15534 32.8
15534 0.2
15473 0.76
15473 1.36
15473 13.8
15473 8.92
15473 32.8
15473 0.2
15535 0.76
15535 1.36
15535 13.8
15535 8.92
15535 32.8
15535 0.2
15474 0.76
15474 1.36
15474 13.8
15474 8.92
15474 32.8
15474 0.2
15536 0.76
15536 1.36
15536 13.8
15536 8.92
15536 32.8
15536 0.2
15475 0.76
15475 1.36
15475 13.8
15475 8.92
15475 32.8
15475 0.2
15537 0.76
15537 1.36
15537 13.8
15537 8.92
15537 32.8
15537 0.2
15600 0.76
15600 1.36
15600 13.8
15600 8.92
15600 32.8
15600 0.2
15538 0.76
15538 1.36
15538 13.8
15538 8.92
15538 32.8
15538 0.2
15601 0.76
15601 1.36
15601 13.8
15601 8.92
15601 32.8
15601 0.2
15539 0.76
15539 1.36
15539 13.8
15539 8.92
15539 32.8
15539 0.2
15602 0.76
15602 1.36
15602 13.8
15602 8.92
15602 32.8
15602 0.2
15540 0.76
15540 1.36
15540 13.8
15540 8.92
15540 32.8
15540 0.2
15603 0.76
15603 1.36
15603 13.8
15603 8.92
15603 32.8
15603 0.2
15541 0.76
15541 1.36
15541 13.8
15541 8.92
15541 32.8
15541 0.2
15604 0.76
15604 1.36
15604 13.8
15604 8.92
15604 32.8
15604 0.2
15542 0.76
15542 1.36
15542 13.8
15542 8.92
15542 32.8
15542 0.2
15605 0.76
15605 1.36
15605 13.8
15605 8.92
15605 32.8
15605 0.2
15543 0.76
15543 1.36
15543 13.8
15543 8.92
15543 32.8
15543 0.2
15666 0.76
15666 1.36
15666 13.8
15666 8.92
15666 32.8
15666 0.2
15606 0.76
15606 1.36
15606 13.8
15606 8.92
15606 32.8
15606 0.2
15544 0.76
15544 1.36
15544 13.8
15544 8.92
15544 32.8
15544 0.2
15667 0.76
15667 1.36
15667 13.8
15667 8.92
15667 32.8
15667 0.2
15607 0.76
15607 1.36
15607 13.8
15607 8.92
15607 32.8
15607 0.2
15668 0.76
15668 1.36
15668 13.8
15668 8.92
15668 32.8
15668 0.2
15608 0.76
15608 1.36
15608 13.8
15608 8.92
15608 32.8
15608 0.2
15669 0.76
15669 1.36
15669 13.8
15669 8.92
15669 32.8
15669 0.2
15609 0.76
15609 1.36
15609 13.8
15609 8.92
15609 32.8
15609 0.2
15670 0.76
15670 1.36
15670 13.8
15670 8.92
15670 32.8
15670 0.2
15610 0.76
15610 1.36
15610 13.8
15610 8.92
15610 32.8
15610 0.2
15671 0.76
15671 1.36
15671 13.8
15671 8.92
15671 32.8
15671 0.2
15611 0.76
15611 1.36
15611 13.8
15611 8.92
15611 32.8
15611 0.2
15672 0.76
15672 1.36
15672 13.8
15672 8.92
15672 32.8
15672 0.2
15612 0.76
15612 1.36
15612 13.8
15612 8.92
15612 32.8
15612 0.2
15733 0.76
15733 1.36
15733 13.8
15733 8.92
15733 32.8
15733 0.2
15673 0.76
15673 1.36
15673 13.8
15673 8.92
15673 32.8
15673 0.2
15613 0.76
15613 1.36
15613 13.8
15613 8.92
15613 32.8
15613 0.2
15734 0.76
15734 1.36
15734 13.8
15734 8.92
15734 32.8
15734 0.2
15674 0.76
15674 1.36
15674 13.8
15674 8.92
15674 32.8
15674 0.2
15614 0.76
15614 1.36
15614 13.8
15614 8.92
15614 32.8
15614 0.2
15735 0.76
15735 1.36
15735 13.8
15735 8.92
15735 32.8
15735 0.2
15675 0.76
15675 1.36
15675 13.8
15675 8.92
15675 32.8
15675 0.2
15736 0.76
15736 1.36
15736 13.8
15736 8.92
15736 32.8
15736 0.2
15676 0.76
15676 1.36
15676 13.8
15676 8.92
15676 32.8
15676 0.2
15737 0.76
15737 1.36
15737 13.8
15737 8.92
15737 32.8
15737 0.2
15677 0.76
15677 1.36
15677 13.8
15677 8.92
15677 32.8
15677 0.2
15738 0.76
15738 1.36
15738 13.8
15738 8.92
15738 32.8
15738 0.2
15678 0.76
15678 1.36
15678 13.8
15678 8.92
15678 32.8
15678 0.2
15796 0.76
15796 1.36
15796 13.8
15796 8.92
15796 32.8
15796 0.2
15739 0.76
15739 1.36
15739 13.8
15739 8.92
15739 32.8
15739 0.2
15679 0.76
15679 1.36
15679 13.8
15679 8.92
15679 32.8
15679 0.2
15797 0.76
15797 1.36
15797 13.8
15797 8.92
15797 32.8
15797 0.2
15740 0.76
15740 1.36
15740 13.8
15740 8.92
15740 32.8
15740 0.2
15680 0.76
15680 1.36
15680 13.8
15680 8.92
15680 32.8
15680 0.2
15798 0.76
15798 1.36
15798 13.8
15798 8.92
15798 32.8
15798 0.2
15741 0.76
15741 1.36
15741 13.8
15741 8.92
15741 32.8
15741 0.2
15681 0.76
15681 1.36
15681 13.8
15681 8.92
15681 32.8
15681 0.2
15799 0.76
15799 1.36
15799 13.8
15799 8.92
15799 32.8
15799 0.2
15742 0.76
15742 1.36
15742 13.8
15742 8.92
15742 32.8
15742 0.2
15682 0.76
15682 1.36
15682 13.8
15682 8.92
15682 32.8
15682 0.2
15800 0.76
15800 1.36
15800 13.8
15800 8.92
15800 32.8
15800 0.2
15743 0.76
15743 1.36
15743 13.8
15743 8.92
15743 32.8
15743 0.2
15801 0.76
15801 1.36
15801 13.8
15801 8.92
15801 32.8
15801 0.2
15744 0.76
15744 1.36
15744 13.8
15744 8.92
15744 32.8
15744 0.2
15802 0.76
15802 1.36
15802 13.8
15802 8.92
15802 32.8
15802 0.2
15745 0.76
15745 1.36
15745 13.8
15745 8.92
15745 32.8
15745 0.2
15860 0.76
15860 1.36
15860 13.8
15860 8.92
15860 32.8
15860 0.2
15803 0.76
15803 1.36
15803 13.8
15803 8.92
15803 32.8
15803 0.2
15746 0.76
15746 1.36
15746 13.8
15746 8.92
15746 32.8
15746 0.2
15861 0.76
15861 1.36
15861 13.8
15861 8.92
15861 32.8
15861 0.2
15804 0.76
15804 1.36
15804 13.8
15804 8.92
15804 32.8
15804 0.2
15747 0.76
15747 1.36
15747 13.8
15747 8.92
15747 32.8
15747 0.2
15862 0.76
15862 1.36
15862 13.8
15862 8.92
15862 32.8
15862 0.2
15805 0.76
15805 1.36
15805 13.8
15805 8.92
15805 32.8
15805 0.2
15748 0.76
15748 1.36
15748 13.8
15748 8.92
15748 32.8
15748 0.2
15863 0.76
15863 1.36
15863 13.8
15863 8.92
15863 32.8
15863 0.2
15806 0.76
15806 1.36
15806 13.8
15806 8.92
15806 32.8
15806 0.2
15749 0.76
15749 1.36
15749 13.8
15749 8.92
15749 32.8
15749 0.2
15864 0.76
15864 1.36
15864 13.8
15864 8.92
15864 32.8
15864 0.2
15807 0.76
15807 1.36
15807 13.8
15807 8.92
15807 32.8
15807 0.2
15750 0.76
15750 1.36
15750 13.8
15750 8.92
15750 32.8
15750 0.2
15927 0.76
15927 1.36
15927 13.8
15927 8.92
15927 32.8
15927 0.2
15865 0.76
15865 1.36
15865 13.8
15865 8.92
15865 32.8
15865 0.2
15808 0.76
15808 1.36
15808 13.8
15808 8.92
15808 32.8
15808 0.2
15928 0.76
15928 1.36
15928 13.8
15928 8.92
15928 32.8
15928 0.2
15866 0.76
15866 1.36
15866 13.8
15866 8.92
15866 32.8
15866 0.2
15809 0.76
15809 1.36
15809 13.8
15809 8.92
15809 32.8
15809 0.2
15929 0.76
15929 1.36
15929 13.8
15929 8.92
15929 32.8
15929 0.2
15867 0.76
15867 1.36
15867 13.8
15867 8.92
15867 32.8
15867 0.2
15810 0.76
15810 1.36
15810 13.8
15810 8.92
15810 32.8
15810 0.2
15930 0.76
15930 1.36
15930 13.8
15930 8.92
15930 32.8
15930 0.2
15868 0.76
15868 1.36
15868 13.8
15868 8.92
15868 32.8
15868 0.2
15811 0.76
15811 1.36
15811 13.8
15811 8.92
15811 32.8
15811 0.2
15931 0.76
15931 1.36
15931 13.8
15931 8.92
15931 32.8
15931 0.2
15869 0.76
15869 1.36
15869 13.8
15869 8.92
15869 32.8
15869 0.2
15812 0.76
15812 1.36
15812 13.8
15812 8.92
15812 32.8
15812 0.2
15932 0.76
15932 1.36
15932 13.8
15932 8.92
15932 32.8
15932 0.2
15870 0.76
15870 1.36
15870 13.8
15870 8.92
15870 32.8
15870 0.2
15813 0.76
15813 1.36
15813 13.8
15813 8.92
15813 32.8
15813 0.2
15991 0.76
15991 1.36
15991 13.8
15991 8.92
15991 32.8
15991 0.2
15933 0.76
15933 1.36
15933 13.8
15933 8.92
15933 32.8
15933 0.2
15871 0.76
15871 1.36
15871 13.8
15871 8.92
15871 32.8
15871 0.2
15814 0.76
15814 1.36
15814 13.8
15814 8.92
15814 32.8
15814 0.2
15992 0.76
15992 1.36
15992 13.8
15992 8.92
15992 32.8
15992 0.2
15934 0.76
15934 1.36
15934 13.8
15934 8.92
15934 32.8
15934 0.2
15872 0.76
15872 1.36
15872 13.8
15872 8.92
15872 32.8
15872 0.2
15815 0.76
15815 1.36
15815 13.8
15815 8.92
15815 32.8
15815 0.2
15993 0.76
15993 1.36
15993 13.8
15993 8.92
15993 32.8
15993 0.2
15935 0.76
15935 1.36
15935 13.8
15935 8.92
15935 32.8
15935 0.2
15873 0.76
15873 1.36
15873 13.8
15873 8.92
15873 32.8
15873 0.2
15994 0.76
15994 1.36
15994 13.8
15994 8.92
15994 32.8
15994 0.2
15936 0.76
15936 1.36
15936 13.8
15936 8.92
15936 32.8
15936 0.2
15874 0.76
15874 1.36
15874 13.8
15874 8.92
15874 32.8
15874 0.2
15995 0.76
15995 1.36
15995 13.8
15995 8.92
15995 32.8
15995 0.2
15937 0.76
15937 1.36
15937 13.8
15937 8.92
15937 32.8
15937 0.2
15875 0.76
15875 1.36
15875 13.8
15875 8.92
15875 32.8
15875 0.2
15996 0.76
15996 1.36
15996 13.8
15996 8.92
15996 32.8
15996 0.2
15938 0.76
15938 1.36
15938 13.8
15938 8.92
15938 32.8
15938 0.2
15876 0.76
15876 1.36
15876 13.8
15876 8.92
15876 32.8
15876 0.2
15997 0.76
15997 1.36
15997 13.8
15997 8.92
15997 32.8
15997 0.2
15939 0.76
15939 1.36
15939 13.8
15939 8.92
15939 32.8
15939 0.2
15877 0.76
15877 1.36
15877 13.8
15877 8.92
15877 32.8
15877 0.2
16056 0.76
16056 1.36
16056 13.8
16056 8.92
16056 32.8
16056 0.2
15998 0.76
15998 1.36
15998 13.8
15998 8.92
15998 32.8
15998 0.2
15940 0.76
15940 1.36
15940 13.8
15940 8.92
15940 32.8
15940 0.2
15878 0.76
15878 1.36
15878 13.8
15878 8.92
15878 32.8
15878 0.2
16057 0.76
16057 1.36
16057 13.8
16057 8.92
16057 32.8
16057 0.2
15999 0.76
15999 1.36
15999 13.8
15999 8.92
15999 32.8
15999 0.2
15941 0.76
15941 1.36
15941 13.8
15941 8.92
15941 32.8
15941 0.2
15879 0.76
15879 1.36
15879 13.8
15879 8.92
15879 32.8
15879 0.2
16058 0.76
16058 1.36
16058 13.8
16058 8.92
16058 32.8
16058 0.2
16000 0.76
16000 1.36
16000 13.8
16000 8.92
16000 32.8
16000 0.2
15942 0.76
15942 1.36
15942 13.8
15942 8.92
15942 32.8
15942 0.2
16059 0.76
16059 1.36
16059 13.8
16059 8.92
16059 32.8
16059 0.2
16001 0.76
16001 1.36
16001 13.8
16001 8.92
16001 32.8
16001 0.2
15943 0.76
15943 1.36
15943 13.8
15943 8.92
15943 32.8
15943 0.2
16060 0.76
16060 1.36
16060 13.8
16060 8.92
16060 32.8
16060 0.2
16002 0.76
16002 1.36
16002 13.8
16002 8.92
16002 32.8
16002 0.2
15944 0.76
15944 1.36
15944 13.8
15944 8.92
15944 32.8
15944 0.2
16061 0.76
16061 1.36
16061 13.8
16061 8.92
16061 32.8
16061 0.2
16003 0.76
16003 1.36
16003 13.8
16003 8.92
16003 32.8
16003 0.2
15945 0.76
15945 1.36
15945 13.8
15945 8.92
15945 32.8
15945 0.2
16122 0.76
16122 1.36
16122 13.8
16122 8.92
16122 32.8
16122 0.2
16062 0.76
16062 1.36
16062 13.8
16062 8.92
16062 32.8
16062 0.2
16004 0.76
16004 1.36
16004 13.8
16004 8.92
16004 32.8
16004 0.2
15946 0.76
15946 1.36
15946 13.8
15946 8.92
15946 32.8
15946 0.2
16123 0.76
16123 1.36
16123 13.8
16123 8.92
16123 32.8
16123 0.2
16063 0.76
16063 1.36
16063 13.8
16063 8.92
16063 32.8
16063 0.2
16005 0.76
16005 1.36
16005 13.8
16005 8.92
16005 32.8
16005 0.2
15947 0.76
15947 1.36
15947 13.8
15947 8.92
15947 32.8
15947 0.2
16124 0.76
16124 1.36
16124 13.8
16124 8.92
16124 32.8
16124 0.2
16064 0.76
16064 1.36
16064 13.8
16064 8.92
16064 32.8
16064 0.2
16006 0.76
16006 1.36
16006 13.8
16006 8.92
16006 32.8
16006 0.2
15948 0.76
15948 1.36
15948 13.8
15948 8.92
15948 32.8
15948 0.2
16125 0.76
16125 1.36
16125 13.8
16125 8.92
16125 32.8
16125 0.2
16065 0.76
16065 1.36
16065 13.8
16065 8.92
16065 32.8
16065 0.2
16007 0.76
16007 1.36
16007 13.8
16007 8.92
16007 32.8
16007 0.2
16126 0.76
16126 1.36
16126 13.8
16126 8.92
16126 32.8
16126 0.2
16066 0.76
16066 1.36
16066 13.8
16066 8.92
16066 32.8
16066 0.2
16008 0.76
16008 1.36
16008 13.8
16008 8.92
16008 32.8
16008 0.2
16127 0.76
16127 1.36
16127 13.8
16127 8.92
16127 32.8
16127 0.2
16067 0.76
16067 1.36
16067 13.8
16067 8.92
16067 32.8
16067 0.2
16009 0.76
16009 1.36
16009 13.8
16009 8.92
16009 32.8
16009 0.2
16128 0.76
16128 1.36
16128 13.8
16128 8.92
16128 32.8
16128 0.2
16068 0.76
16068 1.36
16068 13.8
16068 8.92
16068 32.8
16068 0.2
16010 0.76
16010 1.36
16010 13.8
16010 8.92
16010 32.8
16010 0.2
16186 0.76
16186 1.36
16186 13.8
16186 8.92
16186 32.8
16186 0.2
16129 0.76
16129 1.36
16129 13.8
16129 8.92
16129 32.8
16129 0.2
16069 0.76
16069 1.36
16069 13.8
16069 8.92
16069 32.8
16069 0.2
16011 0.76
16011 1.36
16011 13.8
16011 8.92
16011 32.8
16011 0.2
16187 0.76
16187 1.36
16187 13.8
16187 8.92
16187 32.8
16187 0.2
16130 0.76
16130 1.36
16130 13.8
16130 8.92
16130 32.8
16130 0.2
16070 0.76
16070 1.36
16070 13.8
16070 8.92
16070 32.8
16070 0.2
16012 0.76
16012 1.36
16012 13.8
16012 8.92
16012 32.8
16012 0.2
16188 0.76
16188 1.36
16188 13.8
16188 8.92
16188 32.8
16188 0.2
16131 0.76
16131 1.36
16131 13.8
16131 8.92
16131 32.8
16131 0.2
16071 0.76
16071 1.36
16071 13.8
16071 8.92
16071 32.8
16071 0.2
16013 0.76
16013 1.36
16013 13.8
16013 8.92
16013 32.8
16013 0.2
16189 0.76
16189 1.36
16189 13.8
16189 8.92
16189 32.8
16189 0.2
16132 0.76
16132 1.36
16132 13.8
16132 8.92
16132 32.8
16132 0.2
16072 0.76
16072 1.36
16072 13.8
16072 8.92
16072 32.8
16072 0.2
16014 0.76
16014 1.36
16014 13.8
16014 8.92
16014 32.8
16014 0.2
16190 0.76
16190 1.36
16190 13.8
16190 8.92
16190 32.8
16190 0.2
16133 0.76
16133 1.36
16133 13.8
16133 8.92
16133 32.8
16133 0.2
16073 0.76
16073 1.36
16073 13.8
16073 8.92
16073 32.8
16073 0.2
16191 0.76
16191 1.36
16191 13.8
16191 8.92
16191 32.8
16191 0.2
16134 0.76
16134 1.36
16134 13.8
16134 8.92
16134 32.8
16134 0.2
16074 0.76
16074 1.36
16074 13.8
16074 8.92
16074 32.8
16074 0.2
16251 0.76
16251 1.36
16251 13.8
16251 8.92
16251 32.8
16251 0.2
16192 0.76
16192 1.36
16192 13.8
16192 8.92
16192 32.8
16192 0.2
16135 0.76
16135 1.36
16135 13.8
16135 8.92
16135 32.8
16135 0.2
16075 0.76
16075 1.36
16075 13.8
16075 8.92
16075 32.8
16075 0.2
16252 0.76
16252 1.36
16252 13.8
16252 8.92
16252 32.8
16252 0.2
16193 0.76
16193 1.36
16193 13.8
16193 8.92
16193 32.8
16193 0.2
16136 0.76
16136 1.36
16136 13.8
16136 8.92
16136 32.8
16136 0.2
16076 0.76
16076 1.36
16076 13.8
16076 8.92
16076 32.8
16076 0.2
16253 0.76
16253 1.36
16253 13.8
16253 8.92
16253 32.8
16253 0.2
16194 0.76
16194 1.36
16194 13.8
16194 8.92
16194 32.8
16194 0.2
16137 0.76
16137 1.36
16137 13.8
16137 8.92
16137 32.8
16137 0.2
16077 0.76
16077 1.36
16077 13.8
16077 8.92
16077 32.8
16077 0.2
16254 0.76
16254 1.36
16254 13.8
16254 8.92
16254 32.8
16254 0.2
16195 0.76
16195 1.36
16195 13.8
16195 8.92
16195 32.8
16195 0.2
16138 0.76
16138 1.36
16138 13.8
16138 8.92
16138 32.8
16138 0.2
16078 0.76
16078 1.36
16078 13.8
16078 8.92
16078 32.8
16078 0.2
16255 0.76
16255 1.36
16255 13.8
16255 8.92
16255 32.8
16255 0.2
16196 0.76
16196 1.36
16196 13.8
16196 8.92
16196 32.8
16196 0.2
16139 0.76
16139 1.36
16139 13.8
16139 8.92
16139 32.8
16139 0.2
16079 0.76
16079 1.36
16079 13.8
16079 8.92
16079 32.8
16079 0.2
16256 0.76
16256 1.36
16256 13.8
16256 8.92
16256 32.8
16256 0.2
16197 0.76
16197 1.36
16197 13.8
16197 8.92
16197 32.8
16197 0.2
16140 0.76
16140 1.36
16140 13.8
16140 8.92
16140 32.8
16140 0.2
16257 0.76
16257 1.36
16257 13.8
16257 8.92
16257 32.8
16257 0.2
16198 0.76
16198 1.36
16198 13.8
16198 8.92
16198 32.8
16198 0.2
16141 0.76
16141 1.36
16141 13.8
16141 8.92
16141 32.8
16141 0.2
16316 0.76
16316 1.36
16316 13.8
16316 8.92
16316 32.8
16316 0.2
16258 0.76
16258 1.36
16258 13.8
16258 8.92
16258 32.8
16258 0.2
16199 0.76
16199 1.36
16199 13.8
16199 8.92
16199 32.8
16199 0.2
16142 0.76
16142 1.36
16142 13.8
16142 8.92
16142 32.8
16142 0.2
16317 0.76
16317 1.36
16317 13.8
16317 8.92
16317 32.8
16317 0.2
16259 0.76
16259 1.36
16259 13.8
16259 8.92
16259 32.8
16259 0.2
16200 0.76
16200 1.36
16200 13.8
16200 8.92
16200 32.8
16200 0.2
16143 0.76
16143 1.36
16143 13.8
16143 8.92
16143 32.8
16143 0.2
16318 0.76
16318 1.36
16318 13.8
16318 8.92
16318 32.8
16318 0.2
16260 0.76
16260 1.36
16260 13.8
16260 8.92
16260 32.8
16260 0.2
16201 0.76
16201 1.36
16201 13.8
16201 8.92
16201 32.8
16201 0.2
16144 0.76
16144 1.36
16144 13.8
16144 8.92
16144 32.8
16144 0.2
16319 0.76
16319 1.36
16319 13.8
16319 8.92
16319 32.8
16319 0.2
16261 0.76
16261 1.36
16261 13.8
16261 8.92
16261 32.8
16261 0.2
16202 0.76
16202 1.36
16202 13.8
16202 8.92
16202 32.8
16202 0.2
16145 0.76
16145 1.36
16145 13.8
16145 8.92
16145 32.8
16145 0.2
16320 0.76
16320 1.36
16320 13.8
16320 8.92
16320 32.8
16320 0.2
16262 0.76
16262 1.36
16262 13.8
16262 8.92
16262 32.8
16262 0.2
16203 0.76
16203 1.36
16203 13.8
16203 8.92
16203 32.8
16203 0.2
16146 0.76
16146 1.36
16146 13.8
16146 8.92
16146 32.8
16146 0.2
16321 0.76
16321 1.36
16321 13.8
16321 8.92
16321 32.8
16321 0.2
16263 0.76
16263 1.36
16263 13.8
16263 8.92
16263 32.8
16263 0.2
16204 0.76
16204 1.36
16204 13.8
16204 8.92
16204 32.8
16204 0.2
16380 0.76
16380 1.36
16380 13.8
16380 8.92
16380 32.8
16380 0.2
16322 0.76
16322 1.36
16322 13.8
16322 8.92
16322 32.8
16322 0.2
16264 0.76
16264 1.36
16264 13.8
16264 8.92
16264 32.8
16264 0.2
16205 0.76
16205 1.36
16205 13.8
16205 8.92
16205 32.8
16205 0.2
16381 0.76
16381 1.36
16381 13.8
16381 8.92
16381 32.8
16381 0.2
16323 0.76
16323 1.36
16323 13.8
16323 8.92
16323 32.8
16323 0.2
16265 0.76
16265 1.36
16265 13.8
16265 8.92
16265 32.8
16265 0.2
16206 0.76
16206 1.36
16206 13.8
16206 8.92
16206 32.8
16206 0.2
16382 0.76
16382 1.36
16382 13.8
16382 8.92
16382 32.8
16382 0.2
16324 0.76
16324 1.36
16324 13.8
16324 8.92
16324 32.8
16324 0.2
16266 0.76
16266 1.36
16266 13.8
16266 8.92
16266 32.8
16266 0.2
16207 0.76
16207 1.36
16207 13.8
16207 8.92
16207 32.8
16207 0.2
16383 0.76
16383 1.36
16383 13.8
16383 8.92
16383 32.8
16383 0.2
16325 0.76
16325 1.36
16325 13.8
16325 8.92
16325 32.8
16325 0.2
16267 0.76
16267 1.36
16267 13.8
16267 8.92
16267 32.8
16267 0.2
16208 0.76
16208 1.36
16208 13.8
16208 8.92
16208 32.8
16208 0.2
16384 0.76
16384 1.36
16384 13.8
16384 8.92
16384 32.8
16384 0.2
16326 0.76
16326 1.36
16326 13.8
16326 8.92
16326 32.8
16326 0.2
16268 0.76
16268 1.36
16268 13.8
16268 8.92
16268 32.8
16268 0.2
16209 0.76
16209 1.36
16209 13.8
16209 8.92
16209 32.8
16209 0.2
16385 0.76
16385 1.36
16385 13.8
16385 8.92
16385 32.8
16385 0.2
16327 0.76
16327 1.36
16327 13.8
16327 8.92
16327 32.8
16327 0.2
16443 0.76
16443 1.36
16443 13.8
16443 8.92
16443 32.8
16443 0.2
16269 0.76
16269 1.36
16269 13.8
16269 8.92
16269 32.8
16269 0.2
16210 0.76
16210 1.36
16210 13.8
16210 8.92
16210 32.8
16210 0.2
16386 0.76
16386 1.36
16386 13.8
16386 8.92
16386 32.8
16386 0.2
16328 0.76
16328 1.36
16328 13.8
16328 8.92
16328 32.8
16328 0.2
16270 0.76
16270 1.36
16270 13.8
16270 8.92
16270 32.8
16270 0.2
16444 0.76
16444 1.36
16444 13.8
16444 8.92
16444 32.8
16444 0.2
16387 0.76
16387 1.36
16387 13.8
16387 8.92
16387 32.8
16387 0.2
16329 0.76
16329 1.36
16329 13.8
16329 8.92
16329 32.8
16329 0.2
16271 0.76
16271 1.36
16271 13.8
16271 8.92
16271 32.8
16271 0.2
16445 0.76
16445 1.36
16445 13.8
16445 8.92
16445 32.8
16445 0.2
16388 0.76
16388 1.36
16388 13.8
16388 8.92
16388 32.8
16388 0.2
16330 0.76
16330 1.36
16330 13.8
16330 8.92
16330 32.8
16330 0.2
16272 0.76
16272 1.36
16272 13.8
16272 8.92
16272 32.8
16272 0.2
16446 0.76
16446 1.36
16446 13.8
16446 8.92
16446 32.8
16446 0.2
16389 0.76
16389 1.36
16389 13.8
16389 8.92
16389 32.8
16389 0.2
16331 0.76
16331 1.36
16331 13.8
16331 8.92
16331 32.8
16331 0.2
16273 0.76
16273 1.36
16273 13.8
16273 8.92
16273 32.8
16273 0.2
16447 0.76
16447 1.36
16447 13.8
16447 8.92
16447 32.8
16447 0.2
16390 0.76
16390 1.36
16390 13.8
16390 8.92
16390 32.8
16390 0.2
16332 0.76
16332 1.36
16332 13.8
16332 8.92
16332 32.8
16332 0.2
16274 0.76
16274 1.36
16274 13.8
16274 8.92
16274 32.8
16274 0.2
16448 0.76
16448 1.36
16448 13.8
16448 8.92
16448 32.8
16448 0.2
16391 0.76
16391 1.36
16391 13.8
16391 8.92
16391 32.8
16391 0.2
16333 0.76
16333 1.36
16333 13.8
16333 8.92
16333 32.8
16333 0.2
16275 0.76
16275 1.36
16275 13.8
16275 8.92
16275 32.8
16275 0.2
16449 0.76
16449 1.36
16449 13.8
16449 8.92
16449 32.8
16449 0.2
16392 0.76
16392 1.36
16392 13.8
16392 8.92
16392 32.8
16392 0.2
16334 0.76
16334 1.36
16334 13.8
16334 8.92
16334 32.8
16334 0.2
16276 0.76
16276 1.36
16276 13.8
16276 8.92
16276 32.8
16276 0.2
16450 0.76
16450 1.36
16450 13.8
16450 8.92
16450 32.8
16450 0.2
16393 0.76
16393 1.36
16393 13.8
16393 8.92
16393 32.8
16393 0.2
16335 0.76
16335 1.36
16335 13.8
16335 8.92
16335 32.8
16335 0.2
16506 0.76
16506 1.36
16506 13.8
16506 8.92
16506 32.8
16506 0.2
16451 0.76
16451 1.36
16451 13.8
16451 8.92
16451 32.8
16451 0.2
16394 0.76
16394 1.36
16394 13.8
16394 8.92
16394 32.8
16394 0.2
16336 0.76
16336 1.36
16336 13.8
16336 8.92
16336 32.8
16336 0.2
16507 0.76
16507 1.36
16507 13.8
16507 8.92
16507 32.8
16507 0.2
16452 0.76
16452 1.36
16452 13.8
16452 8.92
16452 32.8
16452 0.2
16395 0.76
16395 1.36
16395 13.8
16395 8.92
16395 32.8
16395 0.2
16337 0.76
16337 1.36
16337 13.8
16337 8.92
16337 32.8
16337 0.2
16508 0.76
16508 1.36
16508 13.8
16508 8.92
16508 32.8
16508 0.2
16453 0.76
16453 1.36
16453 13.8
16453 8.92
16453 32.8
16453 0.2
16396 0.76
16396 1.36
16396 13.8
16396 8.92
16396 32.8
16396 0.2
16338 0.76
16338 1.36
16338 13.8
16338 8.92
16338 32.8
16338 0.2
16509 0.76
16509 1.36
16509 13.8
16509 8.92
16509 32.8
16509 0.2
16454 0.76
16454 1.36
16454 13.8
16454 8.92
16454 32.8
16454 0.2
16397 0.76
16397 1.36
16397 13.8
16397 8.92
16397 32.8
16397 0.2
16339 0.76
16339 1.36
16339 13.8
16339 8.92
16339 32.8
16339 0.2
16510 0.76
16510 1.36
16510 13.8
16510 8.92
16510 32.8
16510 0.2
16455 0.76
16455 1.36
16455 13.8
16455 8.92
16455 32.8
16455 0.2
16398 0.76
16398 1.36
16398 13.8
16398 8.92
16398 32.8
16398 0.2
16340 0.76
16340 1.36
16340 13.8
16340 8.92
16340 32.8
16340 0.2
16511 0.76
16511 1.36
16511 13.8
16511 8.92
16511 32.8
16511 0.2
16456 0.76
16456 1.36
16456 13.8
16456 8.92
16456 32.8
16456 0.2
16399 0.76
16399 1.36
16399 13.8
16399 8.92
16399 32.8
16399 0.2
16341 0.76
16341 1.36
16341 13.8
16341 8.92
16341 32.8
16341 0.2
16512 0.76
16512 1.36
16512 13.8
16512 8.92
16512 32.8
16512 0.2
16457 0.76
16457 1.36
16457 13.8
16457 8.92
16457 32.8
16457 0.2
16400 0.76
16400 1.36
16400 13.8
16400 8.92
16400 32.8
16400 0.2
16562 0.76
16562 1.36
16562 13.8
16562 8.92
16562 32.8
16562 0.2
16513 0.76
16513 1.36
16513 13.8
16513 8.92
16513 32.8
16513 0.2
16458 0.76
16458 1.36
16458 13.8
16458 8.92
16458 32.8
16458 0.2
16401 0.76
16401 1.36
16401 13.8
16401 8.92
16401 32.8
16401 0.2
16563 0.76
16563 1.36
16563 13.8
16563 8.92
16563 32.8
16563 0.2
16514 0.76
16514 1.36
16514 13.8
16514 8.92
16514 32.8
16514 0.2
16459 0.76
16459 1.36
16459 13.8
16459 8.92
16459 32.8
16459 0.2
16402 0.76
16402 1.36
16402 13.8
16402 8.92
16402 32.8
16402 0.2
16564 0.76
16564 1.36
16564 13.8
16564 8.92
16564 32.8
16564 0.2
16515 0.76
16515 1.36
16515 13.8
16515 8.92
16515 32.8
16515 0.2
16460 0.76
16460 1.36
16460 13.8
16460 8.92
16460 32.8
16460 0.2
16403 0.76
16403 1.36
16403 13.8
16403 8.92
16403 32.8
16403 0.2
16565 0.76
16565 1.36
16565 13.8
16565 8.92
16565 32.8
16565 0.2
16516 0.76
16516 1.36
16516 13.8
16516 8.92
16516 32.8
16516 0.2
16461 0.76
16461 1.36
16461 13.8
16461 8.92
16461 32.8
16461 0.2
16404 0.76
16404 1.36
16404 13.8
16404 8.92
16404 32.8
16404 0.2
16566 0.76
16566 1.36
16566 13.8
16566 8.92
16566 32.8
16566 0.2
16517 0.76
16517 1.36
16517 13.8
16517 8.92
16517 32.8
16517 0.2
16462 0.76
16462 1.36
16462 13.8
16462 8.92
16462 32.8
16462 0.2
16405 0.76
16405 1.36
16405 13.8
16405 8.92
16405 32.8
16405 0.2
16567 0.76
16567 1.36
16567 13.8
16567 8.92
16567 32.8
16567 0.2
16518 0.76
16518 1.36
16518 13.8
16518 8.92
16518 32.8
16518 0.2
16463 0.76
16463 1.36
16463 13.8
16463 8.92
16463 32.8
16463 0.2
16406 0.76
16406 1.36
16406 13.8
16406 8.92
16406 32.8
16406 0.2
16568 0.76
16568 1.36
16568 13.8
16568 8.92
16568 32.8
16568 0.2
16519 0.76
16519 1.36
16519 13.8
16519 8.92
16519 32.8
16519 0.2
16464 0.76
16464 1.36
16464 13.8
16464 8.92
16464 32.8
16464 0.2
16614 0.76
16614 1.36
16614 13.8
16614 8.92
16614 32.8
16614 0.2
16569 0.76
16569 1.36
16569 13.8
16569 8.92
16569 32.8
16569 0.2
16520 0.76
16520 1.36
16520 13.8
16520 8.92
16520 32.8
16520 0.2
16465 0.76
16465 1.36
16465 13.8
16465 8.92
16465 32.8
16465 0.2
16615 0.76
16615 1.36
16615 13.8
16615 8.92
16615 32.8
16615 0.2
16570 0.76
16570 1.36
16570 13.8
16570 8.92
16570 32.8
16570 0.2
16521 0.76
16521 1.36
16521 13.8
16521 8.92
16521 32.8
16521 0.2
16466 0.76
16466 1.36
16466 13.8
16466 8.92
16466 32.8
16466 0.2
16616 0.76
16616 1.36
16616 13.8
16616 8.92
16616 32.8
16616 0.2
16571 0.76
16571 1.36
16571 13.8
16571 8.92
16571 32.8
16571 0.2
16522 0.76
16522 1.36
16522 13.8
16522 8.92
16522 32.8
16522 0.2
16467 0.76
16467 1.36
16467 13.8
16467 8.92
16467 32.8
16467 0.2
16617 0.76
16617 1.36
16617 13.8
16617 8.92
16617 32.8
16617 0.2
16572 0.76
16572 1.36
16572 13.8
16572 8.92
16572 32.8
16572 0.2
16523 0.76
16523 1.36
16523 13.8
16523 8.92
16523 32.8
16523 0.2
16468 0.76
16468 1.36
16468 13.8
16468 8.92
16468 32.8
16468 0.2
16618 0.76
16618 1.36
16618 13.8
16618 8.92
16618 32.8
16618 0.2
16573 0.76
16573 1.36
16573 13.8
16573 8.92
16573 32.8
16573 0.2
16524 0.76
16524 1.36
16524 13.8
16524 8.92
16524 32.8
16524 0.2
16469 0.76
16469 1.36
16469 13.8
16469 8.92
16469 32.8
16469 0.2
16619 0.76
16619 1.36
16619 13.8
16619 8.92
16619 32.8
16619 0.2
16574 0.76
16574 1.36
16574 13.8
16574 8.92
16574 32.8
16574 0.2
16525 0.76
16525 1.36
16525 13.8
16525 8.92
16525 32.8
16525 0.2
16470 0.76
16470 1.36
16470 13.8
16470 8.92
16470 32.8
16470 0.2
16620 0.76
16620 1.36
16620 13.8
16620 8.92
16620 32.8
16620 0.2
16575 0.76
16575 1.36
16575 13.8
16575 8.92
16575 32.8
16575 0.2
16526 0.76
16526 1.36
16526 13.8
16526 8.92
16526 32.8
16526 0.2
16670 0.76
16670 1.36
16670 13.8
16670 8.92
16670 32.8
16670 0.2
16621 0.76
16621 1.36
16621 13.8
16621 8.92
16621 32.8
16621 0.2
16576 0.76
16576 1.36
16576 13.8
16576 8.92
16576 32.8
16576 0.2
16527 0.76
16527 1.36
16527 13.8
16527 8.92
16527 32.8
16527 0.2
16671 0.76
16671 1.36
16671 13.8
16671 8.92
16671 32.8
16671 0.2
16622 0.76
16622 1.36
16622 13.8
16622 8.92
16622 32.8
16622 0.2
16577 0.76
16577 1.36
16577 13.8
16577 8.92
16577 32.8
16577 0.2
16528 0.76
16528 1.36
16528 13.8
16528 8.92
16528 32.8
16528 0.2
16672 0.76
16672 1.36
16672 13.8
16672 8.92
16672 32.8
16672 0.2
16623 0.76
16623 1.36
16623 13.8
16623 8.92
16623 32.8
16623 0.2
16578 0.76
16578 1.36
16578 13.8
16578 8.92
16578 32.8
16578 0.2
16529 0.76
16529 1.36
16529 13.8
16529 8.92
16529 32.8
16529 0.2
16673 0.76
16673 1.36
16673 13.8
16673 8.92
16673 32.8
16673 0.2
16624 0.76
16624 1.36
16624 13.8
16624 8.92
16624 32.8
16624 0.2
16579 0.76
16579 1.36
16579 13.8
16579 8.92
16579 32.8
16579 0.2
16530 0.76
16530 1.36
16530 13.8
16530 8.92
16530 32.8
16530 0.2
16674 0.76
16674 1.36
16674 13.8
16674 8.92
16674 32.8
16674 0.2
16625 0.76
16625 1.36
16625 13.8
16625 8.92
16625 32.8
16625 0.2
16580 0.76
16580 1.36
16580 13.8
16580 8.92
16580 32.8
16580 0.2
16531 0.76
16531 1.36
16531 13.8
16531 8.92
16531 32.8
16531 0.2
16675 0.76
16675 1.36
16675 13.8
16675 8.92
16675 32.8
16675 0.2
16626 0.76
16626 1.36
16626 13.8
16626 8.92
16626 32.8
16626 0.2
16581 0.76
16581 1.36
16581 13.8
16581 8.92
16581 32.8
16581 0.2
16532 0.76
16532 1.36
16532 13.8
16532 8.92
16532 32.8
16532 0.2
16676 0.76
16676 1.36
16676 13.8
16676 8.92
16676 32.8
16676 0.2
16627 0.76
16627 1.36
16627 13.8
16627 8.92
16627 32.8
16627 0.2
16582 0.76
16582 1.36
16582 13.8
16582 8.92
16582 32.8
16582 0.2
16720 0.76
16720 1.36
16720 13.8
16720 8.92
16720 32.8
16720 0.2
16677 0.76
16677 1.36
16677 13.8
16677 8.92
16677 32.8
16677 0.2
16628 0.76
16628 1.36
16628 13.8
16628 8.92
16628 32.8
16628 0.2
16583 0.76
16583 1.36
16583 13.8
16583 8.92
16583 32.8
16583 0.2
16721 0.76
16721 1.36
16721 13.8
16721 8.92
16721 32.8
16721 0.2
16678 0.76
16678 1.36
16678 13.8
16678 8.92
16678 32.8
16678 0.2
16629 0.76
16629 1.36
16629 13.8
16629 8.92
16629 32.8
16629 0.2
16584 0.76
16584 1.36
16584 13.8
16584 8.92
16584 32.8
16584 0.2
16722 0.76
16722 1.36
16722 13.8
16722 8.92
16722 32.8
16722 0.2
16679 0.76
16679 1.36
16679 13.8
16679 8.92
16679 32.8
16679 0.2
16630 0.76
16630 1.36
16630 13.8
16630 8.92
16630 32.8
16630 0.2
16585 0.76
16585 1.36
16585 13.8
16585 8.92
16585 32.8
16585 0.2
16723 0.76
16723 1.36
16723 13.8
16723 8.92
16723 32.8
16723 0.2
16680 0.76
16680 1.36
16680 13.8
16680 8.92
16680 32.8
16680 0.2
16631 0.76
16631 1.36
16631 13.8
16631 8.92
16631 32.8
16631 0.2
16586 0.76
16586 1.36
16586 13.8
16586 8.92
16586 32.8
16586 0.2
16724 0.76
16724 1.36
16724 13.8
16724 8.92
16724 32.8
16724 0.2
16681 0.76
16681 1.36
16681 13.8
16681 8.92
16681 32.8
16681 0.2
16632 0.76
16632 1.36
16632 13.8
16632 8.92
16632 32.8
16632 0.2
16587 0.76
16587 1.36
16587 13.8
16587 8.92
16587 32.8
16587 0.2
16725 0.76
16725 1.36
16725 13.8
16725 8.92
16725 32.8
16725 0.2
16682 0.76
16682 1.36
16682 13.8
16682 8.92
16682 32.8
16682 0.2
16633 0.76
16633 1.36
16633 13.8
16633 8.92
16633 32.8
16633 0.2
16588 0.76
16588 1.36
16588 13.8
16588 8.92
16588 32.8
16588 0.2
16726 0.76
16726 1.36
16726 13.8
16726 8.92
16726 32.8
16726 0.2
16683 0.76
16683 1.36
16683 13.8
16683 8.92
16683 32.8
16683 0.2
16634 0.76
16634 1.36
16634 13.8
16634 8.92
16634 32.8
16634 0.2
16767 0.76
16767 1.36
16767 13.8
16767 8.92
16767 32.8
16767 0.2
16727 0.76
16727 1.36
16727 13.8
16727 8.92
16727 32.8
16727 0.2
16684 0.76
16684 1.36
16684 13.8
16684 8.92
16684 32.8
16684 0.2
16635 0.76
16635 1.36
16635 13.8
16635 8.92
16635 32.8
16635 0.2
16768 0.76
16768 1.36
16768 13.8
16768 8.92
16768 32.8
16768 0.2
16728 0.76
16728 1.36
16728 13.8
16728 8.92
16728 32.8
16728 0.2
16685 0.76
16685 1.36
16685 13.8
16685 8.92
16685 32.8
16685 0.2
16636 0.76
16636 1.36
16636 13.8
16636 8.92
16636 32.8
16636 0.2
16769 0.76
16769 1.36
16769 13.8
16769 8.92
16769 32.8
16769 0.2
16729 0.76
16729 1.36
16729 13.8
16729 8.92
16729 32.8
16729 0.2
16686 0.76
16686 1.36
16686 13.8
16686 8.92
16686 32.8
16686 0.2
16637 0.76
16637 1.36
16637 13.8
16637 8.92
16637 32.8
16637 0.2
16770 0.76
16770 1.36
16770 13.8
16770 8.92
16770 32.8
16770 0.2
16730 0.76
16730 1.36
16730 13.8
16730 8.92
16730 32.8
16730 0.2
16687 0.76
16687 1.36
16687 13.8
16687 8.92
16687 32.8
16687 0.2
16638 0.76
16638 1.36
16638 13.8
16638 8.92
16638 32.8
16638 0.2
16771 0.76
16771 1.36
16771 13.8
16771 8.92
16771 32.8
16771 0.2
16731 0.76
16731 1.36
16731 13.8
16731 8.92
16731 32.8
16731 0.2
16688 0.76
16688 1.36
16688 13.8
16688 8.92
16688 32.8
16688 0.2
16639 0.76
16639 1.36
16639 13.8
16639 8.92
16639 32.8
16639 0.2
16772 0.76
16772 1.36
16772 13.8
16772 8.92
16772 32.8
16772 0.2
16732 0.76
16732 1.36
16732 13.8
16732 8.92
16732 32.8
16732 0.2
16689 0.76
16689 1.36
16689 13.8
16689 8.92
16689 32.8
16689 0.2
16813 0.76
16813 1.36
16813 13.8
16813 8.92
16813 32.8
16813 0.2
16773 0.76
16773 1.36
16773 13.8
16773 8.92
16773 32.8
16773 0.2
16733 0.76
16733 1.36
16733 13.8
16733 8.92
16733 32.8
16733 0.2
16690 0.76
16690 1.36
16690 13.8
16690 8.92
16690 32.8
16690 0.2
16814 0.76
16814 1.36
16814 13.8
16814 8.92
16814 32.8
16814 0.2
16774 0.76
16774 1.36
16774 13.8
16774 8.92
16774 32.8
16774 0.2
16734 0.76
16734 1.36
16734 13.8
16734 8.92
16734 32.8
16734 0.2
16691 0.76
16691 1.36
16691 13.8
16691 8.92
16691 32.8
16691 0.2
16815 0.76
16815 1.36
16815 13.8
16815 8.92
16815 32.8
16815 0.2
16775 0.76
16775 1.36
16775 13.8
16775 8.92
16775 32.8
16775 0.2
16735 0.76
16735 1.36
16735 13.8
16735 8.92
16735 32.8
16735 0.2
16692 0.76
16692 1.36
16692 13.8
16692 8.92
16692 32.8
16692 0.2
16816 0.76
16816 1.36
16816 13.8
16816 8.92
16816 32.8
16816 0.2
16776 0.76
16776 1.36
16776 13.8
16776 8.92
16776 32.8
16776 0.2
16736 0.76
16736 1.36
16736 13.8
16736 8.92
16736 32.8
16736 0.2
16693 0.76
16693 1.36
16693 13.8
16693 8.92
16693 32.8
16693 0.2
16817 0.76
16817 1.36
16817 13.8
16817 8.92
16817 32.8
16817 0.2
16777 0.76
16777 1.36
16777 13.8
16777 8.92
16777 32.8
16777 0.2
16737 0.76
16737 1.36
16737 13.8
16737 8.92
16737 32.8
16737 0.2
16694 0.76
16694 1.36
16694 13.8
16694 8.92
16694 32.8
16694 0.2
16818 0.76
16818 1.36
16818 13.8
16818 8.92
16818 32.8
16818 0.2
16778 0.76
16778 1.36
16778 13.8
16778 8.92
16778 32.8
16778 0.2
16738 0.76
16738 1.36
16738 13.8
16738 8.92
16738 32.8
16738 0.2
16819 0.76
16819 1.36
16819 13.8
16819 8.92
16819 32.8
16819 0.2
16779 0.76
16779 1.36
16779 13.8
16779 8.92
16779 32.8
16779 0.2
16739 0.76
16739 1.36
16739 13.8
16739 8.92
16739 32.8
16739 0.2
16856 0.76
16856 1.36
16856 13.8
16856 8.92
16856 32.8
16856 0.2
16820 0.76
16820 1.36
16820 13.8
16820 8.92
16820 32.8
16820 0.2
16780 0.76
16780 1.36
16780 13.8
16780 8.92
16780 32.8
16780 0.2
16740 0.76
16740 1.36
16740 13.8
16740 8.92
16740 32.8
16740 0.2
16857 0.76
16857 1.36
16857 13.8
16857 8.92
16857 32.8
16857 0.2
16821 0.76
16821 1.36
16821 13.8
16821 8.92
16821 32.8
16821 0.2
16781 0.76
16781 1.36
16781 13.8
16781 8.92
16781 32.8
16781 0.2
16741 0.76
16741 1.36
16741 13.8
16741 8.92
16741 32.8
16741 0.2
16858 0.76
16858 1.36
16858 13.8
16858 8.92
16858 32.8
16858 0.2
16822 0.76
16822 1.36
16822 13.8
16822 8.92
16822 32.8
16822 0.2
16782 0.76
16782 1.36
16782 13.8
16782 8.92
16782 32.8
16782 0.2
16742 0.76
16742 1.36
16742 13.8
16742 8.92
16742 32.8
16742 0.2
16859 0.76
16859 1.36
16859 13.8
16859 8.92
16859 32.8
16859 0.2
16823 0.76
16823 1.36
16823 13.8
16823 8.92
16823 32.8
16823 0.2
16783 0.76
16783 1.36
16783 13.8
16783 8.92
16783 32.8
16783 0.2
16860 0.76
16860 1.36
16860 13.8
16860 8.92
16860 32.8
16860 0.2
16824 0.76
16824 1.36
16824 13.8
16824 8.92
16824 32.8
16824 0.2
16784 0.76
16784 1.36
16784 13.8
16784 8.92
16784 32.8
16784 0.2
16861 0.76
16861 1.36
16861 13.8
16861 8.92
16861 32.8
16861 0.2
16825 0.76
16825 1.36
16825 13.8
16825 8.92
16825 32.8
16825 0.2
16785 0.76
16785 1.36
16785 13.8
16785 8.92
16785 32.8
16785 0.2
16895 0.76
16895 1.36
16895 13.8
16895 8.92
16895 32.8
16895 0.2
16862 0.76
16862 1.36
16862 13.8
16862 8.92
16862 32.8
16862 0.2
16826 0.76
16826 1.36
16826 13.8
16826 8.92
16826 32.8
16826 0.2
16786 0.76
16786 1.36
16786 13.8
16786 8.92
16786 32.8
16786 0.2
16896 0.76
16896 1.36
16896 13.8
16896 8.92
16896 32.8
16896 0.2
16863 0.76
16863 1.36
16863 13.8
16863 8.92
16863 32.8
16863 0.2
16827 0.76
16827 1.36
16827 13.8
16827 8.92
16827 32.8
16827 0.2
16787 0.76
16787 1.36
16787 13.8
16787 8.92
16787 32.8
16787 0.2
16897 0.76
16897 1.36
16897 13.8
16897 8.92
16897 32.8
16897 0.2
16864 0.76
16864 1.36
16864 13.8
16864 8.92
16864 32.8
16864 0.2
16828 0.76
16828 1.36
16828 13.8
16828 8.92
16828 32.8
16828 0.2
16788 0.76
16788 1.36
16788 13.8
16788 8.92
16788 32.8
16788 0.2
16898 0.76
16898 1.36
16898 13.8
16898 8.92
16898 32.8
16898 0.2
16865 0.76
16865 1.36
16865 13.8
16865 8.92
16865 32.8
16865 0.2
16829 0.76
16829 1.36
16829 13.8
16829 8.92
16829 32.8
16829 0.2
16789 0.76
16789 1.36
16789 13.8
16789 8.92
16789 32.8
16789 0.2
16899 0.76
16899 1.36
16899 13.8
16899 8.92
16899 32.8
16899 0.2
16866 0.76
16866 1.36
16866 13.8
16866 8.92
16866 32.8
16866 0.2
16830 0.76
16830 1.36
16830 13.8
16830 8.92
16830 32.8
16830 0.2
16900 0.76
16900 1.36
16900 13.8
16900 8.92
16900 32.8
16900 0.2
16867 0.76
16867 1.36
16867 13.8
16867 8.92
16867 32.8
16867 0.2
16831 0.76
16831 1.36
16831 13.8
16831 8.92
16831 32.8
16831 0.2
16901 0.76
16901 1.36
16901 13.8
16901 8.92
16901 32.8
16901 0.2
16868 0.76
16868 1.36
16868 13.8
16868 8.92
16868 32.8
16868 0.2
16832 0.76
16832 1.36
16832 13.8
16832 8.92
16832 32.8
16832 0.2
16936 0.76
16936 1.36
16936 13.8
16936 8.92
16936 32.8
16936 0.2
16902 0.76
16902 1.36
16902 13.8
16902 8.92
16902 32.8
16902 0.2
16869 0.76
16869 1.36
16869 13.8
16869 8.92
16869 32.8
16869 0.2
16833 0.76
16833 1.36
16833 13.8
16833 8.92
16833 32.8
16833 0.2
16937 0.76
16937 1.36
16937 13.8
16937 8.92
16937 32.8
16937 0.2
16903 0.76
16903 1.36
16903 13.8
16903 8.92
16903 32.8
16903 0.2
16870 0.76
16870 1.36
16870 13.8
16870 8.92
16870 32.8
16870 0.2
16834 0.76
16834 1.36
16834 13.8
16834 8.92
16834 32.8
16834 0.2
16938 0.76
16938 1.36
16938 13.8
16938 8.92
16938 32.8
16938 0.2
16904 0.76
16904 1.36
16904 13.8
16904 8.92
16904 32.8
16904 0.2
16871 0.76
16871 1.36
16871 13.8
16871 8.92
16871 32.8
16871 0.2
16939 0.76
16939 1.36
16939 13.8
16939 8.92
16939 32.8
16939 0.2
16905 0.76
16905 1.36
16905 13.8
16905 8.92
16905 32.8
16905 0.2
16872 0.76
16872 1.36
16872 13.8
16872 8.92
16872 32.8
16872 0.2
16940 0.76
16940 1.36
16940 13.8
16940 8.92
16940 32.8
16940 0.2
16906 0.76
16906 1.36
16906 13.8
16906 8.92
16906 32.8
16906 0.2
16873 0.76
16873 1.36
16873 13.8
16873 8.92
16873 32.8
16873 0.2
16972 0.76
16972 1.36
16972 13.8
16972 8.92
16972 32.8
16972 0.2
16941 0.76
16941 1.36
16941 13.8
16941 8.92
16941 32.8
16941 0.2
16907 0.76
16907 1.36
16907 13.8
16907 8.92
16907 32.8
16907 0.2
16874 0.76
16874 1.36
16874 13.8
16874 8.92
16874 32.8
16874 0.2
16973 0.76
16973 1.36
16973 13.8
16973 8.92
16973 32.8
16973 0.2
16942 0.76
16942 1.36
16942 13.8
16942 8.92
16942 32.8
16942 0.2
16908 0.76
16908 1.36
16908 13.8
16908 8.92
16908 32.8
16908 0.2
16875 0.76
16875 1.36
16875 13.8
16875 8.92
16875 32.8
16875 0.2
16974 0.76
16974 1.36
16974 13.8
16974 8.92
16974 32.8
16974 0.2
16943 0.76
16943 1.36
16943 13.8
16943 8.92
16943 32.8
16943 0.2
16909 0.76
16909 1.36
16909 13.8
16909 8.92
16909 32.8
16909 0.2
16876 0.76
16876 1.36
16876 13.8
16876 8.92
16876 32.8
16876 0.2
16975 0.76
16975 1.36
16975 13.8
16975 8.92
16975 32.8
16975 0.2
16944 0.76
16944 1.36
16944 13.8
16944 8.92
16944 32.8
16944 0.2
16910 0.76
16910 1.36
16910 13.8
16910 8.92
16910 32.8
16910 0.2
16976 0.76
16976 1.36
16976 13.8
16976 8.92
16976 32.8
16976 0.2
16945 0.76
16945 1.36
16945 13.8
16945 8.92
16945 32.8
16945 0.2
16911 0.76
16911 1.36
16911 13.8
16911 8.92
16911 32.8
16911 0.2
16977 0.76
16977 1.36
16977 13.8
16977 8.92
16977 32.8
16977 0.2
16946 0.76
16946 1.36
16946 13.8
16946 8.92
16946 32.8
16946 0.2
16912 0.76
16912 1.36
16912 13.8
16912 8.92
16912 32.8
16912 0.2
17013 0.76
17013 1.36
17013 13.8
17013 8.92
17013 32.8
17013 0.2
16978 0.76
16978 1.36
16978 13.8
16978 8.92
16978 32.8
16978 0.2
16947 0.76
16947 1.36
16947 13.8
16947 8.92
16947 32.8
16947 0.2
16913 0.76
16913 1.36
16913 13.8
16913 8.92
16913 32.8
16913 0.2
17014 0.76
17014 1.36
17014 13.8
17014 8.92
17014 32.8
17014 0.2
16979 0.76
16979 1.36
16979 13.8
16979 8.92
16979 32.8
16979 0.2
16948 0.76
16948 1.36
16948 13.8
16948 8.92
16948 32.8
16948 0.2
16914 0.76
16914 1.36
16914 13.8
16914 8.92
16914 32.8
16914 0.2
17015 0.76
17015 1.36
17015 13.8
17015 8.92
17015 32.8
17015 0.2
16980 0.76
16980 1.36
16980 13.8
16980 8.92
16980 32.8
16980 0.2
16949 0.76
16949 1.36
16949 13.8
16949 8.92
16949 32.8
16949 0.2
16915 0.76
16915 1.36
16915 13.8
16915 8.92
16915 32.8
16915 0.2
17016 0.76
17016 1.36
17016 13.8
17016 8.92
17016 32.8
17016 0.2
16981 0.76
16981 1.36
16981 13.8
16981 8.92
16981 32.8
16981 0.2
17054 0.76
17054 1.36
17054 13.8
17054 8.92
17054 32.8
17054 0.2
16950 0.76
16950 1.36
16950 13.8
16950 8.92
16950 32.8
16950 0.2
16916 0.76
16916 1.36
16916 13.8
16916 8.92
16916 32.8
16916 0.2
17017 0.76
17017 1.36
17017 13.8
17017 8.92
17017 32.8
17017 0.2
16982 0.76
16982 1.36
16982 13.8
16982 8.92
16982 32.8
16982 0.2
17055 0.76
17055 1.36
17055 13.8
17055 8.92
17055 32.8
17055 0.2
16951 0.76
16951 1.36
16951 13.8
16951 8.92
16951 32.8
16951 0.2
17018 0.76
17018 1.36
17018 13.8
17018 8.92
17018 32.8
17018 0.2
16983 0.76
16983 1.36
16983 13.8
16983 8.92
16983 32.8
16983 0.2
16952 0.76
16952 1.36
16952 13.8
16952 8.92
16952 32.8
16952 0.2
17056 0.76
17056 1.36
17056 13.8
17056 8.92
17056 32.8
17056 0.2
17019 0.76
17019 1.36
17019 13.8
17019 8.92
17019 32.8
17019 0.2
16984 0.76
16984 1.36
16984 13.8
16984 8.92
16984 32.8
16984 0.2
16953 0.76
16953 1.36
16953 13.8
16953 8.92
16953 32.8
16953 0.2
17057 0.76
17057 1.36
17057 13.8
17057 8.92
17057 32.8
17057 0.2
17020 0.76
17020 1.36
17020 13.8
17020 8.92
17020 32.8
17020 0.2
16985 0.76
16985 1.36
16985 13.8
16985 8.92
16985 32.8
16985 0.2
16954 0.76
16954 1.36
16954 13.8
16954 8.92
16954 32.8
16954 0.2
17058 0.76
17058 1.36
17058 13.8
17058 8.92
17058 32.8
17058 0.2
17021 0.76
17021 1.36
17021 13.8
17021 8.92
17021 32.8
17021 0.2
16986 0.76
16986 1.36
16986 13.8
16986 8.92
16986 32.8
16986 0.2
16955 0.76
16955 1.36
16955 13.8
16955 8.92
16955 32.8
16955 0.2
17059 0.76
17059 1.36
17059 13.8
17059 8.92
17059 32.8
17059 0.2
17022 0.76
17022 1.36
17022 13.8
17022 8.92
17022 32.8
17022 0.2
16987 0.76
16987 1.36
16987 13.8
16987 8.92
16987 32.8
16987 0.2
16956 0.76
16956 1.36
16956 13.8
16956 8.92
16956 32.8
16956 0.2
17060 0.76
17060 1.36
17060 13.8
17060 8.92
17060 32.8
17060 0.2
17023 0.76
17023 1.36
17023 13.8
17023 8.92
17023 32.8
17023 0.2
17097 0.76
17097 1.36
17097 13.8
17097 8.92
17097 32.8
17097 0.2
16988 0.76
16988 1.36
16988 13.8
16988 8.92
16988 32.8
16988 0.2
17061 0.76
17061 1.36
17061 13.8
17061 8.92
17061 32.8
17061 0.2
17024 0.76
17024 1.36
17024 13.8
17024 8.92
17024 32.8
17024 0.2
17098 0.76
17098 1.36
17098 13.8
17098 8.92
17098 32.8
17098 0.2
16989 0.76
16989 1.36
16989 13.8
16989 8.92
16989 32.8
16989 0.2
17062 0.76
17062 1.36
17062 13.8
17062 8.92
17062 32.8
17062 0.2
17025 0.76
17025 1.36
17025 13.8
17025 8.92
17025 32.8
17025 0.2
16990 0.76
16990 1.36
16990 13.8
16990 8.92
16990 32.8
16990 0.2
17099 0.76
17099 1.36
17099 13.8
17099 8.92
17099 32.8
17099 0.2
17063 0.76
17063 1.36
17063 13.8
17063 8.92
17063 32.8
17063 0.2
17026 0.76
17026 1.36
17026 13.8
17026 8.92
17026 32.8
17026 0.2
16991 0.76
16991 1.36
16991 13.8
16991 8.92
16991 32.8
16991 0.2
17100 0.76
17100 1.36
17100 13.8
17100 8.92
17100 32.8
17100 0.2
17064 0.76
17064 1.36
17064 13.8
17064 8.92
17064 32.8
17064 0.2
17027 0.76
17027 1.36
17027 13.8
17027 8.92
17027 32.8
17027 0.2
16992 0.76
16992 1.36
16992 13.8
16992 8.92
16992 32.8
16992 0.2
17101 0.76
17101 1.36
17101 13.8
17101 8.92
17101 32.8
17101 0.2
17065 0.76
17065 1.36
17065 13.8
17065 8.92
17065 32.8
17065 0.2
17028 0.76
17028 1.36
17028 13.8
17028 8.92
17028 32.8
17028 0.2
16993 0.76
16993 1.36
16993 13.8
16993 8.92
16993 32.8
16993 0.2
17102 0.76
17102 1.36
17102 13.8
17102 8.92
17102 32.8
17102 0.2
17066 0.76
17066 1.36
17066 13.8
17066 8.92
17066 32.8
17066 0.2
17137 0.76
17137 1.36
17137 13.8
17137 8.92
17137 32.8
17137 0.2
17029 0.76
17029 1.36
17029 13.8
17029 8.92
17029 32.8
17029 0.2
16994 0.76
16994 1.36
16994 13.8
16994 8.92
16994 32.8
16994 0.2
17103 0.76
17103 1.36
17103 13.8
17103 8.92
17103 32.8
17103 0.2
17067 0.76
17067 1.36
17067 13.8
17067 8.92
17067 32.8
17067 0.2
17030 0.76
17030 1.36
17030 13.8
17030 8.92
17030 32.8
17030 0.2
17138 0.76
17138 1.36
17138 13.8
17138 8.92
17138 32.8
17138 0.2
17104 0.76
17104 1.36
17104 13.8
17104 8.92
17104 32.8
17104 0.2
17068 0.76
17068 1.36
17068 13.8
17068 8.92
17068 32.8
17068 0.2
17031 0.76
17031 1.36
17031 13.8
17031 8.92
17031 32.8
17031 0.2
17139 0.76
17139 1.36
17139 13.8
17139 8.92
17139 32.8
17139 0.2
17105 0.76
17105 1.36
17105 13.8
17105 8.92
17105 32.8
17105 0.2
17069 0.76
17069 1.36
17069 13.8
17069 8.92
17069 32.8
17069 0.2
17032 0.76
17032 1.36
17032 13.8
17032 8.92
17032 32.8
17032 0.2
17140 0.76
17140 1.36
17140 13.8
17140 8.92
17140 32.8
17140 0.2
17106 0.76
17106 1.36
17106 13.8
17106 8.92
17106 32.8
17106 0.2
17070 0.76
17070 1.36
17070 13.8
17070 8.92
17070 32.8
17070 0.2
17033 0.76
17033 1.36
17033 13.8
17033 8.92
17033 32.8
17033 0.2
17141 0.76
17141 1.36
17141 13.8
17141 8.92
17141 32.8
17141 0.2
17107 0.76
17107 1.36
17107 13.8
17107 8.92
17107 32.8
17107 0.2
17071 0.76
17071 1.36
17071 13.8
17071 8.92
17071 32.8
17071 0.2
17034 0.76
17034 1.36
17034 13.8
17034 8.92
17034 32.8
17034 0.2
17142 0.76
17142 1.36
17142 13.8
17142 8.92
17142 32.8
17142 0.2
17108 0.76
17108 1.36
17108 13.8
17108 8.92
17108 32.8
17108 0.2
17072 0.76
17072 1.36
17072 13.8
17072 8.92
17072 32.8
17072 0.2
17035 0.76
17035 1.36
17035 13.8
17035 8.92
17035 32.8
17035 0.2
17143 0.76
17143 1.36
17143 13.8
17143 8.92
17143 32.8
17143 0.2
17109 0.76
17109 1.36
17109 13.8
17109 8.92
17109 32.8
17109 0.2
17178 0.76
17178 1.36
17178 13.8
17178 8.92
17178 32.8
17178 0.2
17073 0.76
17073 1.36
17073 13.8
17073 8.92
17073 32.8
17073 0.2
17144 0.76
17144 1.36
17144 13.8
17144 8.92
17144 32.8
17144 0.2
17110 0.76
17110 1.36
17110 13.8
17110 8.92
17110 32.8
17110 0.2
17179 0.76
17179 1.36
17179 13.8
17179 8.92
17179 32.8
17179 0.2
17074 0.76
17074 1.36
17074 13.8
17074 8.92
17074 32.8
17074 0.2
17145 0.76
17145 1.36
17145 13.8
17145 8.92
17145 32.8
17145 0.2
17111 0.76
17111 1.36
17111 13.8
17111 8.92
17111 32.8
17111 0.2
17075 0.76
17075 1.36
17075 13.8
17075 8.92
17075 32.8
17075 0.2
17180 0.76
17180 1.36
17180 13.8
17180 8.92
17180 32.8
17180 0.2
17146 0.76
17146 1.36
17146 13.8
17146 8.92
17146 32.8
17146 0.2
17112 0.76
17112 1.36
17112 13.8
17112 8.92
17112 32.8
17112 0.2
17076 0.76
17076 1.36
17076 13.8
17076 8.92
17076 32.8
17076 0.2
17181 0.76
17181 1.36
17181 13.8
17181 8.92
17181 32.8
17181 0.2
17147 0.76
17147 1.36
17147 13.8
17147 8.92
17147 32.8
17147 0.2
17113 0.76
17113 1.36
17113 13.8
17113 8.92
17113 32.8
17113 0.2
17077 0.76
17077 1.36
17077 13.8
17077 8.92
17077 32.8
17077 0.2
17182 0.76
17182 1.36
17182 13.8
17182 8.92
17182 32.8
17182 0.2
17148 0.76
17148 1.36
17148 13.8
17148 8.92
17148 32.8
17148 0.2
17218 0.76
17218 1.36
17218 13.8
17218 8.92
17218 32.8
17218 0.2
17114 0.76
17114 1.36
17114 13.8
17114 8.92
17114 32.8
17114 0.2
17078 0.76
17078 1.36
17078 13.8
17078 8.92
17078 32.8
17078 0.2
17183 0.76
17183 1.36
17183 13.8
17183 8.92
17183 32.8
17183 0.2
17149 0.76
17149 1.36
17149 13.8
17149 8.92
17149 32.8
17149 0.2
17219 0.76
17219 1.36
17219 13.8
17219 8.92
17219 32.8
17219 0.2
17115 0.76
17115 1.36
17115 13.8
17115 8.92
17115 32.8
17115 0.2
17079 0.76
17079 1.36
17079 13.8
17079 8.92
17079 32.8
17079 0.2
17184 0.76
17184 1.36
17184 13.8
17184 8.92
17184 32.8
17184 0.2
17150 0.76
17150 1.36
17150 13.8
17150 8.92
17150 32.8
17150 0.2
17220 0.76
17220 1.36
17220 13.8
17220 8.92
17220 32.8
17220 0.2
17116 0.76
17116 1.36
17116 13.8
17116 8.92
17116 32.8
17116 0.2
17185 0.76
17185 1.36
17185 13.8
17185 8.92
17185 32.8
17185 0.2
17151 0.76
17151 1.36
17151 13.8
17151 8.92
17151 32.8
17151 0.2
17221 0.76
17221 1.36
17221 13.8
17221 8.92
17221 32.8
17221 0.2
17117 0.76
17117 1.36
17117 13.8
17117 8.92
17117 32.8
17117 0.2
17186 0.76
17186 1.36
17186 13.8
17186 8.92
17186 32.8
17186 0.2
17152 0.76
17152 1.36
17152 13.8
17152 8.92
17152 32.8
17152 0.2
17118 0.76
17118 1.36
17118 13.8
17118 8.92
17118 32.8
17118 0.2
17222 0.76
17222 1.36
17222 13.8
17222 8.92
17222 32.8
17222 0.2
17187 0.76
17187 1.36
17187 13.8
17187 8.92
17187 32.8
17187 0.2
17153 0.76
17153 1.36
17153 13.8
17153 8.92
17153 32.8
17153 0.2
17119 0.76
17119 1.36
17119 13.8
17119 8.92
17119 32.8
17119 0.2
17223 0.76
17223 1.36
17223 13.8
17223 8.92
17223 32.8
17223 0.2
17188 0.76
17188 1.36
17188 13.8
17188 8.92
17188 32.8
17188 0.2
17255 0.76
17255 1.36
17255 13.8
17255 8.92
17255 32.8
17255 0.2
17154 0.76
17154 1.36
17154 13.8
17154 8.92
17154 32.8
17154 0.2
17120 0.76
17120 1.36
17120 13.8
17120 8.92
17120 32.8
17120 0.2
17224 0.76
17224 1.36
17224 13.8
17224 8.92
17224 32.8
17224 0.2
17189 0.76
17189 1.36
17189 13.8
17189 8.92
17189 32.8
17189 0.2
17256 0.76
17256 1.36
17256 13.8
17256 8.92
17256 32.8
17256 0.2
17155 0.76
17155 1.36
17155 13.8
17155 8.92
17155 32.8
17155 0.2
17121 0.76
17121 1.36
17121 13.8
17121 8.92
17121 32.8
17121 0.2
17225 0.76
17225 1.36
17225 13.8
17225 8.92
17225 32.8
17225 0.2
17190 0.76
17190 1.36
17190 13.8
17190 8.92
17190 32.8
17190 0.2
17257 0.76
17257 1.36
17257 13.8
17257 8.92
17257 32.8
17257 0.2
17156 0.76
17156 1.36
17156 13.8
17156 8.92
17156 32.8
17156 0.2
17226 0.76
17226 1.36
17226 13.8
17226 8.92
17226 32.8
17226 0.2
17191 0.76
17191 1.36
17191 13.8
17191 8.92
17191 32.8
17191 0.2
17258 0.76
17258 1.36
17258 13.8
17258 8.92
17258 32.8
17258 0.2
17157 0.76
17157 1.36
17157 13.8
17157 8.92
17157 32.8
17157 0.2
17227 0.76
17227 1.36
17227 13.8
17227 8.92
17227 32.8
17227 0.2
17192 0.76
17192 1.36
17192 13.8
17192 8.92
17192 32.8
17192 0.2
17158 0.76
17158 1.36
17158 13.8
17158 8.92
17158 32.8
17158 0.2
17259 0.76
17259 1.36
17259 13.8
17259 8.92
17259 32.8
17259 0.2
17228 0.76
17228 1.36
17228 13.8
17228 8.92
17228 32.8
17228 0.2
17193 0.76
17193 1.36
17193 13.8
17193 8.92
17193 32.8
17193 0.2
17159 0.76
17159 1.36
17159 13.8
17159 8.92
17159 32.8
17159 0.2
17260 0.76
17260 1.36
17260 13.8
17260 8.92
17260 32.8
17260 0.2
17229 0.76
17229 1.36
17229 13.8
17229 8.92
17229 32.8
17229 0.2
17194 0.76
17194 1.36
17194 13.8
17194 8.92
17194 32.8
17194 0.2
17160 0.76
17160 1.36
17160 13.8
17160 8.92
17160 32.8
17160 0.2
17261 0.76
17261 1.36
17261 13.8
17261 8.92
17261 32.8
17261 0.2
17230 0.76
17230 1.36
17230 13.8
17230 8.92
17230 32.8
17230 0.2
17289 0.76
17289 1.36
17289 13.8
17289 8.92
17289 32.8
17289 0.2
17195 0.76
17195 1.36
17195 13.8
17195 8.92
17195 32.8
17195 0.2
17262 0.76
17262 1.36
17262 13.8
17262 8.92
17262 32.8
17262 0.2
17231 0.76
17231 1.36
17231 13.8
17231 8.92
17231 32.8
17231 0.2
17290 0.76
17290 1.36
17290 13.8
17290 8.92
17290 32.8
17290 0.2
17196 0.76
17196 1.36
17196 13.8
17196 8.92
17196 32.8
17196 0.2
17263 0.76
17263 1.36
17263 13.8
17263 8.92
17263 32.8
17263 0.2
17232 0.76
17232 1.36
17232 13.8
17232 8.92
17232 32.8
17232 0.2
17291 0.76
17291 1.36
17291 13.8
17291 8.92
17291 32.8
17291 0.2
17197 0.76
17197 1.36
17197 13.8
17197 8.92
17197 32.8
17197 0.2
17264 0.76
17264 1.36
17264 13.8
17264 8.92
17264 32.8
17264 0.2
17233 0.76
17233 1.36
17233 13.8
17233 8.92
17233 32.8
17233 0.2
17198 0.76
17198 1.36
17198 13.8
17198 8.92
17198 32.8
17198 0.2
17292 0.76
17292 1.36
17292 13.8
17292 8.92
17292 32.8
17292 0.2
17265 0.76
17265 1.36
17265 13.8
17265 8.92
17265 32.8
17265 0.2
17234 0.76
17234 1.36
17234 13.8
17234 8.92
17234 32.8
17234 0.2
17199 0.76
17199 1.36
17199 13.8
17199 8.92
17199 32.8
17199 0.2
17293 0.76
17293 1.36
17293 13.8
17293 8.92
17293 32.8
17293 0.2
17266 0.76
17266 1.36
17266 13.8
17266 8.92
17266 32.8
17266 0.2
17235 0.76
17235 1.36
17235 13.8
17235 8.92
17235 32.8
17235 0.2
17200 0.76
17200 1.36
17200 13.8
17200 8.92
17200 32.8
17200 0.2
17294 0.76
17294 1.36
17294 13.8
17294 8.92
17294 32.8
17294 0.2
17267 0.76
17267 1.36
17267 13.8
17267 8.92
17267 32.8
17267 0.2
17323 0.76
17323 1.36
17323 13.8
17323 8.92
17323 32.8
17323 0.2
17236 0.76
17236 1.36
17236 13.8
17236 8.92
17236 32.8
17236 0.2
17201 0.76
17201 1.36
17201 13.8
17201 8.92
17201 32.8
17201 0.2
17295 0.76
17295 1.36
17295 13.8
17295 8.92
17295 32.8
17295 0.2
17268 0.76
17268 1.36
17268 13.8
17268 8.92
17268 32.8
17268 0.2
17324 0.76
17324 1.36
17324 13.8
17324 8.92
17324 32.8
17324 0.2
17237 0.76
17237 1.36
17237 13.8
17237 8.92
17237 32.8
17237 0.2
17296 0.76
17296 1.36
17296 13.8
17296 8.92
17296 32.8
17296 0.2
17269 0.76
17269 1.36
17269 13.8
17269 8.92
17269 32.8
17269 0.2
17325 0.76
17325 1.36
17325 13.8
17325 8.92
17325 32.8
17325 0.2
17238 0.76
17238 1.36
17238 13.8
17238 8.92
17238 32.8
17238 0.2
17297 0.76
17297 1.36
17297 13.8
17297 8.92
17297 32.8
17297 0.2
17270 0.76
17270 1.36
17270 13.8
17270 8.92
17270 32.8
17270 0.2
17326 0.76
17326 1.36
17326 13.8
17326 8.92
17326 32.8
17326 0.2
17239 0.76
17239 1.36
17239 13.8
17239 8.92
17239 32.8
17239 0.2
17298 0.76
17298 1.36
17298 13.8
17298 8.92
17298 32.8
17298 0.2
17271 0.76
17271 1.36
17271 13.8
17271 8.92
17271 32.8
17271 0.2
17240 0.76
17240 1.36
17240 13.8
17240 8.92
17240 32.8
17240 0.2
17327 0.76
17327 1.36
17327 13.8
17327 8.92
17327 32.8
17327 0.2
17299 0.76
17299 1.36
17299 13.8
17299 8.92
17299 32.8
17299 0.2
17272 0.76
17272 1.36
17272 13.8
17272 8.92
17272 32.8
17272 0.2
17241 0.76
17241 1.36
17241 13.8
17241 8.92
17241 32.8
17241 0.2
17328 0.76
17328 1.36
17328 13.8
17328 8.92
17328 32.8
17328 0.2
17300 0.76
17300 1.36
17300 13.8
17300 8.92
17300 32.8
17300 0.2
17273 0.76
17273 1.36
17273 13.8
17273 8.92
17273 32.8
17273 0.2
17242 0.76
17242 1.36
17242 13.8
17242 8.92
17242 32.8
17242 0.2
17329 0.76
17329 1.36
17329 13.8
17329 8.92
17329 32.8
17329 0.2
17301 0.76
17301 1.36
17301 13.8
17301 8.92
17301 32.8
17301 0.2
17359 0.76
17359 1.36
17359 13.8
17359 8.92
17359 32.8
17359 0.2
17274 0.76
17274 1.36
17274 13.8
17274 8.92
17274 32.8
17274 0.2
17330 0.76
17330 1.36
17330 13.8
17330 8.92
17330 32.8
17330 0.2
17302 0.76
17302 1.36
17302 13.8
17302 8.92
17302 32.8
17302 0.2
17360 0.76
17360 1.36
17360 13.8
17360 8.92
17360 32.8
17360 0.2
17275 0.76
17275 1.36
17275 13.8
17275 8.92
17275 32.8
17275 0.2
17331 0.76
17331 1.36
17331 13.8
17331 8.92
17331 32.8
17331 0.2
17303 0.76
17303 1.36
17303 13.8
17303 8.92
17303 32.8
17303 0.2
17361 0.76
17361 1.36
17361 13.8
17361 8.92
17361 32.8
17361 0.2
17276 0.76
17276 1.36
17276 13.8
17276 8.92
17276 32.8
17276 0.2
17245 0.76
17245 1.36
17245 13.8
17245 8.92
17245 32.8
17245 0.2
17332 0.76
17332 1.36
17332 13.8
17332 8.92
17332 32.8
17332 0.2
17304 0.76
17304 1.36
17304 13.8
17304 8.92
17304 32.8
17304 0.2
17362 0.76
17362 1.36
17362 13.8
17362 8.92
17362 32.8
17362 0.2
17277 0.76
17277 1.36
17277 13.8
17277 8.92
17277 32.8
17277 0.2
17246 0.76
17246 1.36
17246 13.8
17246 8.92
17246 32.8
17246 0.2
17333 0.76
17333 1.36
17333 13.8
17333 8.92
17333 32.8
17333 0.2
17305 0.76
17305 1.36
17305 13.8
17305 8.92
17305 32.8
17305 0.2
17278 0.76
17278 1.36
17278 13.8
17278 8.92
17278 32.8
17278 0.2
17363 0.76
17363 1.36
17363 13.8
17363 8.92
17363 32.8
17363 0.2
17334 0.76
17334 1.36
17334 13.8
17334 8.92
17334 32.8
17334 0.2
17306 0.76
17306 1.36
17306 13.8
17306 8.92
17306 32.8
17306 0.2
17279 0.76
17279 1.36
17279 13.8
17279 8.92
17279 32.8
17279 0.2
17364 0.76
17364 1.36
17364 13.8
17364 8.92
17364 32.8
17364 0.2
17335 0.76
17335 1.36
17335 13.8
17335 8.92
17335 32.8
17335 0.2
17394 0.76
17394 1.36
17394 13.8
17394 8.92
17394 32.8
17394 0.2
17307 0.76
17307 1.36
17307 13.8
17307 8.92
17307 32.8
17307 0.2
17365 0.76
17365 1.36
17365 13.8
17365 8.92
17365 32.8
17365 0.2
17336 0.76
17336 1.36
17336 13.8
17336 8.92
17336 32.8
17336 0.2
17395 0.76
17395 1.36
17395 13.8
17395 8.92
17395 32.8
17395 0.2
17308 0.76
17308 1.36
17308 13.8
17308 8.92
17308 32.8
17308 0.2
17366 0.76
17366 1.36
17366 13.8
17366 8.92
17366 32.8
17366 0.2
17337 0.76
17337 1.36
17337 13.8
17337 8.92
17337 32.8
17337 0.2
17396 0.76
17396 1.36
17396 13.8
17396 8.92
17396 32.8
17396 0.2
17309 0.76
17309 1.36
17309 13.8
17309 8.92
17309 32.8
17309 0.2
17367 0.76
17367 1.36
17367 13.8
17367 8.92
17367 32.8
17367 0.2
17338 0.76
17338 1.36
17338 13.8
17338 8.92
17338 32.8
17338 0.2
17310 0.76
17310 1.36
17310 13.8
17310 8.92
17310 32.8
17310 0.2
17397 0.76
17397 1.36
17397 13.8
17397 8.92
17397 32.8
17397 0.2
17368 0.76
17368 1.36
17368 13.8
17368 8.92
17368 32.8
17368 0.2
17339 0.76
17339 1.36
17339 13.8
17339 8.92
17339 32.8
17339 0.2
17311 0.76
17311 1.36
17311 13.8
17311 8.92
17311 32.8
17311 0.2
17398 0.76
17398 1.36
17398 13.8
17398 8.92
17398 32.8
17398 0.2
17369 0.76
17369 1.36
17369 13.8
17369 8.92
17369 32.8
17369 0.2
17340 0.76
17340 1.36
17340 13.8
17340 8.92
17340 32.8
17340 0.2
17312 0.76
17312 1.36
17312 13.8
17312 8.92
17312 32.8
17312 0.2
17399 0.76
17399 1.36
17399 13.8
17399 8.92
17399 32.8
17399 0.2
17370 0.76
17370 1.36
17370 13.8
17370 8.92
17370 32.8
17370 0.2
17341 0.76
17341 1.36
17341 13.8
17341 8.92
17341 32.8
17341 0.2
17313 0.76
17313 1.36
17313 13.8
17313 8.92
17313 32.8
17313 0.2
17400 0.76
17400 1.36
17400 13.8
17400 8.92
17400 32.8
17400 0.2
17371 0.76
17371 1.36
17371 13.8
17371 8.92
17371 32.8
17371 0.2
17429 0.76
17429 1.36
17429 13.8
17429 8.92
17429 32.8
17429 0.2
17342 0.76
17342 1.36
17342 13.8
17342 8.92
17342 32.8
17342 0.2
17401 0.76
17401 1.36
17401 13.8
17401 8.92
17401 32.8
17401 0.2
17372 0.76
17372 1.36
17372 13.8
17372 8.92
17372 32.8
17372 0.2
17430 0.76
17430 1.36
17430 13.8
17430 8.92
17430 32.8
17430 0.2
17343 0.76
17343 1.36
17343 13.8
17343 8.92
17343 32.8
17343 0.2
17402 0.76
17402 1.36
17402 13.8
17402 8.92
17402 32.8
17402 0.2
17373 0.76
17373 1.36
17373 13.8
17373 8.92
17373 32.8
17373 0.2
17431 0.76
17431 1.36
17431 13.8
17431 8.92
17431 32.8
17431 0.2
17344 0.76
17344 1.36
17344 13.8
17344 8.92
17344 32.8
17344 0.2
17403 0.76
17403 1.36
17403 13.8
17403 8.92
17403 32.8
17403 0.2
17374 0.76
17374 1.36
17374 13.8
17374 8.92
17374 32.8
17374 0.2
17432 0.76
17432 1.36
17432 13.8
17432 8.92
17432 32.8
17432 0.2
17345 0.76
17345 1.36
17345 13.8
17345 8.92
17345 32.8
17345 0.2
17404 0.76
17404 1.36
17404 13.8
17404 8.92
17404 32.8
17404 0.2
17375 0.76
17375 1.36
17375 13.8
17375 8.92
17375 32.8
17375 0.2
17346 0.76
17346 1.36
17346 13.8
17346 8.92
17346 32.8
17346 0.2
17433 0.76
17433 1.36
17433 13.8
17433 8.92
17433 32.8
17433 0.2
17405 0.76
17405 1.36
17405 13.8
17405 8.92
17405 32.8
17405 0.2
17376 0.76
17376 1.36
17376 13.8
17376 8.92
17376 32.8
17376 0.2
17347 0.76
17347 1.36
17347 13.8
17347 8.92
17347 32.8
17347 0.2
17434 0.76
17434 1.36
17434 13.8
17434 8.92
17434 32.8
17434 0.2
17406 0.76
17406 1.36
17406 13.8
17406 8.92
17406 32.8
17406 0.2
17465 0.76
17465 1.36
17465 13.8
17465 8.92
17465 32.8
17465 0.2
17377 0.76
17377 1.36
17377 13.8
17377 8.92
17377 32.8
17377 0.2
17435 0.76
17435 1.36
17435 13.8
17435 8.92
17435 32.8
17435 0.2
17407 0.76
17407 1.36
17407 13.8
17407 8.92
17407 32.8
17407 0.2
17466 0.76
17466 1.36
17466 13.8
17466 8.92
17466 32.8
17466 0.2
17378 0.76
17378 1.36
17378 13.8
17378 8.92
17378 32.8
17378 0.2
17436 0.76
17436 1.36
17436 13.8
17436 8.92
17436 32.8
17436 0.2
17408 0.76
17408 1.36
17408 13.8
17408 8.92
17408 32.8
17408 0.2
17467 0.76
17467 1.36
17467 13.8
17467 8.92
17467 32.8
17467 0.2
17379 0.76
17379 1.36
17379 13.8
17379 8.92
17379 32.8
17379 0.2
17437 0.76
17437 1.36
17437 13.8
17437 8.92
17437 32.8
17437 0.2
17409 0.76
17409 1.36
17409 13.8
17409 8.92
17409 32.8
17409 0.2
17468 0.76
17468 1.36
17468 13.8
17468 8.92
17468 32.8
17468 0.2
17380 0.76
17380 1.36
17380 13.8
17380 8.92
17380 32.8
17380 0.2
17438 0.76
17438 1.36
17438 13.8
17438 8.92
17438 32.8
17438 0.2
17410 0.76
17410 1.36
17410 13.8
17410 8.92
17410 32.8
17410 0.2
17381 0.76
17381 1.36
17381 13.8
17381 8.92
17381 32.8
17381 0.2
17469 0.76
17469 1.36
17469 13.8
17469 8.92
17469 32.8
17469 0.2
17439 0.76
17439 1.36
17439 13.8
17439 8.92
17439 32.8
17439 0.2
17411 0.76
17411 1.36
17411 13.8
17411 8.92
17411 32.8
17411 0.2
17382 0.76
17382 1.36
17382 13.8
17382 8.92
17382 32.8
17382 0.2
17470 0.76
17470 1.36
17470 13.8
17470 8.92
17470 32.8
17470 0.2
17440 0.76
17440 1.36
17440 13.8
17440 8.92
17440 32.8
17440 0.2
17412 0.76
17412 1.36
17412 13.8
17412 8.92
17412 32.8
17412 0.2
17383 0.76
17383 1.36
17383 13.8
17383 8.92
17383 32.8
17383 0.2
17471 0.76
17471 1.36
17471 13.8
17471 8.92
17471 32.8
17471 0.2
17441 0.76
17441 1.36
17441 13.8
17441 8.92
17441 32.8
17441 0.2
17413 0.76
17413 1.36
17413 13.8
17413 8.92
17413 32.8
17413 0.2
17472 0.76
17472 1.36
17472 13.8
17472 8.92
17472 32.8
17472 0.2
17442 0.76
17442 1.36
17442 13.8
17442 8.92
17442 32.8
17442 0.2
17414 0.76
17414 1.36
17414 13.8
17414 8.92
17414 32.8
17414 0.2
17473 0.76
17473 1.36
17473 13.8
17473 8.92
17473 32.8
17473 0.2
17443 0.76
17443 1.36
17443 13.8
17443 8.92
17443 32.8
17443 0.2
17504 0.76
17504 1.36
17504 13.8
17504 8.92
17504 32.8
17504 0.2
17415 0.76
17415 1.36
17415 13.8
17415 8.92
17415 32.8
17415 0.2
17474 0.76
17474 1.36
17474 13.8
17474 8.92
17474 32.8
17474 0.2
17444 0.76
17444 1.36
17444 13.8
17444 8.92
17444 32.8
17444 0.2
17505 0.76
17505 1.36
17505 13.8
17505 8.92
17505 32.8
17505 0.2
17416 0.76
17416 1.36
17416 13.8
17416 8.92
17416 32.8
17416 0.2
17475 0.76
17475 1.36
17475 13.8
17475 8.92
17475 32.8
17475 0.2
17445 0.76
17445 1.36
17445 13.8
17445 8.92
17445 32.8
17445 0.2
17417 0.76
17417 1.36
17417 13.8
17417 8.92
17417 32.8
17417 0.2
17506 0.76
17506 1.36
17506 13.8
17506 8.92
17506 32.8
17506 0.2
17476 0.76
17476 1.36
17476 13.8
17476 8.92
17476 32.8
17476 0.2
17446 0.76
17446 1.36
17446 13.8
17446 8.92
17446 32.8
17446 0.2
17418 0.76
17418 1.36
17418 13.8
17418 8.92
17418 32.8
17418 0.2
17507 0.76
17507 1.36
17507 13.8
17507 8.92
17507 32.8
17507 0.2
17477 0.76
17477 1.36
17477 13.8
17477 8.92
17477 32.8
17477 0.2
17447 0.76
17447 1.36
17447 13.8
17447 8.92
17447 32.8
17447 0.2
17508 0.76
17508 1.36
17508 13.8
17508 8.92
17508 32.8
17508 0.2
17478 0.76
17478 1.36
17478 13.8
17478 8.92
17478 32.8
17478 0.2
17448 0.76
17448 1.36
17448 13.8
17448 8.92
17448 32.8
17448 0.2
17509 0.76
17509 1.36
17509 13.8
17509 8.92
17509 32.8
17509 0.2
17479 0.76
17479 1.36
17479 13.8
17479 8.92
17479 32.8
17479 0.2
17449 0.76
17449 1.36
17449 13.8
17449 8.92
17449 32.8
17449 0.2
17510 0.76
17510 1.36
17510 13.8
17510 8.92
17510 32.8
17510 0.2
17480 0.76
17480 1.36
17480 13.8
17480 8.92
17480 32.8
17480 0.2
17450 0.76
17450 1.36
17450 13.8
17450 8.92
17450 32.8
17450 0.2
17511 0.76
17511 1.36
17511 13.8
17511 8.92
17511 32.8
17511 0.2
17481 0.76
17481 1.36
17481 13.8
17481 8.92
17481 32.8
17481 0.2
17451 0.76
17451 1.36
17451 13.8
17451 8.92
17451 32.8
17451 0.2
17512 0.76
17512 1.36
17512 13.8
17512 8.92
17512 32.8
17512 0.2
17482 0.76
17482 1.36
17482 13.8
17482 8.92
17482 32.8
17482 0.2
17452 0.76
17452 1.36
17452 13.8
17452 8.92
17452 32.8
17452 0.2
17513 0.76
17513 1.36
17513 13.8
17513 8.92
17513 32.8
17513 0.2
17483 0.76
17483 1.36
17483 13.8
17483 8.92
17483 32.8
17483 0.2
17514 0.76
17514 1.36
17514 13.8
17514 8.92
17514 32.8
17514 0.2
17484 0.76
17484 1.36
17484 13.8
17484 8.92
17484 32.8
17484 0.2
17515 0.76
17515 1.36
17515 13.8
17515 8.92
17515 32.8
17515 0.2
17485 0.76
17485 1.36
17485 13.8
17485 8.92
17485 32.8
17485 0.2
17545 0.76
17545 1.36
17545 13.8
17545 8.92
17545 32.8
17545 0.2
17516 0.76
17516 1.36
17516 13.8
17516 8.92
17516 32.8
17516 0.2
17486 0.76
17486 1.36
17486 13.8
17486 8.92
17486 32.8
17486 0.2
17546 0.76
17546 1.36
17546 13.8
17546 8.92
17546 32.8
17546 0.2
17517 0.76
17517 1.36
17517 13.8
17517 8.92
17517 32.8
17517 0.2
17487 0.76
17487 1.36
17487 13.8
17487 8.92
17487 32.8
17487 0.2
17547 0.76
17547 1.36
17547 13.8
17547 8.92
17547 32.8
17547 0.2
17518 0.76
17518 1.36
17518 13.8
17518 8.92
17518 32.8
17518 0.2
17488 0.76
17488 1.36
17488 13.8
17488 8.92
17488 32.8
17488 0.2
17548 0.76
17548 1.36
17548 13.8
17548 8.92
17548 32.8
17548 0.2
17519 0.76
17519 1.36
17519 13.8
17519 8.92
17519 32.8
17519 0.2
17549 0.76
17549 1.36
17549 13.8
17549 8.92
17549 32.8
17549 0.2
17520 0.76
17520 1.36
17520 13.8
17520 8.92
17520 32.8
17520 0.2
17550 0.76
17550 1.36
17550 13.8
17550 8.92
17550 32.8
17550 0.2
17521 0.76
17521 1.36
17521 13.8
17521 8.92
17521 32.8
17521 0.2
17579 0.76
17579 1.36
17579 13.8
17579 8.92
17579 32.8
17579 0.2
17551 0.76
17551 1.36
17551 13.8
17551 8.92
17551 32.8
17551 0.2
17522 0.76
17522 1.36
17522 13.8
17522 8.92
17522 32.8
17522 0.2
17580 0.76
17580 1.36
17580 13.8
17580 8.92
17580 32.8
17580 0.2
17552 0.76
17552 1.36
17552 13.8
17552 8.92
17552 32.8
17552 0.2
17523 0.76
17523 1.36
17523 13.8
17523 8.92
17523 32.8
17523 0.2
17581 0.76
17581 1.36
17581 13.8
17581 8.92
17581 32.8
17581 0.2
17553 0.76
17553 1.36
17553 13.8
17553 8.92
17553 32.8
17553 0.2
17582 0.76
17582 1.36
17582 13.8
17582 8.92
17582 32.8
17582 0.2
17554 0.76
17554 1.36
17554 13.8
17554 8.92
17554 32.8
17554 0.2
17583 0.76
17583 1.36
17583 13.8
17583 8.92
17583 32.8
17583 0.2
17555 0.76
17555 1.36
17555 13.8
17555 8.92
17555 32.8
17555 0.2
17584 0.76
17584 1.36
17584 13.8
17584 8.92
17584 32.8
17584 0.2
17556 0.76
17556 1.36
17556 13.8
17556 8.92
17556 32.8
17556 0.2
17614 0.76
17614 1.36
17614 13.8
17614 8.92
17614 32.8
17614 0.2
17585 0.76
17585 1.36
17585 13.8
17585 8.92
17585 32.8
17585 0.2
17557 0.76
17557 1.36
17557 13.8
17557 8.92
17557 32.8
17557 0.2
17615 0.76
17615 1.36
17615 13.8
17615 8.92
17615 32.8
17615 0.2
17586 0.76
17586 1.36
17586 13.8
17586 8.92
17586 32.8
17586 0.2
17558 0.76
17558 1.36
17558 13.8
17558 8.92
17558 32.8
17558 0.2
17616 0.76
17616 1.36
17616 13.8
17616 8.92
17616 32.8
17616 0.2
17587 0.76
17587 1.36
17587 13.8
17587 8.92
17587 32.8
17587 0.2
17559 0.76
17559 1.36
17559 13.8
17559 8.92
17559 32.8
17559 0.2
17617 0.76
17617 1.36
17617 13.8
17617 8.92
17617 32.8
17617 0.2
17588 0.76
17588 1.36
17588 13.8
17588 8.92
17588 32.8
17588 0.2
17618 0.76
17618 1.36
17618 13.8
17618 8.92
17618 32.8
17618 0.2
17589 0.76
17589 1.36
17589 13.8
17589 8.92
17589 32.8
17589 0.2
17619 0.76
17619 1.36
17619 13.8
17619 8.92
17619 32.8
17619 0.2
17590 0.76
17590 1.36
17590 13.8
17590 8.92
17590 32.8
17590 0.2
17649 0.76
17649 1.36
17649 13.8
17649 8.92
17649 32.8
17649 0.2
17620 0.76
17620 1.36
17620 13.8
17620 8.92
17620 32.8
17620 0.2
17591 0.76
17591 1.36
17591 13.8
17591 8.92
17591 32.8
17591 0.2
17650 0.76
17650 1.36
17650 13.8
17650 8.92
17650 32.8
17650 0.2
17621 0.76
17621 1.36
17621 13.8
17621 8.92
17621 32.8
17621 0.2
17592 0.76
17592 1.36
17592 13.8
17592 8.92
17592 32.8
17592 0.2
17651 0.76
17651 1.36
17651 13.8
17651 8.92
17651 32.8
17651 0.2
17622 0.76
17622 1.36
17622 13.8
17622 8.92
17622 32.8
17622 0.2
17593 0.76
17593 1.36
17593 13.8
17593 8.92
17593 32.8
17593 0.2
17652 0.76
17652 1.36
17652 13.8
17652 8.92
17652 32.8
17652 0.2
17623 0.76
17623 1.36
17623 13.8
17623 8.92
17623 32.8
17623 0.2
17594 0.76
17594 1.36
17594 13.8
17594 8.92
17594 32.8
17594 0.2
17653 0.76
17653 1.36
17653 13.8
17653 8.92
17653 32.8
17653 0.2
17624 0.76
17624 1.36
17624 13.8
17624 8.92
17624 32.8
17624 0.2
17654 0.76
17654 1.36
17654 13.8
17654 8.92
17654 32.8
17654 0.2
17625 0.76
17625 1.36
17625 13.8
17625 8.92
17625 32.8
17625 0.2
17655 0.76
17655 1.36
17655 13.8
17655 8.92
17655 32.8
17655 0.2
17626 0.76
17626 1.36
17626 13.8
17626 8.92
17626 32.8
17626 0.2
17682 0.76
17682 1.36
17682 13.8
17682 8.92
17682 32.8
17682 0.2
17656 0.76
17656 1.36
17656 13.8
17656 8.92
17656 32.8
17656 0.2
17627 0.76
17627 1.36
17627 13.8
17627 8.92
17627 32.8
17627 0.2
17683 0.76
17683 1.36
17683 13.8
17683 8.92
17683 32.8
17683 0.2
17657 0.76
17657 1.36
17657 13.8
17657 8.92
17657 32.8
17657 0.2
17628 0.76
17628 1.36
17628 13.8
17628 8.92
17628 32.8
17628 0.2
17684 0.76
17684 1.36
17684 13.8
17684 8.92
17684 32.8
17684 0.2
17658 0.76
17658 1.36
17658 13.8
17658 8.92
17658 32.8
17658 0.2
17629 0.76
17629 1.36
17629 13.8
17629 8.92
17629 32.8
17629 0.2
17685 0.76
17685 1.36
17685 13.8
17685 8.92
17685 32.8
17685 0.2
17659 0.76
17659 1.36
17659 13.8
17659 8.92
17659 32.8
17659 0.2
17630 0.76
17630 1.36
17630 13.8
17630 8.92
17630 32.8
17630 0.2
17686 0.76
17686 1.36
17686 13.8
17686 8.92
17686 32.8
17686 0.2
17660 0.76
17660 1.36
17660 13.8
17660 8.92
17660 32.8
17660 0.2
17687 0.76
17687 1.36
17687 13.8
17687 8.92
17687 32.8
17687 0.2
17661 0.76
17661 1.36
17661 13.8
17661 8.92
17661 32.8
17661 0.2
17688 0.76
17688 1.36
17688 13.8
17688 8.92
17688 32.8
17688 0.2
17662 0.76
17662 1.36
17662 13.8
17662 8.92
17662 32.8
17662 0.2
17689 0.76
17689 1.36
17689 13.8
17689 8.92
17689 32.8
17689 0.2
17663 0.76
17663 1.36
17663 13.8
17663 8.92
17663 32.8
17663 0.2
17690 0.76
17690 1.36
17690 13.8
17690 8.92
17690 32.8
17690 0.2
17664 0.76
17664 1.36
17664 13.8
17664 8.92
17664 32.8
17664 0.2
17691 0.76
17691 1.36
17691 13.8
17691 8.92
17691 32.8
17691 0.2
17665 0.76
17665 1.36
17665 13.8
17665 8.92
17665 32.8
17665 0.2
17720 0.76
17720 1.36
17720 13.8
17720 8.92
17720 32.8
17720 0.2
17692 0.76
17692 1.36
17692 13.8
17692 8.92
17692 32.8
17692 0.2
17666 0.76
17666 1.36
17666 13.8
17666 8.92
17666 32.8
17666 0.2
17721 0.76
17721 1.36
17721 13.8
17721 8.92
17721 32.8
17721 0.2
17693 0.76
17693 1.36
17693 13.8
17693 8.92
17693 32.8
17693 0.2
17722 0.76
17722 1.36
17722 13.8
17722 8.92
17722 32.8
17722 0.2
17694 0.76
17694 1.36
17694 13.8
17694 8.92
17694 32.8
17694 0.2
17723 0.76
17723 1.36
17723 13.8
17723 8.92
17723 32.8
17723 0.2
17695 0.76
17695 1.36
17695 13.8
17695 8.92
17695 32.8
17695 0.2
17724 0.76
17724 1.36
17724 13.8
17724 8.92
17724 32.8
17724 0.2
17696 0.76
17696 1.36
17696 13.8
17696 8.92
17696 32.8
17696 0.2
17725 0.76
17725 1.36
17725 13.8
17725 8.92
17725 32.8
17725 0.2
17697 0.76
17697 1.36
17697 13.8
17697 8.92
17697 32.8
17697 0.2
17755 0.76
17755 1.36
17755 13.8
17755 8.92
17755 32.8
17755 0.2
17726 0.76
17726 1.36
17726 13.8
17726 8.92
17726 32.8
17726 0.2
17698 0.76
17698 1.36
17698 13.8
17698 8.92
17698 32.8
17698 0.2
17756 0.76
17756 1.36
17756 13.8
17756 8.92
17756 32.8
17756 0.2
17727 0.76
17727 1.36
17727 13.8
17727 8.92
17727 32.8
17727 0.2
17699 0.76
17699 1.36
17699 13.8
17699 8.92
17699 32.8
17699 0.2
17700 0.76
17700 1.36
17700 13.8
17700 8.92
17700 32.8
17700 0.2
17729 0.76
17729 1.36
17729 13.8
17729 8.92
17729 32.8
17729 0.2
17701 0.76
17701 1.36
17701 13.8
17701 8.92
17701 32.8
17701 0.2
17730 0.76
17730 1.36
17730 13.8
17730 8.92
17730 32.8
17730 0.2
17731 0.76
17731 1.36
17731 13.8
17731 8.92
17731 32.8
17731 0.2
17732 0.76
17732 1.36
17732 13.8
17732 8.92
17732 32.8
17732 0.2
17733 0.76
17733 1.36
17733 13.8
17733 8.92
17733 32.8
17733 0.2
17734 0.76
17734 1.36
17734 13.8
17734 8.92
17734 32.8
17734 0.2
17735 0.76
17735 1.36
17735 13.8
17735 8.92
17735 32.8
17735 0.2
17765 0.76
17765 1.36
17765 13.8
17765 8.92
17765 32.8
17765 0.2
17736 0.76
17736 1.36
17736 13.8
17736 8.92
17736 32.8
17736 0.2
17766 0.76
17766 1.36
17766 13.8
17766 8.92
17766 32.8
17766 0.2
17767 0.76
17767 1.36
17767 13.8
17767 8.92
17767 32.8
17767 0.2
17768 0.76
17768 1.36
17768 13.8
17768 8.92
17768 32.8
17768 0.2
17771 0.76
17771 1.36
17771 13.8
17771 8.92
17771 32.8
17771 0.2
17772 0.76
17772 1.36
17772 13.8
17772 8.92
17772 32.8
17772 0.2
17773 0.76
17773 1.36
17773 13.8
17773 8.92
17773 32.8
17773 0.2
17804 0.76
17804 1.36
17804 13.8
17804 8.92
17804 32.8
17804 0.2
17805 0.76
17805 1.36
17805 13.8
17805 8.92
17805 32.8
17805 0.2
17806 0.76
17806 1.36
17806 13.8
17806 8.92
17806 32.8
17806 0.2
