pt_graph scale
13371 7.92
13371 1.4
13371 45.24
13371 29.04
13371 2.72
13371 0.32
13372 7.92
13372 1.4
13372 45.24
13372 29.04
13372 2.72
13372 0.32
13373 7.92
13373 1.4
13373 45.24
13373 29.04
13373 2.72
13373 0.32
13433 7.92
13433 1.4
13433 45.24
13433 29.04
13433 2.72
13433 0.32
13434 7.92
13434 1.4
13434 45.24
13434 29.04
13434 2.72
13434 0.32
13435 7.92
13435 1.4
13435 45.24
13435 29.04
13435 2.72
13435 0.32
13487 7.92
13487 1.4
13487 45.24
13487 29.04
13487 2.72
13487 0.32
13488 7.92
13488 1.4
13488 45.24
13488 29.04
13488 2.72
13488 0.32
13489 7.92
13489 1.4
13489 45.24
13489 29.04
13489 2.72
13489 0.32
13490 7.92
13490 1.4
13490 45.24
13490 29.04
13490 2.72
13490 0.32
13491 7.92
13491 1.4
13491 45.24
13491 29.04
13491 2.72
13491 0.32
13492 7.92
13492 1.4
13492 45.24
13492 29.04
13492 2.72
13492 0.32
13545 7.92
13545 1.4
13545 45.24
13545 29.04
13545 2.72
13545 0.32
13546 7.92
13546 1.4
13546 45.24
13546 29.04
13546 2.72
13546 0.32
13547 7.92
13547 1.4
13547 45.24
13547 29.04
13547 2.72
13547 0.32
13548 7.92
13548 1.4
13548 45.24
13548 29.04
13548 2.72
13548 0.32
13549 7.92
13549 1.4
13549 45.24
13549 29.04
13549 2.72
13549 0.32
13550 7.92
13550 1.4
13550 45.24
13550 29.04
13550 2.72
13550 0.32
13601 7.92
13601 1.4
13601 45.24
13601 29.04
13601 2.72
13601 0.32
13551 7.92
13551 1.4
13551 45.24
13551 29.04
13551 2.72
13551 0.32
13602 7.92
13602 1.4
13602 45.24
13602 29.04
13602 2.72
13602 0.32
13603 7.92
13603 1.4
13603 45.24
13603 29.04
13603 2.72
13603 0.32
13604 7.92
13604 1.4
13604 45.24
13604 29.04
13604 2.72
13604 0.32
13605 7.92
13605 1.4
13605 45.24
13605 29.04
13605 2.72
13605 0.32
13606 7.92
13606 1.4
13606 45.24
13606 29.04
13606 2.72
13606 0.32
13659 7.92
13659 1.4
13659 45.24
13659 29.04
13659 2.72
13659 0.32
13607 7.92
13607 1.4
13607 45.24
13607 29.04
13607 2.72
13607 0.32
13660 7.92
13660 1.4
13660 45.24
13660 29.04
13660 2.72
13660 0.32
13608 7.92
13608 1.4
13608 45.24
13608 29.04
13608 2.72
13608 0.32
13661 7.92
13661 1.4
13661 45.24
13661 29.04
13661 2.72
13661 0.32
13609 7.92
13609 1.4
13609 45.24
13609 29.04
13609 2.72
13609 0.32
13662 7.92
13662 1.4
13662 45.24
13662 29.04
13662 2.72
13662 0.32
13663 7.92
13663 1.4
13663 45.24
13663 29.04
13663 2.72
13663 0.32
13664 7.92
13664 1.4
13664 45.24
13664 29.04
13664 2.72
13664 0.32
13665 7.92
13665 1.4
13665 45.24
13665 29.04
13665 2.72
13665 0.32
13666 7.92
13666 1.4
13666 45.24
13666 29.04
13666 2.72
13666 0.32
13720 7.92
13720 1.4
13720 45.24
13720 29.04
13720 2.72
13720 0.32
13667 7.92
13667 1.4
13667 45.24
13667 29.04
13667 2.72
13667 0.32
13721 7.92
13721 1.4
13721 45.24
13721 29.04
13721 2.72
13721 0.32
13668 7.92
13668 1.4
13668 45.24
13668 29.04
13668 2.72
13668 0.32
13722 7.92
13722 1.4
13722 45.24
13722 29.04
13722 2.72
13722 0.32
13669 7.92
13669 1.4
13669 45.24
13669 29.04
13669 2.72
13669 0.32
13723 7.92
13723 1.4
13723 45.24
13723 29.04
13723 2.72
13723 0.32
13724 7.92
13724 1.4
13724 45.24
13724 29.04
13724 2.72
13724 0.32
13725 7.92
13725 1.4
13725 45.24
13725 29.04
13725 2.72
13725 0.32
13778 7.92
13778 1.4
13778 45.24
13778 29.04
13778 2.72
13778 0.32
13726 7.92
13726 1.4
13726 45.24
13726 29.04
13726 2.72
13726 0.32
13779 7.92
13779 1.4
13779 45.24
13779 29.04
13779 2.72
13779 0.32
13727 7.92
13727 1.4
13727 45.24
13727 29.04
13727 2.72
13727 0.32
13780 7.92
13780 1.4
13780 45.24
13780 29.04
13780 2.72
13780 0.32
13728 7.92
13728 1.4
13728 45.24
13728 29.04
13728 2.72
13728 0.32
13781 7.92
13781 1.4
13781 45.24
13781 29.04
13781 2.72
13781 0.32
13729 7.92
13729 1.4
13729 45.24
13729 29.04
13729 2.72
13729 0.32
13782 7.92
13782 1.4
13782 45.24
13782 29.04
13782 2.72
13782 0.32
13783 7.92
13783 1.4
13783 45.24
13783 29.04
13783 2.72
13783 0.32
13784 7.92
13784 1.4
13784 45.24
13784 29.04
13784 2.72
13784 0.32
13839 7.92
13839 1.4
13839 45.24
13839 29.04
13839 2.72
13839 0.32
13785 7.92
13785 1.4
13785 45.24
13785 29.04
13785 2.72
13785 0.32
13786 7.92
13786 1.4
13786 45.24
13786 29.04
13786 2.72
13786 0.32
13840 7.92
13840 1.4
13840 45.24
13840 29.04
13840 2.72
13840 0.32
13787 7.92
13787 1.4
13787 45.24
13787 29.04
13787 2.72
13787 0.32
13841 7.92
13841 1.4
13841 45.24
13841 29.04
13841 2.72
13841 0.32
13788 7.92
13788 1.4
13788 45.24
13788 29.04
13788 2.72
13788 0.32
13842 7.92
13842 1.4
13842 45.24
13842 29.04
13842 2.72
13842 0.32
13789 7.92
13789 1.4
13789 45.24
13789 29.04
13789 2.72
13789 0.32
13843 7.92
13843 1.4
13843 45.24
13843 29.04
13843 2.72
13843 0.32
13895 7.92
13895 1.4
13895 45.24
13895 29.04
13895 2.72
13895 0.32
13844 7.92
13844 1.4
13844 45.24
13844 29.04
13844 2.72
13844 0.32
13896 7.92
13896 1.4
13896 45.24
13896 29.04
13896 2.72
13896 0.32
13845 7.92
13845 1.4
13845 45.24
13845 29.04
13845 2.72
13845 0.32
13897 7.92
13897 1.4
13897 45.24
13897 29.04
13897 2.72
13897 0.32
13846 7.92
13846 1.4
13846 45.24
13846 29.04
13846 2.72
13846 0.32
13898 7.92
13898 1.4
13898 45.24
13898 29.04
13898 2.72
13898 0.32
13847 7.92
13847 1.4
13847 45.24
13847 29.04
13847 2.72
13847 0.32
13899 7.92
13899 1.4
13899 45.24
13899 29.04
13899 2.72
13899 0.32
13848 7.92
13848 1.4
13848 45.24
13848 29.04
13848 2.72
13848 0.32
13900 7.92
13900 1.4
13900 45.24
13900 29.04
13900 2.72
13900 0.32
13849 7.92
13849 1.4
13849 45.24
13849 29.04
13849 2.72
13849 0.32
13901 7.92
13901 1.4
13901 45.24
13901 29.04
13901 2.72
13901 0.32
13956 7.92
13956 1.4
13956 45.24
13956 29.04
13956 2.72
13956 0.32
13850 7.92
13850 1.4
13850 45.24
13850 29.04
13850 2.72
13850 0.32
13902 7.92
13902 1.4
13902 45.24
13902 29.04
13902 2.72
13902 0.32
13957 7.92
13957 1.4
13957 45.24
13957 29.04
13957 2.72
13957 0.32
13903 7.92
13903 1.4
13903 45.24
13903 29.04
13903 2.72
13903 0.32
13958 7.92
13958 1.4
13958 45.24
13958 29.04
13958 2.72
13958 0.32
13904 7.92
13904 1.4
13904 45.24
13904 29.04
13904 2.72
13904 0.32
13959 7.92
13959 1.4
13959 45.24
13959 29.04
13959 2.72
13959 0.32
13905 7.92
13905 1.4
13905 45.24
13905 29.04
13905 2.72
13905 0.32
13960 7.92
13960 1.4
13960 45.24
13960 29.04
13960 2.72
13960 0.32
13906 7.92
13906 1.4
13906 45.24
13906 29.04
13906 2.72
13906 0.32
14017 7.92
14017 1.4
14017 45.24
14017 29.04
14017 2.72
14017 0.32
13961 7.92
13961 1.4
13961 45.24
13961 29.04
13961 2.72
13961 0.32
13907 7.92
13907 1.4
13907 45.24
13907 29.04
13907 2.72
13907 0.32
14018 7.92
14018 1.4
14018 45.24
14018 29.04
14018 2.72
14018 0.32
13962 7.92
13962 1.4
13962 45.24
13962 29.04
13962 2.72
13962 0.32
13908 7.92
13908 1.4
13908 45.24
13908 29.04
13908 2.72
13908 0.32
14019 7.92
14019 1.4
14019 45.24
14019 29.04
14019 2.72
14019 0.32
13963 7.92
13963 1.4
13963 45.24
13963 29.04
13963 2.72
13963 0.32
13909 7.92
13909 1.4
13909 45.24
13909 29.04
13909 2.72
13909 0.32
14020 7.92
14020 1.4
14020 45.24
14020 29.04
14020 2.72
14020 0.32
13964 7.92
13964 1.4
13964 45.24
13964 29.04
13964 2.72
13964 0.32
14021 7.92
14021 1.4
14021 45.24
14021 29.04
14021 2.72
14021 0.32
13965 7.92
13965 1.4
13965 45.24
13965 29.04
13965 2.72
13965 0.32
13966 7.92
13966 1.4
13966 45.24
13966 29.04
13966 2.72
13966 0.32
14022 7.92
14022 1.4
14022 45.24
14022 29.04
14022 2.72
14022 0.32
13967 7.92
13967 1.4
13967 45.24
13967 29.04
13967 2.72
13967 0.32
14023 7.92
14023 1.4
14023 45.24
14023 29.04
14023 2.72
14023 0.32
13968 7.92
13968 1.4
13968 45.24
13968 29.04
13968 2.72
13968 0.32
14080 7.92
14080 1.4
14080 45.24
14080 29.04
14080 2.72
14080 0.32
14024 7.92
14024 1.4
14024 45.24
14024 29.04
14024 2.72
14024 0.32
13969 7.92
13969 1.4
13969 45.24
13969 29.04
13969 2.72
13969 0.32
14025 7.92
14025 1.4
14025 45.24
14025 29.04
14025 2.72
14025 0.32
14081 7.92
14081 1.4
14081 45.24
14081 29.04
14081 2.72
14081 0.32
13970 7.92
13970 1.4
13970 45.24
13970 29.04
13970 2.72
13970 0.32
14026 7.92
14026 1.4
14026 45.24
14026 29.04
14026 2.72
14026 0.32
14082 7.92
14082 1.4
14082 45.24
14082 29.04
14082 2.72
14082 0.32
14027 7.92
14027 1.4
14027 45.24
14027 29.04
14027 2.72
14027 0.32
14083 7.92
14083 1.4
14083 45.24
14083 29.04
14083 2.72
14083 0.32
14028 7.92
14028 1.4
14028 45.24
14028 29.04
14028 2.72
14028 0.32
14084 7.92
14084 1.4
14084 45.24
14084 29.04
14084 2.72
14084 0.32
14029 7.92
14029 1.4
14029 45.24
14029 29.04
14029 2.72
14029 0.32
14142 7.92
14142 1.4
14142 45.24
14142 29.04
14142 2.72
14142 0.32
14085 7.92
14085 1.4
14085 45.24
14085 29.04
14085 2.72
14085 0.32
14030 7.92
14030 1.4
14030 45.24
14030 29.04
14030 2.72
14030 0.32
14143 7.92
14143 1.4
14143 45.24
14143 29.04
14143 2.72
14143 0.32
14086 7.92
14086 1.4
14086 45.24
14086 29.04
14086 2.72
14086 0.32
14031 7.92
14031 1.4
14031 45.24
14031 29.04
14031 2.72
14031 0.32
14087 7.92
14087 1.4
14087 45.24
14087 29.04
14087 2.72
14087 0.32
14144 7.92
14144 1.4
14144 45.24
14144 29.04
14144 2.72
14144 0.32
14032 7.92
14032 1.4
14032 45.24
14032 29.04
14032 2.72
14032 0.32
14088 7.92
14088 1.4
14088 45.24
14088 29.04
14088 2.72
14088 0.32
14145 7.92
14145 1.4
14145 45.24
14145 29.04
14145 2.72
14145 0.32
14033 7.92
14033 1.4
14033 45.24
14033 29.04
14033 2.72
14033 0.32
14089 7.92
14089 1.4
14089 45.24
14089 29.04
14089 2.72
14089 0.32
14146 7.92
14146 1.4
14146 45.24
14146 29.04
14146 2.72
14146 0.32
14090 7.92
14090 1.4
14090 45.24
14090 29.04
14090 2.72
14090 0.32
14147 7.92
14147 1.4
14147 45.24
14147 29.04
14147 2.72
14147 0.32
14091 7.92
14091 1.4
14091 45.24
14091 29.04
14091 2.72
14091 0.32
14207 7.92
14207 1.4
14207 45.24
14207 29.04
14207 2.72
14207 0.32
14148 7.92
14148 1.4
14148 45.24
14148 29.04
14148 2.72
14148 0.32
14092 7.92
14092 1.4
14092 45.24
14092 29.04
14092 2.72
14092 0.32
14208 7.92
14208 1.4
14208 45.24
14208 29.04
14208 2.72
14208 0.32
14149 7.92
14149 1.4
14149 45.24
14149 29.04
14149 2.72
14149 0.32
14093 7.92
14093 1.4
14093 45.24
14093 29.04
14093 2.72
14093 0.32
14209 7.92
14209 1.4
14209 45.24
14209 29.04
14209 2.72
14209 0.32
14150 7.92
14150 1.4
14150 45.24
14150 29.04
14150 2.72
14150 0.32
14094 7.92
14094 1.4
14094 45.24
14094 29.04
14094 2.72
14094 0.32
14151 7.92
14151 1.4
14151 45.24
14151 29.04
14151 2.72
14151 0.32
14210 7.92
14210 1.4
14210 45.24
14210 29.04
14210 2.72
14210 0.32
14095 7.92
14095 1.4
14095 45.24
14095 29.04
14095 2.72
14095 0.32
14152 7.92
14152 1.4
14152 45.24
14152 29.04
14152 2.72
14152 0.32
14211 7.92
14211 1.4
14211 45.24
14211 29.04
14211 2.72
14211 0.32
14096 7.92
14096 1.4
14096 45.24
14096 29.04
14096 2.72
14096 0.32
14273 7.92
14273 1.4
14273 45.24
14273 29.04
14273 2.72
14273 0.32
14153 7.92
14153 1.4
14153 45.24
14153 29.04
14153 2.72
14153 0.32
14212 7.92
14212 1.4
14212 45.24
14212 29.04
14212 2.72
14212 0.32
14274 7.92
14274 1.4
14274 45.24
14274 29.04
14274 2.72
14274 0.32
14154 7.92
14154 1.4
14154 45.24
14154 29.04
14154 2.72
14154 0.32
14213 7.92
14213 1.4
14213 45.24
14213 29.04
14213 2.72
14213 0.32
14275 7.92
14275 1.4
14275 45.24
14275 29.04
14275 2.72
14275 0.32
14155 7.92
14155 1.4
14155 45.24
14155 29.04
14155 2.72
14155 0.32
14214 7.92
14214 1.4
14214 45.24
14214 29.04
14214 2.72
14214 0.32
14156 7.92
14156 1.4
14156 45.24
14156 29.04
14156 2.72
14156 0.32
14276 7.92
14276 1.4
14276 45.24
14276 29.04
14276 2.72
14276 0.32
14215 7.92
14215 1.4
14215 45.24
14215 29.04
14215 2.72
14215 0.32
14157 7.92
14157 1.4
14157 45.24
14157 29.04
14157 2.72
14157 0.32
14277 7.92
14277 1.4
14277 45.24
14277 29.04
14277 2.72
14277 0.32
14216 7.92
14216 1.4
14216 45.24
14216 29.04
14216 2.72
14216 0.32
14158 7.92
14158 1.4
14158 45.24
14158 29.04
14158 2.72
14158 0.32
14278 7.92
14278 1.4
14278 45.24
14278 29.04
14278 2.72
14278 0.32
14217 7.92
14217 1.4
14217 45.24
14217 29.04
14217 2.72
14217 0.32
14159 7.92
14159 1.4
14159 45.24
14159 29.04
14159 2.72
14159 0.32
14343 7.92
14343 1.4
14343 45.24
14343 29.04
14343 2.72
14343 0.32
14279 7.92
14279 1.4
14279 45.24
14279 29.04
14279 2.72
14279 0.32
14218 7.92
14218 1.4
14218 45.24
14218 29.04
14218 2.72
14218 0.32
14344 7.92
14344 1.4
14344 45.24
14344 29.04
14344 2.72
14344 0.32
14280 7.92
14280 1.4
14280 45.24
14280 29.04
14280 2.72
14280 0.32
14219 7.92
14219 1.4
14219 45.24
14219 29.04
14219 2.72
14219 0.32
14345 7.92
14345 1.4
14345 45.24
14345 29.04
14345 2.72
14345 0.32
14220 7.92
14220 1.4
14220 45.24
14220 29.04
14220 2.72
14220 0.32
14281 7.92
14281 1.4
14281 45.24
14281 29.04
14281 2.72
14281 0.32
14346 7.92
14346 1.4
14346 45.24
14346 29.04
14346 2.72
14346 0.32
14221 7.92
14221 1.4
14221 45.24
14221 29.04
14221 2.72
14221 0.32
14282 7.92
14282 1.4
14282 45.24
14282 29.04
14282 2.72
14282 0.32
14222 7.92
14222 1.4
14222 45.24
14222 29.04
14222 2.72
14222 0.32
14347 7.92
14347 1.4
14347 45.24
14347 29.04
14347 2.72
14347 0.32
14283 7.92
14283 1.4
14283 45.24
14283 29.04
14283 2.72
14283 0.32
14223 7.92
14223 1.4
14223 45.24
14223 29.04
14223 2.72
14223 0.32
14284 7.92
14284 1.4
14284 45.24
14284 29.04
14284 2.72
14284 0.32
14348 7.92
14348 1.4
14348 45.24
14348 29.04
14348 2.72
14348 0.32
14224 7.92
14224 1.4
14224 45.24
14224 29.04
14224 2.72
14224 0.32
14413 7.92
14413 1.4
14413 45.24
14413 29.04
14413 2.72
14413 0.32
14285 7.92
14285 1.4
14285 45.24
14285 29.04
14285 2.72
14285 0.32
14349 7.92
14349 1.4
14349 45.24
14349 29.04
14349 2.72
14349 0.32
14225 7.92
14225 1.4
14225 45.24
14225 29.04
14225 2.72
14225 0.32
14414 7.92
14414 1.4
14414 45.24
14414 29.04
14414 2.72
14414 0.32
14286 7.92
14286 1.4
14286 45.24
14286 29.04
14286 2.72
14286 0.32
14350 7.92
14350 1.4
14350 45.24
14350 29.04
14350 2.72
14350 0.32
14287 7.92
14287 1.4
14287 45.24
14287 29.04
14287 2.72
14287 0.32
14415 7.92
14415 1.4
14415 45.24
14415 29.04
14415 2.72
14415 0.32
14351 7.92
14351 1.4
14351 45.24
14351 29.04
14351 2.72
14351 0.32
14288 7.92
14288 1.4
14288 45.24
14288 29.04
14288 2.72
14288 0.32
14416 7.92
14416 1.4
14416 45.24
14416 29.04
14416 2.72
14416 0.32
14352 7.92
14352 1.4
14352 45.24
14352 29.04
14352 2.72
14352 0.32
14486 7.92
14486 1.4
14486 45.24
14486 29.04
14486 2.72
14486 0.32
14289 7.92
14289 1.4
14289 45.24
14289 29.04
14289 2.72
14289 0.32
14417 7.92
14417 1.4
14417 45.24
14417 29.04
14417 2.72
14417 0.32
14353 7.92
14353 1.4
14353 45.24
14353 29.04
14353 2.72
14353 0.32
14487 7.92
14487 1.4
14487 45.24
14487 29.04
14487 2.72
14487 0.32
14290 7.92
14290 1.4
14290 45.24
14290 29.04
14290 2.72
14290 0.32
14354 7.92
14354 1.4
14354 45.24
14354 29.04
14354 2.72
14354 0.32
14418 7.92
14418 1.4
14418 45.24
14418 29.04
14418 2.72
14418 0.32
14291 7.92
14291 1.4
14291 45.24
14291 29.04
14291 2.72
14291 0.32
14488 7.92
14488 1.4
14488 45.24
14488 29.04
14488 2.72
14488 0.32
14355 7.92
14355 1.4
14355 45.24
14355 29.04
14355 2.72
14355 0.32
14419 7.92
14419 1.4
14419 45.24
14419 29.04
14419 2.72
14419 0.32
14292 7.92
14292 1.4
14292 45.24
14292 29.04
14292 2.72
14292 0.32
14489 7.92
14489 1.4
14489 45.24
14489 29.04
14489 2.72
14489 0.32
14356 7.92
14356 1.4
14356 45.24
14356 29.04
14356 2.72
14356 0.32
14420 7.92
14420 1.4
14420 45.24
14420 29.04
14420 2.72
14420 0.32
14490 7.92
14490 1.4
14490 45.24
14490 29.04
14490 2.72
14490 0.32
14357 7.92
14357 1.4
14357 45.24
14357 29.04
14357 2.72
14357 0.32
14421 7.92
14421 1.4
14421 45.24
14421 29.04
14421 2.72
14421 0.32
14491 7.92
14491 1.4
14491 45.24
14491 29.04
14491 2.72
14491 0.32
14358 7.92
14358 1.4
14358 45.24
14358 29.04
14358 2.72
14358 0.32
14422 7.92
14422 1.4
14422 45.24
14422 29.04
14422 2.72
14422 0.32
14492 7.92
14492 1.4
14492 45.24
14492 29.04
14492 2.72
14492 0.32
14359 7.92
14359 1.4
14359 45.24
14359 29.04
14359 2.72
14359 0.32
14423 7.92
14423 1.4
14423 45.24
14423 29.04
14423 2.72
14423 0.32
14559 7.92
14559 1.4
14559 45.24
14559 29.04
14559 2.72
14559 0.32
14360 7.92
14360 1.4
14360 45.24
14360 29.04
14360 2.72
14360 0.32
14493 7.92
14493 1.4
14493 45.24
14493 29.04
14493 2.72
14493 0.32
14424 7.92
14424 1.4
14424 45.24
14424 29.04
14424 2.72
14424 0.32
14560 7.92
14560 1.4
14560 45.24
14560 29.04
14560 2.72
14560 0.32
14361 7.92
14361 1.4
14361 45.24
14361 29.04
14361 2.72
14361 0.32
14494 7.92
14494 1.4
14494 45.24
14494 29.04
14494 2.72
14494 0.32
14425 7.92
14425 1.4
14425 45.24
14425 29.04
14425 2.72
14425 0.32
14362 7.92
14362 1.4
14362 45.24
14362 29.04
14362 2.72
14362 0.32
14561 7.92
14561 1.4
14561 45.24
14561 29.04
14561 2.72
14561 0.32
14495 7.92
14495 1.4
14495 45.24
14495 29.04
14495 2.72
14495 0.32
14426 7.92
14426 1.4
14426 45.24
14426 29.04
14426 2.72
14426 0.32
14363 7.92
14363 1.4
14363 45.24
14363 29.04
14363 2.72
14363 0.32
14562 7.92
14562 1.4
14562 45.24
14562 29.04
14562 2.72
14562 0.32
14496 7.92
14496 1.4
14496 45.24
14496 29.04
14496 2.72
14496 0.32
14427 7.92
14427 1.4
14427 45.24
14427 29.04
14427 2.72
14427 0.32
14563 7.92
14563 1.4
14563 45.24
14563 29.04
14563 2.72
14563 0.32
14497 7.92
14497 1.4
14497 45.24
14497 29.04
14497 2.72
14497 0.32
14428 7.92
14428 1.4
14428 45.24
14428 29.04
14428 2.72
14428 0.32
14629 7.92
14629 1.4
14629 45.24
14629 29.04
14629 2.72
14629 0.32
14564 7.92
14564 1.4
14564 45.24
14564 29.04
14564 2.72
14564 0.32
14429 7.92
14429 1.4
14429 45.24
14429 29.04
14429 2.72
14429 0.32
14498 7.92
14498 1.4
14498 45.24
14498 29.04
14498 2.72
14498 0.32
14630 7.92
14630 1.4
14630 45.24
14630 29.04
14630 2.72
14630 0.32
14430 7.92
14430 1.4
14430 45.24
14430 29.04
14430 2.72
14430 0.32
14565 7.92
14565 1.4
14565 45.24
14565 29.04
14565 2.72
14565 0.32
14499 7.92
14499 1.4
14499 45.24
14499 29.04
14499 2.72
14499 0.32
14631 7.92
14631 1.4
14631 45.24
14631 29.04
14631 2.72
14631 0.32
14431 7.92
14431 1.4
14431 45.24
14431 29.04
14431 2.72
14431 0.32
14566 7.92
14566 1.4
14566 45.24
14566 29.04
14566 2.72
14566 0.32
14500 7.92
14500 1.4
14500 45.24
14500 29.04
14500 2.72
14500 0.32
14632 7.92
14632 1.4
14632 45.24
14632 29.04
14632 2.72
14632 0.32
14432 7.92
14432 1.4
14432 45.24
14432 29.04
14432 2.72
14432 0.32
14501 7.92
14501 1.4
14501 45.24
14501 29.04
14501 2.72
14501 0.32
14567 7.92
14567 1.4
14567 45.24
14567 29.04
14567 2.72
14567 0.32
14433 7.92
14433 1.4
14433 45.24
14433 29.04
14433 2.72
14433 0.32
14633 7.92
14633 1.4
14633 45.24
14633 29.04
14633 2.72
14633 0.32
14502 7.92
14502 1.4
14502 45.24
14502 29.04
14502 2.72
14502 0.32
14568 7.92
14568 1.4
14568 45.24
14568 29.04
14568 2.72
14568 0.32
14634 7.92
14634 1.4
14634 45.24
14634 29.04
14634 2.72
14634 0.32
14503 7.92
14503 1.4
14503 45.24
14503 29.04
14503 2.72
14503 0.32
14569 7.92
14569 1.4
14569 45.24
14569 29.04
14569 2.72
14569 0.32
14698 7.92
14698 1.4
14698 45.24
14698 29.04
14698 2.72
14698 0.32
14504 7.92
14504 1.4
14504 45.24
14504 29.04
14504 2.72
14504 0.32
14635 7.92
14635 1.4
14635 45.24
14635 29.04
14635 2.72
14635 0.32
14570 7.92
14570 1.4
14570 45.24
14570 29.04
14570 2.72
14570 0.32
14699 7.92
14699 1.4
14699 45.24
14699 29.04
14699 2.72
14699 0.32
14505 7.92
14505 1.4
14505 45.24
14505 29.04
14505 2.72
14505 0.32
14636 7.92
14636 1.4
14636 45.24
14636 29.04
14636 2.72
14636 0.32
14571 7.92
14571 1.4
14571 45.24
14571 29.04
14571 2.72
14571 0.32
14700 7.92
14700 1.4
14700 45.24
14700 29.04
14700 2.72
14700 0.32
14506 7.92
14506 1.4
14506 45.24
14506 29.04
14506 2.72
14506 0.32
14637 7.92
14637 1.4
14637 45.24
14637 29.04
14637 2.72
14637 0.32
14572 7.92
14572 1.4
14572 45.24
14572 29.04
14572 2.72
14572 0.32
14701 7.92
14701 1.4
14701 45.24
14701 29.04
14701 2.72
14701 0.32
14507 7.92
14507 1.4
14507 45.24
14507 29.04
14507 2.72
14507 0.32
14638 7.92
14638 1.4
14638 45.24
14638 29.04
14638 2.72
14638 0.32
14573 7.92
14573 1.4
14573 45.24
14573 29.04
14573 2.72
14573 0.32
14508 7.92
14508 1.4
14508 45.24
14508 29.04
14508 2.72
14508 0.32
14702 7.92
14702 1.4
14702 45.24
14702 29.04
14702 2.72
14702 0.32
14574 7.92
14574 1.4
14574 45.24
14574 29.04
14574 2.72
14574 0.32
14639 7.92
14639 1.4
14639 45.24
14639 29.04
14639 2.72
14639 0.32
14509 7.92
14509 1.4
14509 45.24
14509 29.04
14509 2.72
14509 0.32
14703 7.92
14703 1.4
14703 45.24
14703 29.04
14703 2.72
14703 0.32
14575 7.92
14575 1.4
14575 45.24
14575 29.04
14575 2.72
14575 0.32
14769 7.92
14769 1.4
14769 45.24
14769 29.04
14769 2.72
14769 0.32
14704 7.92
14704 1.4
14704 45.24
14704 29.04
14704 2.72
14704 0.32
14576 7.92
14576 1.4
14576 45.24
14576 29.04
14576 2.72
14576 0.32
14770 7.92
14770 1.4
14770 45.24
14770 29.04
14770 2.72
14770 0.32
14705 7.92
14705 1.4
14705 45.24
14705 29.04
14705 2.72
14705 0.32
14577 7.92
14577 1.4
14577 45.24
14577 29.04
14577 2.72
14577 0.32
14642 7.92
14642 1.4
14642 45.24
14642 29.04
14642 2.72
14642 0.32
14771 7.92
14771 1.4
14771 45.24
14771 29.04
14771 2.72
14771 0.32
14578 7.92
14578 1.4
14578 45.24
14578 29.04
14578 2.72
14578 0.32
14706 7.92
14706 1.4
14706 45.24
14706 29.04
14706 2.72
14706 0.32
14643 7.92
14643 1.4
14643 45.24
14643 29.04
14643 2.72
14643 0.32
14772 7.92
14772 1.4
14772 45.24
14772 29.04
14772 2.72
14772 0.32
14579 7.92
14579 1.4
14579 45.24
14579 29.04
14579 2.72
14579 0.32
14707 7.92
14707 1.4
14707 45.24
14707 29.04
14707 2.72
14707 0.32
14644 7.92
14644 1.4
14644 45.24
14644 29.04
14644 2.72
14644 0.32
14773 7.92
14773 1.4
14773 45.24
14773 29.04
14773 2.72
14773 0.32
14580 7.92
14580 1.4
14580 45.24
14580 29.04
14580 2.72
14580 0.32
14708 7.92
14708 1.4
14708 45.24
14708 29.04
14708 2.72
14708 0.32
14645 7.92
14645 1.4
14645 45.24
14645 29.04
14645 2.72
14645 0.32
14581 7.92
14581 1.4
14581 45.24
14581 29.04
14581 2.72
14581 0.32
14774 7.92
14774 1.4
14774 45.24
14774 29.04
14774 2.72
14774 0.32
14646 7.92
14646 1.4
14646 45.24
14646 29.04
14646 2.72
14646 0.32
14840 7.92
14840 1.4
14840 45.24
14840 29.04
14840 2.72
14840 0.32
14775 7.92
14775 1.4
14775 45.24
14775 29.04
14775 2.72
14775 0.32
14647 7.92
14647 1.4
14647 45.24
14647 29.04
14647 2.72
14647 0.32
14841 7.92
14841 1.4
14841 45.24
14841 29.04
14841 2.72
14841 0.32
14776 7.92
14776 1.4
14776 45.24
14776 29.04
14776 2.72
14776 0.32
14648 7.92
14648 1.4
14648 45.24
14648 29.04
14648 2.72
14648 0.32
14842 7.92
14842 1.4
14842 45.24
14842 29.04
14842 2.72
14842 0.32
14777 7.92
14777 1.4
14777 45.24
14777 29.04
14777 2.72
14777 0.32
14649 7.92
14649 1.4
14649 45.24
14649 29.04
14649 2.72
14649 0.32
14712 7.92
14712 1.4
14712 45.24
14712 29.04
14712 2.72
14712 0.32
14843 7.92
14843 1.4
14843 45.24
14843 29.04
14843 2.72
14843 0.32
14650 7.92
14650 1.4
14650 45.24
14650 29.04
14650 2.72
14650 0.32
14778 7.92
14778 1.4
14778 45.24
14778 29.04
14778 2.72
14778 0.32
14713 7.92
14713 1.4
14713 45.24
14713 29.04
14713 2.72
14713 0.32
14909 7.92
14909 1.4
14909 45.24
14909 29.04
14909 2.72
14909 0.32
14844 7.92
14844 1.4
14844 45.24
14844 29.04
14844 2.72
14844 0.32
14651 7.92
14651 1.4
14651 45.24
14651 29.04
14651 2.72
14651 0.32
14779 7.92
14779 1.4
14779 45.24
14779 29.04
14779 2.72
14779 0.32
14714 7.92
14714 1.4
14714 45.24
14714 29.04
14714 2.72
14714 0.32
14910 7.92
14910 1.4
14910 45.24
14910 29.04
14910 2.72
14910 0.32
14652 7.92
14652 1.4
14652 45.24
14652 29.04
14652 2.72
14652 0.32
14845 7.92
14845 1.4
14845 45.24
14845 29.04
14845 2.72
14845 0.32
14715 7.92
14715 1.4
14715 45.24
14715 29.04
14715 2.72
14715 0.32
14780 7.92
14780 1.4
14780 45.24
14780 29.04
14780 2.72
14780 0.32
14911 7.92
14911 1.4
14911 45.24
14911 29.04
14911 2.72
14911 0.32
14653 7.92
14653 1.4
14653 45.24
14653 29.04
14653 2.72
14653 0.32
14846 7.92
14846 1.4
14846 45.24
14846 29.04
14846 2.72
14846 0.32
14716 7.92
14716 1.4
14716 45.24
14716 29.04
14716 2.72
14716 0.32
14912 7.92
14912 1.4
14912 45.24
14912 29.04
14912 2.72
14912 0.32
14717 7.92
14717 1.4
14717 45.24
14717 29.04
14717 2.72
14717 0.32
14847 7.92
14847 1.4
14847 45.24
14847 29.04
14847 2.72
14847 0.32
14782 7.92
14782 1.4
14782 45.24
14782 29.04
14782 2.72
14782 0.32
14913 7.92
14913 1.4
14913 45.24
14913 29.04
14913 2.72
14913 0.32
14718 7.92
14718 1.4
14718 45.24
14718 29.04
14718 2.72
14718 0.32
14848 7.92
14848 1.4
14848 45.24
14848 29.04
14848 2.72
14848 0.32
14914 7.92
14914 1.4
14914 45.24
14914 29.04
14914 2.72
14914 0.32
14719 7.92
14719 1.4
14719 45.24
14719 29.04
14719 2.72
14719 0.32
14849 7.92
14849 1.4
14849 45.24
14849 29.04
14849 2.72
14849 0.32
14784 7.92
14784 1.4
14784 45.24
14784 29.04
14784 2.72
14784 0.32
14720 7.92
14720 1.4
14720 45.24
14720 29.04
14720 2.72
14720 0.32
14915 7.92
14915 1.4
14915 45.24
14915 29.04
14915 2.72
14915 0.32
14850 7.92
14850 1.4
14850 45.24
14850 29.04
14850 2.72
14850 0.32
14785 7.92
14785 1.4
14785 45.24
14785 29.04
14785 2.72
14785 0.32
14981 7.92
14981 1.4
14981 45.24
14981 29.04
14981 2.72
14981 0.32
14721 7.92
14721 1.4
14721 45.24
14721 29.04
14721 2.72
14721 0.32
14916 7.92
14916 1.4
14916 45.24
14916 29.04
14916 2.72
14916 0.32
14786 7.92
14786 1.4
14786 45.24
14786 29.04
14786 2.72
14786 0.32
14851 7.92
14851 1.4
14851 45.24
14851 29.04
14851 2.72
14851 0.32
14982 7.92
14982 1.4
14982 45.24
14982 29.04
14982 2.72
14982 0.32
14722 7.92
14722 1.4
14722 45.24
14722 29.04
14722 2.72
14722 0.32
14917 7.92
14917 1.4
14917 45.24
14917 29.04
14917 2.72
14917 0.32
14787 7.92
14787 1.4
14787 45.24
14787 29.04
14787 2.72
14787 0.32
14983 7.92
14983 1.4
14983 45.24
14983 29.04
14983 2.72
14983 0.32
14918 7.92
14918 1.4
14918 45.24
14918 29.04
14918 2.72
14918 0.32
14788 7.92
14788 1.4
14788 45.24
14788 29.04
14788 2.72
14788 0.32
14853 7.92
14853 1.4
14853 45.24
14853 29.04
14853 2.72
14853 0.32
14984 7.92
14984 1.4
14984 45.24
14984 29.04
14984 2.72
14984 0.32
14789 7.92
14789 1.4
14789 45.24
14789 29.04
14789 2.72
14789 0.32
14919 7.92
14919 1.4
14919 45.24
14919 29.04
14919 2.72
14919 0.32
14854 7.92
14854 1.4
14854 45.24
14854 29.04
14854 2.72
14854 0.32
14985 7.92
14985 1.4
14985 45.24
14985 29.04
14985 2.72
14985 0.32
14790 7.92
14790 1.4
14790 45.24
14790 29.04
14790 2.72
14790 0.32
14920 7.92
14920 1.4
14920 45.24
14920 29.04
14920 2.72
14920 0.32
14986 7.92
14986 1.4
14986 45.24
14986 29.04
14986 2.72
14986 0.32
14791 7.92
14791 1.4
14791 45.24
14791 29.04
14791 2.72
14791 0.32
14921 7.92
14921 1.4
14921 45.24
14921 29.04
14921 2.72
14921 0.32
14856 7.92
14856 1.4
14856 45.24
14856 29.04
14856 2.72
14856 0.32
15052 7.92
15052 1.4
15052 45.24
15052 29.04
15052 2.72
15052 0.32
14987 7.92
14987 1.4
14987 45.24
14987 29.04
14987 2.72
14987 0.32
14792 7.92
14792 1.4
14792 45.24
14792 29.04
14792 2.72
14792 0.32
14922 7.92
14922 1.4
14922 45.24
14922 29.04
14922 2.72
14922 0.32
14857 7.92
14857 1.4
14857 45.24
14857 29.04
14857 2.72
14857 0.32
15053 7.92
15053 1.4
15053 45.24
15053 29.04
15053 2.72
15053 0.32
14793 7.92
14793 1.4
14793 45.24
14793 29.04
14793 2.72
14793 0.32
14988 7.92
14988 1.4
14988 45.24
14988 29.04
14988 2.72
14988 0.32
14858 7.92
14858 1.4
14858 45.24
14858 29.04
14858 2.72
14858 0.32
14923 7.92
14923 1.4
14923 45.24
14923 29.04
14923 2.72
14923 0.32
15054 7.92
15054 1.4
15054 45.24
15054 29.04
15054 2.72
15054 0.32
14794 7.92
14794 1.4
14794 45.24
14794 29.04
14794 2.72
14794 0.32
14989 7.92
14989 1.4
14989 45.24
14989 29.04
14989 2.72
14989 0.32
14859 7.92
14859 1.4
14859 45.24
14859 29.04
14859 2.72
14859 0.32
14924 7.92
14924 1.4
14924 45.24
14924 29.04
14924 2.72
14924 0.32
15055 7.92
15055 1.4
15055 45.24
15055 29.04
15055 2.72
15055 0.32
14990 7.92
14990 1.4
14990 45.24
14990 29.04
14990 2.72
14990 0.32
14860 7.92
14860 1.4
14860 45.24
14860 29.04
14860 2.72
14860 0.32
14925 7.92
14925 1.4
14925 45.24
14925 29.04
14925 2.72
14925 0.32
15056 7.92
15056 1.4
15056 45.24
15056 29.04
15056 2.72
15056 0.32
14991 7.92
14991 1.4
14991 45.24
14991 29.04
14991 2.72
14991 0.32
14861 7.92
14861 1.4
14861 45.24
14861 29.04
14861 2.72
14861 0.32
14926 7.92
14926 1.4
14926 45.24
14926 29.04
14926 2.72
14926 0.32
15057 7.92
15057 1.4
15057 45.24
15057 29.04
15057 2.72
15057 0.32
14862 7.92
14862 1.4
14862 45.24
14862 29.04
14862 2.72
14862 0.32
14992 7.92
14992 1.4
14992 45.24
14992 29.04
14992 2.72
14992 0.32
14927 7.92
14927 1.4
14927 45.24
14927 29.04
14927 2.72
14927 0.32
15123 7.92
15123 1.4
15123 45.24
15123 29.04
15123 2.72
15123 0.32
15058 7.92
15058 1.4
15058 45.24
15058 29.04
15058 2.72
15058 0.32
14863 7.92
14863 1.4
14863 45.24
14863 29.04
14863 2.72
14863 0.32
14993 7.92
14993 1.4
14993 45.24
14993 29.04
14993 2.72
14993 0.32
14928 7.92
14928 1.4
14928 45.24
14928 29.04
14928 2.72
14928 0.32
15124 7.92
15124 1.4
15124 45.24
15124 29.04
15124 2.72
15124 0.32
15059 7.92
15059 1.4
15059 45.24
15059 29.04
15059 2.72
15059 0.32
14864 7.92
14864 1.4
14864 45.24
14864 29.04
14864 2.72
14864 0.32
14994 7.92
14994 1.4
14994 45.24
14994 29.04
14994 2.72
14994 0.32
14929 7.92
14929 1.4
14929 45.24
14929 29.04
14929 2.72
14929 0.32
15125 7.92
15125 1.4
15125 45.24
15125 29.04
15125 2.72
15125 0.32
14865 7.92
14865 1.4
14865 45.24
14865 29.04
14865 2.72
14865 0.32
15060 7.92
15060 1.4
15060 45.24
15060 29.04
15060 2.72
15060 0.32
14995 7.92
14995 1.4
14995 45.24
14995 29.04
14995 2.72
14995 0.32
14930 7.92
14930 1.4
14930 45.24
14930 29.04
14930 2.72
14930 0.32
15126 7.92
15126 1.4
15126 45.24
15126 29.04
15126 2.72
15126 0.32
15061 7.92
15061 1.4
15061 45.24
15061 29.04
15061 2.72
15061 0.32
14996 7.92
14996 1.4
14996 45.24
14996 29.04
14996 2.72
14996 0.32
14931 7.92
14931 1.4
14931 45.24
14931 29.04
14931 2.72
14931 0.32
15127 7.92
15127 1.4
15127 45.24
15127 29.04
15127 2.72
15127 0.32
15062 7.92
15062 1.4
15062 45.24
15062 29.04
15062 2.72
15062 0.32
14997 7.92
14997 1.4
14997 45.24
14997 29.04
14997 2.72
14997 0.32
14932 7.92
14932 1.4
14932 45.24
14932 29.04
14932 2.72
14932 0.32
15128 7.92
15128 1.4
15128 45.24
15128 29.04
15128 2.72
15128 0.32
15063 7.92
15063 1.4
15063 45.24
15063 29.04
15063 2.72
15063 0.32
14933 7.92
14933 1.4
14933 45.24
14933 29.04
14933 2.72
14933 0.32
14998 7.92
14998 1.4
14998 45.24
14998 29.04
14998 2.72
14998 0.32
15193 7.92
15193 1.4
15193 45.24
15193 29.04
15193 2.72
15193 0.32
15129 7.92
15129 1.4
15129 45.24
15129 29.04
15129 2.72
15129 0.32
14934 7.92
14934 1.4
14934 45.24
14934 29.04
14934 2.72
14934 0.32
15064 7.92
15064 1.4
15064 45.24
15064 29.04
15064 2.72
15064 0.32
14999 7.92
14999 1.4
14999 45.24
14999 29.04
14999 2.72
14999 0.32
15194 7.92
15194 1.4
15194 45.24
15194 29.04
15194 2.72
15194 0.32
15130 7.92
15130 1.4
15130 45.24
15130 29.04
15130 2.72
15130 0.32
14935 7.92
14935 1.4
14935 45.24
14935 29.04
14935 2.72
14935 0.32
15065 7.92
15065 1.4
15065 45.24
15065 29.04
15065 2.72
15065 0.32
15000 7.92
15000 1.4
15000 45.24
15000 29.04
15000 2.72
15000 0.32
15195 7.92
15195 1.4
15195 45.24
15195 29.04
15195 2.72
15195 0.32
15131 7.92
15131 1.4
15131 45.24
15131 29.04
15131 2.72
15131 0.32
14936 7.92
14936 1.4
14936 45.24
14936 29.04
14936 2.72
14936 0.32
15001 7.92
15001 1.4
15001 45.24
15001 29.04
15001 2.72
15001 0.32
15066 7.92
15066 1.4
15066 45.24
15066 29.04
15066 2.72
15066 0.32
15196 7.92
15196 1.4
15196 45.24
15196 29.04
15196 2.72
15196 0.32
15132 7.92
15132 1.4
15132 45.24
15132 29.04
15132 2.72
15132 0.32
15002 7.92
15002 1.4
15002 45.24
15002 29.04
15002 2.72
15002 0.32
15067 7.92
15067 1.4
15067 45.24
15067 29.04
15067 2.72
15067 0.32
15197 7.92
15197 1.4
15197 45.24
15197 29.04
15197 2.72
15197 0.32
15003 7.92
15003 1.4
15003 45.24
15003 29.04
15003 2.72
15003 0.32
15133 7.92
15133 1.4
15133 45.24
15133 29.04
15133 2.72
15133 0.32
15068 7.92
15068 1.4
15068 45.24
15068 29.04
15068 2.72
15068 0.32
15198 7.92
15198 1.4
15198 45.24
15198 29.04
15198 2.72
15198 0.32
15004 7.92
15004 1.4
15004 45.24
15004 29.04
15004 2.72
15004 0.32
15134 7.92
15134 1.4
15134 45.24
15134 29.04
15134 2.72
15134 0.32
15069 7.92
15069 1.4
15069 45.24
15069 29.04
15069 2.72
15069 0.32
15262 7.92
15262 1.4
15262 45.24
15262 29.04
15262 2.72
15262 0.32
15199 7.92
15199 1.4
15199 45.24
15199 29.04
15199 2.72
15199 0.32
15005 7.92
15005 1.4
15005 45.24
15005 29.04
15005 2.72
15005 0.32
15135 7.92
15135 1.4
15135 45.24
15135 29.04
15135 2.72
15135 0.32
15070 7.92
15070 1.4
15070 45.24
15070 29.04
15070 2.72
15070 0.32
15263 7.92
15263 1.4
15263 45.24
15263 29.04
15263 2.72
15263 0.32
15200 7.92
15200 1.4
15200 45.24
15200 29.04
15200 2.72
15200 0.32
15006 7.92
15006 1.4
15006 45.24
15006 29.04
15006 2.72
15006 0.32
15136 7.92
15136 1.4
15136 45.24
15136 29.04
15136 2.72
15136 0.32
15071 7.92
15071 1.4
15071 45.24
15071 29.04
15071 2.72
15071 0.32
15264 7.92
15264 1.4
15264 45.24
15264 29.04
15264 2.72
15264 0.32
15201 7.92
15201 1.4
15201 45.24
15201 29.04
15201 2.72
15201 0.32
15007 7.92
15007 1.4
15007 45.24
15007 29.04
15007 2.72
15007 0.32
15072 7.92
15072 1.4
15072 45.24
15072 29.04
15072 2.72
15072 0.32
15137 7.92
15137 1.4
15137 45.24
15137 29.04
15137 2.72
15137 0.32
15265 7.92
15265 1.4
15265 45.24
15265 29.04
15265 2.72
15265 0.32
15008 7.92
15008 1.4
15008 45.24
15008 29.04
15008 2.72
15008 0.32
15202 7.92
15202 1.4
15202 45.24
15202 29.04
15202 2.72
15202 0.32
15073 7.92
15073 1.4
15073 45.24
15073 29.04
15073 2.72
15073 0.32
15138 7.92
15138 1.4
15138 45.24
15138 29.04
15138 2.72
15138 0.32
15266 7.92
15266 1.4
15266 45.24
15266 29.04
15266 2.72
15266 0.32
15203 7.92
15203 1.4
15203 45.24
15203 29.04
15203 2.72
15203 0.32
15074 7.92
15074 1.4
15074 45.24
15074 29.04
15074 2.72
15074 0.32
15139 7.92
15139 1.4
15139 45.24
15139 29.04
15139 2.72
15139 0.32
15267 7.92
15267 1.4
15267 45.24
15267 29.04
15267 2.72
15267 0.32
15204 7.92
15204 1.4
15204 45.24
15204 29.04
15204 2.72
15204 0.32
15075 7.92
15075 1.4
15075 45.24
15075 29.04
15075 2.72
15075 0.32
15140 7.92
15140 1.4
15140 45.24
15140 29.04
15140 2.72
15140 0.32
15331 7.92
15331 1.4
15331 45.24
15331 29.04
15331 2.72
15331 0.32
15268 7.92
15268 1.4
15268 45.24
15268 29.04
15268 2.72
15268 0.32
15205 7.92
15205 1.4
15205 45.24
15205 29.04
15205 2.72
15205 0.32
15076 7.92
15076 1.4
15076 45.24
15076 29.04
15076 2.72
15076 0.32
15141 7.92
15141 1.4
15141 45.24
15141 29.04
15141 2.72
15141 0.32
15332 7.92
15332 1.4
15332 45.24
15332 29.04
15332 2.72
15332 0.32
15269 7.92
15269 1.4
15269 45.24
15269 29.04
15269 2.72
15269 0.32
15077 7.92
15077 1.4
15077 45.24
15077 29.04
15077 2.72
15077 0.32
15206 7.92
15206 1.4
15206 45.24
15206 29.04
15206 2.72
15206 0.32
15142 7.92
15142 1.4
15142 45.24
15142 29.04
15142 2.72
15142 0.32
15333 7.92
15333 1.4
15333 45.24
15333 29.04
15333 2.72
15333 0.32
15270 7.92
15270 1.4
15270 45.24
15270 29.04
15270 2.72
15270 0.32
15078 7.92
15078 1.4
15078 45.24
15078 29.04
15078 2.72
15078 0.32
15207 7.92
15207 1.4
15207 45.24
15207 29.04
15207 2.72
15207 0.32
15334 7.92
15334 1.4
15334 45.24
15334 29.04
15334 2.72
15334 0.32
15271 7.92
15271 1.4
15271 45.24
15271 29.04
15271 2.72
15271 0.32
15079 7.92
15079 1.4
15079 45.24
15079 29.04
15079 2.72
15079 0.32
15208 7.92
15208 1.4
15208 45.24
15208 29.04
15208 2.72
15208 0.32
15144 7.92
15144 1.4
15144 45.24
15144 29.04
15144 2.72
15144 0.32
15335 7.92
15335 1.4
15335 45.24
15335 29.04
15335 2.72
15335 0.32
15272 7.92
15272 1.4
15272 45.24
15272 29.04
15272 2.72
15272 0.32
15209 7.92
15209 1.4
15209 45.24
15209 29.04
15209 2.72
15209 0.32
15145 7.92
15145 1.4
15145 45.24
15145 29.04
15145 2.72
15145 0.32
15336 7.92
15336 1.4
15336 45.24
15336 29.04
15336 2.72
15336 0.32
15273 7.92
15273 1.4
15273 45.24
15273 29.04
15273 2.72
15273 0.32
15210 7.92
15210 1.4
15210 45.24
15210 29.04
15210 2.72
15210 0.32
15146 7.92
15146 1.4
15146 45.24
15146 29.04
15146 2.72
15146 0.32
15398 7.92
15398 1.4
15398 45.24
15398 29.04
15398 2.72
15398 0.32
15337 7.92
15337 1.4
15337 45.24
15337 29.04
15337 2.72
15337 0.32
15274 7.92
15274 1.4
15274 45.24
15274 29.04
15274 2.72
15274 0.32
15211 7.92
15211 1.4
15211 45.24
15211 29.04
15211 2.72
15211 0.32
15147 7.92
15147 1.4
15147 45.24
15147 29.04
15147 2.72
15147 0.32
15399 7.92
15399 1.4
15399 45.24
15399 29.04
15399 2.72
15399 0.32
15338 7.92
15338 1.4
15338 45.24
15338 29.04
15338 2.72
15338 0.32
15275 7.92
15275 1.4
15275 45.24
15275 29.04
15275 2.72
15275 0.32
15148 7.92
15148 1.4
15148 45.24
15148 29.04
15148 2.72
15148 0.32
15212 7.92
15212 1.4
15212 45.24
15212 29.04
15212 2.72
15212 0.32
15400 7.92
15400 1.4
15400 45.24
15400 29.04
15400 2.72
15400 0.32
15339 7.92
15339 1.4
15339 45.24
15339 29.04
15339 2.72
15339 0.32
15149 7.92
15149 1.4
15149 45.24
15149 29.04
15149 2.72
15149 0.32
15276 7.92
15276 1.4
15276 45.24
15276 29.04
15276 2.72
15276 0.32
15401 7.92
15401 1.4
15401 45.24
15401 29.04
15401 2.72
15401 0.32
15340 7.92
15340 1.4
15340 45.24
15340 29.04
15340 2.72
15340 0.32
15150 7.92
15150 1.4
15150 45.24
15150 29.04
15150 2.72
15150 0.32
15214 7.92
15214 1.4
15214 45.24
15214 29.04
15214 2.72
15214 0.32
15277 7.92
15277 1.4
15277 45.24
15277 29.04
15277 2.72
15277 0.32
15402 7.92
15402 1.4
15402 45.24
15402 29.04
15402 2.72
15402 0.32
15341 7.92
15341 1.4
15341 45.24
15341 29.04
15341 2.72
15341 0.32
15215 7.92
15215 1.4
15215 45.24
15215 29.04
15215 2.72
15215 0.32
15278 7.92
15278 1.4
15278 45.24
15278 29.04
15278 2.72
15278 0.32
15403 7.92
15403 1.4
15403 45.24
15403 29.04
15403 2.72
15403 0.32
15342 7.92
15342 1.4
15342 45.24
15342 29.04
15342 2.72
15342 0.32
15216 7.92
15216 1.4
15216 45.24
15216 29.04
15216 2.72
15216 0.32
15279 7.92
15279 1.4
15279 45.24
15279 29.04
15279 2.72
15279 0.32
15465 7.92
15465 1.4
15465 45.24
15465 29.04
15465 2.72
15465 0.32
15404 7.92
15404 1.4
15404 45.24
15404 29.04
15404 2.72
15404 0.32
15217 7.92
15217 1.4
15217 45.24
15217 29.04
15217 2.72
15217 0.32
15343 7.92
15343 1.4
15343 45.24
15343 29.04
15343 2.72
15343 0.32
15280 7.92
15280 1.4
15280 45.24
15280 29.04
15280 2.72
15280 0.32
15466 7.92
15466 1.4
15466 45.24
15466 29.04
15466 2.72
15466 0.32
15405 7.92
15405 1.4
15405 45.24
15405 29.04
15405 2.72
15405 0.32
15218 7.92
15218 1.4
15218 45.24
15218 29.04
15218 2.72
15218 0.32
15344 7.92
15344 1.4
15344 45.24
15344 29.04
15344 2.72
15344 0.32
15281 7.92
15281 1.4
15281 45.24
15281 29.04
15281 2.72
15281 0.32
15467 7.92
15467 1.4
15467 45.24
15467 29.04
15467 2.72
15467 0.32
15406 7.92
15406 1.4
15406 45.24
15406 29.04
15406 2.72
15406 0.32
15219 7.92
15219 1.4
15219 45.24
15219 29.04
15219 2.72
15219 0.32
15345 7.92
15345 1.4
15345 45.24
15345 29.04
15345 2.72
15345 0.32
15282 7.92
15282 1.4
15282 45.24
15282 29.04
15282 2.72
15282 0.32
15468 7.92
15468 1.4
15468 45.24
15468 29.04
15468 2.72
15468 0.32
15407 7.92
15407 1.4
15407 45.24
15407 29.04
15407 2.72
15407 0.32
15220 7.92
15220 1.4
15220 45.24
15220 29.04
15220 2.72
15220 0.32
15346 7.92
15346 1.4
15346 45.24
15346 29.04
15346 2.72
15346 0.32
15283 7.92
15283 1.4
15283 45.24
15283 29.04
15283 2.72
15283 0.32
15469 7.92
15469 1.4
15469 45.24
15469 29.04
15469 2.72
15469 0.32
15221 7.92
15221 1.4
15221 45.24
15221 29.04
15221 2.72
15221 0.32
15408 7.92
15408 1.4
15408 45.24
15408 29.04
15408 2.72
15408 0.32
15284 7.92
15284 1.4
15284 45.24
15284 29.04
15284 2.72
15284 0.32
15347 7.92
15347 1.4
15347 45.24
15347 29.04
15347 2.72
15347 0.32
15531 7.92
15531 1.4
15531 45.24
15531 29.04
15531 2.72
15531 0.32
15470 7.92
15470 1.4
15470 45.24
15470 29.04
15470 2.72
15470 0.32
15409 7.92
15409 1.4
15409 45.24
15409 29.04
15409 2.72
15409 0.32
15285 7.92
15285 1.4
15285 45.24
15285 29.04
15285 2.72
15285 0.32
15348 7.92
15348 1.4
15348 45.24
15348 29.04
15348 2.72
15348 0.32
15532 7.92
15532 1.4
15532 45.24
15532 29.04
15532 2.72
15532 0.32
15471 7.92
15471 1.4
15471 45.24
15471 29.04
15471 2.72
15471 0.32
15410 7.92
15410 1.4
15410 45.24
15410 29.04
15410 2.72
15410 0.32
15286 7.92
15286 1.4
15286 45.24
15286 29.04
15286 2.72
15286 0.32
15349 7.92
15349 1.4
15349 45.24
15349 29.04
15349 2.72
15349 0.32
15533 7.92
15533 1.4
15533 45.24
15533 29.04
15533 2.72
15533 0.32
15472 7.92
15472 1.4
15472 45.24
15472 29.04
15472 2.72
15472 0.32
15287 7.92
15287 1.4
15287 45.24
15287 29.04
15287 2.72
15287 0.32
15411 7.92
15411 1.4
15411 45.24
15411 29.04
15411 2.72
15411 0.32
15350 7.92
15350 1.4
15350 45.24
15350 29.04
15350 2.72
15350 0.32
15534 7.92
15534 1.4
15534 45.24
15534 29.04
15534 2.72
15534 0.32
15473 7.92
15473 1.4
15473 45.24
15473 29.04
15473 2.72
15473 0.32
15288 7.92
15288 1.4
15288 45.24
15288 29.04
15288 2.72
15288 0.32
15412 7.92
15412 1.4
15412 45.24
15412 29.04
15412 2.72
15412 0.32
15351 7.92
15351 1.4
15351 45.24
15351 29.04
15351 2.72
15351 0.32
15535 7.92
15535 1.4
15535 45.24
15535 29.04
15535 2.72
15535 0.32
15474 7.92
15474 1.4
15474 45.24
15474 29.04
15474 2.72
15474 0.32
15289 7.92
15289 1.4
15289 45.24
15289 29.04
15289 2.72
15289 0.32
15413 7.92
15413 1.4
15413 45.24
15413 29.04
15413 2.72
15413 0.32
15352 7.92
15352 1.4
15352 45.24
15352 29.04
15352 2.72
15352 0.32
15536 7.92
15536 1.4
15536 45.24
15536 29.04
15536 2.72
15536 0.32
15475 7.92
15475 1.4
15475 45.24
15475 29.04
15475 2.72
15475 0.32
15290 7.92
15290 1.4
15290 45.24
15290 29.04
15290 2.72
15290 0.32
15353 7.92
15353 1.4
15353 45.24
15353 29.04
15353 2.72
15353 0.32
15414 7.92
15414 1.4
15414 45.24
15414 29.04
15414 2.72
15414 0.32
15537 7.92
15537 1.4
15537 45.24
15537 29.04
15537 2.72
15537 0.32
15476 7.92
15476 1.4
15476 45.24
15476 29.04
15476 2.72
15476 0.32
15354 7.92
15354 1.4
15354 45.24
15354 29.04
15354 2.72
15354 0.32
15415 7.92
15415 1.4
15415 45.24
15415 29.04
15415 2.72
15415 0.32
15600 7.92
15600 1.4
15600 45.24
15600 29.04
15600 2.72
15600 0.32
15538 7.92
15538 1.4
15538 45.24
15538 29.04
15538 2.72
15538 0.32
15477 7.92
15477 1.4
15477 45.24
15477 29.04
15477 2.72
15477 0.32
15355 7.92
15355 1.4
15355 45.24
15355 29.04
15355 2.72
15355 0.32
15416 7.92
15416 1.4
15416 45.24
15416 29.04
15416 2.72
15416 0.32
15601 7.92
15601 1.4
15601 45.24
15601 29.04
15601 2.72
15601 0.32
15539 7.92
15539 1.4
15539 45.24
15539 29.04
15539 2.72
15539 0.32
15478 7.92
15478 1.4
15478 45.24
15478 29.04
15478 2.72
15478 0.32
15356 7.92
15356 1.4
15356 45.24
15356 29.04
15356 2.72
15356 0.32
15417 7.92
15417 1.4
15417 45.24
15417 29.04
15417 2.72
15417 0.32
15602 7.92
15602 1.4
15602 45.24
15602 29.04
15602 2.72
15602 0.32
15540 7.92
15540 1.4
15540 45.24
15540 29.04
15540 2.72
15540 0.32
15479 7.92
15479 1.4
15479 45.24
15479 29.04
15479 2.72
15479 0.32
15357 7.92
15357 1.4
15357 45.24
15357 29.04
15357 2.72
15357 0.32
15418 7.92
15418 1.4
15418 45.24
15418 29.04
15418 2.72
15418 0.32
15603 7.92
15603 1.4
15603 45.24
15603 29.04
15603 2.72
15603 0.32
15541 7.92
15541 1.4
15541 45.24
15541 29.04
15541 2.72
15541 0.32
15480 7.92
15480 1.4
15480 45.24
15480 29.04
15480 2.72
15480 0.32
15358 7.92
15358 1.4
15358 45.24
15358 29.04
15358 2.72
15358 0.32
15419 7.92
15419 1.4
15419 45.24
15419 29.04
15419 2.72
15419 0.32
15604 7.92
15604 1.4
15604 45.24
15604 29.04
15604 2.72
15604 0.32
15542 7.92
15542 1.4
15542 45.24
15542 29.04
15542 2.72
15542 0.32
15359 7.92
15359 1.4
15359 45.24
15359 29.04
15359 2.72
15359 0.32
15481 7.92
15481 1.4
15481 45.24
15481 29.04
15481 2.72
15481 0.32
15420 7.92
15420 1.4
15420 45.24
15420 29.04
15420 2.72
15420 0.32
15605 7.92
15605 1.4
15605 45.24
15605 29.04
15605 2.72
15605 0.32
15543 7.92
15543 1.4
15543 45.24
15543 29.04
15543 2.72
15543 0.32
15482 7.92
15482 1.4
15482 45.24
15482 29.04
15482 2.72
15482 0.32
15421 7.92
15421 1.4
15421 45.24
15421 29.04
15421 2.72
15421 0.32
15666 7.92
15666 1.4
15666 45.24
15666 29.04
15666 2.72
15666 0.32
15606 7.92
15606 1.4
15606 45.24
15606 29.04
15606 2.72
15606 0.32
15544 7.92
15544 1.4
15544 45.24
15544 29.04
15544 2.72
15544 0.32
15483 7.92
15483 1.4
15483 45.24
15483 29.04
15483 2.72
15483 0.32
15422 7.92
15422 1.4
15422 45.24
15422 29.04
15422 2.72
15422 0.32
15667 7.92
15667 1.4
15667 45.24
15667 29.04
15667 2.72
15667 0.32
15607 7.92
15607 1.4
15607 45.24
15607 29.04
15607 2.72
15607 0.32
15545 7.92
15545 1.4
15545 45.24
15545 29.04
15545 2.72
15545 0.32
15484 7.92
15484 1.4
15484 45.24
15484 29.04
15484 2.72
15484 0.32
15423 7.92
15423 1.4
15423 45.24
15423 29.04
15423 2.72
15423 0.32
15668 7.92
15668 1.4
15668 45.24
15668 29.04
15668 2.72
15668 0.32
15608 7.92
15608 1.4
15608 45.24
15608 29.04
15608 2.72
15608 0.32
15546 7.92
15546 1.4
15546 45.24
15546 29.04
15546 2.72
15546 0.32
15485 7.92
15485 1.4
15485 45.24
15485 29.04
15485 2.72
15485 0.32
15424 7.92
15424 1.4
15424 45.24
15424 29.04
15424 2.72
15424 0.32
15669 7.92
15669 1.4
15669 45.24
15669 29.04
15669 2.72
15669 0.32
15609 7.92
15609 1.4
15609 45.24
15609 29.04
15609 2.72
15609 0.32
15547 7.92
15547 1.4
15547 45.24
15547 29.04
15547 2.72
15547 0.32
15425 7.92
15425 1.4
15425 45.24
15425 29.04
15425 2.72
15425 0.32
15486 7.92
15486 1.4
15486 45.24
15486 29.04
15486 2.72
15486 0.32
15670 7.92
15670 1.4
15670 45.24
15670 29.04
15670 2.72
15670 0.32
15610 7.92
15610 1.4
15610 45.24
15610 29.04
15610 2.72
15610 0.32
15426 7.92
15426 1.4
15426 45.24
15426 29.04
15426 2.72
15426 0.32
15548 7.92
15548 1.4
15548 45.24
15548 29.04
15548 2.72
15548 0.32
15487 7.92
15487 1.4
15487 45.24
15487 29.04
15487 2.72
15487 0.32
15671 7.92
15671 1.4
15671 45.24
15671 29.04
15671 2.72
15671 0.32
15611 7.92
15611 1.4
15611 45.24
15611 29.04
15611 2.72
15611 0.32
15549 7.92
15549 1.4
15549 45.24
15549 29.04
15549 2.72
15549 0.32
15488 7.92
15488 1.4
15488 45.24
15488 29.04
15488 2.72
15488 0.32
15672 7.92
15672 1.4
15672 45.24
15672 29.04
15672 2.72
15672 0.32
15612 7.92
15612 1.4
15612 45.24
15612 29.04
15612 2.72
15612 0.32
15489 7.92
15489 1.4
15489 45.24
15489 29.04
15489 2.72
15489 0.32
15550 7.92
15550 1.4
15550 45.24
15550 29.04
15550 2.72
15550 0.32
15733 7.92
15733 1.4
15733 45.24
15733 29.04
15733 2.72
15733 0.32
15673 7.92
15673 1.4
15673 45.24
15673 29.04
15673 2.72
15673 0.32
15613 7.92
15613 1.4
15613 45.24
15613 29.04
15613 2.72
15613 0.32
15490 7.92
15490 1.4
15490 45.24
15490 29.04
15490 2.72
15490 0.32
15551 7.92
15551 1.4
15551 45.24
15551 29.04
15551 2.72
15551 0.32
15734 7.92
15734 1.4
15734 45.24
15734 29.04
15734 2.72
15734 0.32
15674 7.92
15674 1.4
15674 45.24
15674 29.04
15674 2.72
15674 0.32
15614 7.92
15614 1.4
15614 45.24
15614 29.04
15614 2.72
15614 0.32
15491 7.92
15491 1.4
15491 45.24
15491 29.04
15491 2.72
15491 0.32
15552 7.92
15552 1.4
15552 45.24
15552 29.04
15552 2.72
15552 0.32
15735 7.92
15735 1.4
15735 45.24
15735 29.04
15735 2.72
15735 0.32
15675 7.92
15675 1.4
15675 45.24
15675 29.04
15675 2.72
15675 0.32
15492 7.92
15492 1.4
15492 45.24
15492 29.04
15492 2.72
15492 0.32
15615 7.92
15615 1.4
15615 45.24
15615 29.04
15615 2.72
15615 0.32
15553 7.92
15553 1.4
15553 45.24
15553 29.04
15553 2.72
15553 0.32
15736 7.92
15736 1.4
15736 45.24
15736 29.04
15736 2.72
15736 0.32
15676 7.92
15676 1.4
15676 45.24
15676 29.04
15676 2.72
15676 0.32
15493 7.92
15493 1.4
15493 45.24
15493 29.04
15493 2.72
15493 0.32
15616 7.92
15616 1.4
15616 45.24
15616 29.04
15616 2.72
15616 0.32
15554 7.92
15554 1.4
15554 45.24
15554 29.04
15554 2.72
15554 0.32
15737 7.92
15737 1.4
15737 45.24
15737 29.04
15737 2.72
15737 0.32
15677 7.92
15677 1.4
15677 45.24
15677 29.04
15677 2.72
15677 0.32
15617 7.92
15617 1.4
15617 45.24
15617 29.04
15617 2.72
15617 0.32
15555 7.92
15555 1.4
15555 45.24
15555 29.04
15555 2.72
15555 0.32
15738 7.92
15738 1.4
15738 45.24
15738 29.04
15738 2.72
15738 0.32
15678 7.92
15678 1.4
15678 45.24
15678 29.04
15678 2.72
15678 0.32
15556 7.92
15556 1.4
15556 45.24
15556 29.04
15556 2.72
15556 0.32
15618 7.92
15618 1.4
15618 45.24
15618 29.04
15618 2.72
15618 0.32
15796 7.92
15796 1.4
15796 45.24
15796 29.04
15796 2.72
15796 0.32
15739 7.92
15739 1.4
15739 45.24
15739 29.04
15739 2.72
15739 0.32
15679 7.92
15679 1.4
15679 45.24
15679 29.04
15679 2.72
15679 0.32
15557 7.92
15557 1.4
15557 45.24
15557 29.04
15557 2.72
15557 0.32
15619 7.92
15619 1.4
15619 45.24
15619 29.04
15619 2.72
15619 0.32
15797 7.92
15797 1.4
15797 45.24
15797 29.04
15797 2.72
15797 0.32
15740 7.92
15740 1.4
15740 45.24
15740 29.04
15740 2.72
15740 0.32
15680 7.92
15680 1.4
15680 45.24
15680 29.04
15680 2.72
15680 0.32
15558 7.92
15558 1.4
15558 45.24
15558 29.04
15558 2.72
15558 0.32
15620 7.92
15620 1.4
15620 45.24
15620 29.04
15620 2.72
15620 0.32
15798 7.92
15798 1.4
15798 45.24
15798 29.04
15798 2.72
15798 0.32
15741 7.92
15741 1.4
15741 45.24
15741 29.04
15741 2.72
15741 0.32
15681 7.92
15681 1.4
15681 45.24
15681 29.04
15681 2.72
15681 0.32
15559 7.92
15559 1.4
15559 45.24
15559 29.04
15559 2.72
15559 0.32
15621 7.92
15621 1.4
15621 45.24
15621 29.04
15621 2.72
15621 0.32
15799 7.92
15799 1.4
15799 45.24
15799 29.04
15799 2.72
15799 0.32
15742 7.92
15742 1.4
15742 45.24
15742 29.04
15742 2.72
15742 0.32
15682 7.92
15682 1.4
15682 45.24
15682 29.04
15682 2.72
15682 0.32
15560 7.92
15560 1.4
15560 45.24
15560 29.04
15560 2.72
15560 0.32
15622 7.92
15622 1.4
15622 45.24
15622 29.04
15622 2.72
15622 0.32
15800 7.92
15800 1.4
15800 45.24
15800 29.04
15800 2.72
15800 0.32
15743 7.92
15743 1.4
15743 45.24
15743 29.04
15743 2.72
15743 0.32
15683 7.92
15683 1.4
15683 45.24
15683 29.04
15683 2.72
15683 0.32
15623 7.92
15623 1.4
15623 45.24
15623 29.04
15623 2.72
15623 0.32
15801 7.92
15801 1.4
15801 45.24
15801 29.04
15801 2.72
15801 0.32
15744 7.92
15744 1.4
15744 45.24
15744 29.04
15744 2.72
15744 0.32
15684 7.92
15684 1.4
15684 45.24
15684 29.04
15684 2.72
15684 0.32
15624 7.92
15624 1.4
15624 45.24
15624 29.04
15624 2.72
15624 0.32
15802 7.92
15802 1.4
15802 45.24
15802 29.04
15802 2.72
15802 0.32
15745 7.92
15745 1.4
15745 45.24
15745 29.04
15745 2.72
15745 0.32
15685 7.92
15685 1.4
15685 45.24
15685 29.04
15685 2.72
15685 0.32
15625 7.92
15625 1.4
15625 45.24
15625 29.04
15625 2.72
15625 0.32
15860 7.92
15860 1.4
15860 45.24
15860 29.04
15860 2.72
15860 0.32
15803 7.92
15803 1.4
15803 45.24
15803 29.04
15803 2.72
15803 0.32
15746 7.92
15746 1.4
15746 45.24
15746 29.04
15746 2.72
15746 0.32
15686 7.92
15686 1.4
15686 45.24
15686 29.04
15686 2.72
15686 0.32
15626 7.92
15626 1.4
15626 45.24
15626 29.04
15626 2.72
15626 0.32
15861 7.92
15861 1.4
15861 45.24
15861 29.04
15861 2.72
15861 0.32
15804 7.92
15804 1.4
15804 45.24
15804 29.04
15804 2.72
15804 0.32
15747 7.92
15747 1.4
15747 45.24
15747 29.04
15747 2.72
15747 0.32
15687 7.92
15687 1.4
15687 45.24
15687 29.04
15687 2.72
15687 0.32
15627 7.92
15627 1.4
15627 45.24
15627 29.04
15627 2.72
15627 0.32
15862 7.92
15862 1.4
15862 45.24
15862 29.04
15862 2.72
15862 0.32
15805 7.92
15805 1.4
15805 45.24
15805 29.04
15805 2.72
15805 0.32
15748 7.92
15748 1.4
15748 45.24
15748 29.04
15748 2.72
15748 0.32
15628 7.92
15628 1.4
15628 45.24
15628 29.04
15628 2.72
15628 0.32
15688 7.92
15688 1.4
15688 45.24
15688 29.04
15688 2.72
15688 0.32
15863 7.92
15863 1.4
15863 45.24
15863 29.04
15863 2.72
15863 0.32
15806 7.92
15806 1.4
15806 45.24
15806 29.04
15806 2.72
15806 0.32
15749 7.92
15749 1.4
15749 45.24
15749 29.04
15749 2.72
15749 0.32
15629 7.92
15629 1.4
15629 45.24
15629 29.04
15629 2.72
15629 0.32
15689 7.92
15689 1.4
15689 45.24
15689 29.04
15689 2.72
15689 0.32
15864 7.92
15864 1.4
15864 45.24
15864 29.04
15864 2.72
15864 0.32
15807 7.92
15807 1.4
15807 45.24
15807 29.04
15807 2.72
15807 0.32
15750 7.92
15750 1.4
15750 45.24
15750 29.04
15750 2.72
15750 0.32
15690 7.92
15690 1.4
15690 45.24
15690 29.04
15690 2.72
15690 0.32
15927 7.92
15927 1.4
15927 45.24
15927 29.04
15927 2.72
15927 0.32
15865 7.92
15865 1.4
15865 45.24
15865 29.04
15865 2.72
15865 0.32
15808 7.92
15808 1.4
15808 45.24
15808 29.04
15808 2.72
15808 0.32
15691 7.92
15691 1.4
15691 45.24
15691 29.04
15691 2.72
15691 0.32
15751 7.92
15751 1.4
15751 45.24
15751 29.04
15751 2.72
15751 0.32
15928 7.92
15928 1.4
15928 45.24
15928 29.04
15928 2.72
15928 0.32
15866 7.92
15866 1.4
15866 45.24
15866 29.04
15866 2.72
15866 0.32
15809 7.92
15809 1.4
15809 45.24
15809 29.04
15809 2.72
15809 0.32
15692 7.92
15692 1.4
15692 45.24
15692 29.04
15692 2.72
15692 0.32
15752 7.92
15752 1.4
15752 45.24
15752 29.04
15752 2.72
15752 0.32
15929 7.92
15929 1.4
15929 45.24
15929 29.04
15929 2.72
15929 0.32
15867 7.92
15867 1.4
15867 45.24
15867 29.04
15867 2.72
15867 0.32
15810 7.92
15810 1.4
15810 45.24
15810 29.04
15810 2.72
15810 0.32
15693 7.92
15693 1.4
15693 45.24
15693 29.04
15693 2.72
15693 0.32
15753 7.92
15753 1.4
15753 45.24
15753 29.04
15753 2.72
15753 0.32
15930 7.92
15930 1.4
15930 45.24
15930 29.04
15930 2.72
15930 0.32
15868 7.92
15868 1.4
15868 45.24
15868 29.04
15868 2.72
15868 0.32
15694 7.92
15694 1.4
15694 45.24
15694 29.04
15694 2.72
15694 0.32
15811 7.92
15811 1.4
15811 45.24
15811 29.04
15811 2.72
15811 0.32
15754 7.92
15754 1.4
15754 45.24
15754 29.04
15754 2.72
15754 0.32
15931 7.92
15931 1.4
15931 45.24
15931 29.04
15931 2.72
15931 0.32
15869 7.92
15869 1.4
15869 45.24
15869 29.04
15869 2.72
15869 0.32
15695 7.92
15695 1.4
15695 45.24
15695 29.04
15695 2.72
15695 0.32
15812 7.92
15812 1.4
15812 45.24
15812 29.04
15812 2.72
15812 0.32
15755 7.92
15755 1.4
15755 45.24
15755 29.04
15755 2.72
15755 0.32
15932 7.92
15932 1.4
15932 45.24
15932 29.04
15932 2.72
15932 0.32
15870 7.92
15870 1.4
15870 45.24
15870 29.04
15870 2.72
15870 0.32
15813 7.92
15813 1.4
15813 45.24
15813 29.04
15813 2.72
15813 0.32
15756 7.92
15756 1.4
15756 45.24
15756 29.04
15756 2.72
15756 0.32
15991 7.92
15991 1.4
15991 45.24
15991 29.04
15991 2.72
15991 0.32
15933 7.92
15933 1.4
15933 45.24
15933 29.04
15933 2.72
15933 0.32
15871 7.92
15871 1.4
15871 45.24
15871 29.04
15871 2.72
15871 0.32
15814 7.92
15814 1.4
15814 45.24
15814 29.04
15814 2.72
15814 0.32
15757 7.92
15757 1.4
15757 45.24
15757 29.04
15757 2.72
15757 0.32
15992 7.92
15992 1.4
15992 45.24
15992 29.04
15992 2.72
15992 0.32
15934 7.92
15934 1.4
15934 45.24
15934 29.04
15934 2.72
15934 0.32
15872 7.92
15872 1.4
15872 45.24
15872 29.04
15872 2.72
15872 0.32
15758 7.92
15758 1.4
15758 45.24
15758 29.04
15758 2.72
15758 0.32
15815 7.92
15815 1.4
15815 45.24
15815 29.04
15815 2.72
15815 0.32
15993 7.92
15993 1.4
15993 45.24
15993 29.04
15993 2.72
15993 0.32
15935 7.92
15935 1.4
15935 45.24
15935 29.04
15935 2.72
15935 0.32
15873 7.92
15873 1.4
15873 45.24
15873 29.04
15873 2.72
15873 0.32
15759 7.92
15759 1.4
15759 45.24
15759 29.04
15759 2.72
15759 0.32
15816 7.92
15816 1.4
15816 45.24
15816 29.04
15816 2.72
15816 0.32
15994 7.92
15994 1.4
15994 45.24
15994 29.04
15994 2.72
15994 0.32
15936 7.92
15936 1.4
15936 45.24
15936 29.04
15936 2.72
15936 0.32
15874 7.92
15874 1.4
15874 45.24
15874 29.04
15874 2.72
15874 0.32
15760 7.92
15760 1.4
15760 45.24
15760 29.04
15760 2.72
15760 0.32
15817 7.92
15817 1.4
15817 45.24
15817 29.04
15817 2.72
15817 0.32
15995 7.92
15995 1.4
15995 45.24
15995 29.04
15995 2.72
15995 0.32
15937 7.92
15937 1.4
15937 45.24
15937 29.04
15937 2.72
15937 0.32
15875 7.92
15875 1.4
15875 45.24
15875 29.04
15875 2.72
15875 0.32
15761 7.92
15761 1.4
15761 45.24
15761 29.04
15761 2.72
15761 0.32
15818 7.92
15818 1.4
15818 45.24
15818 29.04
15818 2.72
15818 0.32
15996 7.92
15996 1.4
15996 45.24
15996 29.04
15996 2.72
15996 0.32
15938 7.92
15938 1.4
15938 45.24
15938 29.04
15938 2.72
15938 0.32
15876 7.92
15876 1.4
15876 45.24
15876 29.04
15876 2.72
15876 0.32
15819 7.92
15819 1.4
15819 45.24
15819 29.04
15819 2.72
15819 0.32
15997 7.92
15997 1.4
15997 45.24
15997 29.04
15997 2.72
15997 0.32
15939 7.92
15939 1.4
15939 45.24
15939 29.04
15939 2.72
15939 0.32
15877 7.92
15877 1.4
15877 45.24
15877 29.04
15877 2.72
15877 0.32
15820 7.92
15820 1.4
15820 45.24
15820 29.04
15820 2.72
15820 0.32
16056 7.92
16056 1.4
16056 45.24
16056 29.04
16056 2.72
16056 0.32
15998 7.92
15998 1.4
15998 45.24
15998 29.04
15998 2.72
15998 0.32
15940 7.92
15940 1.4
15940 45.24
15940 29.04
15940 2.72
15940 0.32
15878 7.92
15878 1.4
15878 45.24
15878 29.04
15878 2.72
15878 0.32
15821 7.92
15821 1.4
15821 45.24
15821 29.04
15821 2.72
15821 0.32
16057 7.92
16057 1.4
16057 45.24
16057 29.04
16057 2.72
16057 0.32
15999 7.92
15999 1.4
15999 45.24
15999 29.04
15999 2.72
15999 0.32
15941 7.92
15941 1.4
15941 45.24
15941 29.04
15941 2.72
15941 0.32
15879 7.92
15879 1.4
15879 45.24
15879 29.04
15879 2.72
15879 0.32
15822 7.92
15822 1.4
15822 45.24
15822 29.04
15822 2.72
15822 0.32
16058 7.92
16058 1.4
16058 45.24
16058 29.04
16058 2.72
16058 0.32
16000 7.92
16000 1.4
16000 45.24
16000 29.04
16000 2.72
16000 0.32
15942 7.92
15942 1.4
15942 45.24
15942 29.04
15942 2.72
15942 0.32
15880 7.92
15880 1.4
15880 45.24
15880 29.04
15880 2.72
15880 0.32
15823 7.92
15823 1.4
15823 45.24
15823 29.04
15823 2.72
15823 0.32
16059 7.92
16059 1.4
16059 45.24
16059 29.04
16059 2.72
16059 0.32
16001 7.92
16001 1.4
16001 45.24
16001 29.04
16001 2.72
16001 0.32
15943 7.92
15943 1.4
15943 45.24
15943 29.04
15943 2.72
15943 0.32
15881 7.92
15881 1.4
15881 45.24
15881 29.04
15881 2.72
15881 0.32
15824 7.92
15824 1.4
15824 45.24
15824 29.04
15824 2.72
15824 0.32
16060 7.92
16060 1.4
16060 45.24
16060 29.04
16060 2.72
16060 0.32
16002 7.92
16002 1.4
16002 45.24
16002 29.04
16002 2.72
16002 0.32
15944 7.92
15944 1.4
15944 45.24
15944 29.04
15944 2.72
15944 0.32
15882 7.92
15882 1.4
15882 45.24
15882 29.04
15882 2.72
15882 0.32
16061 7.92
16061 1.4
16061 45.24
16061 29.04
16061 2.72
16061 0.32
16003 7.92
16003 1.4
16003 45.24
16003 29.04
16003 2.72
16003 0.32
15945 7.92
15945 1.4
15945 45.24
15945 29.04
15945 2.72
15945 0.32
15883 7.92
15883 1.4
15883 45.24
15883 29.04
15883 2.72
15883 0.32
16122 7.92
16122 1.4
16122 45.24
16122 29.04
16122 2.72
16122 0.32
16062 7.92
16062 1.4
16062 45.24
16062 29.04
16062 2.72
16062 0.32
16004 7.92
16004 1.4
16004 45.24
16004 29.04
16004 2.72
16004 0.32
15946 7.92
15946 1.4
15946 45.24
15946 29.04
15946 2.72
15946 0.32
15884 7.92
15884 1.4
15884 45.24
15884 29.04
15884 2.72
15884 0.32
16123 7.92
16123 1.4
16123 45.24
16123 29.04
16123 2.72
16123 0.32
16063 7.92
16063 1.4
16063 45.24
16063 29.04
16063 2.72
16063 0.32
16005 7.92
16005 1.4
16005 45.24
16005 29.04
16005 2.72
16005 0.32
15885 7.92
15885 1.4
15885 45.24
15885 29.04
15885 2.72
15885 0.32
15947 7.92
15947 1.4
15947 45.24
15947 29.04
15947 2.72
15947 0.32
16124 7.92
16124 1.4
16124 45.24
16124 29.04
16124 2.72
16124 0.32
16064 7.92
16064 1.4
16064 45.24
16064 29.04
16064 2.72
16064 0.32
16006 7.92
16006 1.4
16006 45.24
16006 29.04
16006 2.72
16006 0.32
15886 7.92
15886 1.4
15886 45.24
15886 29.04
15886 2.72
15886 0.32
15948 7.92
15948 1.4
15948 45.24
15948 29.04
15948 2.72
15948 0.32
16125 7.92
16125 1.4
16125 45.24
16125 29.04
16125 2.72
16125 0.32
16065 7.92
16065 1.4
16065 45.24
16065 29.04
16065 2.72
16065 0.32
16007 7.92
16007 1.4
16007 45.24
16007 29.04
16007 2.72
16007 0.32
15887 7.92
15887 1.4
15887 45.24
15887 29.04
15887 2.72
15887 0.32
15949 7.92
15949 1.4
15949 45.24
15949 29.04
15949 2.72
15949 0.32
16126 7.92
16126 1.4
16126 45.24
16126 29.04
16126 2.72
16126 0.32
16066 7.92
16066 1.4
16066 45.24
16066 29.04
16066 2.72
16066 0.32
16008 7.92
16008 1.4
16008 45.24
16008 29.04
16008 2.72
16008 0.32
15950 7.92
15950 1.4
15950 45.24
15950 29.04
15950 2.72
15950 0.32
16127 7.92
16127 1.4
16127 45.24
16127 29.04
16127 2.72
16127 0.32
16067 7.92
16067 1.4
16067 45.24
16067 29.04
16067 2.72
16067 0.32
16009 7.92
16009 1.4
16009 45.24
16009 29.04
16009 2.72
16009 0.32
15951 7.92
15951 1.4
15951 45.24
15951 29.04
15951 2.72
15951 0.32
16128 7.92
16128 1.4
16128 45.24
16128 29.04
16128 2.72
16128 0.32
16068 7.92
16068 1.4
16068 45.24
16068 29.04
16068 2.72
16068 0.32
16010 7.92
16010 1.4
16010 45.24
16010 29.04
16010 2.72
16010 0.32
15952 7.92
15952 1.4
15952 45.24
15952 29.04
15952 2.72
15952 0.32
16186 7.92
16186 1.4
16186 45.24
16186 29.04
16186 2.72
16186 0.32
16129 7.92
16129 1.4
16129 45.24
16129 29.04
16129 2.72
16129 0.32
16069 7.92
16069 1.4
16069 45.24
16069 29.04
16069 2.72
16069 0.32
16011 7.92
16011 1.4
16011 45.24
16011 29.04
16011 2.72
16011 0.32
15953 7.92
15953 1.4
15953 45.24
15953 29.04
15953 2.72
15953 0.32
16187 7.92
16187 1.4
16187 45.24
16187 29.04
16187 2.72
16187 0.32
16130 7.92
16130 1.4
16130 45.24
16130 29.04
16130 2.72
16130 0.32
16070 7.92
16070 1.4
16070 45.24
16070 29.04
16070 2.72
16070 0.32
15954 7.92
15954 1.4
15954 45.24
15954 29.04
15954 2.72
15954 0.32
16012 7.92
16012 1.4
16012 45.24
16012 29.04
16012 2.72
16012 0.32
16188 7.92
16188 1.4
16188 45.24
16188 29.04
16188 2.72
16188 0.32
16131 7.92
16131 1.4
16131 45.24
16131 29.04
16131 2.72
16131 0.32
16071 7.92
16071 1.4
16071 45.24
16071 29.04
16071 2.72
16071 0.32
15955 7.92
15955 1.4
15955 45.24
15955 29.04
15955 2.72
15955 0.32
16013 7.92
16013 1.4
16013 45.24
16013 29.04
16013 2.72
16013 0.32
16189 7.92
16189 1.4
16189 45.24
16189 29.04
16189 2.72
16189 0.32
16132 7.92
16132 1.4
16132 45.24
16132 29.04
16132 2.72
16132 0.32
16072 7.92
16072 1.4
16072 45.24
16072 29.04
16072 2.72
16072 0.32
16014 7.92
16014 1.4
16014 45.24
16014 29.04
16014 2.72
16014 0.32
16190 7.92
16190 1.4
16190 45.24
16190 29.04
16190 2.72
16190 0.32
16133 7.92
16133 1.4
16133 45.24
16133 29.04
16133 2.72
16133 0.32
16073 7.92
16073 1.4
16073 45.24
16073 29.04
16073 2.72
16073 0.32
16015 7.92
16015 1.4
16015 45.24
16015 29.04
16015 2.72
16015 0.32
16191 7.92
16191 1.4
16191 45.24
16191 29.04
16191 2.72
16191 0.32
16134 7.92
16134 1.4
16134 45.24
16134 29.04
16134 2.72
16134 0.32
16074 7.92
16074 1.4
16074 45.24
16074 29.04
16074 2.72
16074 0.32
16016 7.92
16016 1.4
16016 45.24
16016 29.04
16016 2.72
16016 0.32
16251 7.92
16251 1.4
16251 45.24
16251 29.04
16251 2.72
16251 0.32
16192 7.92
16192 1.4
16192 45.24
16192 29.04
16192 2.72
16192 0.32
16135 7.92
16135 1.4
16135 45.24
16135 29.04
16135 2.72
16135 0.32
16075 7.92
16075 1.4
16075 45.24
16075 29.04
16075 2.72
16075 0.32
16017 7.92
16017 1.4
16017 45.24
16017 29.04
16017 2.72
16017 0.32
16252 7.92
16252 1.4
16252 45.24
16252 29.04
16252 2.72
16252 0.32
16193 7.92
16193 1.4
16193 45.24
16193 29.04
16193 2.72
16193 0.32
16136 7.92
16136 1.4
16136 45.24
16136 29.04
16136 2.72
16136 0.32
16018 7.92
16018 1.4
16018 45.24
16018 29.04
16018 2.72
16018 0.32
16076 7.92
16076 1.4
16076 45.24
16076 29.04
16076 2.72
16076 0.32
16253 7.92
16253 1.4
16253 45.24
16253 29.04
16253 2.72
16253 0.32
16194 7.92
16194 1.4
16194 45.24
16194 29.04
16194 2.72
16194 0.32
16137 7.92
16137 1.4
16137 45.24
16137 29.04
16137 2.72
16137 0.32
16019 7.92
16019 1.4
16019 45.24
16019 29.04
16019 2.72
16019 0.32
16077 7.92
16077 1.4
16077 45.24
16077 29.04
16077 2.72
16077 0.32
16254 7.92
16254 1.4
16254 45.24
16254 29.04
16254 2.72
16254 0.32
16195 7.92
16195 1.4
16195 45.24
16195 29.04
16195 2.72
16195 0.32
16138 7.92
16138 1.4
16138 45.24
16138 29.04
16138 2.72
16138 0.32
16078 7.92
16078 1.4
16078 45.24
16078 29.04
16078 2.72
16078 0.32
16255 7.92
16255 1.4
16255 45.24
16255 29.04
16255 2.72
16255 0.32
16196 7.92
16196 1.4
16196 45.24
16196 29.04
16196 2.72
16196 0.32
16139 7.92
16139 1.4
16139 45.24
16139 29.04
16139 2.72
16139 0.32
16079 7.92
16079 1.4
16079 45.24
16079 29.04
16079 2.72
16079 0.32
16256 7.92
16256 1.4
16256 45.24
16256 29.04
16256 2.72
16256 0.32
16197 7.92
16197 1.4
16197 45.24
16197 29.04
16197 2.72
16197 0.32
16140 7.92
16140 1.4
16140 45.24
16140 29.04
16140 2.72
16140 0.32
16080 7.92
16080 1.4
16080 45.24
16080 29.04
16080 2.72
16080 0.32
16257 7.92
16257 1.4
16257 45.24
16257 29.04
16257 2.72
16257 0.32
16198 7.92
16198 1.4
16198 45.24
16198 29.04
16198 2.72
16198 0.32
16141 7.92
16141 1.4
16141 45.24
16141 29.04
16141 2.72
16141 0.32
16316 7.92
16316 1.4
16316 45.24
16316 29.04
16316 2.72
16316 0.32
16081 7.92
16081 1.4
16081 45.24
16081 29.04
16081 2.72
16081 0.32
16258 7.92
16258 1.4
16258 45.24
16258 29.04
16258 2.72
16258 0.32
16199 7.92
16199 1.4
16199 45.24
16199 29.04
16199 2.72
16199 0.32
16142 7.92
16142 1.4
16142 45.24
16142 29.04
16142 2.72
16142 0.32
16082 7.92
16082 1.4
16082 45.24
16082 29.04
16082 2.72
16082 0.32
16317 7.92
16317 1.4
16317 45.24
16317 29.04
16317 2.72
16317 0.32
16259 7.92
16259 1.4
16259 45.24
16259 29.04
16259 2.72
16259 0.32
16200 7.92
16200 1.4
16200 45.24
16200 29.04
16200 2.72
16200 0.32
16143 7.92
16143 1.4
16143 45.24
16143 29.04
16143 2.72
16143 0.32
16083 7.92
16083 1.4
16083 45.24
16083 29.04
16083 2.72
16083 0.32
16318 7.92
16318 1.4
16318 45.24
16318 29.04
16318 2.72
16318 0.32
16260 7.92
16260 1.4
16260 45.24
16260 29.04
16260 2.72
16260 0.32
16201 7.92
16201 1.4
16201 45.24
16201 29.04
16201 2.72
16201 0.32
16144 7.92
16144 1.4
16144 45.24
16144 29.04
16144 2.72
16144 0.32
16319 7.92
16319 1.4
16319 45.24
16319 29.04
16319 2.72
16319 0.32
16261 7.92
16261 1.4
16261 45.24
16261 29.04
16261 2.72
16261 0.32
16202 7.92
16202 1.4
16202 45.24
16202 29.04
16202 2.72
16202 0.32
16145 7.92
16145 1.4
16145 45.24
16145 29.04
16145 2.72
16145 0.32
16320 7.92
16320 1.4
16320 45.24
16320 29.04
16320 2.72
16320 0.32
16262 7.92
16262 1.4
16262 45.24
16262 29.04
16262 2.72
16262 0.32
16203 7.92
16203 1.4
16203 45.24
16203 29.04
16203 2.72
16203 0.32
16146 7.92
16146 1.4
16146 45.24
16146 29.04
16146 2.72
16146 0.32
16321 7.92
16321 1.4
16321 45.24
16321 29.04
16321 2.72
16321 0.32
16263 7.92
16263 1.4
16263 45.24
16263 29.04
16263 2.72
16263 0.32
16204 7.92
16204 1.4
16204 45.24
16204 29.04
16204 2.72
16204 0.32
16380 7.92
16380 1.4
16380 45.24
16380 29.04
16380 2.72
16380 0.32
16147 7.92
16147 1.4
16147 45.24
16147 29.04
16147 2.72
16147 0.32
16322 7.92
16322 1.4
16322 45.24
16322 29.04
16322 2.72
16322 0.32
16264 7.92
16264 1.4
16264 45.24
16264 29.04
16264 2.72
16264 0.32
16205 7.92
16205 1.4
16205 45.24
16205 29.04
16205 2.72
16205 0.32
16148 7.92
16148 1.4
16148 45.24
16148 29.04
16148 2.72
16148 0.32
16381 7.92
16381 1.4
16381 45.24
16381 29.04
16381 2.72
16381 0.32
16323 7.92
16323 1.4
16323 45.24
16323 29.04
16323 2.72
16323 0.32
16265 7.92
16265 1.4
16265 45.24
16265 29.04
16265 2.72
16265 0.32
16149 7.92
16149 1.4
16149 45.24
16149 29.04
16149 2.72
16149 0.32
16206 7.92
16206 1.4
16206 45.24
16206 29.04
16206 2.72
16206 0.32
16382 7.92
16382 1.4
16382 45.24
16382 29.04
16382 2.72
16382 0.32
16324 7.92
16324 1.4
16324 45.24
16324 29.04
16324 2.72
16324 0.32
16266 7.92
16266 1.4
16266 45.24
16266 29.04
16266 2.72
16266 0.32
16207 7.92
16207 1.4
16207 45.24
16207 29.04
16207 2.72
16207 0.32
16383 7.92
16383 1.4
16383 45.24
16383 29.04
16383 2.72
16383 0.32
16325 7.92
16325 1.4
16325 45.24
16325 29.04
16325 2.72
16325 0.32
16267 7.92
16267 1.4
16267 45.24
16267 29.04
16267 2.72
16267 0.32
16208 7.92
16208 1.4
16208 45.24
16208 29.04
16208 2.72
16208 0.32
16384 7.92
16384 1.4
16384 45.24
16384 29.04
16384 2.72
16384 0.32
16326 7.92
16326 1.4
16326 45.24
16326 29.04
16326 2.72
16326 0.32
16268 7.92
16268 1.4
16268 45.24
16268 29.04
16268 2.72
16268 0.32
16209 7.92
16209 1.4
16209 45.24
16209 29.04
16209 2.72
16209 0.32
16385 7.92
16385 1.4
16385 45.24
16385 29.04
16385 2.72
16385 0.32
16327 7.92
16327 1.4
16327 45.24
16327 29.04
16327 2.72
16327 0.32
16443 7.92
16443 1.4
16443 45.24
16443 29.04
16443 2.72
16443 0.32
16269 7.92
16269 1.4
16269 45.24
16269 29.04
16269 2.72
16269 0.32
16210 7.92
16210 1.4
16210 45.24
16210 29.04
16210 2.72
16210 0.32
16386 7.92
16386 1.4
16386 45.24
16386 29.04
16386 2.72
16386 0.32
16328 7.92
16328 1.4
16328 45.24
16328 29.04
16328 2.72
16328 0.32
16270 7.92
16270 1.4
16270 45.24
16270 29.04
16270 2.72
16270 0.32
16211 7.92
16211 1.4
16211 45.24
16211 29.04
16211 2.72
16211 0.32
16444 7.92
16444 1.4
16444 45.24
16444 29.04
16444 2.72
16444 0.32
16387 7.92
16387 1.4
16387 45.24
16387 29.04
16387 2.72
16387 0.32
16329 7.92
16329 1.4
16329 45.24
16329 29.04
16329 2.72
16329 0.32
16271 7.92
16271 1.4
16271 45.24
16271 29.04
16271 2.72
16271 0.32
16212 7.92
16212 1.4
16212 45.24
16212 29.04
16212 2.72
16212 0.32
16445 7.92
16445 1.4
16445 45.24
16445 29.04
16445 2.72
16445 0.32
16388 7.92
16388 1.4
16388 45.24
16388 29.04
16388 2.72
16388 0.32
16330 7.92
16330 1.4
16330 45.24
16330 29.04
16330 2.72
16330 0.32
16272 7.92
16272 1.4
16272 45.24
16272 29.04
16272 2.72
16272 0.32
16446 7.92
16446 1.4
16446 45.24
16446 29.04
16446 2.72
16446 0.32
16389 7.92
16389 1.4
16389 45.24
16389 29.04
16389 2.72
16389 0.32
16331 7.92
16331 1.4
16331 45.24
16331 29.04
16331 2.72
16331 0.32
16273 7.92
16273 1.4
16273 45.24
16273 29.04
16273 2.72
16273 0.32
16447 7.92
16447 1.4
16447 45.24
16447 29.04
16447 2.72
16447 0.32
16390 7.92
16390 1.4
16390 45.24
16390 29.04
16390 2.72
16390 0.32
16332 7.92
16332 1.4
16332 45.24
16332 29.04
16332 2.72
16332 0.32
16274 7.92
16274 1.4
16274 45.24
16274 29.04
16274 2.72
16274 0.32
16448 7.92
16448 1.4
16448 45.24
16448 29.04
16448 2.72
16448 0.32
16391 7.92
16391 1.4
16391 45.24
16391 29.04
16391 2.72
16391 0.32
16333 7.92
16333 1.4
16333 45.24
16333 29.04
16333 2.72
16333 0.32
16275 7.92
16275 1.4
16275 45.24
16275 29.04
16275 2.72
16275 0.32
16449 7.92
16449 1.4
16449 45.24
16449 29.04
16449 2.72
16449 0.32
16392 7.92
16392 1.4
16392 45.24
16392 29.04
16392 2.72
16392 0.32
16334 7.92
16334 1.4
16334 45.24
16334 29.04
16334 2.72
16334 0.32
16276 7.92
16276 1.4
16276 45.24
16276 29.04
16276 2.72
16276 0.32
16450 7.92
16450 1.4
16450 45.24
16450 29.04
16450 2.72
16450 0.32
16393 7.92
16393 1.4
16393 45.24
16393 29.04
16393 2.72
16393 0.32
16335 7.92
16335 1.4
16335 45.24
16335 29.04
16335 2.72
16335 0.32
16506 7.92
16506 1.4
16506 45.24
16506 29.04
16506 2.72
16506 0.32
16451 7.92
16451 1.4
16451 45.24
16451 29.04
16451 2.72
16451 0.32
16394 7.92
16394 1.4
16394 45.24
16394 29.04
16394 2.72
16394 0.32
16336 7.92
16336 1.4
16336 45.24
16336 29.04
16336 2.72
16336 0.32
16507 7.92
16507 1.4
16507 45.24
16507 29.04
16507 2.72
16507 0.32
16452 7.92
16452 1.4
16452 45.24
16452 29.04
16452 2.72
16452 0.32
16395 7.92
16395 1.4
16395 45.24
16395 29.04
16395 2.72
16395 0.32
16337 7.92
16337 1.4
16337 45.24
16337 29.04
16337 2.72
16337 0.32
16508 7.92
16508 1.4
16508 45.24
16508 29.04
16508 2.72
16508 0.32
16453 7.92
16453 1.4
16453 45.24
16453 29.04
16453 2.72
16453 0.32
16396 7.92
16396 1.4
16396 45.24
16396 29.04
16396 2.72
16396 0.32
16338 7.92
16338 1.4
16338 45.24
16338 29.04
16338 2.72
16338 0.32
16509 7.92
16509 1.4
16509 45.24
16509 29.04
16509 2.72
16509 0.32
16454 7.92
16454 1.4
16454 45.24
16454 29.04
16454 2.72
16454 0.32
16397 7.92
16397 1.4
16397 45.24
16397 29.04
16397 2.72
16397 0.32
16339 7.92
16339 1.4
16339 45.24
16339 29.04
16339 2.72
16339 0.32
16510 7.92
16510 1.4
16510 45.24
16510 29.04
16510 2.72
16510 0.32
16455 7.92
16455 1.4
16455 45.24
16455 29.04
16455 2.72
16455 0.32
16398 7.92
16398 1.4
16398 45.24
16398 29.04
16398 2.72
16398 0.32
16340 7.92
16340 1.4
16340 45.24
16340 29.04
16340 2.72
16340 0.32
16511 7.92
16511 1.4
16511 45.24
16511 29.04
16511 2.72
16511 0.32
16456 7.92
16456 1.4
16456 45.24
16456 29.04
16456 2.72
16456 0.32
16399 7.92
16399 1.4
16399 45.24
16399 29.04
16399 2.72
16399 0.32
16512 7.92
16512 1.4
16512 45.24
16512 29.04
16512 2.72
16512 0.32
16457 7.92
16457 1.4
16457 45.24
16457 29.04
16457 2.72
16457 0.32
16400 7.92
16400 1.4
16400 45.24
16400 29.04
16400 2.72
16400 0.32
16562 7.92
16562 1.4
16562 45.24
16562 29.04
16562 2.72
16562 0.32
16513 7.92
16513 1.4
16513 45.24
16513 29.04
16513 2.72
16513 0.32
16458 7.92
16458 1.4
16458 45.24
16458 29.04
16458 2.72
16458 0.32
16401 7.92
16401 1.4
16401 45.24
16401 29.04
16401 2.72
16401 0.32
16563 7.92
16563 1.4
16563 45.24
16563 29.04
16563 2.72
16563 0.32
16514 7.92
16514 1.4
16514 45.24
16514 29.04
16514 2.72
16514 0.32
16459 7.92
16459 1.4
16459 45.24
16459 29.04
16459 2.72
16459 0.32
16402 7.92
16402 1.4
16402 45.24
16402 29.04
16402 2.72
16402 0.32
16564 7.92
16564 1.4
16564 45.24
16564 29.04
16564 2.72
16564 0.32
16515 7.92
16515 1.4
16515 45.24
16515 29.04
16515 2.72
16515 0.32
16460 7.92
16460 1.4
16460 45.24
16460 29.04
16460 2.72
16460 0.32
16403 7.92
16403 1.4
16403 45.24
16403 29.04
16403 2.72
16403 0.32
16565 7.92
16565 1.4
16565 45.24
16565 29.04
16565 2.72
16565 0.32
16516 7.92
16516 1.4
16516 45.24
16516 29.04
16516 2.72
16516 0.32
16461 7.92
16461 1.4
16461 45.24
16461 29.04
16461 2.72
16461 0.32
16404 7.92
16404 1.4
16404 45.24
16404 29.04
16404 2.72
16404 0.32
16566 7.92
16566 1.4
16566 45.24
16566 29.04
16566 2.72
16566 0.32
16517 7.92
16517 1.4
16517 45.24
16517 29.04
16517 2.72
16517 0.32
16462 7.92
16462 1.4
16462 45.24
16462 29.04
16462 2.72
16462 0.32
16567 7.92
16567 1.4
16567 45.24
16567 29.04
16567 2.72
16567 0.32
16518 7.92
16518 1.4
16518 45.24
16518 29.04
16518 2.72
16518 0.32
16463 7.92
16463 1.4
16463 45.24
16463 29.04
16463 2.72
16463 0.32
16568 7.92
16568 1.4
16568 45.24
16568 29.04
16568 2.72
16568 0.32
16519 7.92
16519 1.4
16519 45.24
16519 29.04
16519 2.72
16519 0.32
16464 7.92
16464 1.4
16464 45.24
16464 29.04
16464 2.72
16464 0.32
16614 7.92
16614 1.4
16614 45.24
16614 29.04
16614 2.72
16614 0.32
16569 7.92
16569 1.4
16569 45.24
16569 29.04
16569 2.72
16569 0.32
16520 7.92
16520 1.4
16520 45.24
16520 29.04
16520 2.72
16520 0.32
16465 7.92
16465 1.4
16465 45.24
16465 29.04
16465 2.72
16465 0.32
16615 7.92
16615 1.4
16615 45.24
16615 29.04
16615 2.72
16615 0.32
16570 7.92
16570 1.4
16570 45.24
16570 29.04
16570 2.72
16570 0.32
16521 7.92
16521 1.4
16521 45.24
16521 29.04
16521 2.72
16521 0.32
16466 7.92
16466 1.4
16466 45.24
16466 29.04
16466 2.72
16466 0.32
16616 7.92
16616 1.4
16616 45.24
16616 29.04
16616 2.72
16616 0.32
16571 7.92
16571 1.4
16571 45.24
16571 29.04
16571 2.72
16571 0.32
16522 7.92
16522 1.4
16522 45.24
16522 29.04
16522 2.72
16522 0.32
16467 7.92
16467 1.4
16467 45.24
16467 29.04
16467 2.72
16467 0.32
16617 7.92
16617 1.4
16617 45.24
16617 29.04
16617 2.72
16617 0.32
16572 7.92
16572 1.4
16572 45.24
16572 29.04
16572 2.72
16572 0.32
16523 7.92
16523 1.4
16523 45.24
16523 29.04
16523 2.72
16523 0.32
16618 7.92
16618 1.4
16618 45.24
16618 29.04
16618 2.72
16618 0.32
16573 7.92
16573 1.4
16573 45.24
16573 29.04
16573 2.72
16573 0.32
16524 7.92
16524 1.4
16524 45.24
16524 29.04
16524 2.72
16524 0.32
16619 7.92
16619 1.4
16619 45.24
16619 29.04
16619 2.72
16619 0.32
16574 7.92
16574 1.4
16574 45.24
16574 29.04
16574 2.72
16574 0.32
16525 7.92
16525 1.4
16525 45.24
16525 29.04
16525 2.72
16525 0.32
16620 7.92
16620 1.4
16620 45.24
16620 29.04
16620 2.72
16620 0.32
16575 7.92
16575 1.4
16575 45.24
16575 29.04
16575 2.72
16575 0.32
16526 7.92
16526 1.4
16526 45.24
16526 29.04
16526 2.72
16526 0.32
16670 7.92
16670 1.4
16670 45.24
16670 29.04
16670 2.72
16670 0.32
16621 7.92
16621 1.4
16621 45.24
16621 29.04
16621 2.72
16621 0.32
16576 7.92
16576 1.4
16576 45.24
16576 29.04
16576 2.72
16576 0.32
16527 7.92
16527 1.4
16527 45.24
16527 29.04
16527 2.72
16527 0.32
16671 7.92
16671 1.4
16671 45.24
16671 29.04
16671 2.72
16671 0.32
16622 7.92
16622 1.4
16622 45.24
16622 29.04
16622 2.72
16622 0.32
16577 7.92
16577 1.4
16577 45.24
16577 29.04
16577 2.72
16577 0.32
16672 7.92
16672 1.4
16672 45.24
16672 29.04
16672 2.72
16672 0.32
16623 7.92
16623 1.4
16623 45.24
16623 29.04
16623 2.72
16623 0.32
16578 7.92
16578 1.4
16578 45.24
16578 29.04
16578 2.72
16578 0.32
16673 7.92
16673 1.4
16673 45.24
16673 29.04
16673 2.72
16673 0.32
16624 7.92
16624 1.4
16624 45.24
16624 29.04
16624 2.72
16624 0.32
16579 7.92
16579 1.4
16579 45.24
16579 29.04
16579 2.72
16579 0.32
16674 7.92
16674 1.4
16674 45.24
16674 29.04
16674 2.72
16674 0.32
16625 7.92
16625 1.4
16625 45.24
16625 29.04
16625 2.72
16625 0.32
16580 7.92
16580 1.4
16580 45.24
16580 29.04
16580 2.72
16580 0.32
16675 7.92
16675 1.4
16675 45.24
16675 29.04
16675 2.72
16675 0.32
16626 7.92
16626 1.4
16626 45.24
16626 29.04
16626 2.72
16626 0.32
16581 7.92
16581 1.4
16581 45.24
16581 29.04
16581 2.72
16581 0.32
16676 7.92
16676 1.4
16676 45.24
16676 29.04
16676 2.72
16676 0.32
16627 7.92
16627 1.4
16627 45.24
16627 29.04
16627 2.72
16627 0.32
16582 7.92
16582 1.4
16582 45.24
16582 29.04
16582 2.72
16582 0.32
16720 7.92
16720 1.4
16720 45.24
16720 29.04
16720 2.72
16720 0.32
16677 7.92
16677 1.4
16677 45.24
16677 29.04
16677 2.72
16677 0.32
16628 7.92
16628 1.4
16628 45.24
16628 29.04
16628 2.72
16628 0.32
16721 7.92
16721 1.4
16721 45.24
16721 29.04
16721 2.72
16721 0.32
16678 7.92
16678 1.4
16678 45.24
16678 29.04
16678 2.72
16678 0.32
16629 7.92
16629 1.4
16629 45.24
16629 29.04
16629 2.72
16629 0.32
16722 7.92
16722 1.4
16722 45.24
16722 29.04
16722 2.72
16722 0.32
16679 7.92
16679 1.4
16679 45.24
16679 29.04
16679 2.72
16679 0.32
16630 7.92
16630 1.4
16630 45.24
16630 29.04
16630 2.72
16630 0.32
16723 7.92
16723 1.4
16723 45.24
16723 29.04
16723 2.72
16723 0.32
16680 7.92
16680 1.4
16680 45.24
16680 29.04
16680 2.72
16680 0.32
16631 7.92
16631 1.4
16631 45.24
16631 29.04
16631 2.72
16631 0.32
16724 7.92
16724 1.4
16724 45.24
16724 29.04
16724 2.72
16724 0.32
16681 7.92
16681 1.4
16681 45.24
16681 29.04
16681 2.72
16681 0.32
16632 7.92
16632 1.4
16632 45.24
16632 29.04
16632 2.72
16632 0.32
16725 7.92
16725 1.4
16725 45.24
16725 29.04
16725 2.72
16725 0.32
16682 7.92
16682 1.4
16682 45.24
16682 29.04
16682 2.72
16682 0.32
16633 7.92
16633 1.4
16633 45.24
16633 29.04
16633 2.72
16633 0.32
16726 7.92
16726 1.4
16726 45.24
16726 29.04
16726 2.72
16726 0.32
16683 7.92
16683 1.4
16683 45.24
16683 29.04
16683 2.72
16683 0.32
16767 7.92
16767 1.4
16767 45.24
16767 29.04
16767 2.72
16767 0.32
16727 7.92
16727 1.4
16727 45.24
16727 29.04
16727 2.72
16727 0.32
16684 7.92
16684 1.4
16684 45.24
16684 29.04
16684 2.72
16684 0.32
16768 7.92
16768 1.4
16768 45.24
16768 29.04
16768 2.72
16768 0.32
16728 7.92
16728 1.4
16728 45.24
16728 29.04
16728 2.72
16728 0.32
16685 7.92
16685 1.4
16685 45.24
16685 29.04
16685 2.72
16685 0.32
16769 7.92
16769 1.4
16769 45.24
16769 29.04
16769 2.72
16769 0.32
16729 7.92
16729 1.4
16729 45.24
16729 29.04
16729 2.72
16729 0.32
16686 7.92
16686 1.4
16686 45.24
16686 29.04
16686 2.72
16686 0.32
16770 7.92
16770 1.4
16770 45.24
16770 29.04
16770 2.72
16770 0.32
16730 7.92
16730 1.4
16730 45.24
16730 29.04
16730 2.72
16730 0.32
16687 7.92
16687 1.4
16687 45.24
16687 29.04
16687 2.72
16687 0.32
16771 7.92
16771 1.4
16771 45.24
16771 29.04
16771 2.72
16771 0.32
16731 7.92
16731 1.4
16731 45.24
16731 29.04
16731 2.72
16731 0.32
16772 7.92
16772 1.4
16772 45.24
16772 29.04
16772 2.72
16772 0.32
16732 7.92
16732 1.4
16732 45.24
16732 29.04
16732 2.72
16732 0.32
16813 7.92
16813 1.4
16813 45.24
16813 29.04
16813 2.72
16813 0.32
16773 7.92
16773 1.4
16773 45.24
16773 29.04
16773 2.72
16773 0.32
16733 7.92
16733 1.4
16733 45.24
16733 29.04
16733 2.72
16733 0.32
16814 7.92
16814 1.4
16814 45.24
16814 29.04
16814 2.72
16814 0.32
16774 7.92
16774 1.4
16774 45.24
16774 29.04
16774 2.72
16774 0.32
16734 7.92
16734 1.4
16734 45.24
16734 29.04
16734 2.72
16734 0.32
16815 7.92
16815 1.4
16815 45.24
16815 29.04
16815 2.72
16815 0.32
16775 7.92
16775 1.4
16775 45.24
16775 29.04
16775 2.72
16775 0.32
16735 7.92
16735 1.4
16735 45.24
16735 29.04
16735 2.72
16735 0.32
16816 7.92
16816 1.4
16816 45.24
16816 29.04
16816 2.72
16816 0.32
16776 7.92
16776 1.4
16776 45.24
16776 29.04
16776 2.72
16776 0.32
16736 7.92
16736 1.4
16736 45.24
16736 29.04
16736 2.72
16736 0.32
16817 7.92
16817 1.4
16817 45.24
16817 29.04
16817 2.72
16817 0.32
16777 7.92
16777 1.4
16777 45.24
16777 29.04
16777 2.72
16777 0.32
16818 7.92
16818 1.4
16818 45.24
16818 29.04
16818 2.72
16818 0.32
16778 7.92
16778 1.4
16778 45.24
16778 29.04
16778 2.72
16778 0.32
16819 7.92
16819 1.4
16819 45.24
16819 29.04
16819 2.72
16819 0.32
16779 7.92
16779 1.4
16779 45.24
16779 29.04
16779 2.72
16779 0.32
16856 7.92
16856 1.4
16856 45.24
16856 29.04
16856 2.72
16856 0.32
16820 7.92
16820 1.4
16820 45.24
16820 29.04
16820 2.72
16820 0.32
16780 7.92
16780 1.4
16780 45.24
16780 29.04
16780 2.72
16780 0.32
16857 7.92
16857 1.4
16857 45.24
16857 29.04
16857 2.72
16857 0.32
16821 7.92
16821 1.4
16821 45.24
16821 29.04
16821 2.72
16821 0.32
16781 7.92
16781 1.4
16781 45.24
16781 29.04
16781 2.72
16781 0.32
16858 7.92
16858 1.4
16858 45.24
16858 29.04
16858 2.72
16858 0.32
16822 7.92
16822 1.4
16822 45.24
16822 29.04
16822 2.72
16822 0.32
16859 7.92
16859 1.4
16859 45.24
16859 29.04
16859 2.72
16859 0.32
16823 7.92
16823 1.4
16823 45.24
16823 29.04
16823 2.72
16823 0.32
16860 7.92
16860 1.4
16860 45.24
16860 29.04
16860 2.72
16860 0.32
16824 7.92
16824 1.4
16824 45.24
16824 29.04
16824 2.72
16824 0.32
16861 7.92
16861 1.4
16861 45.24
16861 29.04
16861 2.72
16861 0.32
16825 7.92
16825 1.4
16825 45.24
16825 29.04
16825 2.72
16825 0.32
16895 7.92
16895 1.4
16895 45.24
16895 29.04
16895 2.72
16895 0.32
16862 7.92
16862 1.4
16862 45.24
16862 29.04
16862 2.72
16862 0.32
16826 7.92
16826 1.4
16826 45.24
16826 29.04
16826 2.72
16826 0.32
16896 7.92
16896 1.4
16896 45.24
16896 29.04
16896 2.72
16896 0.32
16863 7.92
16863 1.4
16863 45.24
16863 29.04
16863 2.72
16863 0.32
16827 7.92
16827 1.4
16827 45.24
16827 29.04
16827 2.72
16827 0.32
16897 7.92
16897 1.4
16897 45.24
16897 29.04
16897 2.72
16897 0.32
16864 7.92
16864 1.4
16864 45.24
16864 29.04
16864 2.72
16864 0.32
16898 7.92
16898 1.4
16898 45.24
16898 29.04
16898 2.72
16898 0.32
16865 7.92
16865 1.4
16865 45.24
16865 29.04
16865 2.72
16865 0.32
16899 7.92
16899 1.4
16899 45.24
16899 29.04
16899 2.72
16899 0.32
16866 7.92
16866 1.4
16866 45.24
16866 29.04
16866 2.72
16866 0.32
16900 7.92
16900 1.4
16900 45.24
16900 29.04
16900 2.72
16900 0.32
16867 7.92
16867 1.4
16867 45.24
16867 29.04
16867 2.72
16867 0.32
16901 7.92
16901 1.4
16901 45.24
16901 29.04
16901 2.72
16901 0.32
16868 7.92
16868 1.4
16868 45.24
16868 29.04
16868 2.72
16868 0.32
16936 7.92
16936 1.4
16936 45.24
16936 29.04
16936 2.72
16936 0.32
16902 7.92
16902 1.4
16902 45.24
16902 29.04
16902 2.72
16902 0.32
16937 7.92
16937 1.4
16937 45.24
16937 29.04
16937 2.72
16937 0.32
16903 7.92
16903 1.4
16903 45.24
16903 29.04
16903 2.72
16903 0.32
16938 7.92
16938 1.4
16938 45.24
16938 29.04
16938 2.72
16938 0.32
16904 7.92
16904 1.4
16904 45.24
16904 29.04
16904 2.72
16904 0.32
16939 7.92
16939 1.4
16939 45.24
16939 29.04
16939 2.72
16939 0.32
16905 7.92
16905 1.4
16905 45.24
16905 29.04
16905 2.72
16905 0.32
16940 7.92
16940 1.4
16940 45.24
16940 29.04
16940 2.72
16940 0.32
16906 7.92
16906 1.4
16906 45.24
16906 29.04
16906 2.72
16906 0.32
16972 7.92
16972 1.4
16972 45.24
16972 29.04
16972 2.72
16972 0.32
16941 7.92
16941 1.4
16941 45.24
16941 29.04
16941 2.72
16941 0.32
16973 7.92
16973 1.4
16973 45.24
16973 29.04
16973 2.72
16973 0.32
16942 7.92
16942 1.4
16942 45.24
16942 29.04
16942 2.72
16942 0.32
16974 7.92
16974 1.4
16974 45.24
16974 29.04
16974 2.72
16974 0.32
16943 7.92
16943 1.4
16943 45.24
16943 29.04
16943 2.72
16943 0.32
16975 7.92
16975 1.4
16975 45.24
16975 29.04
16975 2.72
16975 0.32
16944 7.92
16944 1.4
16944 45.24
16944 29.04
16944 2.72
16944 0.32
16976 7.92
16976 1.4
16976 45.24
16976 29.04
16976 2.72
16976 0.32
16945 7.92
16945 1.4
16945 45.24
16945 29.04
16945 2.72
16945 0.32
16977 7.92
16977 1.4
16977 45.24
16977 29.04
16977 2.72
16977 0.32
17013 7.92
17013 1.4
17013 45.24
17013 29.04
17013 2.72
17013 0.32
16978 7.92
16978 1.4
16978 45.24
16978 29.04
16978 2.72
16978 0.32
17014 7.92
17014 1.4
17014 45.24
17014 29.04
17014 2.72
17014 0.32
16979 7.92
16979 1.4
16979 45.24
16979 29.04
16979 2.72
16979 0.32
17015 7.92
17015 1.4
17015 45.24
17015 29.04
17015 2.72
17015 0.32
16980 7.92
16980 1.4
16980 45.24
16980 29.04
16980 2.72
16980 0.32
17016 7.92
17016 1.4
17016 45.24
17016 29.04
17016 2.72
17016 0.32
16981 7.92
16981 1.4
16981 45.24
16981 29.04
16981 2.72
16981 0.32
17054 7.92
17054 1.4
17054 45.24
17054 29.04
17054 2.72
17054 0.32
17017 7.92
17017 1.4
17017 45.24
17017 29.04
17017 2.72
17017 0.32
17055 7.92
17055 1.4
17055 45.24
17055 29.04
17055 2.72
17055 0.32
17018 7.92
17018 1.4
17018 45.24
17018 29.04
17018 2.72
17018 0.32
17056 7.92
17056 1.4
17056 45.24
17056 29.04
17056 2.72
17056 0.32
17019 7.92
17019 1.4
17019 45.24
17019 29.04
17019 2.72
17019 0.32
17057 7.92
17057 1.4
17057 45.24
17057 29.04
17057 2.72
17057 0.32
17020 7.92
17020 1.4
17020 45.24
17020 29.04
17020 2.72
17020 0.32
17058 7.92
17058 1.4
17058 45.24
17058 29.04
17058 2.72
17058 0.32
17021 7.92
17021 1.4
17021 45.24
17021 29.04
17021 2.72
17021 0.32
17059 7.92
17059 1.4
17059 45.24
17059 29.04
17059 2.72
17059 0.32
17060 7.92
17060 1.4
17060 45.24
17060 29.04
17060 2.72
17060 0.32
17097 7.92
17097 1.4
17097 45.24
17097 29.04
17097 2.72
17097 0.32
17061 7.92
17061 1.4
17061 45.24
17061 29.04
17061 2.72
17061 0.32
17098 7.92
17098 1.4
17098 45.24
17098 29.04
17098 2.72
17098 0.32
17062 7.92
17062 1.4
17062 45.24
17062 29.04
17062 2.72
17062 0.32
17099 7.92
17099 1.4
17099 45.24
17099 29.04
17099 2.72
17099 0.32
17063 7.92
17063 1.4
17063 45.24
17063 29.04
17063 2.72
17063 0.32
17100 7.92
17100 1.4
17100 45.24
17100 29.04
17100 2.72
17100 0.32
17101 7.92
17101 1.4
17101 45.24
17101 29.04
17101 2.72
17101 0.32
17102 7.92
17102 1.4
17102 45.24
17102 29.04
17102 2.72
17102 0.32
17137 7.92
17137 1.4
17137 45.24
17137 29.04
17137 2.72
17137 0.32
17103 7.92
17103 1.4
17103 45.24
17103 29.04
17103 2.72
17103 0.32
17138 7.92
17138 1.4
17138 45.24
17138 29.04
17138 2.72
17138 0.32
17139 7.92
17139 1.4
17139 45.24
17139 29.04
17139 2.72
17139 0.32
17140 7.92
17140 1.4
17140 45.24
17140 29.04
17140 2.72
17140 0.32
17141 7.92
17141 1.4
17141 45.24
17141 29.04
17141 2.72
17141 0.32
