pt_graph met
15860 3
15861 3
15862 3
15863 3
15864 3
15928 3
15929 3
15930 3
15931 3
15932 3
15933 3
15934 3
15935 3
15991 3
15992 3
15993 3
15994 3
15995 3
15996 3
15997 3
15998 3
15999 3
16000 3
16001 3
16002 3
16056 3
16057 3
16058 3
16059 3
16060 3
16061 3
16062 3
16065 3
16066 3
16067 3
16068 3
16127 3
16128 3
16129 3
16131 3
16132 3
16133 3
16134 3
16135 3
16136 3
16190 3
16191 3
16192 3
16193 3
16194 3
16195 3
16196 3
16197 3
16198 3
16199 3
16200 3
16253 3
16254 3
16255 3
16256 3
16257 3
16258 3
16259 3
16260 3
16261 3
16262 3
16263 3
16264 3
16265 3
16266 3
16267 3
16317 3
16318 3
16319 3
16320 3
16321 3
16322 3
16323 3
16324 3
16325 3
16326 3
16327 3
16328 3
16329 3
16330 3
16331 3
16332 3
16382 3
16383 3
16384 3
16385 3
16386 3
16387 3
16388 3
16389 3
16390 3
16391 3
16392 3
16393 3
16394 3
16395 3
16396 3
16397 3
16444 3
16445 3
16446 3
16447 3
16448 3
16449 3
16450 3
16451 3
16452 3
16453 3
16454 3
16455 3
16456 3
16457 3
16458 3
16459 3
16460 3
16461 3
16505 3
16506 3
16507 3
16508 3
16509 3
16510 3
16511 3
16512 3
16513 3
16514 3
16515 3
16516 3
16517 3
16518 3
16519 3
16520 3
16521 3
16522 3
16523 3
16524 3
16562 3
16563 3
16564 3
16565 3
16566 3
16567 3
16568 3
16569 3
16570 3
16571 3
16572 3
16573 3
16574 3
16575 3
16576 3
16577 3
16578 3
16579 3
16580 3
16613 3
16614 3
16615 3
16616 3
16617 3
16618 3
16619 3
16620 3
16621 3
16622 3
16623 3
16624 3
16625 3
16626 3
16627 3
16628 3
16629 3
16630 3
16631 3
16632 3
16670 3
16671 3
16672 3
16673 3
16674 3
16675 3
16676 3
16677 3
16678 3
16679 3
16680 3
16681 3
16682 3
16683 3
16684 3
16685 3
16686 3
16687 3
16688 3
16720 3
16721 3
16722 3
16723 3
16724 3
16725 3
16726 3
16727 3
16728 3
16729 3
16730 3
16731 3
16732 3
16733 3
16734 3
16735 3
16736 3
16737 3
16766 3
16767 3
16768 3
16769 3
16770 3
16771 3
16772 3
16773 3
16774 3
16775 3
16776 3
16777 3
16778 3
16779 3
16780 3
16781 3
16782 3
16783 3
16784 3
16813 3
16814 3
16815 3
16816 3
16817 3
16818 3
16819 3
16820 3
16821 3
16822 3
16823 3
16824 3
16825 3
16826 3
16827 3
16828 3
16829 3
16830 3
16831 3
16855 3
16856 3
16857 3
16858 3
16859 3
16860 3
16861 3
16862 3
16863 3
16864 3
16865 3
16866 3
16867 3
16868 3
16869 3
16870 3
16871 3
16872 3
16873 3
16874 3
16896 3
16897 3
16898 3
16899 3
16900 3
16901 3
16902 3
16903 3
16904 3
16905 3
16906 3
16907 3
16908 3
16909 3
16910 3
16911 3
16912 3
16913 3
16914 3
16936 3
16937 3
16938 3
16939 3
16940 3
16941 3
16942 3
16943 3
16944 3
16945 3
16946 3
16947 3
16948 3
16949 3
16950 3
16951 3
16952 3
16953 3
16954 3
16972 3
16973 3
16974 3
16975 3
16976 3
16977 3
16978 3
16979 3
16980 3
16981 3
16982 3
16983 3
16984 3
16985 3
16986 3
16987 3
16988 3
16989 3
16990 3
16991 3
16992 3
17014 3
17015 3
17016 3
17017 3
17018 3
17019 3
17020 3
17021 3
17022 3
17023 3
17024 3
17025 3
17026 3
17027 3
17028 3
17029 3
17030 3
17031 3
17032 3
17033 3
17056 3
17057 3
17058 3
17059 3
17060 3
17061 3
17062 3
17063 3
17064 3
17065 3
17066 3
17067 3
17068 3
17069 3
17070 3
17071 3
17072 3
17073 3
17074 3
17075 3
17076 3
17077 3
17097 3
17098 3
17099 3
17100 3
17101 3
17102 3
17103 3
17104 3
17105 3
17106 3
17107 3
17108 3
17109 3
17110 3
17111 3
17112 3
17113 3
17114 3
17115 3
17116 3
17117 3
17118 3
17119 3
17137 3
17138 3
17139 3
17140 3
17141 3
17142 3
17143 3
17144 3
17145 3
17146 3
17147 3
17148 3
17149 3
17150 3
17151 3
17152 3
17153 3
17154 3
17155 3
17156 3
17157 3
17158 3
17159 3
17176 3
17177 3
17178 3
17179 3
17180 3
17181 3
17182 3
17183 3
17184 3
17185 3
17186 3
17187 3
17188 3
17189 3
17190 3
17191 3
17192 3
17193 3
17194 3
17195 3
17196 3
17197 3
17198 3
17199 3
17200 3
17218 3
17219 3
17220 3
17221 3
17222 3
17223 3
17224 3
17225 3
17226 3
17227 3
17228 3
17229 3
17230 3
17231 3
17232 3
17233 3
17234 3
17235 3
17236 3
17237 3
17238 3
17239 3
17240 3
17241 3
17255 3
17256 3
17257 3
17258 3
17259 3
17260 3
17261 3
17262 3
17263 3
17264 3
17265 3
17266 3
17267 3
17268 3
17269 3
17270 3
17271 3
17272 3
17273 3
17274 3
17275 3
17276 3
17277 3
17278 3
17289 3
17290 3
17291 3
17292 3
17293 3
17294 3
17295 3
17296 3
17297 3
17298 3
17299 3
17300 3
17301 3
17302 3
17303 3
17304 3
17305 3
17306 3
17307 3
17308 3
17309 3
17310 3
17311 3
17312 3
17323 3
17324 3
17325 3
17326 3
17327 3
17328 3
17329 3
17330 3
17331 3
17332 3
17333 3
17334 3
17335 3
17336 3
17337 3
17338 3
17339 3
17340 3
17341 3
17342 3
17343 3
17344 3
17345 3
17346 3
17359 3
17360 3
17361 3
17362 3
17363 3
17364 3
17365 3
17366 3
17367 3
17368 3
17369 3
17370 3
17371 3
17372 3
17373 3
17374 3
17375 3
17376 3
17377 3
17378 3
17379 3
17380 3
17381 3
17394 3
17395 3
17396 3
17397 3
17398 3
17399 3
17400 3
17401 3
17402 3
17403 3
17404 3
17405 3
17406 3
17407 3
17408 3
17409 3
17410 3
17411 3
17412 3
17413 3
17414 3
17415 3
17416 3
17417 3
17429 3
17430 3
17431 3
17432 3
17433 3
17434 3
17435 3
17436 3
17437 3
17438 3
17439 3
17440 3
17441 3
17442 3
17443 3
17444 3
17445 3
17446 3
17447 3
17448 3
17449 3
17450 3
17451 3
17465 3
17466 3
17467 3
17468 3
17469 3
17470 3
17471 3
17472 3
17473 3
17474 3
17475 3
17476 3
17477 3
17478 3
17479 3
17480 3
17481 3
17482 3
17483 3
17484 3
17485 3
17486 3
17487 3
17501 3
17502 3
17503 3
17504 3
17505 3
17506 3
17507 3
17508 3
17509 3
17510 3
17511 3
17512 3
17513 3
17514 3
17515 3
17516 3
17517 3
17518 3
17519 3
17520 3
17521 3
17522 3
17523 3
17537 3
17538 3
17539 3
17540 3
17541 3
17542 3
17543 3
17544 3
17545 3
17546 3
17547 3
17548 3
17549 3
17550 3
17551 3
17552 3
17553 3
17554 3
17555 3
17556 3
17557 3
17558 3
17559 3
17571 3
17572 3
17573 3
17577 3
17578 3
17579 3
17580 3
17581 3
17582 3
17583 3
17584 3
17585 3
17586 3
17587 3
17588 3
17589 3
17590 3
17591 3
17592 3
17593 3
17612 3
17613 3
17614 3
17615 3
17616 3
17617 3
17618 3
17619 3
17620 3
17621 3
17622 3
17623 3
17624 3
17625 3
17626 3
17627 3
17628 3
17629 3
17648 3
17649 3
17650 3
17651 3
17652 3
17653 3
17654 3
17655 3
17656 3
17657 3
17658 3
17659 3
17660 3
17661 3
17662 3
17663 3
17664 3
17680 3
17681 3
17682 3
17683 3
17684 3
17685 3
17686 3
17687 3
17690 3
17691 3
17692 3
17693 3
17694 3
17695 3
17696 3
17719 3
17720 3
17721 3
17725 3
17726 3
17727 3
17728 3
17729 3
17730 3
17731 3
17755 3
17756 3
17759 3
17760 3
17761 3
17762 3
17763 3
17764 3
17765 3
17766 3
17791 3
17792 3
17793 3
17794 3
17795 3
17796 3
17797 3
17798 3
17799 3
17821 3
17822 3
17823 3
17824 3
17828 3
17829 3
