pt_graph shape
14271 1
14271 1
14271 1
14271 1
14271 1
14271 1
14272 1
14272 1
14272 1
14272 1
14272 1
14272 1
14339 1
14339 1
14339 1
14339 1
14339 1
14339 1
14341 1
14341 1
14341 1
14341 1
14341 1
14341 1
14342 1
14342 1
14342 1
14342 1
14342 1
14342 1
14409 1
14409 1
14409 1
14409 1
14409 1
14409 1
14410 1
14410 1
14410 1
14410 1
14410 1
14410 1
14411 1
14411 1
14411 1
14411 1
14411 1
14411 1
14413 1
14413 1
14413 1
14413 1
14413 1
14413 1
14414 1
14414 1
14414 1
14414 1
14414 1
14414 1
14486 1
14486 1
14486 1
14486 1
14486 1
14486 1
14488 1
14488 1
14488 1
14488 1
14488 1
14488 1
14557 1
14557 1
14557 1
14557 1
14557 1
14557 1
14558 1
14558 1
14558 1
14558 1
14558 1
14558 1
14560 1
14560 1
14560 1
14560 1
14560 1
14560 1
14628 1
14628 1
14628 1
14628 1
14628 1
14628 1
14630 1
14630 1
14630 1
14630 1
14630 1
14630 1
14697 1
14697 1
14697 1
14697 1
14697 1
14697 1
14699 1
14699 1
14699 1
14699 1
14699 1
14699 1
14781 1
14781 1
14781 1
14781 1
14781 1
14781 1
14782 1
14782 1
14782 1
14782 1
14782 1
14782 1
14783 1
14783 1
14783 1
14783 1
14783 1
14783 1
14850 1
14850 1
14850 1
14850 1
14850 1
14850 1
14851 1
14851 1
14851 1
14851 1
14851 1
14851 1
14852 1
14852 1
14852 1
14852 1
14852 1
14852 1
14854 1
14854 1
14854 1
14854 1
14854 1
14854 1
14855 1
14855 1
14855 1
14855 1
14855 1
14855 1
14921 1
14921 1
14921 1
14921 1
14921 1
14921 1
14856 1
14856 1
14856 1
14856 1
14856 1
14856 1
14922 1
14922 1
14922 1
14922 1
14922 1
14922 1
14923 1
14923 1
14923 1
14923 1
14923 1
14923 1
14925 1
14925 1
14925 1
14925 1
14925 1
14925 1
14926 1
14926 1
14926 1
14926 1
14926 1
14926 1
14992 1
14992 1
14992 1
14992 1
14992 1
14992 1
14927 1
14927 1
14927 1
14927 1
14927 1
14927 1
14994 1
14994 1
14994 1
14994 1
14994 1
14994 1
14995 1
14995 1
14995 1
14995 1
14995 1
14995 1
14996 1
14996 1
14996 1
14996 1
14996 1
14996 1
15063 1
15063 1
15063 1
15063 1
15063 1
15063 1
15064 1
15064 1
15064 1
15064 1
15064 1
15064 1
14999 1
14999 1
14999 1
14999 1
14999 1
14999 1
15065 1
15065 1
15065 1
15065 1
15065 1
15065 1
15066 1
15066 1
15066 1
15066 1
15066 1
15066 1
15067 1
15067 1
15067 1
15067 1
15067 1
15067 1
15134 1
15134 1
15134 1
15134 1
15134 1
15134 1
15069 1
15069 1
15069 1
15069 1
15069 1
15069 1
15135 1
15135 1
15135 1
15135 1
15135 1
15135 1
15136 1
15136 1
15136 1
15136 1
15136 1
15136 1
15071 1
15071 1
15071 1
15071 1
15071 1
15071 1
15072 1
15072 1
15072 1
15072 1
15072 1
15072 1
15137 1
15137 1
15137 1
15137 1
15137 1
15137 1
15073 1
15073 1
15073 1
15073 1
15073 1
15073 1
15138 1
15138 1
15138 1
15138 1
15138 1
15138 1
15204 1
15204 1
15204 1
15204 1
15204 1
15204 1
15140 1
15140 1
15140 1
15140 1
15140 1
15140 1
15205 1
15205 1
15205 1
15205 1
15205 1
15205 1
15206 1
15206 1
15206 1
15206 1
15206 1
15206 1
15142 1
15142 1
15142 1
15142 1
15142 1
15142 1
15207 1
15207 1
15207 1
15207 1
15207 1
15207 1
15143 1
15143 1
15143 1
15143 1
15143 1
15143 1
15208 1
15208 1
15208 1
15208 1
15208 1
15208 1
15209 1
15209 1
15209 1
15209 1
15209 1
15209 1
15273 1
15273 1
15273 1
15273 1
15273 1
15273 1
15210 1
15210 1
15210 1
15210 1
15210 1
15210 1
15274 1
15274 1
15274 1
15274 1
15274 1
15274 1
15275 1
15275 1
15275 1
15275 1
15275 1
15275 1
15212 1
15212 1
15212 1
15212 1
15212 1
15212 1
15276 1
15276 1
15276 1
15276 1
15276 1
15276 1
15213 1
15213 1
15213 1
15213 1
15213 1
15213 1
15277 1
15277 1
15277 1
15277 1
15277 1
15277 1
15215 1
15215 1
15215 1
15215 1
15215 1
15215 1
15278 1
15278 1
15278 1
15278 1
15278 1
15278 1
15342 1
15342 1
15342 1
15342 1
15342 1
15342 1
15343 1
15343 1
15343 1
15343 1
15343 1
15343 1
15280 1
15280 1
15280 1
15280 1
15280 1
15280 1
15344 1
15344 1
15344 1
15344 1
15344 1
15344 1
15281 1
15281 1
15281 1
15281 1
15281 1
15281 1
15345 1
15345 1
15345 1
15345 1
15345 1
15345 1
15282 1
15282 1
15282 1
15282 1
15282 1
15282 1
15346 1
15346 1
15346 1
15346 1
15346 1
15346 1
15283 1
15283 1
15283 1
15283 1
15283 1
15283 1
15347 1
15347 1
15347 1
15347 1
15347 1
15347 1
15348 1
15348 1
15348 1
15348 1
15348 1
15348 1
15410 1
15410 1
15410 1
15410 1
15410 1
15410 1
15349 1
15349 1
15349 1
15349 1
15349 1
15349 1
15411 1
15411 1
15411 1
15411 1
15411 1
15411 1
15350 1
15350 1
15350 1
15350 1
15350 1
15350 1
15413 1
15413 1
15413 1
15413 1
15413 1
15413 1
15414 1
15414 1
15414 1
15414 1
15414 1
15414 1
15415 1
15415 1
15415 1
15415 1
15415 1
15415 1
15477 1
15477 1
15477 1
15477 1
15477 1
15477 1
15416 1
15416 1
15416 1
15416 1
15416 1
15416 1
15478 1
15478 1
15478 1
15478 1
15478 1
15478 1
15417 1
15417 1
15417 1
15417 1
15417 1
15417 1
15479 1
15479 1
15479 1
15479 1
15479 1
15479 1
15357 1
15357 1
15357 1
15357 1
15357 1
15357 1
15480 1
15480 1
15480 1
15480 1
15480 1
15480 1
15358 1
15358 1
15358 1
15358 1
15358 1
15358 1
15481 1
15481 1
15481 1
15481 1
15481 1
15481 1
15482 1
15482 1
15482 1
15482 1
15482 1
15482 1
15483 1
15483 1
15483 1
15483 1
15483 1
15483 1
15484 1
15484 1
15484 1
15484 1
15484 1
15484 1
15546 1
15546 1
15546 1
15546 1
15546 1
15546 1
15485 1
15485 1
15485 1
15485 1
15485 1
15485 1
15424 1
15424 1
15424 1
15424 1
15424 1
15424 1
15547 1
15547 1
15547 1
15547 1
15547 1
15547 1
15548 1
15548 1
15548 1
15548 1
15548 1
15548 1
15549 1
15549 1
15549 1
15549 1
15549 1
15549 1
15550 1
15550 1
15550 1
15550 1
15550 1
15550 1
15551 1
15551 1
15551 1
15551 1
15551 1
15551 1
15491 1
15491 1
15491 1
15491 1
15491 1
15491 1
15552 1
15552 1
15552 1
15552 1
15552 1
15552 1
15492 1
15492 1
15492 1
15492 1
15492 1
15492 1
15615 1
15615 1
15615 1
15615 1
15615 1
15615 1
15493 1
15493 1
15493 1
15493 1
15493 1
15493 1
15616 1
15616 1
15616 1
15616 1
15616 1
15616 1
15617 1
15617 1
15617 1
15617 1
15617 1
15617 1
15618 1
15618 1
15618 1
15618 1
15618 1
15618 1
15557 1
15557 1
15557 1
15557 1
15557 1
15557 1
15619 1
15619 1
15619 1
15619 1
15619 1
15619 1
15681 1
15681 1
15681 1
15681 1
15681 1
15681 1
15559 1
15559 1
15559 1
15559 1
15559 1
15559 1
15682 1
15682 1
15682 1
15682 1
15682 1
15682 1
15683 1
15683 1
15683 1
15683 1
15683 1
15683 1
15684 1
15684 1
15684 1
15684 1
15684 1
15684 1
15685 1
15685 1
15685 1
15685 1
15685 1
15685 1
15625 1
15625 1
15625 1
15625 1
15625 1
15625 1
15686 1
15686 1
15686 1
15686 1
15686 1
15686 1
15627 1
15627 1
15627 1
15627 1
15627 1
15627 1
15749 1
15749 1
15749 1
15749 1
15749 1
15749 1
15750 1
15750 1
15750 1
15750 1
15750 1
15750 1
15751 1
15751 1
15751 1
15751 1
15751 1
15751 1
15692 1
15692 1
15692 1
15692 1
15692 1
15692 1
15752 1
15752 1
15752 1
15752 1
15752 1
15752 1
15693 1
15693 1
15693 1
15693 1
15693 1
15693 1
15753 1
15753 1
15753 1
15753 1
15753 1
15753 1
15754 1
15754 1
15754 1
15754 1
15754 1
15754 1
15758 1
15758 1
15758 1
15758 1
15758 1
15758 1
15817 1
15817 1
15817 1
15817 1
15817 1
15817 1
15819 1
15819 1
15819 1
15819 1
15819 1
15819 1
15877 1
15877 1
15877 1
15877 1
15877 1
15877 1
15820 1
15820 1
15820 1
15820 1
15820 1
15820 1
15878 1
15878 1
15878 1
15878 1
15878 1
15878 1
15880 1
15880 1
15880 1
15880 1
15880 1
15880 1
15881 1
15881 1
15881 1
15881 1
15881 1
15881 1
15882 1
15882 1
15882 1
15882 1
15882 1
15882 1
15945 1
15945 1
15945 1
15945 1
15945 1
15945 1
15883 1
15883 1
15883 1
15883 1
15883 1
15883 1
15947 1
15947 1
15947 1
15947 1
15947 1
15947 1
15948 1
15948 1
15948 1
15948 1
15948 1
15948 1
15949 1
15949 1
15949 1
15949 1
15949 1
15949 1
15950 1
15950 1
15950 1
15950 1
15950 1
15950 1
16274 1
16274 1
16274 1
16274 1
16274 1
16274 1
16401 1
16401 1
16401 1
16401 1
16401 1
16401 1
16402 1
16402 1
16402 1
16402 1
16402 1
16402 1
