pt_graph scale
14271 0
14271 3.05
14271 0.01
14271 1.02
14271 0.11
14271 0
14272 0
14272 3.05
14272 0.01
14272 1.02
14272 0.11
14272 0
14339 0
14339 3.05
14339 0.01
14339 1.02
14339 0.11
14339 0
14341 0
14341 3.05
14341 0.01
14341 1.02
14341 0.11
14341 0
14342 0
14342 3.05
14342 0.01
14342 1.02
14342 0.11
14342 0
14409 0
14409 3.05
14409 0.01
14409 1.02
14409 0.11
14409 0
14410 0
14410 3.05
14410 0.01
14410 1.02
14410 0.11
14410 0
14411 0
14411 3.05
14411 0.01
14411 1.02
14411 0.11
14411 0
14413 0
14413 3.05
14413 0.01
14413 1.02
14413 0.11
14413 0
14414 0
14414 3.05
14414 0.01
14414 1.02
14414 0.11
14414 0
14486 0
14486 3.05
14486 0.01
14486 1.02
14486 0.11
14486 0
14488 0
14488 3.05
14488 0.01
14488 1.02
14488 0.11
14488 0
14557 0
14557 3.05
14557 0.01
14557 1.02
14557 0.11
14557 0
14558 0
14558 3.05
14558 0.01
14558 1.02
14558 0.11
14558 0
14560 0
14560 3.05
14560 0.01
14560 1.02
14560 0.11
14560 0
14628 0
14628 3.05
14628 0.01
14628 1.02
14628 0.11
14628 0
14630 0
14630 3.05
14630 0.01
14630 1.02
14630 0.11
14630 0
14697 0
14697 3.05
14697 0.01
14697 1.02
14697 0.11
14697 0
14699 0
14699 3.05
14699 0.01
14699 1.02
14699 0.11
14699 0
14781 0
14781 3.05
14781 0.01
14781 1.02
14781 0.11
14781 0
14782 0
14782 3.05
14782 0.01
14782 1.02
14782 0.11
14782 0
14783 0
14783 3.05
14783 0.01
14783 1.02
14783 0.11
14783 0
14850 0
14850 3.05
14850 0.01
14850 1.02
14850 0.11
14850 0
14851 0
14851 3.05
14851 0.01
14851 1.02
14851 0.11
14851 0
14852 0
14852 3.05
14852 0.01
14852 1.02
14852 0.11
14852 0
14854 0
14854 3.05
14854 0.01
14854 1.02
14854 0.11
14854 0
14855 0
14855 3.05
14855 0.01
14855 1.02
14855 0.11
14855 0
14921 0
14921 3.05
14921 0.01
14921 1.02
14921 0.11
14921 0
14856 0
14856 3.05
14856 0.01
14856 1.02
14856 0.11
14856 0
14922 0
14922 3.05
14922 0.01
14922 1.02
14922 0.11
14922 0
14923 0
14923 3.05
14923 0.01
14923 1.02
14923 0.11
14923 0
14925 0
14925 3.05
14925 0.01
14925 1.02
14925 0.11
14925 0
14926 0
14926 3.05
14926 0.01
14926 1.02
14926 0.11
14926 0
14992 0
14992 3.05
14992 0.01
14992 1.02
14992 0.11
14992 0
14927 0
14927 3.05
14927 0.01
14927 1.02
14927 0.11
14927 0
14994 0
14994 3.05
14994 0.01
14994 1.02
14994 0.11
14994 0
14995 0
14995 3.05
14995 0.01
14995 1.02
14995 0.11
14995 0
14996 0
14996 3.05
14996 0.01
14996 1.02
14996 0.11
14996 0
15063 0
15063 3.05
15063 0.01
15063 1.02
15063 0.11
15063 0
15064 0
15064 3.05
15064 0.01
15064 1.02
15064 0.11
15064 0
14999 0
14999 3.05
14999 0.01
14999 1.02
14999 0.11
14999 0
15065 0
15065 3.05
15065 0.01
15065 1.02
15065 0.11
15065 0
15066 0
15066 3.05
15066 0.01
15066 1.02
15066 0.11
15066 0
15067 0
15067 3.05
15067 0.01
15067 1.02
15067 0.11
15067 0
15134 0
15134 3.05
15134 0.01
15134 1.02
15134 0.11
15134 0
15069 0
15069 3.05
15069 0.01
15069 1.02
15069 0.11
15069 0
15135 0
15135 3.05
15135 0.01
15135 1.02
15135 0.11
15135 0
15136 0
15136 3.05
15136 0.01
15136 1.02
15136 0.11
15136 0
15071 0
15071 3.05
15071 0.01
15071 1.02
15071 0.11
15071 0
15072 0
15072 3.05
15072 0.01
15072 1.02
15072 0.11
15072 0
15137 0
15137 3.05
15137 0.01
15137 1.02
15137 0.11
15137 0
15073 0
15073 3.05
15073 0.01
15073 1.02
15073 0.11
15073 0
15138 0
15138 3.05
15138 0.01
15138 1.02
15138 0.11
15138 0
15204 0
15204 3.05
15204 0.01
15204 1.02
15204 0.11
15204 0
15140 0
15140 3.05
15140 0.01
15140 1.02
15140 0.11
15140 0
15205 0
15205 3.05
15205 0.01
15205 1.02
15205 0.11
15205 0
15206 0
15206 3.05
15206 0.01
15206 1.02
15206 0.11
15206 0
15142 0
15142 3.05
15142 0.01
15142 1.02
15142 0.11
15142 0
15207 0
15207 3.05
15207 0.01
15207 1.02
15207 0.11
15207 0
15143 0
15143 3.05
15143 0.01
15143 1.02
15143 0.11
15143 0
15208 0
15208 3.05
15208 0.01
15208 1.02
15208 0.11
15208 0
15209 0
15209 3.05
15209 0.01
15209 1.02
15209 0.11
15209 0
15273 0
15273 3.05
15273 0.01
15273 1.02
15273 0.11
15273 0
15210 0
15210 3.05
15210 0.01
15210 1.02
15210 0.11
15210 0
15274 0
15274 3.05
15274 0.01
15274 1.02
15274 0.11
15274 0
15275 0
15275 3.05
15275 0.01
15275 1.02
15275 0.11
15275 0
15212 0
15212 3.05
15212 0.01
15212 1.02
15212 0.11
15212 0
15276 0
15276 3.05
15276 0.01
15276 1.02
15276 0.11
15276 0
15213 0
15213 3.05
15213 0.01
15213 1.02
15213 0.11
15213 0
15277 0
15277 3.05
15277 0.01
15277 1.02
15277 0.11
15277 0
15215 0
15215 3.05
15215 0.01
15215 1.02
15215 0.11
15215 0
15278 0
15278 3.05
15278 0.01
15278 1.02
15278 0.11
15278 0
15342 0
15342 3.05
15342 0.01
15342 1.02
15342 0.11
15342 0
15343 0
15343 3.05
15343 0.01
15343 1.02
15343 0.11
15343 0
15280 0
15280 3.05
15280 0.01
15280 1.02
15280 0.11
15280 0
15344 0
15344 3.05
15344 0.01
15344 1.02
15344 0.11
15344 0
15281 0
15281 3.05
15281 0.01
15281 1.02
15281 0.11
15281 0
15345 0
15345 3.05
15345 0.01
15345 1.02
15345 0.11
15345 0
15282 0
15282 3.05
15282 0.01
15282 1.02
15282 0.11
15282 0
15346 0
15346 3.05
15346 0.01
15346 1.02
15346 0.11
15346 0
15283 0
15283 3.05
15283 0.01
15283 1.02
15283 0.11
15283 0
15347 0
15347 3.05
15347 0.01
15347 1.02
15347 0.11
15347 0
15348 0
15348 3.05
15348 0.01
15348 1.02
15348 0.11
15348 0
15410 0
15410 3.05
15410 0.01
15410 1.02
15410 0.11
15410 0
15349 0
15349 3.05
15349 0.01
15349 1.02
15349 0.11
15349 0
15411 0
15411 3.05
15411 0.01
15411 1.02
15411 0.11
15411 0
15350 0
15350 3.05
15350 0.01
15350 1.02
15350 0.11
15350 0
15413 0
15413 3.05
15413 0.01
15413 1.02
15413 0.11
15413 0
15414 0
15414 3.05
15414 0.01
15414 1.02
15414 0.11
15414 0
15415 0
15415 3.05
15415 0.01
15415 1.02
15415 0.11
15415 0
15477 0
15477 3.05
15477 0.01
15477 1.02
15477 0.11
15477 0
15416 0
15416 3.05
15416 0.01
15416 1.02
15416 0.11
15416 0
15478 0
15478 3.05
15478 0.01
15478 1.02
15478 0.11
15478 0
15417 0
15417 3.05
15417 0.01
15417 1.02
15417 0.11
15417 0
15479 0
15479 3.05
15479 0.01
15479 1.02
15479 0.11
15479 0
15357 0
15357 3.05
15357 0.01
15357 1.02
15357 0.11
15357 0
15480 0
15480 3.05
15480 0.01
15480 1.02
15480 0.11
15480 0
15358 0
15358 3.05
15358 0.01
15358 1.02
15358 0.11
15358 0
15481 0
15481 3.05
15481 0.01
15481 1.02
15481 0.11
15481 0
15482 0
15482 3.05
15482 0.01
15482 1.02
15482 0.11
15482 0
15483 0
15483 3.05
15483 0.01
15483 1.02
15483 0.11
15483 0
15484 0
15484 3.05
15484 0.01
15484 1.02
15484 0.11
15484 0
15546 0
15546 3.05
15546 0.01
15546 1.02
15546 0.11
15546 0
15485 0
15485 3.05
15485 0.01
15485 1.02
15485 0.11
15485 0
15424 0
15424 3.05
15424 0.01
15424 1.02
15424 0.11
15424 0
15547 0
15547 3.05
15547 0.01
15547 1.02
15547 0.11
15547 0
15548 0
15548 3.05
15548 0.01
15548 1.02
15548 0.11
15548 0
15549 0
15549 3.05
15549 0.01
15549 1.02
15549 0.11
15549 0
15550 0
15550 3.05
15550 0.01
15550 1.02
15550 0.11
15550 0
15551 0
15551 3.05
15551 0.01
15551 1.02
15551 0.11
15551 0
15491 0
15491 3.05
15491 0.01
15491 1.02
15491 0.11
15491 0
15552 0
15552 3.05
15552 0.01
15552 1.02
15552 0.11
15552 0
15492 0
15492 3.05
15492 0.01
15492 1.02
15492 0.11
15492 0
15615 0
15615 3.05
15615 0.01
15615 1.02
15615 0.11
15615 0
15493 0
15493 3.05
15493 0.01
15493 1.02
15493 0.11
15493 0
15616 0
15616 3.05
15616 0.01
15616 1.02
15616 0.11
15616 0
15617 0
15617 3.05
15617 0.01
15617 1.02
15617 0.11
15617 0
15618 0
15618 3.05
15618 0.01
15618 1.02
15618 0.11
15618 0
15557 0
15557 3.05
15557 0.01
15557 1.02
15557 0.11
15557 0
15619 0
15619 3.05
15619 0.01
15619 1.02
15619 0.11
15619 0
15681 0
15681 3.05
15681 0.01
15681 1.02
15681 0.11
15681 0
15559 0
15559 3.05
15559 0.01
15559 1.02
15559 0.11
15559 0
15682 0
15682 3.05
15682 0.01
15682 1.02
15682 0.11
15682 0
15683 0
15683 3.05
15683 0.01
15683 1.02
15683 0.11
15683 0
15684 0
15684 3.05
15684 0.01
15684 1.02
15684 0.11
15684 0
15685 0
15685 3.05
15685 0.01
15685 1.02
15685 0.11
15685 0
15625 0
15625 3.05
15625 0.01
15625 1.02
15625 0.11
15625 0
15686 0
15686 3.05
15686 0.01
15686 1.02
15686 0.11
15686 0
15627 0
15627 3.05
15627 0.01
15627 1.02
15627 0.11
15627 0
15749 0
15749 3.05
15749 0.01
15749 1.02
15749 0.11
15749 0
15750 0
15750 3.05
15750 0.01
15750 1.02
15750 0.11
15750 0
15751 0
15751 3.05
15751 0.01
15751 1.02
15751 0.11
15751 0
15692 0
15692 3.05
15692 0.01
15692 1.02
15692 0.11
15692 0
15752 0
15752 3.05
15752 0.01
15752 1.02
15752 0.11
15752 0
15693 0
15693 3.05
15693 0.01
15693 1.02
15693 0.11
15693 0
15753 0
15753 3.05
15753 0.01
15753 1.02
15753 0.11
15753 0
15754 0
15754 3.05
15754 0.01
15754 1.02
15754 0.11
15754 0
15758 0
15758 3.05
15758 0.01
15758 1.02
15758 0.11
15758 0
15817 0
15817 3.05
15817 0.01
15817 1.02
15817 0.11
15817 0
15819 0
15819 3.05
15819 0.01
15819 1.02
15819 0.11
15819 0
15877 0
15877 3.05
15877 0.01
15877 1.02
15877 0.11
15877 0
15820 0
15820 3.05
15820 0.01
15820 1.02
15820 0.11
15820 0
15878 0
15878 3.05
15878 0.01
15878 1.02
15878 0.11
15878 0
15880 0
15880 3.05
15880 0.01
15880 1.02
15880 0.11
15880 0
15881 0
15881 3.05
15881 0.01
15881 1.02
15881 0.11
15881 0
15882 0
15882 3.05
15882 0.01
15882 1.02
15882 0.11
15882 0
15945 0
15945 3.05
15945 0.01
15945 1.02
15945 0.11
15945 0
15883 0
15883 3.05
15883 0.01
15883 1.02
15883 0.11
15883 0
15947 0
15947 3.05
15947 0.01
15947 1.02
15947 0.11
15947 0
15948 0
15948 3.05
15948 0.01
15948 1.02
15948 0.11
15948 0
15949 0
15949 3.05
15949 0.01
15949 1.02
15949 0.11
15949 0
15950 0
15950 3.05
15950 0.01
15950 1.02
15950 0.11
15950 0
16274 0
16274 3.05
16274 0.01
16274 1.02
16274 0.11
16274 0
16401 0
16401 3.05
16401 0.01
16401 1.02
16401 0.11
16401 0
16402 0
16402 3.05
16402 0.01
16402 1.02
16402 0.11
16402 0
