pt_graph scale
14343 7.92
14343 1.4
14343 45.24
14343 29.04
14343 2.84
14343 0.32
14413 7.92
14413 1.4
14413 45.24
14413 29.04
14413 2.84
14413 0.32
14414 7.92
14414 1.4
14414 45.24
14414 29.04
14414 2.84
14414 0.32
14415 7.92
14415 1.4
14415 45.24
14415 29.04
14415 2.84
14415 0.32
14486 7.92
14486 1.4
14486 45.24
14486 29.04
14486 2.84
14486 0.32
14487 7.92
14487 1.4
14487 45.24
14487 29.04
14487 2.84
14487 0.32
14488 7.92
14488 1.4
14488 45.24
14488 29.04
14488 2.84
14488 0.32
14489 7.92
14489 1.4
14489 45.24
14489 29.04
14489 2.84
14489 0.32
14490 7.92
14490 1.4
14490 45.24
14490 29.04
14490 2.84
14490 0.32
14491 7.92
14491 1.4
14491 45.24
14491 29.04
14491 2.84
14491 0.32
14492 7.92
14492 1.4
14492 45.24
14492 29.04
14492 2.84
14492 0.32
14559 7.92
14559 1.4
14559 45.24
14559 29.04
14559 2.84
14559 0.32
14560 7.92
14560 1.4
14560 45.24
14560 29.04
14560 2.84
14560 0.32
14561 7.92
14561 1.4
14561 45.24
14561 29.04
14561 2.84
14561 0.32
14562 7.92
14562 1.4
14562 45.24
14562 29.04
14562 2.84
14562 0.32
14563 7.92
14563 1.4
14563 45.24
14563 29.04
14563 2.84
14563 0.32
14629 7.92
14629 1.4
14629 45.24
14629 29.04
14629 2.84
14629 0.32
14564 7.92
14564 1.4
14564 45.24
14564 29.04
14564 2.84
14564 0.32
14630 7.92
14630 1.4
14630 45.24
14630 29.04
14630 2.84
14630 0.32
14565 7.92
14565 1.4
14565 45.24
14565 29.04
14565 2.84
14565 0.32
14631 7.92
14631 1.4
14631 45.24
14631 29.04
14631 2.84
14631 0.32
14566 7.92
14566 1.4
14566 45.24
14566 29.04
14566 2.84
14566 0.32
14632 7.92
14632 1.4
14632 45.24
14632 29.04
14632 2.84
14632 0.32
14633 7.92
14633 1.4
14633 45.24
14633 29.04
14633 2.84
14633 0.32
14634 7.92
14634 1.4
14634 45.24
14634 29.04
14634 2.84
14634 0.32
14698 7.92
14698 1.4
14698 45.24
14698 29.04
14698 2.84
14698 0.32
14635 7.92
14635 1.4
14635 45.24
14635 29.04
14635 2.84
14635 0.32
14699 7.92
14699 1.4
14699 45.24
14699 29.04
14699 2.84
14699 0.32
14636 7.92
14636 1.4
14636 45.24
14636 29.04
14636 2.84
14636 0.32
14700 7.92
14700 1.4
14700 45.24
14700 29.04
14700 2.84
14700 0.32
14637 7.92
14637 1.4
14637 45.24
14637 29.04
14637 2.84
14637 0.32
14701 7.92
14701 1.4
14701 45.24
14701 29.04
14701 2.84
14701 0.32
14638 7.92
14638 1.4
14638 45.24
14638 29.04
14638 2.84
14638 0.32
14702 7.92
14702 1.4
14702 45.24
14702 29.04
14702 2.84
14702 0.32
14639 7.92
14639 1.4
14639 45.24
14639 29.04
14639 2.84
14639 0.32
14703 7.92
14703 1.4
14703 45.24
14703 29.04
14703 2.84
14703 0.32
14769 7.92
14769 1.4
14769 45.24
14769 29.04
14769 2.84
14769 0.32
14704 7.92
14704 1.4
14704 45.24
14704 29.04
14704 2.84
14704 0.32
14770 7.92
14770 1.4
14770 45.24
14770 29.04
14770 2.84
14770 0.32
14705 7.92
14705 1.4
14705 45.24
14705 29.04
14705 2.84
14705 0.32
14771 7.92
14771 1.4
14771 45.24
14771 29.04
14771 2.84
14771 0.32
14706 7.92
14706 1.4
14706 45.24
14706 29.04
14706 2.84
14706 0.32
14772 7.92
14772 1.4
14772 45.24
14772 29.04
14772 2.84
14772 0.32
14707 7.92
14707 1.4
14707 45.24
14707 29.04
14707 2.84
14707 0.32
14773 7.92
14773 1.4
14773 45.24
14773 29.04
14773 2.84
14773 0.32
14708 7.92
14708 1.4
14708 45.24
14708 29.04
14708 2.84
14708 0.32
14774 7.92
14774 1.4
14774 45.24
14774 29.04
14774 2.84
14774 0.32
14840 7.92
14840 1.4
14840 45.24
14840 29.04
14840 2.84
14840 0.32
14775 7.92
14775 1.4
14775 45.24
14775 29.04
14775 2.84
14775 0.32
14841 7.92
14841 1.4
14841 45.24
14841 29.04
14841 2.84
14841 0.32
14776 7.92
14776 1.4
14776 45.24
14776 29.04
14776 2.84
14776 0.32
14842 7.92
14842 1.4
14842 45.24
14842 29.04
14842 2.84
14842 0.32
14777 7.92
14777 1.4
14777 45.24
14777 29.04
14777 2.84
14777 0.32
14843 7.92
14843 1.4
14843 45.24
14843 29.04
14843 2.84
14843 0.32
14778 7.92
14778 1.4
14778 45.24
14778 29.04
14778 2.84
14778 0.32
14909 7.92
14909 1.4
14909 45.24
14909 29.04
14909 2.84
14909 0.32
14844 7.92
14844 1.4
14844 45.24
14844 29.04
14844 2.84
14844 0.32
14779 7.92
14779 1.4
14779 45.24
14779 29.04
14779 2.84
14779 0.32
14910 7.92
14910 1.4
14910 45.24
14910 29.04
14910 2.84
14910 0.32
14845 7.92
14845 1.4
14845 45.24
14845 29.04
14845 2.84
14845 0.32
14780 7.92
14780 1.4
14780 45.24
14780 29.04
14780 2.84
14780 0.32
14911 7.92
14911 1.4
14911 45.24
14911 29.04
14911 2.84
14911 0.32
14846 7.92
14846 1.4
14846 45.24
14846 29.04
14846 2.84
14846 0.32
14912 7.92
14912 1.4
14912 45.24
14912 29.04
14912 2.84
14912 0.32
14847 7.92
14847 1.4
14847 45.24
14847 29.04
14847 2.84
14847 0.32
14782 7.92
14782 1.4
14782 45.24
14782 29.04
14782 2.84
14782 0.32
14913 7.92
14913 1.4
14913 45.24
14913 29.04
14913 2.84
14913 0.32
14848 7.92
14848 1.4
14848 45.24
14848 29.04
14848 2.84
14848 0.32
14914 7.92
14914 1.4
14914 45.24
14914 29.04
14914 2.84
14914 0.32
14849 7.92
14849 1.4
14849 45.24
14849 29.04
14849 2.84
14849 0.32
14915 7.92
14915 1.4
14915 45.24
14915 29.04
14915 2.84
14915 0.32
14850 7.92
14850 1.4
14850 45.24
14850 29.04
14850 2.84
14850 0.32
14981 7.92
14981 1.4
14981 45.24
14981 29.04
14981 2.84
14981 0.32
14916 7.92
14916 1.4
14916 45.24
14916 29.04
14916 2.84
14916 0.32
14851 7.92
14851 1.4
14851 45.24
14851 29.04
14851 2.84
14851 0.32
14982 7.92
14982 1.4
14982 45.24
14982 29.04
14982 2.84
14982 0.32
14917 7.92
14917 1.4
14917 45.24
14917 29.04
14917 2.84
14917 0.32
14983 7.92
14983 1.4
14983 45.24
14983 29.04
14983 2.84
14983 0.32
14918 7.92
14918 1.4
14918 45.24
14918 29.04
14918 2.84
14918 0.32
14853 7.92
14853 1.4
14853 45.24
14853 29.04
14853 2.84
14853 0.32
14984 7.92
14984 1.4
14984 45.24
14984 29.04
14984 2.84
14984 0.32
14919 7.92
14919 1.4
14919 45.24
14919 29.04
14919 2.84
14919 0.32
14854 7.92
14854 1.4
14854 45.24
14854 29.04
14854 2.84
14854 0.32
14985 7.92
14985 1.4
14985 45.24
14985 29.04
14985 2.84
14985 0.32
14920 7.92
14920 1.4
14920 45.24
14920 29.04
14920 2.84
14920 0.32
14986 7.92
14986 1.4
14986 45.24
14986 29.04
14986 2.84
14986 0.32
14921 7.92
14921 1.4
14921 45.24
14921 29.04
14921 2.84
14921 0.32
15052 7.92
15052 1.4
15052 45.24
15052 29.04
15052 2.84
15052 0.32
14987 7.92
14987 1.4
14987 45.24
14987 29.04
14987 2.84
14987 0.32
14922 7.92
14922 1.4
14922 45.24
14922 29.04
14922 2.84
14922 0.32
15053 7.92
15053 1.4
15053 45.24
15053 29.04
15053 2.84
15053 0.32
14988 7.92
14988 1.4
14988 45.24
14988 29.04
14988 2.84
14988 0.32
14923 7.92
14923 1.4
14923 45.24
14923 29.04
14923 2.84
14923 0.32
15054 7.92
15054 1.4
15054 45.24
15054 29.04
15054 2.84
15054 0.32
14989 7.92
14989 1.4
14989 45.24
14989 29.04
14989 2.84
14989 0.32
14924 7.92
14924 1.4
14924 45.24
14924 29.04
14924 2.84
14924 0.32
15055 7.92
15055 1.4
15055 45.24
15055 29.04
15055 2.84
15055 0.32
14990 7.92
14990 1.4
14990 45.24
14990 29.04
14990 2.84
14990 0.32
14925 7.92
14925 1.4
14925 45.24
14925 29.04
14925 2.84
14925 0.32
15056 7.92
15056 1.4
15056 45.24
15056 29.04
15056 2.84
15056 0.32
14991 7.92
14991 1.4
14991 45.24
14991 29.04
14991 2.84
14991 0.32
14926 7.92
14926 1.4
14926 45.24
14926 29.04
14926 2.84
14926 0.32
15057 7.92
15057 1.4
15057 45.24
15057 29.04
15057 2.84
15057 0.32
14992 7.92
14992 1.4
14992 45.24
14992 29.04
14992 2.84
14992 0.32
15123 7.92
15123 1.4
15123 45.24
15123 29.04
15123 2.84
15123 0.32
15058 7.92
15058 1.4
15058 45.24
15058 29.04
15058 2.84
15058 0.32
14993 7.92
14993 1.4
14993 45.24
14993 29.04
14993 2.84
14993 0.32
15124 7.92
15124 1.4
15124 45.24
15124 29.04
15124 2.84
15124 0.32
15059 7.92
15059 1.4
15059 45.24
15059 29.04
15059 2.84
15059 0.32
14994 7.92
14994 1.4
14994 45.24
14994 29.04
14994 2.84
14994 0.32
15125 7.92
15125 1.4
15125 45.24
15125 29.04
15125 2.84
15125 0.32
15060 7.92
15060 1.4
15060 45.24
15060 29.04
15060 2.84
15060 0.32
14995 7.92
14995 1.4
14995 45.24
14995 29.04
14995 2.84
14995 0.32
15126 7.92
15126 1.4
15126 45.24
15126 29.04
15126 2.84
15126 0.32
15061 7.92
15061 1.4
15061 45.24
15061 29.04
15061 2.84
15061 0.32
14996 7.92
14996 1.4
14996 45.24
14996 29.04
14996 2.84
14996 0.32
15127 7.92
15127 1.4
15127 45.24
15127 29.04
15127 2.84
15127 0.32
15062 7.92
15062 1.4
15062 45.24
15062 29.04
15062 2.84
15062 0.32
14997 7.92
14997 1.4
14997 45.24
14997 29.04
14997 2.84
14997 0.32
15128 7.92
15128 1.4
15128 45.24
15128 29.04
15128 2.84
15128 0.32
15063 7.92
15063 1.4
15063 45.24
15063 29.04
15063 2.84
15063 0.32
14998 7.92
14998 1.4
14998 45.24
14998 29.04
14998 2.84
14998 0.32
15193 7.92
15193 1.4
15193 45.24
15193 29.04
15193 2.84
15193 0.32
15129 7.92
15129 1.4
15129 45.24
15129 29.04
15129 2.84
15129 0.32
15064 7.92
15064 1.4
15064 45.24
15064 29.04
15064 2.84
15064 0.32
14999 7.92
14999 1.4
14999 45.24
14999 29.04
14999 2.84
14999 0.32
15194 7.92
15194 1.4
15194 45.24
15194 29.04
15194 2.84
15194 0.32
15130 7.92
15130 1.4
15130 45.24
15130 29.04
15130 2.84
15130 0.32
15065 7.92
15065 1.4
15065 45.24
15065 29.04
15065 2.84
15065 0.32
15195 7.92
15195 1.4
15195 45.24
15195 29.04
15195 2.84
15195 0.32
15131 7.92
15131 1.4
15131 45.24
15131 29.04
15131 2.84
15131 0.32
15066 7.92
15066 1.4
15066 45.24
15066 29.04
15066 2.84
15066 0.32
15196 7.92
15196 1.4
15196 45.24
15196 29.04
15196 2.84
15196 0.32
15132 7.92
15132 1.4
15132 45.24
15132 29.04
15132 2.84
15132 0.32
15067 7.92
15067 1.4
15067 45.24
15067 29.04
15067 2.84
15067 0.32
15197 7.92
15197 1.4
15197 45.24
15197 29.04
15197 2.84
15197 0.32
15133 7.92
15133 1.4
15133 45.24
15133 29.04
15133 2.84
15133 0.32
15068 7.92
15068 1.4
15068 45.24
15068 29.04
15068 2.84
15068 0.32
15198 7.92
15198 1.4
15198 45.24
15198 29.04
15198 2.84
15198 0.32
15134 7.92
15134 1.4
15134 45.24
15134 29.04
15134 2.84
15134 0.32
15069 7.92
15069 1.4
15069 45.24
15069 29.04
15069 2.84
15069 0.32
15262 7.92
15262 1.4
15262 45.24
15262 29.04
15262 2.84
15262 0.32
15199 7.92
15199 1.4
15199 45.24
15199 29.04
15199 2.84
15199 0.32
15135 7.92
15135 1.4
15135 45.24
15135 29.04
15135 2.84
15135 0.32
15070 7.92
15070 1.4
15070 45.24
15070 29.04
15070 2.84
15070 0.32
15263 7.92
15263 1.4
15263 45.24
15263 29.04
15263 2.84
15263 0.32
15200 7.92
15200 1.4
15200 45.24
15200 29.04
15200 2.84
15200 0.32
15136 7.92
15136 1.4
15136 45.24
15136 29.04
15136 2.84
15136 0.32
15071 7.92
15071 1.4
15071 45.24
15071 29.04
15071 2.84
15071 0.32
15264 7.92
15264 1.4
15264 45.24
15264 29.04
15264 2.84
15264 0.32
15201 7.92
15201 1.4
15201 45.24
15201 29.04
15201 2.84
15201 0.32
15137 7.92
15137 1.4
15137 45.24
15137 29.04
15137 2.84
15137 0.32
15265 7.92
15265 1.4
15265 45.24
15265 29.04
15265 2.84
15265 0.32
15202 7.92
15202 1.4
15202 45.24
15202 29.04
15202 2.84
15202 0.32
15138 7.92
15138 1.4
15138 45.24
15138 29.04
15138 2.84
15138 0.32
15266 7.92
15266 1.4
15266 45.24
15266 29.04
15266 2.84
15266 0.32
15203 7.92
15203 1.4
15203 45.24
15203 29.04
15203 2.84
15203 0.32
15139 7.92
15139 1.4
15139 45.24
15139 29.04
15139 2.84
15139 0.32
15267 7.92
15267 1.4
15267 45.24
15267 29.04
15267 2.84
15267 0.32
15204 7.92
15204 1.4
15204 45.24
15204 29.04
15204 2.84
15204 0.32
15140 7.92
15140 1.4
15140 45.24
15140 29.04
15140 2.84
15140 0.32
15331 7.92
15331 1.4
15331 45.24
15331 29.04
15331 2.84
15331 0.32
15268 7.92
15268 1.4
15268 45.24
15268 29.04
15268 2.84
15268 0.32
15205 7.92
15205 1.4
15205 45.24
15205 29.04
15205 2.84
15205 0.32
15141 7.92
15141 1.4
15141 45.24
15141 29.04
15141 2.84
15141 0.32
15332 7.92
15332 1.4
15332 45.24
15332 29.04
15332 2.84
15332 0.32
15269 7.92
15269 1.4
15269 45.24
15269 29.04
15269 2.84
15269 0.32
15206 7.92
15206 1.4
15206 45.24
15206 29.04
15206 2.84
15206 0.32
15142 7.92
15142 1.4
15142 45.24
15142 29.04
15142 2.84
15142 0.32
15333 7.92
15333 1.4
15333 45.24
15333 29.04
15333 2.84
15333 0.32
15270 7.92
15270 1.4
15270 45.24
15270 29.04
15270 2.84
15270 0.32
15207 7.92
15207 1.4
15207 45.24
15207 29.04
15207 2.84
15207 0.32
15334 7.92
15334 1.4
15334 45.24
15334 29.04
15334 2.84
15334 0.32
15271 7.92
15271 1.4
15271 45.24
15271 29.04
15271 2.84
15271 0.32
15208 7.92
15208 1.4
15208 45.24
15208 29.04
15208 2.84
15208 0.32
15335 7.92
15335 1.4
15335 45.24
15335 29.04
15335 2.84
15335 0.32
15272 7.92
15272 1.4
15272 45.24
15272 29.04
15272 2.84
15272 0.32
15209 7.92
15209 1.4
15209 45.24
15209 29.04
15209 2.84
15209 0.32
15336 7.92
15336 1.4
15336 45.24
15336 29.04
15336 2.84
15336 0.32
15273 7.92
15273 1.4
15273 45.24
15273 29.04
15273 2.84
15273 0.32
15210 7.92
15210 1.4
15210 45.24
15210 29.04
15210 2.84
15210 0.32
15398 7.92
15398 1.4
15398 45.24
15398 29.04
15398 2.84
15398 0.32
15337 7.92
15337 1.4
15337 45.24
15337 29.04
15337 2.84
15337 0.32
15274 7.92
15274 1.4
15274 45.24
15274 29.04
15274 2.84
15274 0.32
15211 7.92
15211 1.4
15211 45.24
15211 29.04
15211 2.84
15211 0.32
15399 7.92
15399 1.4
15399 45.24
15399 29.04
15399 2.84
15399 0.32
15338 7.92
15338 1.4
15338 45.24
15338 29.04
15338 2.84
15338 0.32
15275 7.92
15275 1.4
15275 45.24
15275 29.04
15275 2.84
15275 0.32
15212 7.92
15212 1.4
15212 45.24
15212 29.04
15212 2.84
15212 0.32
15400 7.92
15400 1.4
15400 45.24
15400 29.04
15400 2.84
15400 0.32
15339 7.92
15339 1.4
15339 45.24
15339 29.04
15339 2.84
15339 0.32
15276 7.92
15276 1.4
15276 45.24
15276 29.04
15276 2.84
15276 0.32
15401 7.92
15401 1.4
15401 45.24
15401 29.04
15401 2.84
15401 0.32
15340 7.92
15340 1.4
15340 45.24
15340 29.04
15340 2.84
15340 0.32
15214 7.92
15214 1.4
15214 45.24
15214 29.04
15214 2.84
15214 0.32
15277 7.92
15277 1.4
15277 45.24
15277 29.04
15277 2.84
15277 0.32
15402 7.92
15402 1.4
15402 45.24
15402 29.04
15402 2.84
15402 0.32
15341 7.92
15341 1.4
15341 45.24
15341 29.04
15341 2.84
15341 0.32
15278 7.92
15278 1.4
15278 45.24
15278 29.04
15278 2.84
15278 0.32
15403 7.92
15403 1.4
15403 45.24
15403 29.04
15403 2.84
15403 0.32
15342 7.92
15342 1.4
15342 45.24
15342 29.04
15342 2.84
15342 0.32
15279 7.92
15279 1.4
15279 45.24
15279 29.04
15279 2.84
15279 0.32
15465 7.92
15465 1.4
15465 45.24
15465 29.04
15465 2.84
15465 0.32
15404 7.92
15404 1.4
15404 45.24
15404 29.04
15404 2.84
15404 0.32
15343 7.92
15343 1.4
15343 45.24
15343 29.04
15343 2.84
15343 0.32
15280 7.92
15280 1.4
15280 45.24
15280 29.04
15280 2.84
15280 0.32
15466 7.92
15466 1.4
15466 45.24
15466 29.04
15466 2.84
15466 0.32
15405 7.92
15405 1.4
15405 45.24
15405 29.04
15405 2.84
15405 0.32
15344 7.92
15344 1.4
15344 45.24
15344 29.04
15344 2.84
15344 0.32
15281 7.92
15281 1.4
15281 45.24
15281 29.04
15281 2.84
15281 0.32
15467 7.92
15467 1.4
15467 45.24
15467 29.04
15467 2.84
15467 0.32
15406 7.92
15406 1.4
15406 45.24
15406 29.04
15406 2.84
15406 0.32
15345 7.92
15345 1.4
15345 45.24
15345 29.04
15345 2.84
15345 0.32
15282 7.92
15282 1.4
15282 45.24
15282 29.04
15282 2.84
15282 0.32
15468 7.92
15468 1.4
15468 45.24
15468 29.04
15468 2.84
15468 0.32
15407 7.92
15407 1.4
15407 45.24
15407 29.04
15407 2.84
15407 0.32
15346 7.92
15346 1.4
15346 45.24
15346 29.04
15346 2.84
15346 0.32
15283 7.92
15283 1.4
15283 45.24
15283 29.04
15283 2.84
15283 0.32
15469 7.92
15469 1.4
15469 45.24
15469 29.04
15469 2.84
15469 0.32
15408 7.92
15408 1.4
15408 45.24
15408 29.04
15408 2.84
15408 0.32
15284 7.92
15284 1.4
15284 45.24
15284 29.04
15284 2.84
15284 0.32
15347 7.92
15347 1.4
15347 45.24
15347 29.04
15347 2.84
15347 0.32
15531 7.92
15531 1.4
15531 45.24
15531 29.04
15531 2.84
15531 0.32
15470 7.92
15470 1.4
15470 45.24
15470 29.04
15470 2.84
15470 0.32
15409 7.92
15409 1.4
15409 45.24
15409 29.04
15409 2.84
15409 0.32
15348 7.92
15348 1.4
15348 45.24
15348 29.04
15348 2.84
15348 0.32
15532 7.92
15532 1.4
15532 45.24
15532 29.04
15532 2.84
15532 0.32
15471 7.92
15471 1.4
15471 45.24
15471 29.04
15471 2.84
15471 0.32
15410 7.92
15410 1.4
15410 45.24
15410 29.04
15410 2.84
15410 0.32
15349 7.92
15349 1.4
15349 45.24
15349 29.04
15349 2.84
15349 0.32
15533 7.92
15533 1.4
15533 45.24
15533 29.04
15533 2.84
15533 0.32
15472 7.92
15472 1.4
15472 45.24
15472 29.04
15472 2.84
15472 0.32
15411 7.92
15411 1.4
15411 45.24
15411 29.04
15411 2.84
15411 0.32
15350 7.92
15350 1.4
15350 45.24
15350 29.04
15350 2.84
15350 0.32
15534 7.92
15534 1.4
15534 45.24
15534 29.04
15534 2.84
15534 0.32
15473 7.92
15473 1.4
15473 45.24
15473 29.04
15473 2.84
15473 0.32
15412 7.92
15412 1.4
15412 45.24
15412 29.04
15412 2.84
15412 0.32
15351 7.92
15351 1.4
15351 45.24
15351 29.04
15351 2.84
15351 0.32
15535 7.92
15535 1.4
15535 45.24
15535 29.04
15535 2.84
15535 0.32
15474 7.92
15474 1.4
15474 45.24
15474 29.04
15474 2.84
15474 0.32
15413 7.92
15413 1.4
15413 45.24
15413 29.04
15413 2.84
15413 0.32
15352 7.92
15352 1.4
15352 45.24
15352 29.04
15352 2.84
15352 0.32
15536 7.92
15536 1.4
15536 45.24
15536 29.04
15536 2.84
15536 0.32
15475 7.92
15475 1.4
15475 45.24
15475 29.04
15475 2.84
15475 0.32
15353 7.92
15353 1.4
15353 45.24
15353 29.04
15353 2.84
15353 0.32
15414 7.92
15414 1.4
15414 45.24
15414 29.04
15414 2.84
15414 0.32
15537 7.92
15537 1.4
15537 45.24
15537 29.04
15537 2.84
15537 0.32
15476 7.92
15476 1.4
15476 45.24
15476 29.04
15476 2.84
15476 0.32
15354 7.92
15354 1.4
15354 45.24
15354 29.04
15354 2.84
15354 0.32
15415 7.92
15415 1.4
15415 45.24
15415 29.04
15415 2.84
15415 0.32
15600 7.92
15600 1.4
15600 45.24
15600 29.04
15600 2.84
15600 0.32
15538 7.92
15538 1.4
15538 45.24
15538 29.04
15538 2.84
15538 0.32
15477 7.92
15477 1.4
15477 45.24
15477 29.04
15477 2.84
15477 0.32
15416 7.92
15416 1.4
15416 45.24
15416 29.04
15416 2.84
15416 0.32
15601 7.92
15601 1.4
15601 45.24
15601 29.04
15601 2.84
15601 0.32
15539 7.92
15539 1.4
15539 45.24
15539 29.04
15539 2.84
15539 0.32
15478 7.92
15478 1.4
15478 45.24
15478 29.04
15478 2.84
15478 0.32
15417 7.92
15417 1.4
15417 45.24
15417 29.04
15417 2.84
15417 0.32
15602 7.92
15602 1.4
15602 45.24
15602 29.04
15602 2.84
15602 0.32
15540 7.92
15540 1.4
15540 45.24
15540 29.04
15540 2.84
15540 0.32
15479 7.92
15479 1.4
15479 45.24
15479 29.04
15479 2.84
15479 0.32
15418 7.92
15418 1.4
15418 45.24
15418 29.04
15418 2.84
15418 0.32
15603 7.92
15603 1.4
15603 45.24
15603 29.04
15603 2.84
15603 0.32
15541 7.92
15541 1.4
15541 45.24
15541 29.04
15541 2.84
15541 0.32
15480 7.92
15480 1.4
15480 45.24
15480 29.04
15480 2.84
15480 0.32
15419 7.92
15419 1.4
15419 45.24
15419 29.04
15419 2.84
15419 0.32
15604 7.92
15604 1.4
15604 45.24
15604 29.04
15604 2.84
15604 0.32
15542 7.92
15542 1.4
15542 45.24
15542 29.04
15542 2.84
15542 0.32
15481 7.92
15481 1.4
15481 45.24
15481 29.04
15481 2.84
15481 0.32
15420 7.92
15420 1.4
15420 45.24
15420 29.04
15420 2.84
15420 0.32
15605 7.92
15605 1.4
15605 45.24
15605 29.04
15605 2.84
15605 0.32
15543 7.92
15543 1.4
15543 45.24
15543 29.04
15543 2.84
15543 0.32
15482 7.92
15482 1.4
15482 45.24
15482 29.04
15482 2.84
15482 0.32
15421 7.92
15421 1.4
15421 45.24
15421 29.04
15421 2.84
15421 0.32
15666 7.92
15666 1.4
15666 45.24
15666 29.04
15666 2.84
15666 0.32
15606 7.92
15606 1.4
15606 45.24
15606 29.04
15606 2.84
15606 0.32
15544 7.92
15544 1.4
15544 45.24
15544 29.04
15544 2.84
15544 0.32
15483 7.92
15483 1.4
15483 45.24
15483 29.04
15483 2.84
15483 0.32
15422 7.92
15422 1.4
15422 45.24
15422 29.04
15422 2.84
15422 0.32
15667 7.92
15667 1.4
15667 45.24
15667 29.04
15667 2.84
15667 0.32
15607 7.92
15607 1.4
15607 45.24
15607 29.04
15607 2.84
15607 0.32
15545 7.92
15545 1.4
15545 45.24
15545 29.04
15545 2.84
15545 0.32
15484 7.92
15484 1.4
15484 45.24
15484 29.04
15484 2.84
15484 0.32
15668 7.92
15668 1.4
15668 45.24
15668 29.04
15668 2.84
15668 0.32
15608 7.92
15608 1.4
15608 45.24
15608 29.04
15608 2.84
15608 0.32
15546 7.92
15546 1.4
15546 45.24
15546 29.04
15546 2.84
15546 0.32
15485 7.92
15485 1.4
15485 45.24
15485 29.04
15485 2.84
15485 0.32
15669 7.92
15669 1.4
15669 45.24
15669 29.04
15669 2.84
15669 0.32
15609 7.92
15609 1.4
15609 45.24
15609 29.04
15609 2.84
15609 0.32
15547 7.92
15547 1.4
15547 45.24
15547 29.04
15547 2.84
15547 0.32
15486 7.92
15486 1.4
15486 45.24
15486 29.04
15486 2.84
15486 0.32
15670 7.92
15670 1.4
15670 45.24
15670 29.04
15670 2.84
15670 0.32
15610 7.92
15610 1.4
15610 45.24
15610 29.04
15610 2.84
15610 0.32
15548 7.92
15548 1.4
15548 45.24
15548 29.04
15548 2.84
15548 0.32
15487 7.92
15487 1.4
15487 45.24
15487 29.04
15487 2.84
15487 0.32
15671 7.92
15671 1.4
15671 45.24
15671 29.04
15671 2.84
15671 0.32
15611 7.92
15611 1.4
15611 45.24
15611 29.04
15611 2.84
15611 0.32
15549 7.92
15549 1.4
15549 45.24
15549 29.04
15549 2.84
15549 0.32
15488 7.92
15488 1.4
15488 45.24
15488 29.04
15488 2.84
15488 0.32
15672 7.92
15672 1.4
15672 45.24
15672 29.04
15672 2.84
15672 0.32
15612 7.92
15612 1.4
15612 45.24
15612 29.04
15612 2.84
15612 0.32
15489 7.92
15489 1.4
15489 45.24
15489 29.04
15489 2.84
15489 0.32
15550 7.92
15550 1.4
15550 45.24
15550 29.04
15550 2.84
15550 0.32
15733 7.92
15733 1.4
15733 45.24
15733 29.04
15733 2.84
15733 0.32
15673 7.92
15673 1.4
15673 45.24
15673 29.04
15673 2.84
15673 0.32
15613 7.92
15613 1.4
15613 45.24
15613 29.04
15613 2.84
15613 0.32
15490 7.92
15490 1.4
15490 45.24
15490 29.04
15490 2.84
15490 0.32
15551 7.92
15551 1.4
15551 45.24
15551 29.04
15551 2.84
15551 0.32
15734 7.92
15734 1.4
15734 45.24
15734 29.04
15734 2.84
15734 0.32
15674 7.92
15674 1.4
15674 45.24
15674 29.04
15674 2.84
15674 0.32
15614 7.92
15614 1.4
15614 45.24
15614 29.04
15614 2.84
15614 0.32
15552 7.92
15552 1.4
15552 45.24
15552 29.04
15552 2.84
15552 0.32
15735 7.92
15735 1.4
15735 45.24
15735 29.04
15735 2.84
15735 0.32
15675 7.92
15675 1.4
15675 45.24
15675 29.04
15675 2.84
15675 0.32
15615 7.92
15615 1.4
15615 45.24
15615 29.04
15615 2.84
15615 0.32
15553 7.92
15553 1.4
15553 45.24
15553 29.04
15553 2.84
15553 0.32
15736 7.92
15736 1.4
15736 45.24
15736 29.04
15736 2.84
15736 0.32
15676 7.92
15676 1.4
15676 45.24
15676 29.04
15676 2.84
15676 0.32
15616 7.92
15616 1.4
15616 45.24
15616 29.04
15616 2.84
15616 0.32
15554 7.92
15554 1.4
15554 45.24
15554 29.04
15554 2.84
15554 0.32
15737 7.92
15737 1.4
15737 45.24
15737 29.04
15737 2.84
15737 0.32
15677 7.92
15677 1.4
15677 45.24
15677 29.04
15677 2.84
15677 0.32
15617 7.92
15617 1.4
15617 45.24
15617 29.04
15617 2.84
15617 0.32
15555 7.92
15555 1.4
15555 45.24
15555 29.04
15555 2.84
15555 0.32
15738 7.92
15738 1.4
15738 45.24
15738 29.04
15738 2.84
15738 0.32
15678 7.92
15678 1.4
15678 45.24
15678 29.04
15678 2.84
15678 0.32
15556 7.92
15556 1.4
15556 45.24
15556 29.04
15556 2.84
15556 0.32
15618 7.92
15618 1.4
15618 45.24
15618 29.04
15618 2.84
15618 0.32
15796 7.92
15796 1.4
15796 45.24
15796 29.04
15796 2.84
15796 0.32
15739 7.92
15739 1.4
15739 45.24
15739 29.04
15739 2.84
15739 0.32
15679 7.92
15679 1.4
15679 45.24
15679 29.04
15679 2.84
15679 0.32
15557 7.92
15557 1.4
15557 45.24
15557 29.04
15557 2.84
15557 0.32
15619 7.92
15619 1.4
15619 45.24
15619 29.04
15619 2.84
15619 0.32
15797 7.92
15797 1.4
15797 45.24
15797 29.04
15797 2.84
15797 0.32
15740 7.92
15740 1.4
15740 45.24
15740 29.04
15740 2.84
15740 0.32
15680 7.92
15680 1.4
15680 45.24
15680 29.04
15680 2.84
15680 0.32
15620 7.92
15620 1.4
15620 45.24
15620 29.04
15620 2.84
15620 0.32
15798 7.92
15798 1.4
15798 45.24
15798 29.04
15798 2.84
15798 0.32
15741 7.92
15741 1.4
15741 45.24
15741 29.04
15741 2.84
15741 0.32
15681 7.92
15681 1.4
15681 45.24
15681 29.04
15681 2.84
15681 0.32
15621 7.92
15621 1.4
15621 45.24
15621 29.04
15621 2.84
15621 0.32
15799 7.92
15799 1.4
15799 45.24
15799 29.04
15799 2.84
15799 0.32
15742 7.92
15742 1.4
15742 45.24
15742 29.04
15742 2.84
15742 0.32
15682 7.92
15682 1.4
15682 45.24
15682 29.04
15682 2.84
15682 0.32
15622 7.92
15622 1.4
15622 45.24
15622 29.04
15622 2.84
15622 0.32
15800 7.92
15800 1.4
15800 45.24
15800 29.04
15800 2.84
15800 0.32
15743 7.92
15743 1.4
15743 45.24
15743 29.04
15743 2.84
15743 0.32
15683 7.92
15683 1.4
15683 45.24
15683 29.04
15683 2.84
15683 0.32
15623 7.92
15623 1.4
15623 45.24
15623 29.04
15623 2.84
15623 0.32
15801 7.92
15801 1.4
15801 45.24
15801 29.04
15801 2.84
15801 0.32
15744 7.92
15744 1.4
15744 45.24
15744 29.04
15744 2.84
15744 0.32
15684 7.92
15684 1.4
15684 45.24
15684 29.04
15684 2.84
15684 0.32
15624 7.92
15624 1.4
15624 45.24
15624 29.04
15624 2.84
15624 0.32
15802 7.92
15802 1.4
15802 45.24
15802 29.04
15802 2.84
15802 0.32
15745 7.92
15745 1.4
15745 45.24
15745 29.04
15745 2.84
15745 0.32
15685 7.92
15685 1.4
15685 45.24
15685 29.04
15685 2.84
15685 0.32
15625 7.92
15625 1.4
15625 45.24
15625 29.04
15625 2.84
15625 0.32
15860 7.92
15860 1.4
15860 45.24
15860 29.04
15860 2.84
15860 0.32
15803 7.92
15803 1.4
15803 45.24
15803 29.04
15803 2.84
15803 0.32
15746 7.92
15746 1.4
15746 45.24
15746 29.04
15746 2.84
15746 0.32
15686 7.92
15686 1.4
15686 45.24
15686 29.04
15686 2.84
15686 0.32
15626 7.92
15626 1.4
15626 45.24
15626 29.04
15626 2.84
15626 0.32
15861 7.92
15861 1.4
15861 45.24
15861 29.04
15861 2.84
15861 0.32
15804 7.92
15804 1.4
15804 45.24
15804 29.04
15804 2.84
15804 0.32
15747 7.92
15747 1.4
15747 45.24
15747 29.04
15747 2.84
15747 0.32
15687 7.92
15687 1.4
15687 45.24
15687 29.04
15687 2.84
15687 0.32
15862 7.92
15862 1.4
15862 45.24
15862 29.04
15862 2.84
15862 0.32
15805 7.92
15805 1.4
15805 45.24
15805 29.04
15805 2.84
15805 0.32
15748 7.92
15748 1.4
15748 45.24
15748 29.04
15748 2.84
15748 0.32
15688 7.92
15688 1.4
15688 45.24
15688 29.04
15688 2.84
15688 0.32
15863 7.92
15863 1.4
15863 45.24
15863 29.04
15863 2.84
15863 0.32
15806 7.92
15806 1.4
15806 45.24
15806 29.04
15806 2.84
15806 0.32
15749 7.92
15749 1.4
15749 45.24
15749 29.04
15749 2.84
15749 0.32
15689 7.92
15689 1.4
15689 45.24
15689 29.04
15689 2.84
15689 0.32
15864 7.92
15864 1.4
15864 45.24
15864 29.04
15864 2.84
15864 0.32
15807 7.92
15807 1.4
15807 45.24
15807 29.04
15807 2.84
15807 0.32
15750 7.92
15750 1.4
15750 45.24
15750 29.04
15750 2.84
15750 0.32
15690 7.92
15690 1.4
15690 45.24
15690 29.04
15690 2.84
15690 0.32
15927 7.92
15927 1.4
15927 45.24
15927 29.04
15927 2.84
15927 0.32
15865 7.92
15865 1.4
15865 45.24
15865 29.04
15865 2.84
15865 0.32
15808 7.92
15808 1.4
15808 45.24
15808 29.04
15808 2.84
15808 0.32
15691 7.92
15691 1.4
15691 45.24
15691 29.04
15691 2.84
15691 0.32
15751 7.92
15751 1.4
15751 45.24
15751 29.04
15751 2.84
15751 0.32
15928 7.92
15928 1.4
15928 45.24
15928 29.04
15928 2.84
15928 0.32
15866 7.92
15866 1.4
15866 45.24
15866 29.04
15866 2.84
15866 0.32
15809 7.92
15809 1.4
15809 45.24
15809 29.04
15809 2.84
15809 0.32
15692 7.92
15692 1.4
15692 45.24
15692 29.04
15692 2.84
15692 0.32
15752 7.92
15752 1.4
15752 45.24
15752 29.04
15752 2.84
15752 0.32
15929 7.92
15929 1.4
15929 45.24
15929 29.04
15929 2.84
15929 0.32
15867 7.92
15867 1.4
15867 45.24
15867 29.04
15867 2.84
15867 0.32
15810 7.92
15810 1.4
15810 45.24
15810 29.04
15810 2.84
15810 0.32
15693 7.92
15693 1.4
15693 45.24
15693 29.04
15693 2.84
15693 0.32
15753 7.92
15753 1.4
15753 45.24
15753 29.04
15753 2.84
15753 0.32
15930 7.92
15930 1.4
15930 45.24
15930 29.04
15930 2.84
15930 0.32
15868 7.92
15868 1.4
15868 45.24
15868 29.04
15868 2.84
15868 0.32
15811 7.92
15811 1.4
15811 45.24
15811 29.04
15811 2.84
15811 0.32
15754 7.92
15754 1.4
15754 45.24
15754 29.04
15754 2.84
15754 0.32
15931 7.92
15931 1.4
15931 45.24
15931 29.04
15931 2.84
15931 0.32
15869 7.92
15869 1.4
15869 45.24
15869 29.04
15869 2.84
15869 0.32
15812 7.92
15812 1.4
15812 45.24
15812 29.04
15812 2.84
15812 0.32
15755 7.92
15755 1.4
15755 45.24
15755 29.04
15755 2.84
15755 0.32
15932 7.92
15932 1.4
15932 45.24
15932 29.04
15932 2.84
15932 0.32
15870 7.92
15870 1.4
15870 45.24
15870 29.04
15870 2.84
15870 0.32
15813 7.92
15813 1.4
15813 45.24
15813 29.04
15813 2.84
15813 0.32
15756 7.92
15756 1.4
15756 45.24
15756 29.04
15756 2.84
15756 0.32
15991 7.92
15991 1.4
15991 45.24
15991 29.04
15991 2.84
15991 0.32
15933 7.92
15933 1.4
15933 45.24
15933 29.04
15933 2.84
15933 0.32
15871 7.92
15871 1.4
15871 45.24
15871 29.04
15871 2.84
15871 0.32
15814 7.92
15814 1.4
15814 45.24
15814 29.04
15814 2.84
15814 0.32
15757 7.92
15757 1.4
15757 45.24
15757 29.04
15757 2.84
15757 0.32
15992 7.92
15992 1.4
15992 45.24
15992 29.04
15992 2.84
15992 0.32
15934 7.92
15934 1.4
15934 45.24
15934 29.04
15934 2.84
15934 0.32
15872 7.92
15872 1.4
15872 45.24
15872 29.04
15872 2.84
15872 0.32
15758 7.92
15758 1.4
15758 45.24
15758 29.04
15758 2.84
15758 0.32
15815 7.92
15815 1.4
15815 45.24
15815 29.04
15815 2.84
15815 0.32
15993 7.92
15993 1.4
15993 45.24
15993 29.04
15993 2.84
15993 0.32
15935 7.92
15935 1.4
15935 45.24
15935 29.04
15935 2.84
15935 0.32
15873 7.92
15873 1.4
15873 45.24
15873 29.04
15873 2.84
15873 0.32
15759 7.92
15759 1.4
15759 45.24
15759 29.04
15759 2.84
15759 0.32
15816 7.92
15816 1.4
15816 45.24
15816 29.04
15816 2.84
15816 0.32
15994 7.92
15994 1.4
15994 45.24
15994 29.04
15994 2.84
15994 0.32
15936 7.92
15936 1.4
15936 45.24
15936 29.04
15936 2.84
15936 0.32
15874 7.92
15874 1.4
15874 45.24
15874 29.04
15874 2.84
15874 0.32
15760 7.92
15760 1.4
15760 45.24
15760 29.04
15760 2.84
15760 0.32
15817 7.92
15817 1.4
15817 45.24
15817 29.04
15817 2.84
15817 0.32
15995 7.92
15995 1.4
15995 45.24
15995 29.04
15995 2.84
15995 0.32
15937 7.92
15937 1.4
15937 45.24
15937 29.04
15937 2.84
15937 0.32
15875 7.92
15875 1.4
15875 45.24
15875 29.04
15875 2.84
15875 0.32
15818 7.92
15818 1.4
15818 45.24
15818 29.04
15818 2.84
15818 0.32
15996 7.92
15996 1.4
15996 45.24
15996 29.04
15996 2.84
15996 0.32
15938 7.92
15938 1.4
15938 45.24
15938 29.04
15938 2.84
15938 0.32
15876 7.92
15876 1.4
15876 45.24
15876 29.04
15876 2.84
15876 0.32
15819 7.92
15819 1.4
15819 45.24
15819 29.04
15819 2.84
15819 0.32
15997 7.92
15997 1.4
15997 45.24
15997 29.04
15997 2.84
15997 0.32
15939 7.92
15939 1.4
15939 45.24
15939 29.04
15939 2.84
15939 0.32
15877 7.92
15877 1.4
15877 45.24
15877 29.04
15877 2.84
15877 0.32
15820 7.92
15820 1.4
15820 45.24
15820 29.04
15820 2.84
15820 0.32
16056 7.92
16056 1.4
16056 45.24
16056 29.04
16056 2.84
16056 0.32
15998 7.92
15998 1.4
15998 45.24
15998 29.04
15998 2.84
15998 0.32
15940 7.92
15940 1.4
15940 45.24
15940 29.04
15940 2.84
15940 0.32
15878 7.92
15878 1.4
15878 45.24
15878 29.04
15878 2.84
15878 0.32
15821 7.92
15821 1.4
15821 45.24
15821 29.04
15821 2.84
15821 0.32
16057 7.92
16057 1.4
16057 45.24
16057 29.04
16057 2.84
16057 0.32
15999 7.92
15999 1.4
15999 45.24
15999 29.04
15999 2.84
15999 0.32
15941 7.92
15941 1.4
15941 45.24
15941 29.04
15941 2.84
15941 0.32
15879 7.92
15879 1.4
15879 45.24
15879 29.04
15879 2.84
15879 0.32
15822 7.92
15822 1.4
15822 45.24
15822 29.04
15822 2.84
15822 0.32
16058 7.92
16058 1.4
16058 45.24
16058 29.04
16058 2.84
16058 0.32
16000 7.92
16000 1.4
16000 45.24
16000 29.04
16000 2.84
16000 0.32
15942 7.92
15942 1.4
15942 45.24
15942 29.04
15942 2.84
15942 0.32
15880 7.92
15880 1.4
15880 45.24
15880 29.04
15880 2.84
15880 0.32
15823 7.92
15823 1.4
15823 45.24
15823 29.04
15823 2.84
15823 0.32
16059 7.92
16059 1.4
16059 45.24
16059 29.04
16059 2.84
16059 0.32
16001 7.92
16001 1.4
16001 45.24
16001 29.04
16001 2.84
16001 0.32
15943 7.92
15943 1.4
15943 45.24
15943 29.04
15943 2.84
15943 0.32
15881 7.92
15881 1.4
15881 45.24
15881 29.04
15881 2.84
15881 0.32
16060 7.92
16060 1.4
16060 45.24
16060 29.04
16060 2.84
16060 0.32
16002 7.92
16002 1.4
16002 45.24
16002 29.04
16002 2.84
16002 0.32
15944 7.92
15944 1.4
15944 45.24
15944 29.04
15944 2.84
15944 0.32
15882 7.92
15882 1.4
15882 45.24
15882 29.04
15882 2.84
15882 0.32
16061 7.92
16061 1.4
16061 45.24
16061 29.04
16061 2.84
16061 0.32
16003 7.92
16003 1.4
16003 45.24
16003 29.04
16003 2.84
16003 0.32
15945 7.92
15945 1.4
15945 45.24
15945 29.04
15945 2.84
15945 0.32
15883 7.92
15883 1.4
15883 45.24
15883 29.04
15883 2.84
15883 0.32
16122 7.92
16122 1.4
16122 45.24
16122 29.04
16122 2.84
16122 0.32
16062 7.92
16062 1.4
16062 45.24
16062 29.04
16062 2.84
16062 0.32
16004 7.92
16004 1.4
16004 45.24
16004 29.04
16004 2.84
16004 0.32
15946 7.92
15946 1.4
15946 45.24
15946 29.04
15946 2.84
15946 0.32
15884 7.92
15884 1.4
15884 45.24
15884 29.04
15884 2.84
15884 0.32
16123 7.92
16123 1.4
16123 45.24
16123 29.04
16123 2.84
16123 0.32
16063 7.92
16063 1.4
16063 45.24
16063 29.04
16063 2.84
16063 0.32
16005 7.92
16005 1.4
16005 45.24
16005 29.04
16005 2.84
16005 0.32
15885 7.92
15885 1.4
15885 45.24
15885 29.04
15885 2.84
15885 0.32
15947 7.92
15947 1.4
15947 45.24
15947 29.04
15947 2.84
15947 0.32
16124 7.92
16124 1.4
16124 45.24
16124 29.04
16124 2.84
16124 0.32
16064 7.92
16064 1.4
16064 45.24
16064 29.04
16064 2.84
16064 0.32
16006 7.92
16006 1.4
16006 45.24
16006 29.04
16006 2.84
16006 0.32
15886 7.92
15886 1.4
15886 45.24
15886 29.04
15886 2.84
15886 0.32
15948 7.92
15948 1.4
15948 45.24
15948 29.04
15948 2.84
15948 0.32
16125 7.92
16125 1.4
16125 45.24
16125 29.04
16125 2.84
16125 0.32
16065 7.92
16065 1.4
16065 45.24
16065 29.04
16065 2.84
16065 0.32
16007 7.92
16007 1.4
16007 45.24
16007 29.04
16007 2.84
16007 0.32
15887 7.92
15887 1.4
15887 45.24
15887 29.04
15887 2.84
15887 0.32
15949 7.92
15949 1.4
15949 45.24
15949 29.04
15949 2.84
15949 0.32
16126 7.92
16126 1.4
16126 45.24
16126 29.04
16126 2.84
16126 0.32
16066 7.92
16066 1.4
16066 45.24
16066 29.04
16066 2.84
16066 0.32
16008 7.92
16008 1.4
16008 45.24
16008 29.04
16008 2.84
16008 0.32
15950 7.92
15950 1.4
15950 45.24
15950 29.04
15950 2.84
15950 0.32
16127 7.92
16127 1.4
16127 45.24
16127 29.04
16127 2.84
16127 0.32
16067 7.92
16067 1.4
16067 45.24
16067 29.04
16067 2.84
16067 0.32
16009 7.92
16009 1.4
16009 45.24
16009 29.04
16009 2.84
16009 0.32
15951 7.92
15951 1.4
15951 45.24
15951 29.04
15951 2.84
15951 0.32
16128 7.92
16128 1.4
16128 45.24
16128 29.04
16128 2.84
16128 0.32
16068 7.92
16068 1.4
16068 45.24
16068 29.04
16068 2.84
16068 0.32
16010 7.92
16010 1.4
16010 45.24
16010 29.04
16010 2.84
16010 0.32
15952 7.92
15952 1.4
15952 45.24
15952 29.04
15952 2.84
15952 0.32
16186 7.92
16186 1.4
16186 45.24
16186 29.04
16186 2.84
16186 0.32
16129 7.92
16129 1.4
16129 45.24
16129 29.04
16129 2.84
16129 0.32
16069 7.92
16069 1.4
16069 45.24
16069 29.04
16069 2.84
16069 0.32
16011 7.92
16011 1.4
16011 45.24
16011 29.04
16011 2.84
16011 0.32
15953 7.92
15953 1.4
15953 45.24
15953 29.04
15953 2.84
15953 0.32
16187 7.92
16187 1.4
16187 45.24
16187 29.04
16187 2.84
16187 0.32
16130 7.92
16130 1.4
16130 45.24
16130 29.04
16130 2.84
16130 0.32
16070 7.92
16070 1.4
16070 45.24
16070 29.04
16070 2.84
16070 0.32
15954 7.92
15954 1.4
15954 45.24
15954 29.04
15954 2.84
15954 0.32
16012 7.92
16012 1.4
16012 45.24
16012 29.04
16012 2.84
16012 0.32
16188 7.92
16188 1.4
16188 45.24
16188 29.04
16188 2.84
16188 0.32
16131 7.92
16131 1.4
16131 45.24
16131 29.04
16131 2.84
16131 0.32
16071 7.92
16071 1.4
16071 45.24
16071 29.04
16071 2.84
16071 0.32
15955 7.92
15955 1.4
15955 45.24
15955 29.04
15955 2.84
15955 0.32
16013 7.92
16013 1.4
16013 45.24
16013 29.04
16013 2.84
16013 0.32
16189 7.92
16189 1.4
16189 45.24
16189 29.04
16189 2.84
16189 0.32
16132 7.92
16132 1.4
16132 45.24
16132 29.04
16132 2.84
16132 0.32
15956 7.92
15956 1.4
15956 45.24
15956 29.04
15956 2.84
15956 0.32
16072 7.92
16072 1.4
16072 45.24
16072 29.04
16072 2.84
16072 0.32
16014 7.92
16014 1.4
16014 45.24
16014 29.04
16014 2.84
16014 0.32
16190 7.92
16190 1.4
16190 45.24
16190 29.04
16190 2.84
16190 0.32
16133 7.92
16133 1.4
16133 45.24
16133 29.04
16133 2.84
16133 0.32
16073 7.92
16073 1.4
16073 45.24
16073 29.04
16073 2.84
16073 0.32
16015 7.92
16015 1.4
16015 45.24
16015 29.04
16015 2.84
16015 0.32
16191 7.92
16191 1.4
16191 45.24
16191 29.04
16191 2.84
16191 0.32
16134 7.92
16134 1.4
16134 45.24
16134 29.04
16134 2.84
16134 0.32
16074 7.92
16074 1.4
16074 45.24
16074 29.04
16074 2.84
16074 0.32
16016 7.92
16016 1.4
16016 45.24
16016 29.04
16016 2.84
16016 0.32
16251 7.92
16251 1.4
16251 45.24
16251 29.04
16251 2.84
16251 0.32
16192 7.92
16192 1.4
16192 45.24
16192 29.04
16192 2.84
16192 0.32
16135 7.92
16135 1.4
16135 45.24
16135 29.04
16135 2.84
16135 0.32
16075 7.92
16075 1.4
16075 45.24
16075 29.04
16075 2.84
16075 0.32
16017 7.92
16017 1.4
16017 45.24
16017 29.04
16017 2.84
16017 0.32
16252 7.92
16252 1.4
16252 45.24
16252 29.04
16252 2.84
16252 0.32
16193 7.92
16193 1.4
16193 45.24
16193 29.04
16193 2.84
16193 0.32
16136 7.92
16136 1.4
16136 45.24
16136 29.04
16136 2.84
16136 0.32
16018 7.92
16018 1.4
16018 45.24
16018 29.04
16018 2.84
16018 0.32
16076 7.92
16076 1.4
16076 45.24
16076 29.04
16076 2.84
16076 0.32
16253 7.92
16253 1.4
16253 45.24
16253 29.04
16253 2.84
16253 0.32
16194 7.92
16194 1.4
16194 45.24
16194 29.04
16194 2.84
16194 0.32
16137 7.92
16137 1.4
16137 45.24
16137 29.04
16137 2.84
16137 0.32
16019 7.92
16019 1.4
16019 45.24
16019 29.04
16019 2.84
16019 0.32
16077 7.92
16077 1.4
16077 45.24
16077 29.04
16077 2.84
16077 0.32
16254 7.92
16254 1.4
16254 45.24
16254 29.04
16254 2.84
16254 0.32
16195 7.92
16195 1.4
16195 45.24
16195 29.04
16195 2.84
16195 0.32
16138 7.92
16138 1.4
16138 45.24
16138 29.04
16138 2.84
16138 0.32
16020 7.92
16020 1.4
16020 45.24
16020 29.04
16020 2.84
16020 0.32
16078 7.92
16078 1.4
16078 45.24
16078 29.04
16078 2.84
16078 0.32
16255 7.92
16255 1.4
16255 45.24
16255 29.04
16255 2.84
16255 0.32
16196 7.92
16196 1.4
16196 45.24
16196 29.04
16196 2.84
16196 0.32
16139 7.92
16139 1.4
16139 45.24
16139 29.04
16139 2.84
16139 0.32
16079 7.92
16079 1.4
16079 45.24
16079 29.04
16079 2.84
16079 0.32
16256 7.92
16256 1.4
16256 45.24
16256 29.04
16256 2.84
16256 0.32
16197 7.92
16197 1.4
16197 45.24
16197 29.04
16197 2.84
16197 0.32
16140 7.92
16140 1.4
16140 45.24
16140 29.04
16140 2.84
16140 0.32
16080 7.92
16080 1.4
16080 45.24
16080 29.04
16080 2.84
16080 0.32
16257 7.92
16257 1.4
16257 45.24
16257 29.04
16257 2.84
16257 0.32
16198 7.92
16198 1.4
16198 45.24
16198 29.04
16198 2.84
16198 0.32
16141 7.92
16141 1.4
16141 45.24
16141 29.04
16141 2.84
16141 0.32
16316 7.92
16316 1.4
16316 45.24
16316 29.04
16316 2.84
16316 0.32
16081 7.92
16081 1.4
16081 45.24
16081 29.04
16081 2.84
16081 0.32
16258 7.92
16258 1.4
16258 45.24
16258 29.04
16258 2.84
16258 0.32
16199 7.92
16199 1.4
16199 45.24
16199 29.04
16199 2.84
16199 0.32
16142 7.92
16142 1.4
16142 45.24
16142 29.04
16142 2.84
16142 0.32
16082 7.92
16082 1.4
16082 45.24
16082 29.04
16082 2.84
16082 0.32
16317 7.92
16317 1.4
16317 45.24
16317 29.04
16317 2.84
16317 0.32
16259 7.92
16259 1.4
16259 45.24
16259 29.04
16259 2.84
16259 0.32
16200 7.92
16200 1.4
16200 45.24
16200 29.04
16200 2.84
16200 0.32
16143 7.92
16143 1.4
16143 45.24
16143 29.04
16143 2.84
16143 0.32
16083 7.92
16083 1.4
16083 45.24
16083 29.04
16083 2.84
16083 0.32
16318 7.92
16318 1.4
16318 45.24
16318 29.04
16318 2.84
16318 0.32
16260 7.92
16260 1.4
16260 45.24
16260 29.04
16260 2.84
16260 0.32
16201 7.92
16201 1.4
16201 45.24
16201 29.04
16201 2.84
16201 0.32
16144 7.92
16144 1.4
16144 45.24
16144 29.04
16144 2.84
16144 0.32
16084 7.92
16084 1.4
16084 45.24
16084 29.04
16084 2.84
16084 0.32
16319 7.92
16319 1.4
16319 45.24
16319 29.04
16319 2.84
16319 0.32
16261 7.92
16261 1.4
16261 45.24
16261 29.04
16261 2.84
16261 0.32
16202 7.92
16202 1.4
16202 45.24
16202 29.04
16202 2.84
16202 0.32
16145 7.92
16145 1.4
16145 45.24
16145 29.04
16145 2.84
16145 0.32
16085 7.92
16085 1.4
16085 45.24
16085 29.04
16085 2.84
16085 0.32
16320 7.92
16320 1.4
16320 45.24
16320 29.04
16320 2.84
16320 0.32
16262 7.92
16262 1.4
16262 45.24
16262 29.04
16262 2.84
16262 0.32
16203 7.92
16203 1.4
16203 45.24
16203 29.04
16203 2.84
16203 0.32
16146 7.92
16146 1.4
16146 45.24
16146 29.04
16146 2.84
16146 0.32
16321 7.92
16321 1.4
16321 45.24
16321 29.04
16321 2.84
16321 0.32
16263 7.92
16263 1.4
16263 45.24
16263 29.04
16263 2.84
16263 0.32
16204 7.92
16204 1.4
16204 45.24
16204 29.04
16204 2.84
16204 0.32
16380 7.92
16380 1.4
16380 45.24
16380 29.04
16380 2.84
16380 0.32
16147 7.92
16147 1.4
16147 45.24
16147 29.04
16147 2.84
16147 0.32
16322 7.92
16322 1.4
16322 45.24
16322 29.04
16322 2.84
16322 0.32
16264 7.92
16264 1.4
16264 45.24
16264 29.04
16264 2.84
16264 0.32
16205 7.92
16205 1.4
16205 45.24
16205 29.04
16205 2.84
16205 0.32
16148 7.92
16148 1.4
16148 45.24
16148 29.04
16148 2.84
16148 0.32
16381 7.92
16381 1.4
16381 45.24
16381 29.04
16381 2.84
16381 0.32
16323 7.92
16323 1.4
16323 45.24
16323 29.04
16323 2.84
16323 0.32
16265 7.92
16265 1.4
16265 45.24
16265 29.04
16265 2.84
16265 0.32
16149 7.92
16149 1.4
16149 45.24
16149 29.04
16149 2.84
16149 0.32
16206 7.92
16206 1.4
16206 45.24
16206 29.04
16206 2.84
16206 0.32
16382 7.92
16382 1.4
16382 45.24
16382 29.04
16382 2.84
16382 0.32
16324 7.92
16324 1.4
16324 45.24
16324 29.04
16324 2.84
16324 0.32
16266 7.92
16266 1.4
16266 45.24
16266 29.04
16266 2.84
16266 0.32
16150 7.92
16150 1.4
16150 45.24
16150 29.04
16150 2.84
16150 0.32
16207 7.92
16207 1.4
16207 45.24
16207 29.04
16207 2.84
16207 0.32
16383 7.92
16383 1.4
16383 45.24
16383 29.04
16383 2.84
16383 0.32
16325 7.92
16325 1.4
16325 45.24
16325 29.04
16325 2.84
16325 0.32
16267 7.92
16267 1.4
16267 45.24
16267 29.04
16267 2.84
16267 0.32
16151 7.92
16151 1.4
16151 45.24
16151 29.04
16151 2.84
16151 0.32
16208 7.92
16208 1.4
16208 45.24
16208 29.04
16208 2.84
16208 0.32
16384 7.92
16384 1.4
16384 45.24
16384 29.04
16384 2.84
16384 0.32
16326 7.92
16326 1.4
16326 45.24
16326 29.04
16326 2.84
16326 0.32
16152 7.92
16152 1.4
16152 45.24
16152 29.04
16152 2.84
16152 0.32
16268 7.92
16268 1.4
16268 45.24
16268 29.04
16268 2.84
16268 0.32
16209 7.92
16209 1.4
16209 45.24
16209 29.04
16209 2.84
16209 0.32
16385 7.92
16385 1.4
16385 45.24
16385 29.04
16385 2.84
16385 0.32
16327 7.92
16327 1.4
16327 45.24
16327 29.04
16327 2.84
16327 0.32
16443 7.92
16443 1.4
16443 45.24
16443 29.04
16443 2.84
16443 0.32
16269 7.92
16269 1.4
16269 45.24
16269 29.04
16269 2.84
16269 0.32
16210 7.92
16210 1.4
16210 45.24
16210 29.04
16210 2.84
16210 0.32
16386 7.92
16386 1.4
16386 45.24
16386 29.04
16386 2.84
16386 0.32
16328 7.92
16328 1.4
16328 45.24
16328 29.04
16328 2.84
16328 0.32
16270 7.92
16270 1.4
16270 45.24
16270 29.04
16270 2.84
16270 0.32
16211 7.92
16211 1.4
16211 45.24
16211 29.04
16211 2.84
16211 0.32
16444 7.92
16444 1.4
16444 45.24
16444 29.04
16444 2.84
16444 0.32
16387 7.92
16387 1.4
16387 45.24
16387 29.04
16387 2.84
16387 0.32
16329 7.92
16329 1.4
16329 45.24
16329 29.04
16329 2.84
16329 0.32
16271 7.92
16271 1.4
16271 45.24
16271 29.04
16271 2.84
16271 0.32
16212 7.92
16212 1.4
16212 45.24
16212 29.04
16212 2.84
16212 0.32
16445 7.92
16445 1.4
16445 45.24
16445 29.04
16445 2.84
16445 0.32
16388 7.92
16388 1.4
16388 45.24
16388 29.04
16388 2.84
16388 0.32
16330 7.92
16330 1.4
16330 45.24
16330 29.04
16330 2.84
16330 0.32
16213 7.92
16213 1.4
16213 45.24
16213 29.04
16213 2.84
16213 0.32
16272 7.92
16272 1.4
16272 45.24
16272 29.04
16272 2.84
16272 0.32
16446 7.92
16446 1.4
16446 45.24
16446 29.04
16446 2.84
16446 0.32
16389 7.92
16389 1.4
16389 45.24
16389 29.04
16389 2.84
16389 0.32
16331 7.92
16331 1.4
16331 45.24
16331 29.04
16331 2.84
16331 0.32
16214 7.92
16214 1.4
16214 45.24
16214 29.04
16214 2.84
16214 0.32
16273 7.92
16273 1.4
16273 45.24
16273 29.04
16273 2.84
16273 0.32
16447 7.92
16447 1.4
16447 45.24
16447 29.04
16447 2.84
16447 0.32
16390 7.92
16390 1.4
16390 45.24
16390 29.04
16390 2.84
16390 0.32
16332 7.92
16332 1.4
16332 45.24
16332 29.04
16332 2.84
16332 0.32
16215 7.92
16215 1.4
16215 45.24
16215 29.04
16215 2.84
16215 0.32
16274 7.92
16274 1.4
16274 45.24
16274 29.04
16274 2.84
16274 0.32
16448 7.92
16448 1.4
16448 45.24
16448 29.04
16448 2.84
16448 0.32
16391 7.92
16391 1.4
16391 45.24
16391 29.04
16391 2.84
16391 0.32
16333 7.92
16333 1.4
16333 45.24
16333 29.04
16333 2.84
16333 0.32
16275 7.92
16275 1.4
16275 45.24
16275 29.04
16275 2.84
16275 0.32
16449 7.92
16449 1.4
16449 45.24
16449 29.04
16449 2.84
16449 0.32
16392 7.92
16392 1.4
16392 45.24
16392 29.04
16392 2.84
16392 0.32
16334 7.92
16334 1.4
16334 45.24
16334 29.04
16334 2.84
16334 0.32
16276 7.92
16276 1.4
16276 45.24
16276 29.04
16276 2.84
16276 0.32
16450 7.92
16450 1.4
16450 45.24
16450 29.04
16450 2.84
16450 0.32
16393 7.92
16393 1.4
16393 45.24
16393 29.04
16393 2.84
16393 0.32
16335 7.92
16335 1.4
16335 45.24
16335 29.04
16335 2.84
16335 0.32
16277 7.92
16277 1.4
16277 45.24
16277 29.04
16277 2.84
16277 0.32
16506 7.92
16506 1.4
16506 45.24
16506 29.04
16506 2.84
16506 0.32
16451 7.92
16451 1.4
16451 45.24
16451 29.04
16451 2.84
16451 0.32
16394 7.92
16394 1.4
16394 45.24
16394 29.04
16394 2.84
16394 0.32
16336 7.92
16336 1.4
16336 45.24
16336 29.04
16336 2.84
16336 0.32
16278 7.92
16278 1.4
16278 45.24
16278 29.04
16278 2.84
16278 0.32
16507 7.92
16507 1.4
16507 45.24
16507 29.04
16507 2.84
16507 0.32
16452 7.92
16452 1.4
16452 45.24
16452 29.04
16452 2.84
16452 0.32
16395 7.92
16395 1.4
16395 45.24
16395 29.04
16395 2.84
16395 0.32
16337 7.92
16337 1.4
16337 45.24
16337 29.04
16337 2.84
16337 0.32
16279 7.92
16279 1.4
16279 45.24
16279 29.04
16279 2.84
16279 0.32
16508 7.92
16508 1.4
16508 45.24
16508 29.04
16508 2.84
16508 0.32
16453 7.92
16453 1.4
16453 45.24
16453 29.04
16453 2.84
16453 0.32
16396 7.92
16396 1.4
16396 45.24
16396 29.04
16396 2.84
16396 0.32
16338 7.92
16338 1.4
16338 45.24
16338 29.04
16338 2.84
16338 0.32
16280 7.92
16280 1.4
16280 45.24
16280 29.04
16280 2.84
16280 0.32
16509 7.92
16509 1.4
16509 45.24
16509 29.04
16509 2.84
16509 0.32
16454 7.92
16454 1.4
16454 45.24
16454 29.04
16454 2.84
16454 0.32
16397 7.92
16397 1.4
16397 45.24
16397 29.04
16397 2.84
16397 0.32
16339 7.92
16339 1.4
16339 45.24
16339 29.04
16339 2.84
16339 0.32
16281 7.92
16281 1.4
16281 45.24
16281 29.04
16281 2.84
16281 0.32
16510 7.92
16510 1.4
16510 45.24
16510 29.04
16510 2.84
16510 0.32
16455 7.92
16455 1.4
16455 45.24
16455 29.04
16455 2.84
16455 0.32
16398 7.92
16398 1.4
16398 45.24
16398 29.04
16398 2.84
16398 0.32
16340 7.92
16340 1.4
16340 45.24
16340 29.04
16340 2.84
16340 0.32
16511 7.92
16511 1.4
16511 45.24
16511 29.04
16511 2.84
16511 0.32
16456 7.92
16456 1.4
16456 45.24
16456 29.04
16456 2.84
16456 0.32
16399 7.92
16399 1.4
16399 45.24
16399 29.04
16399 2.84
16399 0.32
16341 7.92
16341 1.4
16341 45.24
16341 29.04
16341 2.84
16341 0.32
16512 7.92
16512 1.4
16512 45.24
16512 29.04
16512 2.84
16512 0.32
16457 7.92
16457 1.4
16457 45.24
16457 29.04
16457 2.84
16457 0.32
16400 7.92
16400 1.4
16400 45.24
16400 29.04
16400 2.84
16400 0.32
16342 7.92
16342 1.4
16342 45.24
16342 29.04
16342 2.84
16342 0.32
16562 7.92
16562 1.4
16562 45.24
16562 29.04
16562 2.84
16562 0.32
16513 7.92
16513 1.4
16513 45.24
16513 29.04
16513 2.84
16513 0.32
16458 7.92
16458 1.4
16458 45.24
16458 29.04
16458 2.84
16458 0.32
16343 7.92
16343 1.4
16343 45.24
16343 29.04
16343 2.84
16343 0.32
16401 7.92
16401 1.4
16401 45.24
16401 29.04
16401 2.84
16401 0.32
16563 7.92
16563 1.4
16563 45.24
16563 29.04
16563 2.84
16563 0.32
16514 7.92
16514 1.4
16514 45.24
16514 29.04
16514 2.84
16514 0.32
16459 7.92
16459 1.4
16459 45.24
16459 29.04
16459 2.84
16459 0.32
16344 7.92
16344 1.4
16344 45.24
16344 29.04
16344 2.84
16344 0.32
16402 7.92
16402 1.4
16402 45.24
16402 29.04
16402 2.84
16402 0.32
16564 7.92
16564 1.4
16564 45.24
16564 29.04
16564 2.84
16564 0.32
16515 7.92
16515 1.4
16515 45.24
16515 29.04
16515 2.84
16515 0.32
16460 7.92
16460 1.4
16460 45.24
16460 29.04
16460 2.84
16460 0.32
16345 7.92
16345 1.4
16345 45.24
16345 29.04
16345 2.84
16345 0.32
16403 7.92
16403 1.4
16403 45.24
16403 29.04
16403 2.84
16403 0.32
16565 7.92
16565 1.4
16565 45.24
16565 29.04
16565 2.84
16565 0.32
16516 7.92
16516 1.4
16516 45.24
16516 29.04
16516 2.84
16516 0.32
16461 7.92
16461 1.4
16461 45.24
16461 29.04
16461 2.84
16461 0.32
16404 7.92
16404 1.4
16404 45.24
16404 29.04
16404 2.84
16404 0.32
16566 7.92
16566 1.4
16566 45.24
16566 29.04
16566 2.84
16566 0.32
16517 7.92
16517 1.4
16517 45.24
16517 29.04
16517 2.84
16517 0.32
16462 7.92
16462 1.4
16462 45.24
16462 29.04
16462 2.84
16462 0.32
16405 7.92
16405 1.4
16405 45.24
16405 29.04
16405 2.84
16405 0.32
16567 7.92
16567 1.4
16567 45.24
16567 29.04
16567 2.84
16567 0.32
16518 7.92
16518 1.4
16518 45.24
16518 29.04
16518 2.84
16518 0.32
16463 7.92
16463 1.4
16463 45.24
16463 29.04
16463 2.84
16463 0.32
16406 7.92
16406 1.4
16406 45.24
16406 29.04
16406 2.84
16406 0.32
16568 7.92
16568 1.4
16568 45.24
16568 29.04
16568 2.84
16568 0.32
16519 7.92
16519 1.4
16519 45.24
16519 29.04
16519 2.84
16519 0.32
16464 7.92
16464 1.4
16464 45.24
16464 29.04
16464 2.84
16464 0.32
16407 7.92
16407 1.4
16407 45.24
16407 29.04
16407 2.84
16407 0.32
16614 7.92
16614 1.4
16614 45.24
16614 29.04
16614 2.84
16614 0.32
16569 7.92
16569 1.4
16569 45.24
16569 29.04
16569 2.84
16569 0.32
16520 7.92
16520 1.4
16520 45.24
16520 29.04
16520 2.84
16520 0.32
16408 7.92
16408 1.4
16408 45.24
16408 29.04
16408 2.84
16408 0.32
16465 7.92
16465 1.4
16465 45.24
16465 29.04
16465 2.84
16465 0.32
16615 7.92
16615 1.4
16615 45.24
16615 29.04
16615 2.84
16615 0.32
16570 7.92
16570 1.4
16570 45.24
16570 29.04
16570 2.84
16570 0.32
16521 7.92
16521 1.4
16521 45.24
16521 29.04
16521 2.84
16521 0.32
16409 7.92
16409 1.4
16409 45.24
16409 29.04
16409 2.84
16409 0.32
16466 7.92
16466 1.4
16466 45.24
16466 29.04
16466 2.84
16466 0.32
16616 7.92
16616 1.4
16616 45.24
16616 29.04
16616 2.84
16616 0.32
16571 7.92
16571 1.4
16571 45.24
16571 29.04
16571 2.84
16571 0.32
16522 7.92
16522 1.4
16522 45.24
16522 29.04
16522 2.84
16522 0.32
16467 7.92
16467 1.4
16467 45.24
16467 29.04
16467 2.84
16467 0.32
16617 7.92
16617 1.4
16617 45.24
16617 29.04
16617 2.84
16617 0.32
16572 7.92
16572 1.4
16572 45.24
16572 29.04
16572 2.84
16572 0.32
16523 7.92
16523 1.4
16523 45.24
16523 29.04
16523 2.84
16523 0.32
16468 7.92
16468 1.4
16468 45.24
16468 29.04
16468 2.84
16468 0.32
16618 7.92
16618 1.4
16618 45.24
16618 29.04
16618 2.84
16618 0.32
16573 7.92
16573 1.4
16573 45.24
16573 29.04
16573 2.84
16573 0.32
16524 7.92
16524 1.4
16524 45.24
16524 29.04
16524 2.84
16524 0.32
16469 7.92
16469 1.4
16469 45.24
16469 29.04
16469 2.84
16469 0.32
16619 7.92
16619 1.4
16619 45.24
16619 29.04
16619 2.84
16619 0.32
16574 7.92
16574 1.4
16574 45.24
16574 29.04
16574 2.84
16574 0.32
16525 7.92
16525 1.4
16525 45.24
16525 29.04
16525 2.84
16525 0.32
16470 7.92
16470 1.4
16470 45.24
16470 29.04
16470 2.84
16470 0.32
16620 7.92
16620 1.4
16620 45.24
16620 29.04
16620 2.84
16620 0.32
16575 7.92
16575 1.4
16575 45.24
16575 29.04
16575 2.84
16575 0.32
16471 7.92
16471 1.4
16471 45.24
16471 29.04
16471 2.84
16471 0.32
16526 7.92
16526 1.4
16526 45.24
16526 29.04
16526 2.84
16526 0.32
16670 7.92
16670 1.4
16670 45.24
16670 29.04
16670 2.84
16670 0.32
16621 7.92
16621 1.4
16621 45.24
16621 29.04
16621 2.84
16621 0.32
16576 7.92
16576 1.4
16576 45.24
16576 29.04
16576 2.84
16576 0.32
16472 7.92
16472 1.4
16472 45.24
16472 29.04
16472 2.84
16472 0.32
16527 7.92
16527 1.4
16527 45.24
16527 29.04
16527 2.84
16527 0.32
16671 7.92
16671 1.4
16671 45.24
16671 29.04
16671 2.84
16671 0.32
16622 7.92
16622 1.4
16622 45.24
16622 29.04
16622 2.84
16622 0.32
16577 7.92
16577 1.4
16577 45.24
16577 29.04
16577 2.84
16577 0.32
16473 7.92
16473 1.4
16473 45.24
16473 29.04
16473 2.84
16473 0.32
16528 7.92
16528 1.4
16528 45.24
16528 29.04
16528 2.84
16528 0.32
16672 7.92
16672 1.4
16672 45.24
16672 29.04
16672 2.84
16672 0.32
16623 7.92
16623 1.4
16623 45.24
16623 29.04
16623 2.84
16623 0.32
16578 7.92
16578 1.4
16578 45.24
16578 29.04
16578 2.84
16578 0.32
16529 7.92
16529 1.4
16529 45.24
16529 29.04
16529 2.84
16529 0.32
16673 7.92
16673 1.4
16673 45.24
16673 29.04
16673 2.84
16673 0.32
16624 7.92
16624 1.4
16624 45.24
16624 29.04
16624 2.84
16624 0.32
16579 7.92
16579 1.4
16579 45.24
16579 29.04
16579 2.84
16579 0.32
16530 7.92
16530 1.4
16530 45.24
16530 29.04
16530 2.84
16530 0.32
16674 7.92
16674 1.4
16674 45.24
16674 29.04
16674 2.84
16674 0.32
16625 7.92
16625 1.4
16625 45.24
16625 29.04
16625 2.84
16625 0.32
16580 7.92
16580 1.4
16580 45.24
16580 29.04
16580 2.84
16580 0.32
16531 7.92
16531 1.4
16531 45.24
16531 29.04
16531 2.84
16531 0.32
16675 7.92
16675 1.4
16675 45.24
16675 29.04
16675 2.84
16675 0.32
16626 7.92
16626 1.4
16626 45.24
16626 29.04
16626 2.84
16626 0.32
16581 7.92
16581 1.4
16581 45.24
16581 29.04
16581 2.84
16581 0.32
16532 7.92
16532 1.4
16532 45.24
16532 29.04
16532 2.84
16532 0.32
16676 7.92
16676 1.4
16676 45.24
16676 29.04
16676 2.84
16676 0.32
16627 7.92
16627 1.4
16627 45.24
16627 29.04
16627 2.84
16627 0.32
16582 7.92
16582 1.4
16582 45.24
16582 29.04
16582 2.84
16582 0.32
16533 7.92
16533 1.4
16533 45.24
16533 29.04
16533 2.84
16533 0.32
16720 7.92
16720 1.4
16720 45.24
16720 29.04
16720 2.84
16720 0.32
16677 7.92
16677 1.4
16677 45.24
16677 29.04
16677 2.84
16677 0.32
16628 7.92
16628 1.4
16628 45.24
16628 29.04
16628 2.84
16628 0.32
16583 7.92
16583 1.4
16583 45.24
16583 29.04
16583 2.84
16583 0.32
16721 7.92
16721 1.4
16721 45.24
16721 29.04
16721 2.84
16721 0.32
16678 7.92
16678 1.4
16678 45.24
16678 29.04
16678 2.84
16678 0.32
16629 7.92
16629 1.4
16629 45.24
16629 29.04
16629 2.84
16629 0.32
16584 7.92
16584 1.4
16584 45.24
16584 29.04
16584 2.84
16584 0.32
16722 7.92
16722 1.4
16722 45.24
16722 29.04
16722 2.84
16722 0.32
16679 7.92
16679 1.4
16679 45.24
16679 29.04
16679 2.84
16679 0.32
16630 7.92
16630 1.4
16630 45.24
16630 29.04
16630 2.84
16630 0.32
16585 7.92
16585 1.4
16585 45.24
16585 29.04
16585 2.84
16585 0.32
16723 7.92
16723 1.4
16723 45.24
16723 29.04
16723 2.84
16723 0.32
16680 7.92
16680 1.4
16680 45.24
16680 29.04
16680 2.84
16680 0.32
16631 7.92
16631 1.4
16631 45.24
16631 29.04
16631 2.84
16631 0.32
16586 7.92
16586 1.4
16586 45.24
16586 29.04
16586 2.84
16586 0.32
16724 7.92
16724 1.4
16724 45.24
16724 29.04
16724 2.84
16724 0.32
16681 7.92
16681 1.4
16681 45.24
16681 29.04
16681 2.84
16681 0.32
16632 7.92
16632 1.4
16632 45.24
16632 29.04
16632 2.84
16632 0.32
16587 7.92
16587 1.4
16587 45.24
16587 29.04
16587 2.84
16587 0.32
16725 7.92
16725 1.4
16725 45.24
16725 29.04
16725 2.84
16725 0.32
16682 7.92
16682 1.4
16682 45.24
16682 29.04
16682 2.84
16682 0.32
16633 7.92
16633 1.4
16633 45.24
16633 29.04
16633 2.84
16633 0.32
16588 7.92
16588 1.4
16588 45.24
16588 29.04
16588 2.84
16588 0.32
16726 7.92
16726 1.4
16726 45.24
16726 29.04
16726 2.84
16726 0.32
16683 7.92
16683 1.4
16683 45.24
16683 29.04
16683 2.84
16683 0.32
16634 7.92
16634 1.4
16634 45.24
16634 29.04
16634 2.84
16634 0.32
16767 7.92
16767 1.4
16767 45.24
16767 29.04
16767 2.84
16767 0.32
16727 7.92
16727 1.4
16727 45.24
16727 29.04
16727 2.84
16727 0.32
16684 7.92
16684 1.4
16684 45.24
16684 29.04
16684 2.84
16684 0.32
16635 7.92
16635 1.4
16635 45.24
16635 29.04
16635 2.84
16635 0.32
16768 7.92
16768 1.4
16768 45.24
16768 29.04
16768 2.84
16768 0.32
16728 7.92
16728 1.4
16728 45.24
16728 29.04
16728 2.84
16728 0.32
16685 7.92
16685 1.4
16685 45.24
16685 29.04
16685 2.84
16685 0.32
16636 7.92
16636 1.4
16636 45.24
16636 29.04
16636 2.84
16636 0.32
16769 7.92
16769 1.4
16769 45.24
16769 29.04
16769 2.84
16769 0.32
16729 7.92
16729 1.4
16729 45.24
16729 29.04
16729 2.84
16729 0.32
16686 7.92
16686 1.4
16686 45.24
16686 29.04
16686 2.84
16686 0.32
16637 7.92
16637 1.4
16637 45.24
16637 29.04
16637 2.84
16637 0.32
16770 7.92
16770 1.4
16770 45.24
16770 29.04
16770 2.84
16770 0.32
16730 7.92
16730 1.4
16730 45.24
16730 29.04
16730 2.84
16730 0.32
16687 7.92
16687 1.4
16687 45.24
16687 29.04
16687 2.84
16687 0.32
16638 7.92
16638 1.4
16638 45.24
16638 29.04
16638 2.84
16638 0.32
16771 7.92
16771 1.4
16771 45.24
16771 29.04
16771 2.84
16771 0.32
16731 7.92
16731 1.4
16731 45.24
16731 29.04
16731 2.84
16731 0.32
16688 7.92
16688 1.4
16688 45.24
16688 29.04
16688 2.84
16688 0.32
16639 7.92
16639 1.4
16639 45.24
16639 29.04
16639 2.84
16639 0.32
16772 7.92
16772 1.4
16772 45.24
16772 29.04
16772 2.84
16772 0.32
16732 7.92
16732 1.4
16732 45.24
16732 29.04
16732 2.84
16732 0.32
16689 7.92
16689 1.4
16689 45.24
16689 29.04
16689 2.84
16689 0.32
16813 7.92
16813 1.4
16813 45.24
16813 29.04
16813 2.84
16813 0.32
16773 7.92
16773 1.4
16773 45.24
16773 29.04
16773 2.84
16773 0.32
16733 7.92
16733 1.4
16733 45.24
16733 29.04
16733 2.84
16733 0.32
16690 7.92
16690 1.4
16690 45.24
16690 29.04
16690 2.84
16690 0.32
16814 7.92
16814 1.4
16814 45.24
16814 29.04
16814 2.84
16814 0.32
16774 7.92
16774 1.4
16774 45.24
16774 29.04
16774 2.84
16774 0.32
16734 7.92
16734 1.4
16734 45.24
16734 29.04
16734 2.84
16734 0.32
16691 7.92
16691 1.4
16691 45.24
16691 29.04
16691 2.84
16691 0.32
16815 7.92
16815 1.4
16815 45.24
16815 29.04
16815 2.84
16815 0.32
16775 7.92
16775 1.4
16775 45.24
16775 29.04
16775 2.84
16775 0.32
16735 7.92
16735 1.4
16735 45.24
16735 29.04
16735 2.84
16735 0.32
16692 7.92
16692 1.4
16692 45.24
16692 29.04
16692 2.84
16692 0.32
16816 7.92
16816 1.4
16816 45.24
16816 29.04
16816 2.84
16816 0.32
16776 7.92
16776 1.4
16776 45.24
16776 29.04
16776 2.84
16776 0.32
16736 7.92
16736 1.4
16736 45.24
16736 29.04
16736 2.84
16736 0.32
16693 7.92
16693 1.4
16693 45.24
16693 29.04
16693 2.84
16693 0.32
16817 7.92
16817 1.4
16817 45.24
16817 29.04
16817 2.84
16817 0.32
16777 7.92
16777 1.4
16777 45.24
16777 29.04
16777 2.84
16777 0.32
16737 7.92
16737 1.4
16737 45.24
16737 29.04
16737 2.84
16737 0.32
16694 7.92
16694 1.4
16694 45.24
16694 29.04
16694 2.84
16694 0.32
16818 7.92
16818 1.4
16818 45.24
16818 29.04
16818 2.84
16818 0.32
16778 7.92
16778 1.4
16778 45.24
16778 29.04
16778 2.84
16778 0.32
16738 7.92
16738 1.4
16738 45.24
16738 29.04
16738 2.84
16738 0.32
16819 7.92
16819 1.4
16819 45.24
16819 29.04
16819 2.84
16819 0.32
16779 7.92
16779 1.4
16779 45.24
16779 29.04
16779 2.84
16779 0.32
16739 7.92
16739 1.4
16739 45.24
16739 29.04
16739 2.84
16739 0.32
16856 7.92
16856 1.4
16856 45.24
16856 29.04
16856 2.84
16856 0.32
16820 7.92
16820 1.4
16820 45.24
16820 29.04
16820 2.84
16820 0.32
16780 7.92
16780 1.4
16780 45.24
16780 29.04
16780 2.84
16780 0.32
16740 7.92
16740 1.4
16740 45.24
16740 29.04
16740 2.84
16740 0.32
16857 7.92
16857 1.4
16857 45.24
16857 29.04
16857 2.84
16857 0.32
16821 7.92
16821 1.4
16821 45.24
16821 29.04
16821 2.84
16821 0.32
16781 7.92
16781 1.4
16781 45.24
16781 29.04
16781 2.84
16781 0.32
16741 7.92
16741 1.4
16741 45.24
16741 29.04
16741 2.84
16741 0.32
16858 7.92
16858 1.4
16858 45.24
16858 29.04
16858 2.84
16858 0.32
16822 7.92
16822 1.4
16822 45.24
16822 29.04
16822 2.84
16822 0.32
16782 7.92
16782 1.4
16782 45.24
16782 29.04
16782 2.84
16782 0.32
16742 7.92
16742 1.4
16742 45.24
16742 29.04
16742 2.84
16742 0.32
16859 7.92
16859 1.4
16859 45.24
16859 29.04
16859 2.84
16859 0.32
16823 7.92
16823 1.4
16823 45.24
16823 29.04
16823 2.84
16823 0.32
16783 7.92
16783 1.4
16783 45.24
16783 29.04
16783 2.84
16783 0.32
16860 7.92
16860 1.4
16860 45.24
16860 29.04
16860 2.84
16860 0.32
16824 7.92
16824 1.4
16824 45.24
16824 29.04
16824 2.84
16824 0.32
16784 7.92
16784 1.4
16784 45.24
16784 29.04
16784 2.84
16784 0.32
16861 7.92
16861 1.4
16861 45.24
16861 29.04
16861 2.84
16861 0.32
16825 7.92
16825 1.4
16825 45.24
16825 29.04
16825 2.84
16825 0.32
16785 7.92
16785 1.4
16785 45.24
16785 29.04
16785 2.84
16785 0.32
16895 7.92
16895 1.4
16895 45.24
16895 29.04
16895 2.84
16895 0.32
16862 7.92
16862 1.4
16862 45.24
16862 29.04
16862 2.84
16862 0.32
16826 7.92
16826 1.4
16826 45.24
16826 29.04
16826 2.84
16826 0.32
16786 7.92
16786 1.4
16786 45.24
16786 29.04
16786 2.84
16786 0.32
16896 7.92
16896 1.4
16896 45.24
16896 29.04
16896 2.84
16896 0.32
16863 7.92
16863 1.4
16863 45.24
16863 29.04
16863 2.84
16863 0.32
16827 7.92
16827 1.4
16827 45.24
16827 29.04
16827 2.84
16827 0.32
16787 7.92
16787 1.4
16787 45.24
16787 29.04
16787 2.84
16787 0.32
16897 7.92
16897 1.4
16897 45.24
16897 29.04
16897 2.84
16897 0.32
16864 7.92
16864 1.4
16864 45.24
16864 29.04
16864 2.84
16864 0.32
16828 7.92
16828 1.4
16828 45.24
16828 29.04
16828 2.84
16828 0.32
16788 7.92
16788 1.4
16788 45.24
16788 29.04
16788 2.84
16788 0.32
16898 7.92
16898 1.4
16898 45.24
16898 29.04
16898 2.84
16898 0.32
16865 7.92
16865 1.4
16865 45.24
16865 29.04
16865 2.84
16865 0.32
16829 7.92
16829 1.4
16829 45.24
16829 29.04
16829 2.84
16829 0.32
16789 7.92
16789 1.4
16789 45.24
16789 29.04
16789 2.84
16789 0.32
16899 7.92
16899 1.4
16899 45.24
16899 29.04
16899 2.84
16899 0.32
16866 7.92
16866 1.4
16866 45.24
16866 29.04
16866 2.84
16866 0.32
16830 7.92
16830 1.4
16830 45.24
16830 29.04
16830 2.84
16830 0.32
16900 7.92
16900 1.4
16900 45.24
16900 29.04
16900 2.84
16900 0.32
16867 7.92
16867 1.4
16867 45.24
16867 29.04
16867 2.84
16867 0.32
16831 7.92
16831 1.4
16831 45.24
16831 29.04
16831 2.84
16831 0.32
16901 7.92
16901 1.4
16901 45.24
16901 29.04
16901 2.84
16901 0.32
16868 7.92
16868 1.4
16868 45.24
16868 29.04
16868 2.84
16868 0.32
16832 7.92
16832 1.4
16832 45.24
16832 29.04
16832 2.84
16832 0.32
16936 7.92
16936 1.4
16936 45.24
16936 29.04
16936 2.84
16936 0.32
16902 7.92
16902 1.4
16902 45.24
16902 29.04
16902 2.84
16902 0.32
16869 7.92
16869 1.4
16869 45.24
16869 29.04
16869 2.84
16869 0.32
16833 7.92
16833 1.4
16833 45.24
16833 29.04
16833 2.84
16833 0.32
16937 7.92
16937 1.4
16937 45.24
16937 29.04
16937 2.84
16937 0.32
16903 7.92
16903 1.4
16903 45.24
16903 29.04
16903 2.84
16903 0.32
16870 7.92
16870 1.4
16870 45.24
16870 29.04
16870 2.84
16870 0.32
16834 7.92
16834 1.4
16834 45.24
16834 29.04
16834 2.84
16834 0.32
16938 7.92
16938 1.4
16938 45.24
16938 29.04
16938 2.84
16938 0.32
16904 7.92
16904 1.4
16904 45.24
16904 29.04
16904 2.84
16904 0.32
16871 7.92
16871 1.4
16871 45.24
16871 29.04
16871 2.84
16871 0.32
16939 7.92
16939 1.4
16939 45.24
16939 29.04
16939 2.84
16939 0.32
16905 7.92
16905 1.4
16905 45.24
16905 29.04
16905 2.84
16905 0.32
16872 7.92
16872 1.4
16872 45.24
16872 29.04
16872 2.84
16872 0.32
16940 7.92
16940 1.4
16940 45.24
16940 29.04
16940 2.84
16940 0.32
16906 7.92
16906 1.4
16906 45.24
16906 29.04
16906 2.84
16906 0.32
16873 7.92
16873 1.4
16873 45.24
16873 29.04
16873 2.84
16873 0.32
16972 7.92
16972 1.4
16972 45.24
16972 29.04
16972 2.84
16972 0.32
16941 7.92
16941 1.4
16941 45.24
16941 29.04
16941 2.84
16941 0.32
16907 7.92
16907 1.4
16907 45.24
16907 29.04
16907 2.84
16907 0.32
16874 7.92
16874 1.4
16874 45.24
16874 29.04
16874 2.84
16874 0.32
16973 7.92
16973 1.4
16973 45.24
16973 29.04
16973 2.84
16973 0.32
16942 7.92
16942 1.4
16942 45.24
16942 29.04
16942 2.84
16942 0.32
16908 7.92
16908 1.4
16908 45.24
16908 29.04
16908 2.84
16908 0.32
16875 7.92
16875 1.4
16875 45.24
16875 29.04
16875 2.84
16875 0.32
16974 7.92
16974 1.4
16974 45.24
16974 29.04
16974 2.84
16974 0.32
16943 7.92
16943 1.4
16943 45.24
16943 29.04
16943 2.84
16943 0.32
16909 7.92
16909 1.4
16909 45.24
16909 29.04
16909 2.84
16909 0.32
16876 7.92
16876 1.4
16876 45.24
16876 29.04
16876 2.84
16876 0.32
16975 7.92
16975 1.4
16975 45.24
16975 29.04
16975 2.84
16975 0.32
16944 7.92
16944 1.4
16944 45.24
16944 29.04
16944 2.84
16944 0.32
16910 7.92
16910 1.4
16910 45.24
16910 29.04
16910 2.84
16910 0.32
16976 7.92
16976 1.4
16976 45.24
16976 29.04
16976 2.84
16976 0.32
16945 7.92
16945 1.4
16945 45.24
16945 29.04
16945 2.84
16945 0.32
16911 7.92
16911 1.4
16911 45.24
16911 29.04
16911 2.84
16911 0.32
16977 7.92
16977 1.4
16977 45.24
16977 29.04
16977 2.84
16977 0.32
16946 7.92
16946 1.4
16946 45.24
16946 29.04
16946 2.84
16946 0.32
16912 7.92
16912 1.4
16912 45.24
16912 29.04
16912 2.84
16912 0.32
17013 7.92
17013 1.4
17013 45.24
17013 29.04
17013 2.84
17013 0.32
16978 7.92
16978 1.4
16978 45.24
16978 29.04
16978 2.84
16978 0.32
16947 7.92
16947 1.4
16947 45.24
16947 29.04
16947 2.84
16947 0.32
16913 7.92
16913 1.4
16913 45.24
16913 29.04
16913 2.84
16913 0.32
17014 7.92
17014 1.4
17014 45.24
17014 29.04
17014 2.84
17014 0.32
16979 7.92
16979 1.4
16979 45.24
16979 29.04
16979 2.84
16979 0.32
16948 7.92
16948 1.4
16948 45.24
16948 29.04
16948 2.84
16948 0.32
16914 7.92
16914 1.4
16914 45.24
16914 29.04
16914 2.84
16914 0.32
17015 7.92
17015 1.4
17015 45.24
17015 29.04
17015 2.84
17015 0.32
16980 7.92
16980 1.4
16980 45.24
16980 29.04
16980 2.84
16980 0.32
16949 7.92
16949 1.4
16949 45.24
16949 29.04
16949 2.84
16949 0.32
16915 7.92
16915 1.4
16915 45.24
16915 29.04
16915 2.84
16915 0.32
17016 7.92
17016 1.4
17016 45.24
17016 29.04
17016 2.84
17016 0.32
16981 7.92
16981 1.4
16981 45.24
16981 29.04
16981 2.84
16981 0.32
17054 7.92
17054 1.4
17054 45.24
17054 29.04
17054 2.84
17054 0.32
16950 7.92
16950 1.4
16950 45.24
16950 29.04
16950 2.84
16950 0.32
16916 7.92
16916 1.4
16916 45.24
16916 29.04
16916 2.84
16916 0.32
17017 7.92
17017 1.4
17017 45.24
17017 29.04
17017 2.84
17017 0.32
16982 7.92
16982 1.4
16982 45.24
16982 29.04
16982 2.84
16982 0.32
17055 7.92
17055 1.4
17055 45.24
17055 29.04
17055 2.84
17055 0.32
16951 7.92
16951 1.4
16951 45.24
16951 29.04
16951 2.84
16951 0.32
17018 7.92
17018 1.4
17018 45.24
17018 29.04
17018 2.84
17018 0.32
16983 7.92
16983 1.4
16983 45.24
16983 29.04
16983 2.84
16983 0.32
16952 7.92
16952 1.4
16952 45.24
16952 29.04
16952 2.84
16952 0.32
17056 7.92
17056 1.4
17056 45.24
17056 29.04
17056 2.84
17056 0.32
17019 7.92
17019 1.4
17019 45.24
17019 29.04
17019 2.84
17019 0.32
16984 7.92
16984 1.4
16984 45.24
16984 29.04
16984 2.84
16984 0.32
16953 7.92
16953 1.4
16953 45.24
16953 29.04
16953 2.84
16953 0.32
17057 7.92
17057 1.4
17057 45.24
17057 29.04
17057 2.84
17057 0.32
17020 7.92
17020 1.4
17020 45.24
17020 29.04
17020 2.84
17020 0.32
16985 7.92
16985 1.4
16985 45.24
16985 29.04
16985 2.84
16985 0.32
16954 7.92
16954 1.4
16954 45.24
16954 29.04
16954 2.84
16954 0.32
17058 7.92
17058 1.4
17058 45.24
17058 29.04
17058 2.84
17058 0.32
17021 7.92
17021 1.4
17021 45.24
17021 29.04
17021 2.84
17021 0.32
16986 7.92
16986 1.4
16986 45.24
16986 29.04
16986 2.84
16986 0.32
16955 7.92
16955 1.4
16955 45.24
16955 29.04
16955 2.84
16955 0.32
17059 7.92
17059 1.4
17059 45.24
17059 29.04
17059 2.84
17059 0.32
17022 7.92
17022 1.4
17022 45.24
17022 29.04
17022 2.84
17022 0.32
16987 7.92
16987 1.4
16987 45.24
16987 29.04
16987 2.84
16987 0.32
16956 7.92
16956 1.4
16956 45.24
16956 29.04
16956 2.84
16956 0.32
17060 7.92
17060 1.4
17060 45.24
17060 29.04
17060 2.84
17060 0.32
17023 7.92
17023 1.4
17023 45.24
17023 29.04
17023 2.84
17023 0.32
17097 7.92
17097 1.4
17097 45.24
17097 29.04
17097 2.84
17097 0.32
16988 7.92
16988 1.4
16988 45.24
16988 29.04
16988 2.84
16988 0.32
17061 7.92
17061 1.4
17061 45.24
17061 29.04
17061 2.84
17061 0.32
17024 7.92
17024 1.4
17024 45.24
17024 29.04
17024 2.84
17024 0.32
17098 7.92
17098 1.4
17098 45.24
17098 29.04
17098 2.84
17098 0.32
16989 7.92
16989 1.4
16989 45.24
16989 29.04
16989 2.84
16989 0.32
17062 7.92
17062 1.4
17062 45.24
17062 29.04
17062 2.84
17062 0.32
17025 7.92
17025 1.4
17025 45.24
17025 29.04
17025 2.84
17025 0.32
16990 7.92
16990 1.4
16990 45.24
16990 29.04
16990 2.84
16990 0.32
17099 7.92
17099 1.4
17099 45.24
17099 29.04
17099 2.84
17099 0.32
17063 7.92
17063 1.4
17063 45.24
17063 29.04
17063 2.84
17063 0.32
17026 7.92
17026 1.4
17026 45.24
17026 29.04
17026 2.84
17026 0.32
16991 7.92
16991 1.4
16991 45.24
16991 29.04
16991 2.84
16991 0.32
17100 7.92
17100 1.4
17100 45.24
17100 29.04
17100 2.84
17100 0.32
17064 7.92
17064 1.4
17064 45.24
17064 29.04
17064 2.84
17064 0.32
17027 7.92
17027 1.4
17027 45.24
17027 29.04
17027 2.84
17027 0.32
16992 7.92
16992 1.4
16992 45.24
16992 29.04
16992 2.84
16992 0.32
17101 7.92
17101 1.4
17101 45.24
17101 29.04
17101 2.84
17101 0.32
17065 7.92
17065 1.4
17065 45.24
17065 29.04
17065 2.84
17065 0.32
17028 7.92
17028 1.4
17028 45.24
17028 29.04
17028 2.84
17028 0.32
16993 7.92
16993 1.4
16993 45.24
16993 29.04
16993 2.84
16993 0.32
17102 7.92
17102 1.4
17102 45.24
17102 29.04
17102 2.84
17102 0.32
17066 7.92
17066 1.4
17066 45.24
17066 29.04
17066 2.84
17066 0.32
17137 7.92
17137 1.4
17137 45.24
17137 29.04
17137 2.84
17137 0.32
17029 7.92
17029 1.4
17029 45.24
17029 29.04
17029 2.84
17029 0.32
16994 7.92
16994 1.4
16994 45.24
16994 29.04
16994 2.84
16994 0.32
17103 7.92
17103 1.4
17103 45.24
17103 29.04
17103 2.84
17103 0.32
17067 7.92
17067 1.4
17067 45.24
17067 29.04
17067 2.84
17067 0.32
17030 7.92
17030 1.4
17030 45.24
17030 29.04
17030 2.84
17030 0.32
17138 7.92
17138 1.4
17138 45.24
17138 29.04
17138 2.84
17138 0.32
17104 7.92
17104 1.4
17104 45.24
17104 29.04
17104 2.84
17104 0.32
17068 7.92
17068 1.4
17068 45.24
17068 29.04
17068 2.84
17068 0.32
17031 7.92
17031 1.4
17031 45.24
17031 29.04
17031 2.84
17031 0.32
17139 7.92
17139 1.4
17139 45.24
17139 29.04
17139 2.84
17139 0.32
17105 7.92
17105 1.4
17105 45.24
17105 29.04
17105 2.84
17105 0.32
17069 7.92
17069 1.4
17069 45.24
17069 29.04
17069 2.84
17069 0.32
17032 7.92
17032 1.4
17032 45.24
17032 29.04
17032 2.84
17032 0.32
17140 7.92
17140 1.4
17140 45.24
17140 29.04
17140 2.84
17140 0.32
17106 7.92
17106 1.4
17106 45.24
17106 29.04
17106 2.84
17106 0.32
17070 7.92
17070 1.4
17070 45.24
17070 29.04
17070 2.84
17070 0.32
17033 7.92
17033 1.4
17033 45.24
17033 29.04
17033 2.84
17033 0.32
17141 7.92
17141 1.4
17141 45.24
17141 29.04
17141 2.84
17141 0.32
17107 7.92
17107 1.4
17107 45.24
17107 29.04
17107 2.84
17107 0.32
17071 7.92
17071 1.4
17071 45.24
17071 29.04
17071 2.84
17071 0.32
17034 7.92
17034 1.4
17034 45.24
17034 29.04
17034 2.84
17034 0.32
17142 7.92
17142 1.4
17142 45.24
17142 29.04
17142 2.84
17142 0.32
17108 7.92
17108 1.4
17108 45.24
17108 29.04
17108 2.84
17108 0.32
17072 7.92
17072 1.4
17072 45.24
17072 29.04
17072 2.84
17072 0.32
17035 7.92
17035 1.4
17035 45.24
17035 29.04
17035 2.84
17035 0.32
17143 7.92
17143 1.4
17143 45.24
17143 29.04
17143 2.84
17143 0.32
17109 7.92
17109 1.4
17109 45.24
17109 29.04
17109 2.84
17109 0.32
17178 7.92
17178 1.4
17178 45.24
17178 29.04
17178 2.84
17178 0.32
17073 7.92
17073 1.4
17073 45.24
17073 29.04
17073 2.84
17073 0.32
17144 7.92
17144 1.4
17144 45.24
17144 29.04
17144 2.84
17144 0.32
17110 7.92
17110 1.4
17110 45.24
17110 29.04
17110 2.84
17110 0.32
17179 7.92
17179 1.4
17179 45.24
17179 29.04
17179 2.84
17179 0.32
17074 7.92
17074 1.4
17074 45.24
17074 29.04
17074 2.84
17074 0.32
17145 7.92
17145 1.4
17145 45.24
17145 29.04
17145 2.84
17145 0.32
17111 7.92
17111 1.4
17111 45.24
17111 29.04
17111 2.84
17111 0.32
17075 7.92
17075 1.4
17075 45.24
17075 29.04
17075 2.84
17075 0.32
17180 7.92
17180 1.4
17180 45.24
17180 29.04
17180 2.84
17180 0.32
17146 7.92
17146 1.4
17146 45.24
17146 29.04
17146 2.84
17146 0.32
17112 7.92
17112 1.4
17112 45.24
17112 29.04
17112 2.84
17112 0.32
17076 7.92
17076 1.4
17076 45.24
17076 29.04
17076 2.84
17076 0.32
17181 7.92
17181 1.4
17181 45.24
17181 29.04
17181 2.84
17181 0.32
17147 7.92
17147 1.4
17147 45.24
17147 29.04
17147 2.84
17147 0.32
17113 7.92
17113 1.4
17113 45.24
17113 29.04
17113 2.84
17113 0.32
17077 7.92
17077 1.4
17077 45.24
17077 29.04
17077 2.84
17077 0.32
17182 7.92
17182 1.4
17182 45.24
17182 29.04
17182 2.84
17182 0.32
17148 7.92
17148 1.4
17148 45.24
17148 29.04
17148 2.84
17148 0.32
17218 7.92
17218 1.4
17218 45.24
17218 29.04
17218 2.84
17218 0.32
17114 7.92
17114 1.4
17114 45.24
17114 29.04
17114 2.84
17114 0.32
17078 7.92
17078 1.4
17078 45.24
17078 29.04
17078 2.84
17078 0.32
17183 7.92
17183 1.4
17183 45.24
17183 29.04
17183 2.84
17183 0.32
17149 7.92
17149 1.4
17149 45.24
17149 29.04
17149 2.84
17149 0.32
17219 7.92
17219 1.4
17219 45.24
17219 29.04
17219 2.84
17219 0.32
17115 7.92
17115 1.4
17115 45.24
17115 29.04
17115 2.84
17115 0.32
17079 7.92
17079 1.4
17079 45.24
17079 29.04
17079 2.84
17079 0.32
17184 7.92
17184 1.4
17184 45.24
17184 29.04
17184 2.84
17184 0.32
17150 7.92
17150 1.4
17150 45.24
17150 29.04
17150 2.84
17150 0.32
17220 7.92
17220 1.4
17220 45.24
17220 29.04
17220 2.84
17220 0.32
17116 7.92
17116 1.4
17116 45.24
17116 29.04
17116 2.84
17116 0.32
17185 7.92
17185 1.4
17185 45.24
17185 29.04
17185 2.84
17185 0.32
17151 7.92
17151 1.4
17151 45.24
17151 29.04
17151 2.84
17151 0.32
17221 7.92
17221 1.4
17221 45.24
17221 29.04
17221 2.84
17221 0.32
17117 7.92
17117 1.4
17117 45.24
17117 29.04
17117 2.84
17117 0.32
17186 7.92
17186 1.4
17186 45.24
17186 29.04
17186 2.84
17186 0.32
17152 7.92
17152 1.4
17152 45.24
17152 29.04
17152 2.84
17152 0.32
17118 7.92
17118 1.4
17118 45.24
17118 29.04
17118 2.84
17118 0.32
17222 7.92
17222 1.4
17222 45.24
17222 29.04
17222 2.84
17222 0.32
17187 7.92
17187 1.4
17187 45.24
17187 29.04
17187 2.84
17187 0.32
17153 7.92
17153 1.4
17153 45.24
17153 29.04
17153 2.84
17153 0.32
17119 7.92
17119 1.4
17119 45.24
17119 29.04
17119 2.84
17119 0.32
17223 7.92
17223 1.4
17223 45.24
17223 29.04
17223 2.84
17223 0.32
17188 7.92
17188 1.4
17188 45.24
17188 29.04
17188 2.84
17188 0.32
17255 7.92
17255 1.4
17255 45.24
17255 29.04
17255 2.84
17255 0.32
17154 7.92
17154 1.4
17154 45.24
17154 29.04
17154 2.84
17154 0.32
17120 7.92
17120 1.4
17120 45.24
17120 29.04
17120 2.84
17120 0.32
17224 7.92
17224 1.4
17224 45.24
17224 29.04
17224 2.84
17224 0.32
17189 7.92
17189 1.4
17189 45.24
17189 29.04
17189 2.84
17189 0.32
17256 7.92
17256 1.4
17256 45.24
17256 29.04
17256 2.84
17256 0.32
17155 7.92
17155 1.4
17155 45.24
17155 29.04
17155 2.84
17155 0.32
17121 7.92
17121 1.4
17121 45.24
17121 29.04
17121 2.84
17121 0.32
17225 7.92
17225 1.4
17225 45.24
17225 29.04
17225 2.84
17225 0.32
17190 7.92
17190 1.4
17190 45.24
17190 29.04
17190 2.84
17190 0.32
17257 7.92
17257 1.4
17257 45.24
17257 29.04
17257 2.84
17257 0.32
17156 7.92
17156 1.4
17156 45.24
17156 29.04
17156 2.84
17156 0.32
17226 7.92
17226 1.4
17226 45.24
17226 29.04
17226 2.84
17226 0.32
17191 7.92
17191 1.4
17191 45.24
17191 29.04
17191 2.84
17191 0.32
17258 7.92
17258 1.4
17258 45.24
17258 29.04
17258 2.84
17258 0.32
17157 7.92
17157 1.4
17157 45.24
17157 29.04
17157 2.84
17157 0.32
17227 7.92
17227 1.4
17227 45.24
17227 29.04
17227 2.84
17227 0.32
17192 7.92
17192 1.4
17192 45.24
17192 29.04
17192 2.84
17192 0.32
17158 7.92
17158 1.4
17158 45.24
17158 29.04
17158 2.84
17158 0.32
17259 7.92
17259 1.4
17259 45.24
17259 29.04
17259 2.84
17259 0.32
17228 7.92
17228 1.4
17228 45.24
17228 29.04
17228 2.84
17228 0.32
17193 7.92
17193 1.4
17193 45.24
17193 29.04
17193 2.84
17193 0.32
17159 7.92
17159 1.4
17159 45.24
17159 29.04
17159 2.84
17159 0.32
17260 7.92
17260 1.4
17260 45.24
17260 29.04
17260 2.84
17260 0.32
17229 7.92
17229 1.4
17229 45.24
17229 29.04
17229 2.84
17229 0.32
17194 7.92
17194 1.4
17194 45.24
17194 29.04
17194 2.84
17194 0.32
17160 7.92
17160 1.4
17160 45.24
17160 29.04
17160 2.84
17160 0.32
17261 7.92
17261 1.4
17261 45.24
17261 29.04
17261 2.84
17261 0.32
17230 7.92
17230 1.4
17230 45.24
17230 29.04
17230 2.84
17230 0.32
17289 7.92
17289 1.4
17289 45.24
17289 29.04
17289 2.84
17289 0.32
17195 7.92
17195 1.4
17195 45.24
17195 29.04
17195 2.84
17195 0.32
17262 7.92
17262 1.4
17262 45.24
17262 29.04
17262 2.84
17262 0.32
17231 7.92
17231 1.4
17231 45.24
17231 29.04
17231 2.84
17231 0.32
17290 7.92
17290 1.4
17290 45.24
17290 29.04
17290 2.84
17290 0.32
17196 7.92
17196 1.4
17196 45.24
17196 29.04
17196 2.84
17196 0.32
17263 7.92
17263 1.4
17263 45.24
17263 29.04
17263 2.84
17263 0.32
17232 7.92
17232 1.4
17232 45.24
17232 29.04
17232 2.84
17232 0.32
17291 7.92
17291 1.4
17291 45.24
17291 29.04
17291 2.84
17291 0.32
17197 7.92
17197 1.4
17197 45.24
17197 29.04
17197 2.84
17197 0.32
17264 7.92
17264 1.4
17264 45.24
17264 29.04
17264 2.84
17264 0.32
17233 7.92
17233 1.4
17233 45.24
17233 29.04
17233 2.84
17233 0.32
17198 7.92
17198 1.4
17198 45.24
17198 29.04
17198 2.84
17198 0.32
17292 7.92
17292 1.4
17292 45.24
17292 29.04
17292 2.84
17292 0.32
17265 7.92
17265 1.4
17265 45.24
17265 29.04
17265 2.84
17265 0.32
17234 7.92
17234 1.4
17234 45.24
17234 29.04
17234 2.84
17234 0.32
17199 7.92
17199 1.4
17199 45.24
17199 29.04
17199 2.84
17199 0.32
17293 7.92
17293 1.4
17293 45.24
17293 29.04
17293 2.84
17293 0.32
17266 7.92
17266 1.4
17266 45.24
17266 29.04
17266 2.84
17266 0.32
17235 7.92
17235 1.4
17235 45.24
17235 29.04
17235 2.84
17235 0.32
17200 7.92
17200 1.4
17200 45.24
17200 29.04
17200 2.84
17200 0.32
17294 7.92
17294 1.4
17294 45.24
17294 29.04
17294 2.84
17294 0.32
17267 7.92
17267 1.4
17267 45.24
17267 29.04
17267 2.84
17267 0.32
17323 7.92
17323 1.4
17323 45.24
17323 29.04
17323 2.84
17323 0.32
17236 7.92
17236 1.4
17236 45.24
17236 29.04
17236 2.84
17236 0.32
17201 7.92
17201 1.4
17201 45.24
17201 29.04
17201 2.84
17201 0.32
17295 7.92
17295 1.4
17295 45.24
17295 29.04
17295 2.84
17295 0.32
17268 7.92
17268 1.4
17268 45.24
17268 29.04
17268 2.84
17268 0.32
17324 7.92
17324 1.4
17324 45.24
17324 29.04
17324 2.84
17324 0.32
17237 7.92
17237 1.4
17237 45.24
17237 29.04
17237 2.84
17237 0.32
17296 7.92
17296 1.4
17296 45.24
17296 29.04
17296 2.84
17296 0.32
17269 7.92
17269 1.4
17269 45.24
17269 29.04
17269 2.84
17269 0.32
17325 7.92
17325 1.4
17325 45.24
17325 29.04
17325 2.84
17325 0.32
17238 7.92
17238 1.4
17238 45.24
17238 29.04
17238 2.84
17238 0.32
17297 7.92
17297 1.4
17297 45.24
17297 29.04
17297 2.84
17297 0.32
17270 7.92
17270 1.4
17270 45.24
17270 29.04
17270 2.84
17270 0.32
17326 7.92
17326 1.4
17326 45.24
17326 29.04
17326 2.84
17326 0.32
17239 7.92
17239 1.4
17239 45.24
17239 29.04
17239 2.84
17239 0.32
17298 7.92
17298 1.4
17298 45.24
17298 29.04
17298 2.84
17298 0.32
17271 7.92
17271 1.4
17271 45.24
17271 29.04
17271 2.84
17271 0.32
17240 7.92
17240 1.4
17240 45.24
17240 29.04
17240 2.84
17240 0.32
17327 7.92
17327 1.4
17327 45.24
17327 29.04
17327 2.84
17327 0.32
17299 7.92
17299 1.4
17299 45.24
17299 29.04
17299 2.84
17299 0.32
17272 7.92
17272 1.4
17272 45.24
17272 29.04
17272 2.84
17272 0.32
17241 7.92
17241 1.4
17241 45.24
17241 29.04
17241 2.84
17241 0.32
17328 7.92
17328 1.4
17328 45.24
17328 29.04
17328 2.84
17328 0.32
17300 7.92
17300 1.4
17300 45.24
17300 29.04
17300 2.84
17300 0.32
17273 7.92
17273 1.4
17273 45.24
17273 29.04
17273 2.84
17273 0.32
17242 7.92
17242 1.4
17242 45.24
17242 29.04
17242 2.84
17242 0.32
17329 7.92
17329 1.4
17329 45.24
17329 29.04
17329 2.84
17329 0.32
17301 7.92
17301 1.4
17301 45.24
17301 29.04
17301 2.84
17301 0.32
17359 7.92
17359 1.4
17359 45.24
17359 29.04
17359 2.84
17359 0.32
17274 7.92
17274 1.4
17274 45.24
17274 29.04
17274 2.84
17274 0.32
17330 7.92
17330 1.4
17330 45.24
17330 29.04
17330 2.84
17330 0.32
17302 7.92
17302 1.4
17302 45.24
17302 29.04
17302 2.84
17302 0.32
17360 7.92
17360 1.4
17360 45.24
17360 29.04
17360 2.84
17360 0.32
17275 7.92
17275 1.4
17275 45.24
17275 29.04
17275 2.84
17275 0.32
17331 7.92
17331 1.4
17331 45.24
17331 29.04
17331 2.84
17331 0.32
17303 7.92
17303 1.4
17303 45.24
17303 29.04
17303 2.84
17303 0.32
17361 7.92
17361 1.4
17361 45.24
17361 29.04
17361 2.84
17361 0.32
17276 7.92
17276 1.4
17276 45.24
17276 29.04
17276 2.84
17276 0.32
17245 7.92
17245 1.4
17245 45.24
17245 29.04
17245 2.84
17245 0.32
17332 7.92
17332 1.4
17332 45.24
17332 29.04
17332 2.84
17332 0.32
17304 7.92
17304 1.4
17304 45.24
17304 29.04
17304 2.84
17304 0.32
17362 7.92
17362 1.4
17362 45.24
17362 29.04
17362 2.84
17362 0.32
17277 7.92
17277 1.4
17277 45.24
17277 29.04
17277 2.84
17277 0.32
17333 7.92
17333 1.4
17333 45.24
17333 29.04
17333 2.84
17333 0.32
17305 7.92
17305 1.4
17305 45.24
17305 29.04
17305 2.84
17305 0.32
17278 7.92
17278 1.4
17278 45.24
17278 29.04
17278 2.84
17278 0.32
17363 7.92
17363 1.4
17363 45.24
17363 29.04
17363 2.84
17363 0.32
17334 7.92
17334 1.4
17334 45.24
17334 29.04
17334 2.84
17334 0.32
17306 7.92
17306 1.4
17306 45.24
17306 29.04
17306 2.84
17306 0.32
17279 7.92
17279 1.4
17279 45.24
17279 29.04
17279 2.84
17279 0.32
17364 7.92
17364 1.4
17364 45.24
17364 29.04
17364 2.84
17364 0.32
17335 7.92
17335 1.4
17335 45.24
17335 29.04
17335 2.84
17335 0.32
17394 7.92
17394 1.4
17394 45.24
17394 29.04
17394 2.84
17394 0.32
17307 7.92
17307 1.4
17307 45.24
17307 29.04
17307 2.84
17307 0.32
17365 7.92
17365 1.4
17365 45.24
17365 29.04
17365 2.84
17365 0.32
17336 7.92
17336 1.4
17336 45.24
17336 29.04
17336 2.84
17336 0.32
17395 7.92
17395 1.4
17395 45.24
17395 29.04
17395 2.84
17395 0.32
17308 7.92
17308 1.4
17308 45.24
17308 29.04
17308 2.84
17308 0.32
17366 7.92
17366 1.4
17366 45.24
17366 29.04
17366 2.84
17366 0.32
17337 7.92
17337 1.4
17337 45.24
17337 29.04
17337 2.84
17337 0.32
17396 7.92
17396 1.4
17396 45.24
17396 29.04
17396 2.84
17396 0.32
17309 7.92
17309 1.4
17309 45.24
17309 29.04
17309 2.84
17309 0.32
17367 7.92
17367 1.4
17367 45.24
17367 29.04
17367 2.84
17367 0.32
17338 7.92
17338 1.4
17338 45.24
17338 29.04
17338 2.84
17338 0.32
17310 7.92
17310 1.4
17310 45.24
17310 29.04
17310 2.84
17310 0.32
17397 7.92
17397 1.4
17397 45.24
17397 29.04
17397 2.84
17397 0.32
17368 7.92
17368 1.4
17368 45.24
17368 29.04
17368 2.84
17368 0.32
17339 7.92
17339 1.4
17339 45.24
17339 29.04
17339 2.84
17339 0.32
17311 7.92
17311 1.4
17311 45.24
17311 29.04
17311 2.84
17311 0.32
17398 7.92
17398 1.4
17398 45.24
17398 29.04
17398 2.84
17398 0.32
17369 7.92
17369 1.4
17369 45.24
17369 29.04
17369 2.84
17369 0.32
17340 7.92
17340 1.4
17340 45.24
17340 29.04
17340 2.84
17340 0.32
17312 7.92
17312 1.4
17312 45.24
17312 29.04
17312 2.84
17312 0.32
17399 7.92
17399 1.4
17399 45.24
17399 29.04
17399 2.84
17399 0.32
17370 7.92
17370 1.4
17370 45.24
17370 29.04
17370 2.84
17370 0.32
17341 7.92
17341 1.4
17341 45.24
17341 29.04
17341 2.84
17341 0.32
17313 7.92
17313 1.4
17313 45.24
17313 29.04
17313 2.84
17313 0.32
17400 7.92
17400 1.4
17400 45.24
17400 29.04
17400 2.84
17400 0.32
17371 7.92
17371 1.4
17371 45.24
17371 29.04
17371 2.84
17371 0.32
17429 7.92
17429 1.4
17429 45.24
17429 29.04
17429 2.84
17429 0.32
17342 7.92
17342 1.4
17342 45.24
17342 29.04
17342 2.84
17342 0.32
17401 7.92
17401 1.4
17401 45.24
17401 29.04
17401 2.84
17401 0.32
17372 7.92
17372 1.4
17372 45.24
17372 29.04
17372 2.84
17372 0.32
17430 7.92
17430 1.4
17430 45.24
17430 29.04
17430 2.84
17430 0.32
17343 7.92
17343 1.4
17343 45.24
17343 29.04
17343 2.84
17343 0.32
17402 7.92
17402 1.4
17402 45.24
17402 29.04
17402 2.84
17402 0.32
17373 7.92
17373 1.4
17373 45.24
17373 29.04
17373 2.84
17373 0.32
17431 7.92
17431 1.4
17431 45.24
17431 29.04
17431 2.84
17431 0.32
17344 7.92
17344 1.4
17344 45.24
17344 29.04
17344 2.84
17344 0.32
17403 7.92
17403 1.4
17403 45.24
17403 29.04
17403 2.84
17403 0.32
17374 7.92
17374 1.4
17374 45.24
17374 29.04
17374 2.84
17374 0.32
17432 7.92
17432 1.4
17432 45.24
17432 29.04
17432 2.84
17432 0.32
17345 7.92
17345 1.4
17345 45.24
17345 29.04
17345 2.84
17345 0.32
17404 7.92
17404 1.4
17404 45.24
17404 29.04
17404 2.84
17404 0.32
17375 7.92
17375 1.4
17375 45.24
17375 29.04
17375 2.84
17375 0.32
17346 7.92
17346 1.4
17346 45.24
17346 29.04
17346 2.84
17346 0.32
17433 7.92
17433 1.4
17433 45.24
17433 29.04
17433 2.84
17433 0.32
17405 7.92
17405 1.4
17405 45.24
17405 29.04
17405 2.84
17405 0.32
17376 7.92
17376 1.4
17376 45.24
17376 29.04
17376 2.84
17376 0.32
17347 7.92
17347 1.4
17347 45.24
17347 29.04
17347 2.84
17347 0.32
17434 7.92
17434 1.4
17434 45.24
17434 29.04
17434 2.84
17434 0.32
17406 7.92
17406 1.4
17406 45.24
17406 29.04
17406 2.84
17406 0.32
17465 7.92
17465 1.4
17465 45.24
17465 29.04
17465 2.84
17465 0.32
17377 7.92
17377 1.4
17377 45.24
17377 29.04
17377 2.84
17377 0.32
17435 7.92
17435 1.4
17435 45.24
17435 29.04
17435 2.84
17435 0.32
17407 7.92
17407 1.4
17407 45.24
17407 29.04
17407 2.84
17407 0.32
17466 7.92
17466 1.4
17466 45.24
17466 29.04
17466 2.84
17466 0.32
17378 7.92
17378 1.4
17378 45.24
17378 29.04
17378 2.84
17378 0.32
17436 7.92
17436 1.4
17436 45.24
17436 29.04
17436 2.84
17436 0.32
17408 7.92
17408 1.4
17408 45.24
17408 29.04
17408 2.84
17408 0.32
17467 7.92
17467 1.4
17467 45.24
17467 29.04
17467 2.84
17467 0.32
17379 7.92
17379 1.4
17379 45.24
17379 29.04
17379 2.84
17379 0.32
17437 7.92
17437 1.4
17437 45.24
17437 29.04
17437 2.84
17437 0.32
17409 7.92
17409 1.4
17409 45.24
17409 29.04
17409 2.84
17409 0.32
17468 7.92
17468 1.4
17468 45.24
17468 29.04
17468 2.84
17468 0.32
17380 7.92
17380 1.4
17380 45.24
17380 29.04
17380 2.84
17380 0.32
17438 7.92
17438 1.4
17438 45.24
17438 29.04
17438 2.84
17438 0.32
17410 7.92
17410 1.4
17410 45.24
17410 29.04
17410 2.84
17410 0.32
17381 7.92
17381 1.4
17381 45.24
17381 29.04
17381 2.84
17381 0.32
17469 7.92
17469 1.4
17469 45.24
17469 29.04
17469 2.84
17469 0.32
17439 7.92
17439 1.4
17439 45.24
17439 29.04
17439 2.84
17439 0.32
17411 7.92
17411 1.4
17411 45.24
17411 29.04
17411 2.84
17411 0.32
17382 7.92
17382 1.4
17382 45.24
17382 29.04
17382 2.84
17382 0.32
17470 7.92
17470 1.4
17470 45.24
17470 29.04
17470 2.84
17470 0.32
17440 7.92
17440 1.4
17440 45.24
17440 29.04
17440 2.84
17440 0.32
17412 7.92
17412 1.4
17412 45.24
17412 29.04
17412 2.84
17412 0.32
17383 7.92
17383 1.4
17383 45.24
17383 29.04
17383 2.84
17383 0.32
17471 7.92
17471 1.4
17471 45.24
17471 29.04
17471 2.84
17471 0.32
17441 7.92
17441 1.4
17441 45.24
17441 29.04
17441 2.84
17441 0.32
17413 7.92
17413 1.4
17413 45.24
17413 29.04
17413 2.84
17413 0.32
17472 7.92
17472 1.4
17472 45.24
17472 29.04
17472 2.84
17472 0.32
17442 7.92
17442 1.4
17442 45.24
17442 29.04
17442 2.84
17442 0.32
17414 7.92
17414 1.4
17414 45.24
17414 29.04
17414 2.84
17414 0.32
17473 7.92
17473 1.4
17473 45.24
17473 29.04
17473 2.84
17473 0.32
17443 7.92
17443 1.4
17443 45.24
17443 29.04
17443 2.84
17443 0.32
17504 7.92
17504 1.4
17504 45.24
17504 29.04
17504 2.84
17504 0.32
17415 7.92
17415 1.4
17415 45.24
17415 29.04
17415 2.84
17415 0.32
17474 7.92
17474 1.4
17474 45.24
17474 29.04
17474 2.84
17474 0.32
17444 7.92
17444 1.4
17444 45.24
17444 29.04
17444 2.84
17444 0.32
17505 7.92
17505 1.4
17505 45.24
17505 29.04
17505 2.84
17505 0.32
17416 7.92
17416 1.4
17416 45.24
17416 29.04
17416 2.84
17416 0.32
17475 7.92
17475 1.4
17475 45.24
17475 29.04
17475 2.84
17475 0.32
17445 7.92
17445 1.4
17445 45.24
17445 29.04
17445 2.84
17445 0.32
17417 7.92
17417 1.4
17417 45.24
17417 29.04
17417 2.84
17417 0.32
17506 7.92
17506 1.4
17506 45.24
17506 29.04
17506 2.84
17506 0.32
17476 7.92
17476 1.4
17476 45.24
17476 29.04
17476 2.84
17476 0.32
17446 7.92
17446 1.4
17446 45.24
17446 29.04
17446 2.84
17446 0.32
17418 7.92
17418 1.4
17418 45.24
17418 29.04
17418 2.84
17418 0.32
17507 7.92
17507 1.4
17507 45.24
17507 29.04
17507 2.84
17507 0.32
17477 7.92
17477 1.4
17477 45.24
17477 29.04
17477 2.84
17477 0.32
17447 7.92
17447 1.4
17447 45.24
17447 29.04
17447 2.84
17447 0.32
17508 7.92
17508 1.4
17508 45.24
17508 29.04
17508 2.84
17508 0.32
17478 7.92
17478 1.4
17478 45.24
17478 29.04
17478 2.84
17478 0.32
17448 7.92
17448 1.4
17448 45.24
17448 29.04
17448 2.84
17448 0.32
17509 7.92
17509 1.4
17509 45.24
17509 29.04
17509 2.84
17509 0.32
17479 7.92
17479 1.4
17479 45.24
17479 29.04
17479 2.84
17479 0.32
17449 7.92
17449 1.4
17449 45.24
17449 29.04
17449 2.84
17449 0.32
17510 7.92
17510 1.4
17510 45.24
17510 29.04
17510 2.84
17510 0.32
17480 7.92
17480 1.4
17480 45.24
17480 29.04
17480 2.84
17480 0.32
17450 7.92
17450 1.4
17450 45.24
17450 29.04
17450 2.84
17450 0.32
17511 7.92
17511 1.4
17511 45.24
17511 29.04
17511 2.84
17511 0.32
17481 7.92
17481 1.4
17481 45.24
17481 29.04
17481 2.84
17481 0.32
17451 7.92
17451 1.4
17451 45.24
17451 29.04
17451 2.84
17451 0.32
17512 7.92
17512 1.4
17512 45.24
17512 29.04
17512 2.84
17512 0.32
17482 7.92
17482 1.4
17482 45.24
17482 29.04
17482 2.84
17482 0.32
17452 7.92
17452 1.4
17452 45.24
17452 29.04
17452 2.84
17452 0.32
17513 7.92
17513 1.4
17513 45.24
17513 29.04
17513 2.84
17513 0.32
17483 7.92
17483 1.4
17483 45.24
17483 29.04
17483 2.84
17483 0.32
17514 7.92
17514 1.4
17514 45.24
17514 29.04
17514 2.84
17514 0.32
17484 7.92
17484 1.4
17484 45.24
17484 29.04
17484 2.84
17484 0.32
17515 7.92
17515 1.4
17515 45.24
17515 29.04
17515 2.84
17515 0.32
17485 7.92
17485 1.4
17485 45.24
17485 29.04
17485 2.84
17485 0.32
17545 7.92
17545 1.4
17545 45.24
17545 29.04
17545 2.84
17545 0.32
17516 7.92
17516 1.4
17516 45.24
17516 29.04
17516 2.84
17516 0.32
17486 7.92
17486 1.4
17486 45.24
17486 29.04
17486 2.84
17486 0.32
17546 7.92
17546 1.4
17546 45.24
17546 29.04
17546 2.84
17546 0.32
17517 7.92
17517 1.4
17517 45.24
17517 29.04
17517 2.84
17517 0.32
17487 7.92
17487 1.4
17487 45.24
17487 29.04
17487 2.84
17487 0.32
17547 7.92
17547 1.4
17547 45.24
17547 29.04
17547 2.84
17547 0.32
17518 7.92
17518 1.4
17518 45.24
17518 29.04
17518 2.84
17518 0.32
17488 7.92
17488 1.4
17488 45.24
17488 29.04
17488 2.84
17488 0.32
17548 7.92
17548 1.4
17548 45.24
17548 29.04
17548 2.84
17548 0.32
17519 7.92
17519 1.4
17519 45.24
17519 29.04
17519 2.84
17519 0.32
17549 7.92
17549 1.4
17549 45.24
17549 29.04
17549 2.84
17549 0.32
17520 7.92
17520 1.4
17520 45.24
17520 29.04
17520 2.84
17520 0.32
17550 7.92
17550 1.4
17550 45.24
17550 29.04
17550 2.84
17550 0.32
17521 7.92
17521 1.4
17521 45.24
17521 29.04
17521 2.84
17521 0.32
17579 7.92
17579 1.4
17579 45.24
17579 29.04
17579 2.84
17579 0.32
17551 7.92
17551 1.4
17551 45.24
17551 29.04
17551 2.84
17551 0.32
17522 7.92
17522 1.4
17522 45.24
17522 29.04
17522 2.84
17522 0.32
17580 7.92
17580 1.4
17580 45.24
17580 29.04
17580 2.84
17580 0.32
17552 7.92
17552 1.4
17552 45.24
17552 29.04
17552 2.84
17552 0.32
17523 7.92
17523 1.4
17523 45.24
17523 29.04
17523 2.84
17523 0.32
17581 7.92
17581 1.4
17581 45.24
17581 29.04
17581 2.84
17581 0.32
17553 7.92
17553 1.4
17553 45.24
17553 29.04
17553 2.84
17553 0.32
17582 7.92
17582 1.4
17582 45.24
17582 29.04
17582 2.84
17582 0.32
17554 7.92
17554 1.4
17554 45.24
17554 29.04
17554 2.84
17554 0.32
17583 7.92
17583 1.4
17583 45.24
17583 29.04
17583 2.84
17583 0.32
17555 7.92
17555 1.4
17555 45.24
17555 29.04
17555 2.84
17555 0.32
17584 7.92
17584 1.4
17584 45.24
17584 29.04
17584 2.84
17584 0.32
17556 7.92
17556 1.4
17556 45.24
17556 29.04
17556 2.84
17556 0.32
17614 7.92
17614 1.4
17614 45.24
17614 29.04
17614 2.84
17614 0.32
17585 7.92
17585 1.4
17585 45.24
17585 29.04
17585 2.84
17585 0.32
17557 7.92
17557 1.4
17557 45.24
17557 29.04
17557 2.84
17557 0.32
17615 7.92
17615 1.4
17615 45.24
17615 29.04
17615 2.84
17615 0.32
17586 7.92
17586 1.4
17586 45.24
17586 29.04
17586 2.84
17586 0.32
17558 7.92
17558 1.4
17558 45.24
17558 29.04
17558 2.84
17558 0.32
17616 7.92
17616 1.4
17616 45.24
17616 29.04
17616 2.84
17616 0.32
17587 7.92
17587 1.4
17587 45.24
17587 29.04
17587 2.84
17587 0.32
17559 7.92
17559 1.4
17559 45.24
17559 29.04
17559 2.84
17559 0.32
17617 7.92
17617 1.4
17617 45.24
17617 29.04
17617 2.84
17617 0.32
17588 7.92
17588 1.4
17588 45.24
17588 29.04
17588 2.84
17588 0.32
17618 7.92
17618 1.4
17618 45.24
17618 29.04
17618 2.84
17618 0.32
17589 7.92
17589 1.4
17589 45.24
17589 29.04
17589 2.84
17589 0.32
17619 7.92
17619 1.4
17619 45.24
17619 29.04
17619 2.84
17619 0.32
17590 7.92
17590 1.4
17590 45.24
17590 29.04
17590 2.84
17590 0.32
17649 7.92
17649 1.4
17649 45.24
17649 29.04
17649 2.84
17649 0.32
17620 7.92
17620 1.4
17620 45.24
17620 29.04
17620 2.84
17620 0.32
17591 7.92
17591 1.4
17591 45.24
17591 29.04
17591 2.84
17591 0.32
17650 7.92
17650 1.4
17650 45.24
17650 29.04
17650 2.84
17650 0.32
17621 7.92
17621 1.4
17621 45.24
17621 29.04
17621 2.84
17621 0.32
17592 7.92
17592 1.4
17592 45.24
17592 29.04
17592 2.84
17592 0.32
17651 7.92
17651 1.4
17651 45.24
17651 29.04
17651 2.84
17651 0.32
17622 7.92
17622 1.4
17622 45.24
17622 29.04
17622 2.84
17622 0.32
17593 7.92
17593 1.4
17593 45.24
17593 29.04
17593 2.84
17593 0.32
17652 7.92
17652 1.4
17652 45.24
17652 29.04
17652 2.84
17652 0.32
17623 7.92
17623 1.4
17623 45.24
17623 29.04
17623 2.84
17623 0.32
17653 7.92
17653 1.4
17653 45.24
17653 29.04
17653 2.84
17653 0.32
17624 7.92
17624 1.4
17624 45.24
17624 29.04
17624 2.84
17624 0.32
17654 7.92
17654 1.4
17654 45.24
17654 29.04
17654 2.84
17654 0.32
17625 7.92
17625 1.4
17625 45.24
17625 29.04
17625 2.84
17625 0.32
17655 7.92
17655 1.4
17655 45.24
17655 29.04
17655 2.84
17655 0.32
17626 7.92
17626 1.4
17626 45.24
17626 29.04
17626 2.84
17626 0.32
17682 7.92
17682 1.4
17682 45.24
17682 29.04
17682 2.84
17682 0.32
17656 7.92
17656 1.4
17656 45.24
17656 29.04
17656 2.84
17656 0.32
17627 7.92
17627 1.4
17627 45.24
17627 29.04
17627 2.84
17627 0.32
17683 7.92
17683 1.4
17683 45.24
17683 29.04
17683 2.84
17683 0.32
17657 7.92
17657 1.4
17657 45.24
17657 29.04
17657 2.84
17657 0.32
17628 7.92
17628 1.4
17628 45.24
17628 29.04
17628 2.84
17628 0.32
17684 7.92
17684 1.4
17684 45.24
17684 29.04
17684 2.84
17684 0.32
17658 7.92
17658 1.4
17658 45.24
17658 29.04
17658 2.84
17658 0.32
17685 7.92
17685 1.4
17685 45.24
17685 29.04
17685 2.84
17685 0.32
17659 7.92
17659 1.4
17659 45.24
17659 29.04
17659 2.84
17659 0.32
17686 7.92
17686 1.4
17686 45.24
17686 29.04
17686 2.84
17686 0.32
17660 7.92
17660 1.4
17660 45.24
17660 29.04
17660 2.84
17660 0.32
17687 7.92
17687 1.4
17687 45.24
17687 29.04
17687 2.84
17687 0.32
17661 7.92
17661 1.4
17661 45.24
17661 29.04
17661 2.84
17661 0.32
17688 7.92
17688 1.4
17688 45.24
17688 29.04
17688 2.84
17688 0.32
17662 7.92
17662 1.4
17662 45.24
17662 29.04
17662 2.84
17662 0.32
17689 7.92
17689 1.4
17689 45.24
17689 29.04
17689 2.84
17689 0.32
17663 7.92
17663 1.4
17663 45.24
17663 29.04
17663 2.84
17663 0.32
17690 7.92
17690 1.4
17690 45.24
17690 29.04
17690 2.84
17690 0.32
17691 7.92
17691 1.4
17691 45.24
17691 29.04
17691 2.84
17691 0.32
17720 7.92
17720 1.4
17720 45.24
17720 29.04
17720 2.84
17720 0.32
17692 7.92
17692 1.4
17692 45.24
17692 29.04
17692 2.84
17692 0.32
17721 7.92
17721 1.4
17721 45.24
17721 29.04
17721 2.84
17721 0.32
17693 7.92
17693 1.4
17693 45.24
17693 29.04
17693 2.84
17693 0.32
17722 7.92
17722 1.4
17722 45.24
17722 29.04
17722 2.84
17722 0.32
17694 7.92
17694 1.4
17694 45.24
17694 29.04
17694 2.84
17694 0.32
17723 7.92
17723 1.4
17723 45.24
17723 29.04
17723 2.84
17723 0.32
17695 7.92
17695 1.4
17695 45.24
17695 29.04
17695 2.84
17695 0.32
17724 7.92
17724 1.4
17724 45.24
17724 29.04
17724 2.84
17724 0.32
17725 7.92
17725 1.4
17725 45.24
17725 29.04
17725 2.84
17725 0.32
17755 7.92
17755 1.4
17755 45.24
17755 29.04
17755 2.84
17755 0.32
17726 7.92
17726 1.4
17726 45.24
17726 29.04
17726 2.84
17726 0.32
17756 7.92
17756 1.4
17756 45.24
17756 29.04
17756 2.84
17756 0.32
17727 7.92
17727 1.4
17727 45.24
17727 29.04
17727 2.84
17727 0.32
