pt_graph scale
13078 3.62
13078 0.29
13078 6.36
13078 4.51
13078 1.43
13078 0.69
13079 3.62
13079 0.29
13079 6.36
13079 4.51
13079 1.43
13079 0.69
13080 3.62
13080 0.29
13080 6.36
13080 4.51
13080 1.43
13080 0.69
13137 3.62
13137 0.29
13137 6.36
13137 4.51
13137 1.43
13137 0.69
13138 3.62
13138 0.29
13138 6.36
13138 4.51
13138 1.43
13138 0.69
13139 3.62
13139 0.29
13139 6.36
13139 4.51
13139 1.43
13139 0.69
13140 3.62
13140 0.29
13140 6.36
13140 4.51
13140 1.43
13140 0.69
13196 3.62
13196 0.29
13196 6.36
13196 4.51
13196 1.43
13196 0.69
13197 3.62
13197 0.29
13197 6.36
13197 4.51
13197 1.43
13197 0.69
13198 3.62
13198 0.29
13198 6.36
13198 4.51
13198 1.43
13198 0.69
13199 3.62
13199 0.29
13199 6.36
13199 4.51
13199 1.43
13199 0.69
13200 3.62
13200 0.29
13200 6.36
13200 4.51
13200 1.43
13200 0.69
13254 3.62
13254 0.29
13254 6.36
13254 4.51
13254 1.43
13254 0.69
13255 3.62
13255 0.29
13255 6.36
13255 4.51
13255 1.43
13255 0.69
13256 3.62
13256 0.29
13256 6.36
13256 4.51
13256 1.43
13256 0.69
13257 3.62
13257 0.29
13257 6.36
13257 4.51
13257 1.43
13257 0.69
13258 3.62
13258 0.29
13258 6.36
13258 4.51
13258 1.43
13258 0.69
13259 3.62
13259 0.29
13259 6.36
13259 4.51
13259 1.43
13259 0.69
13260 3.62
13260 0.29
13260 6.36
13260 4.51
13260 1.43
13260 0.69
13314 3.62
13314 0.29
13314 6.36
13314 4.51
13314 1.43
13314 0.69
13315 3.62
13315 0.29
13315 6.36
13315 4.51
13315 1.43
13315 0.69
13316 3.62
13316 0.29
13316 6.36
13316 4.51
13316 1.43
13316 0.69
13317 3.62
13317 0.29
13317 6.36
13317 4.51
13317 1.43
13317 0.69
13318 3.62
13318 0.29
13318 6.36
13318 4.51
13318 1.43
13318 0.69
13371 3.62
13371 0.29
13371 6.36
13371 4.51
13371 1.43
13371 0.69
13319 3.62
13319 0.29
13319 6.36
13319 4.51
13319 1.43
13319 0.69
13372 3.62
13372 0.29
13372 6.36
13372 4.51
13372 1.43
13372 0.69
13320 3.62
13320 0.29
13320 6.36
13320 4.51
13320 1.43
13320 0.69
13373 3.62
13373 0.29
13373 6.36
13373 4.51
13373 1.43
13373 0.69
13321 3.62
13321 0.29
13321 6.36
13321 4.51
13321 1.43
13321 0.69
13374 3.62
13374 0.29
13374 6.36
13374 4.51
13374 1.43
13374 0.69
13375 3.62
13375 0.29
13375 6.36
13375 4.51
13375 1.43
13375 0.69
13376 3.62
13376 0.29
13376 6.36
13376 4.51
13376 1.43
13376 0.69
13377 3.62
13377 0.29
13377 6.36
13377 4.51
13377 1.43
13377 0.69
13378 3.62
13378 0.29
13378 6.36
13378 4.51
13378 1.43
13378 0.69
13433 3.62
13433 0.29
13433 6.36
13433 4.51
13433 1.43
13433 0.69
13379 3.62
13379 0.29
13379 6.36
13379 4.51
13379 1.43
13379 0.69
13434 3.62
13434 0.29
13434 6.36
13434 4.51
13434 1.43
13434 0.69
13380 3.62
13380 0.29
13380 6.36
13380 4.51
13380 1.43
13380 0.69
13435 3.62
13435 0.29
13435 6.36
13435 4.51
13435 1.43
13435 0.69
13436 3.62
13436 0.29
13436 6.36
13436 4.51
13436 1.43
13436 0.69
13437 3.62
13437 0.29
13437 6.36
13437 4.51
13437 1.43
13437 0.69
13487 3.62
13487 0.29
13487 6.36
13487 4.51
13487 1.43
13487 0.69
13438 3.62
13438 0.29
13438 6.36
13438 4.51
13438 1.43
13438 0.69
13488 3.62
13488 0.29
13488 6.36
13488 4.51
13488 1.43
13488 0.69
13439 3.62
13439 0.29
13439 6.36
13439 4.51
13439 1.43
13439 0.69
13489 3.62
13489 0.29
13489 6.36
13489 4.51
13489 1.43
13489 0.69
13440 3.62
13440 0.29
13440 6.36
13440 4.51
13440 1.43
13440 0.69
13490 3.62
13490 0.29
13490 6.36
13490 4.51
13490 1.43
13490 0.69
13441 3.62
13441 0.29
13441 6.36
13441 4.51
13441 1.43
13441 0.69
13491 3.62
13491 0.29
13491 6.36
13491 4.51
13491 1.43
13491 0.69
13442 3.62
13442 0.29
13442 6.36
13442 4.51
13442 1.43
13442 0.69
13492 3.62
13492 0.29
13492 6.36
13492 4.51
13492 1.43
13492 0.69
13493 3.62
13493 0.29
13493 6.36
13493 4.51
13493 1.43
13493 0.69
13545 3.62
13545 0.29
13545 6.36
13545 4.51
13545 1.43
13545 0.69
13494 3.62
13494 0.29
13494 6.36
13494 4.51
13494 1.43
13494 0.69
13546 3.62
13546 0.29
13546 6.36
13546 4.51
13546 1.43
13546 0.69
13495 3.62
13495 0.29
13495 6.36
13495 4.51
13495 1.43
13495 0.69
13547 3.62
13547 0.29
13547 6.36
13547 4.51
13547 1.43
13547 0.69
13496 3.62
13496 0.29
13496 6.36
13496 4.51
13496 1.43
13496 0.69
13548 3.62
13548 0.29
13548 6.36
13548 4.51
13548 1.43
13548 0.69
13497 3.62
13497 0.29
13497 6.36
13497 4.51
13497 1.43
13497 0.69
13549 3.62
13549 0.29
13549 6.36
13549 4.51
13549 1.43
13549 0.69
13498 3.62
13498 0.29
13498 6.36
13498 4.51
13498 1.43
13498 0.69
13550 3.62
13550 0.29
13550 6.36
13550 4.51
13550 1.43
13550 0.69
13601 3.62
13601 0.29
13601 6.36
13601 4.51
13601 1.43
13601 0.69
13499 3.62
13499 0.29
13499 6.36
13499 4.51
13499 1.43
13499 0.69
13551 3.62
13551 0.29
13551 6.36
13551 4.51
13551 1.43
13551 0.69
13602 3.62
13602 0.29
13602 6.36
13602 4.51
13602 1.43
13602 0.69
13552 3.62
13552 0.29
13552 6.36
13552 4.51
13552 1.43
13552 0.69
13603 3.62
13603 0.29
13603 6.36
13603 4.51
13603 1.43
13603 0.69
13553 3.62
13553 0.29
13553 6.36
13553 4.51
13553 1.43
13553 0.69
13604 3.62
13604 0.29
13604 6.36
13604 4.51
13604 1.43
13604 0.69
13554 3.62
13554 0.29
13554 6.36
13554 4.51
13554 1.43
13554 0.69
13605 3.62
13605 0.29
13605 6.36
13605 4.51
13605 1.43
13605 0.69
13555 3.62
13555 0.29
13555 6.36
13555 4.51
13555 1.43
13555 0.69
13606 3.62
13606 0.29
13606 6.36
13606 4.51
13606 1.43
13606 0.69
13659 3.62
13659 0.29
13659 6.36
13659 4.51
13659 1.43
13659 0.69
13556 3.62
13556 0.29
13556 6.36
13556 4.51
13556 1.43
13556 0.69
13607 3.62
13607 0.29
13607 6.36
13607 4.51
13607 1.43
13607 0.69
13660 3.62
13660 0.29
13660 6.36
13660 4.51
13660 1.43
13660 0.69
13557 3.62
13557 0.29
13557 6.36
13557 4.51
13557 1.43
13557 0.69
13608 3.62
13608 0.29
13608 6.36
13608 4.51
13608 1.43
13608 0.69
13661 3.62
13661 0.29
13661 6.36
13661 4.51
13661 1.43
13661 0.69
13558 3.62
13558 0.29
13558 6.36
13558 4.51
13558 1.43
13558 0.69
13609 3.62
13609 0.29
13609 6.36
13609 4.51
13609 1.43
13609 0.69
13662 3.62
13662 0.29
13662 6.36
13662 4.51
13662 1.43
13662 0.69
13610 3.62
13610 0.29
13610 6.36
13610 4.51
13610 1.43
13610 0.69
13663 3.62
13663 0.29
13663 6.36
13663 4.51
13663 1.43
13663 0.69
13611 3.62
13611 0.29
13611 6.36
13611 4.51
13611 1.43
13611 0.69
13664 3.62
13664 0.29
13664 6.36
13664 4.51
13664 1.43
13664 0.69
13612 3.62
13612 0.29
13612 6.36
13612 4.51
13612 1.43
13612 0.69
13665 3.62
13665 0.29
13665 6.36
13665 4.51
13665 1.43
13665 0.69
13613 3.62
13613 0.29
13613 6.36
13613 4.51
13613 1.43
13613 0.69
13666 3.62
13666 0.29
13666 6.36
13666 4.51
13666 1.43
13666 0.69
13720 3.62
13720 0.29
13720 6.36
13720 4.51
13720 1.43
13720 0.69
13614 3.62
13614 0.29
13614 6.36
13614 4.51
13614 1.43
13614 0.69
13667 3.62
13667 0.29
13667 6.36
13667 4.51
13667 1.43
13667 0.69
13721 3.62
13721 0.29
13721 6.36
13721 4.51
13721 1.43
13721 0.69
13615 3.62
13615 0.29
13615 6.36
13615 4.51
13615 1.43
13615 0.69
13668 3.62
13668 0.29
13668 6.36
13668 4.51
13668 1.43
13668 0.69
13722 3.62
13722 0.29
13722 6.36
13722 4.51
13722 1.43
13722 0.69
13669 3.62
13669 0.29
13669 6.36
13669 4.51
13669 1.43
13669 0.69
13723 3.62
13723 0.29
13723 6.36
13723 4.51
13723 1.43
13723 0.69
13670 3.62
13670 0.29
13670 6.36
13670 4.51
13670 1.43
13670 0.69
13724 3.62
13724 0.29
13724 6.36
13724 4.51
13724 1.43
13724 0.69
13671 3.62
13671 0.29
13671 6.36
13671 4.51
13671 1.43
13671 0.69
13725 3.62
13725 0.29
13725 6.36
13725 4.51
13725 1.43
13725 0.69
13778 3.62
13778 0.29
13778 6.36
13778 4.51
13778 1.43
13778 0.69
13672 3.62
13672 0.29
13672 6.36
13672 4.51
13672 1.43
13672 0.69
13726 3.62
13726 0.29
13726 6.36
13726 4.51
13726 1.43
13726 0.69
13779 3.62
13779 0.29
13779 6.36
13779 4.51
13779 1.43
13779 0.69
13673 3.62
13673 0.29
13673 6.36
13673 4.51
13673 1.43
13673 0.69
13727 3.62
13727 0.29
13727 6.36
13727 4.51
13727 1.43
13727 0.69
13780 3.62
13780 0.29
13780 6.36
13780 4.51
13780 1.43
13780 0.69
13674 3.62
13674 0.29
13674 6.36
13674 4.51
13674 1.43
13674 0.69
13728 3.62
13728 0.29
13728 6.36
13728 4.51
13728 1.43
13728 0.69
13781 3.62
13781 0.29
13781 6.36
13781 4.51
13781 1.43
13781 0.69
13675 3.62
13675 0.29
13675 6.36
13675 4.51
13675 1.43
13675 0.69
13729 3.62
13729 0.29
13729 6.36
13729 4.51
13729 1.43
13729 0.69
13782 3.62
13782 0.29
13782 6.36
13782 4.51
13782 1.43
13782 0.69
13730 3.62
13730 0.29
13730 6.36
13730 4.51
13730 1.43
13730 0.69
13783 3.62
13783 0.29
13783 6.36
13783 4.51
13783 1.43
13783 0.69
13731 3.62
13731 0.29
13731 6.36
13731 4.51
13731 1.43
13731 0.69
13784 3.62
13784 0.29
13784 6.36
13784 4.51
13784 1.43
13784 0.69
13732 3.62
13732 0.29
13732 6.36
13732 4.51
13732 1.43
13732 0.69
13839 3.62
13839 0.29
13839 6.36
13839 4.51
13839 1.43
13839 0.69
13785 3.62
13785 0.29
13785 6.36
13785 4.51
13785 1.43
13785 0.69
13733 3.62
13733 0.29
13733 6.36
13733 4.51
13733 1.43
13733 0.69
13786 3.62
13786 0.29
13786 6.36
13786 4.51
13786 1.43
13786 0.69
13840 3.62
13840 0.29
13840 6.36
13840 4.51
13840 1.43
13840 0.69
13734 3.62
13734 0.29
13734 6.36
13734 4.51
13734 1.43
13734 0.69
13787 3.62
13787 0.29
13787 6.36
13787 4.51
13787 1.43
13787 0.69
13841 3.62
13841 0.29
13841 6.36
13841 4.51
13841 1.43
13841 0.69
13735 3.62
13735 0.29
13735 6.36
13735 4.51
13735 1.43
13735 0.69
13788 3.62
13788 0.29
13788 6.36
13788 4.51
13788 1.43
13788 0.69
13842 3.62
13842 0.29
13842 6.36
13842 4.51
13842 1.43
13842 0.69
13736 3.62
13736 0.29
13736 6.36
13736 4.51
13736 1.43
13736 0.69
13789 3.62
13789 0.29
13789 6.36
13789 4.51
13789 1.43
13789 0.69
13843 3.62
13843 0.29
13843 6.36
13843 4.51
13843 1.43
13843 0.69
13895 3.62
13895 0.29
13895 6.36
13895 4.51
13895 1.43
13895 0.69
13790 3.62
13790 0.29
13790 6.36
13790 4.51
13790 1.43
13790 0.69
13844 3.62
13844 0.29
13844 6.36
13844 4.51
13844 1.43
13844 0.69
13896 3.62
13896 0.29
13896 6.36
13896 4.51
13896 1.43
13896 0.69
13791 3.62
13791 0.29
13791 6.36
13791 4.51
13791 1.43
13791 0.69
13845 3.62
13845 0.29
13845 6.36
13845 4.51
13845 1.43
13845 0.69
13897 3.62
13897 0.29
13897 6.36
13897 4.51
13897 1.43
13897 0.69
13792 3.62
13792 0.29
13792 6.36
13792 4.51
13792 1.43
13792 0.69
13846 3.62
13846 0.29
13846 6.36
13846 4.51
13846 1.43
13846 0.69
13898 3.62
13898 0.29
13898 6.36
13898 4.51
13898 1.43
13898 0.69
13793 3.62
13793 0.29
13793 6.36
13793 4.51
13793 1.43
13793 0.69
13847 3.62
13847 0.29
13847 6.36
13847 4.51
13847 1.43
13847 0.69
13899 3.62
13899 0.29
13899 6.36
13899 4.51
13899 1.43
13899 0.69
13794 3.62
13794 0.29
13794 6.36
13794 4.51
13794 1.43
13794 0.69
13848 3.62
13848 0.29
13848 6.36
13848 4.51
13848 1.43
13848 0.69
13900 3.62
13900 0.29
13900 6.36
13900 4.51
13900 1.43
13900 0.69
13795 3.62
13795 0.29
13795 6.36
13795 4.51
13795 1.43
13795 0.69
13849 3.62
13849 0.29
13849 6.36
13849 4.51
13849 1.43
13849 0.69
13901 3.62
13901 0.29
13901 6.36
13901 4.51
13901 1.43
13901 0.69
13956 3.62
13956 0.29
13956 6.36
13956 4.51
13956 1.43
13956 0.69
13850 3.62
13850 0.29
13850 6.36
13850 4.51
13850 1.43
13850 0.69
13902 3.62
13902 0.29
13902 6.36
13902 4.51
13902 1.43
13902 0.69
13957 3.62
13957 0.29
13957 6.36
13957 4.51
13957 1.43
13957 0.69
13851 3.62
13851 0.29
13851 6.36
13851 4.51
13851 1.43
13851 0.69
13903 3.62
13903 0.29
13903 6.36
13903 4.51
13903 1.43
13903 0.69
13958 3.62
13958 0.29
13958 6.36
13958 4.51
13958 1.43
13958 0.69
13852 3.62
13852 0.29
13852 6.36
13852 4.51
13852 1.43
13852 0.69
13904 3.62
13904 0.29
13904 6.36
13904 4.51
13904 1.43
13904 0.69
13959 3.62
13959 0.29
13959 6.36
13959 4.51
13959 1.43
13959 0.69
13853 3.62
13853 0.29
13853 6.36
13853 4.51
13853 1.43
13853 0.69
13905 3.62
13905 0.29
13905 6.36
13905 4.51
13905 1.43
13905 0.69
13960 3.62
13960 0.29
13960 6.36
13960 4.51
13960 1.43
13960 0.69
13854 3.62
13854 0.29
13854 6.36
13854 4.51
13854 1.43
13854 0.69
13906 3.62
13906 0.29
13906 6.36
13906 4.51
13906 1.43
13906 0.69
14017 3.62
14017 0.29
14017 6.36
14017 4.51
14017 1.43
14017 0.69
13961 3.62
13961 0.29
13961 6.36
13961 4.51
13961 1.43
13961 0.69
13855 3.62
13855 0.29
13855 6.36
13855 4.51
13855 1.43
13855 0.69
13907 3.62
13907 0.29
13907 6.36
13907 4.51
13907 1.43
13907 0.69
14018 3.62
14018 0.29
14018 6.36
14018 4.51
14018 1.43
14018 0.69
13962 3.62
13962 0.29
13962 6.36
13962 4.51
13962 1.43
13962 0.69
13856 3.62
13856 0.29
13856 6.36
13856 4.51
13856 1.43
13856 0.69
13908 3.62
13908 0.29
13908 6.36
13908 4.51
13908 1.43
13908 0.69
14019 3.62
14019 0.29
14019 6.36
14019 4.51
14019 1.43
14019 0.69
13963 3.62
13963 0.29
13963 6.36
13963 4.51
13963 1.43
13963 0.69
13909 3.62
13909 0.29
13909 6.36
13909 4.51
13909 1.43
13909 0.69
14020 3.62
14020 0.29
14020 6.36
14020 4.51
14020 1.43
14020 0.69
13964 3.62
13964 0.29
13964 6.36
13964 4.51
13964 1.43
13964 0.69
13910 3.62
13910 0.29
13910 6.36
13910 4.51
13910 1.43
13910 0.69
14021 3.62
14021 0.29
14021 6.36
14021 4.51
14021 1.43
14021 0.69
13965 3.62
13965 0.29
13965 6.36
13965 4.51
13965 1.43
13965 0.69
13911 3.62
13911 0.29
13911 6.36
13911 4.51
13911 1.43
13911 0.69
13966 3.62
13966 0.29
13966 6.36
13966 4.51
13966 1.43
13966 0.69
14022 3.62
14022 0.29
14022 6.36
14022 4.51
14022 1.43
14022 0.69
13912 3.62
13912 0.29
13912 6.36
13912 4.51
13912 1.43
13912 0.69
13967 3.62
13967 0.29
13967 6.36
13967 4.51
13967 1.43
13967 0.69
14023 3.62
14023 0.29
14023 6.36
14023 4.51
14023 1.43
14023 0.69
13913 3.62
13913 0.29
13913 6.36
13913 4.51
13913 1.43
13913 0.69
13968 3.62
13968 0.29
13968 6.36
13968 4.51
13968 1.43
13968 0.69
14080 3.62
14080 0.29
14080 6.36
14080 4.51
14080 1.43
14080 0.69
14024 3.62
14024 0.29
14024 6.36
14024 4.51
14024 1.43
14024 0.69
13914 3.62
13914 0.29
13914 6.36
13914 4.51
13914 1.43
13914 0.69
13969 3.62
13969 0.29
13969 6.36
13969 4.51
13969 1.43
13969 0.69
14025 3.62
14025 0.29
14025 6.36
14025 4.51
14025 1.43
14025 0.69
14081 3.62
14081 0.29
14081 6.36
14081 4.51
14081 1.43
14081 0.69
13970 3.62
13970 0.29
13970 6.36
13970 4.51
13970 1.43
13970 0.69
14026 3.62
14026 0.29
14026 6.36
14026 4.51
14026 1.43
14026 0.69
14082 3.62
14082 0.29
14082 6.36
14082 4.51
14082 1.43
14082 0.69
13971 3.62
13971 0.29
13971 6.36
13971 4.51
13971 1.43
13971 0.69
14027 3.62
14027 0.29
14027 6.36
14027 4.51
14027 1.43
14027 0.69
14083 3.62
14083 0.29
14083 6.36
14083 4.51
14083 1.43
14083 0.69
13972 3.62
13972 0.29
13972 6.36
13972 4.51
13972 1.43
13972 0.69
14028 3.62
14028 0.29
14028 6.36
14028 4.51
14028 1.43
14028 0.69
14084 3.62
14084 0.29
14084 6.36
14084 4.51
14084 1.43
14084 0.69
13973 3.62
13973 0.29
13973 6.36
13973 4.51
13973 1.43
13973 0.69
14029 3.62
14029 0.29
14029 6.36
14029 4.51
14029 1.43
14029 0.69
14142 3.62
14142 0.29
14142 6.36
14142 4.51
14142 1.43
14142 0.69
14085 3.62
14085 0.29
14085 6.36
14085 4.51
14085 1.43
14085 0.69
13974 3.62
13974 0.29
13974 6.36
13974 4.51
13974 1.43
13974 0.69
14030 3.62
14030 0.29
14030 6.36
14030 4.51
14030 1.43
14030 0.69
14143 3.62
14143 0.29
14143 6.36
14143 4.51
14143 1.43
14143 0.69
14086 3.62
14086 0.29
14086 6.36
14086 4.51
14086 1.43
14086 0.69
13975 3.62
13975 0.29
13975 6.36
13975 4.51
13975 1.43
13975 0.69
14031 3.62
14031 0.29
14031 6.36
14031 4.51
14031 1.43
14031 0.69
14087 3.62
14087 0.29
14087 6.36
14087 4.51
14087 1.43
14087 0.69
14144 3.62
14144 0.29
14144 6.36
14144 4.51
14144 1.43
14144 0.69
13976 3.62
13976 0.29
13976 6.36
13976 4.51
13976 1.43
13976 0.69
14032 3.62
14032 0.29
14032 6.36
14032 4.51
14032 1.43
14032 0.69
14088 3.62
14088 0.29
14088 6.36
14088 4.51
14088 1.43
14088 0.69
14145 3.62
14145 0.29
14145 6.36
14145 4.51
14145 1.43
14145 0.69
14033 3.62
14033 0.29
14033 6.36
14033 4.51
14033 1.43
14033 0.69
14089 3.62
14089 0.29
14089 6.36
14089 4.51
14089 1.43
14089 0.69
14146 3.62
14146 0.29
14146 6.36
14146 4.51
14146 1.43
14146 0.69
14034 3.62
14034 0.29
14034 6.36
14034 4.51
14034 1.43
14034 0.69
14090 3.62
14090 0.29
14090 6.36
14090 4.51
14090 1.43
14090 0.69
14147 3.62
14147 0.29
14147 6.36
14147 4.51
14147 1.43
14147 0.69
14035 3.62
14035 0.29
14035 6.36
14035 4.51
14035 1.43
14035 0.69
14091 3.62
14091 0.29
14091 6.36
14091 4.51
14091 1.43
14091 0.69
14207 3.62
14207 0.29
14207 6.36
14207 4.51
14207 1.43
14207 0.69
14148 3.62
14148 0.29
14148 6.36
14148 4.51
14148 1.43
14148 0.69
14036 3.62
14036 0.29
14036 6.36
14036 4.51
14036 1.43
14036 0.69
14092 3.62
14092 0.29
14092 6.36
14092 4.51
14092 1.43
14092 0.69
14208 3.62
14208 0.29
14208 6.36
14208 4.51
14208 1.43
14208 0.69
14149 3.62
14149 0.29
14149 6.36
14149 4.51
14149 1.43
14149 0.69
14037 3.62
14037 0.29
14037 6.36
14037 4.51
14037 1.43
14037 0.69
14093 3.62
14093 0.29
14093 6.36
14093 4.51
14093 1.43
14093 0.69
14209 3.62
14209 0.29
14209 6.36
14209 4.51
14209 1.43
14209 0.69
14150 3.62
14150 0.29
14150 6.36
14150 4.51
14150 1.43
14150 0.69
14038 3.62
14038 0.29
14038 6.36
14038 4.51
14038 1.43
14038 0.69
14094 3.62
14094 0.29
14094 6.36
14094 4.51
14094 1.43
14094 0.69
14151 3.62
14151 0.29
14151 6.36
14151 4.51
14151 1.43
14151 0.69
14210 3.62
14210 0.29
14210 6.36
14210 4.51
14210 1.43
14210 0.69
14039 3.62
14039 0.29
14039 6.36
14039 4.51
14039 1.43
14039 0.69
14095 3.62
14095 0.29
14095 6.36
14095 4.51
14095 1.43
14095 0.69
14152 3.62
14152 0.29
14152 6.36
14152 4.51
14152 1.43
14152 0.69
14211 3.62
14211 0.29
14211 6.36
14211 4.51
14211 1.43
14211 0.69
14096 3.62
14096 0.29
14096 6.36
14096 4.51
14096 1.43
14096 0.69
14273 3.62
14273 0.29
14273 6.36
14273 4.51
14273 1.43
14273 0.69
14153 3.62
14153 0.29
14153 6.36
14153 4.51
14153 1.43
14153 0.69
14212 3.62
14212 0.29
14212 6.36
14212 4.51
14212 1.43
14212 0.69
14097 3.62
14097 0.29
14097 6.36
14097 4.51
14097 1.43
14097 0.69
14274 3.62
14274 0.29
14274 6.36
14274 4.51
14274 1.43
14274 0.69
14154 3.62
14154 0.29
14154 6.36
14154 4.51
14154 1.43
14154 0.69
14213 3.62
14213 0.29
14213 6.36
14213 4.51
14213 1.43
14213 0.69
14098 3.62
14098 0.29
14098 6.36
14098 4.51
14098 1.43
14098 0.69
14275 3.62
14275 0.29
14275 6.36
14275 4.51
14275 1.43
14275 0.69
14155 3.62
14155 0.29
14155 6.36
14155 4.51
14155 1.43
14155 0.69
14214 3.62
14214 0.29
14214 6.36
14214 4.51
14214 1.43
14214 0.69
14099 3.62
14099 0.29
14099 6.36
14099 4.51
14099 1.43
14099 0.69
14156 3.62
14156 0.29
14156 6.36
14156 4.51
14156 1.43
14156 0.69
14276 3.62
14276 0.29
14276 6.36
14276 4.51
14276 1.43
14276 0.69
14215 3.62
14215 0.29
14215 6.36
14215 4.51
14215 1.43
14215 0.69
14100 3.62
14100 0.29
14100 6.36
14100 4.51
14100 1.43
14100 0.69
14157 3.62
14157 0.29
14157 6.36
14157 4.51
14157 1.43
14157 0.69
14277 3.62
14277 0.29
14277 6.36
14277 4.51
14277 1.43
14277 0.69
14216 3.62
14216 0.29
14216 6.36
14216 4.51
14216 1.43
14216 0.69
14101 3.62
14101 0.29
14101 6.36
14101 4.51
14101 1.43
14101 0.69
14158 3.62
14158 0.29
14158 6.36
14158 4.51
14158 1.43
14158 0.69
14278 3.62
14278 0.29
14278 6.36
14278 4.51
14278 1.43
14278 0.69
14217 3.62
14217 0.29
14217 6.36
14217 4.51
14217 1.43
14217 0.69
14159 3.62
14159 0.29
14159 6.36
14159 4.51
14159 1.43
14159 0.69
14343 3.62
14343 0.29
14343 6.36
14343 4.51
14343 1.43
14343 0.69
14279 3.62
14279 0.29
14279 6.36
14279 4.51
14279 1.43
14279 0.69
14218 3.62
14218 0.29
14218 6.36
14218 4.51
14218 1.43
14218 0.69
14160 3.62
14160 0.29
14160 6.36
14160 4.51
14160 1.43
14160 0.69
14344 3.62
14344 0.29
14344 6.36
14344 4.51
14344 1.43
14344 0.69
14280 3.62
14280 0.29
14280 6.36
14280 4.51
14280 1.43
14280 0.69
14219 3.62
14219 0.29
14219 6.36
14219 4.51
14219 1.43
14219 0.69
14161 3.62
14161 0.29
14161 6.36
14161 4.51
14161 1.43
14161 0.69
14345 3.62
14345 0.29
14345 6.36
14345 4.51
14345 1.43
14345 0.69
14220 3.62
14220 0.29
14220 6.36
14220 4.51
14220 1.43
14220 0.69
14281 3.62
14281 0.29
14281 6.36
14281 4.51
14281 1.43
14281 0.69
14162 3.62
14162 0.29
14162 6.36
14162 4.51
14162 1.43
14162 0.69
14346 3.62
14346 0.29
14346 6.36
14346 4.51
14346 1.43
14346 0.69
14221 3.62
14221 0.29
14221 6.36
14221 4.51
14221 1.43
14221 0.69
14282 3.62
14282 0.29
14282 6.36
14282 4.51
14282 1.43
14282 0.69
14163 3.62
14163 0.29
14163 6.36
14163 4.51
14163 1.43
14163 0.69
14222 3.62
14222 0.29
14222 6.36
14222 4.51
14222 1.43
14222 0.69
14347 3.62
14347 0.29
14347 6.36
14347 4.51
14347 1.43
14347 0.69
14283 3.62
14283 0.29
14283 6.36
14283 4.51
14283 1.43
14283 0.69
14164 3.62
14164 0.29
14164 6.36
14164 4.51
14164 1.43
14164 0.69
14223 3.62
14223 0.29
14223 6.36
14223 4.51
14223 1.43
14223 0.69
14284 3.62
14284 0.29
14284 6.36
14284 4.51
14284 1.43
14284 0.69
14348 3.62
14348 0.29
14348 6.36
14348 4.51
14348 1.43
14348 0.69
14224 3.62
14224 0.29
14224 6.36
14224 4.51
14224 1.43
14224 0.69
14413 3.62
14413 0.29
14413 6.36
14413 4.51
14413 1.43
14413 0.69
14285 3.62
14285 0.29
14285 6.36
14285 4.51
14285 1.43
14285 0.69
14349 3.62
14349 0.29
14349 6.36
14349 4.51
14349 1.43
14349 0.69
14225 3.62
14225 0.29
14225 6.36
14225 4.51
14225 1.43
14225 0.69
14414 3.62
14414 0.29
14414 6.36
14414 4.51
14414 1.43
14414 0.69
14286 3.62
14286 0.29
14286 6.36
14286 4.51
14286 1.43
14286 0.69
14350 3.62
14350 0.29
14350 6.36
14350 4.51
14350 1.43
14350 0.69
14226 3.62
14226 0.29
14226 6.36
14226 4.51
14226 1.43
14226 0.69
14287 3.62
14287 0.29
14287 6.36
14287 4.51
14287 1.43
14287 0.69
14415 3.62
14415 0.29
14415 6.36
14415 4.51
14415 1.43
14415 0.69
14351 3.62
14351 0.29
14351 6.36
14351 4.51
14351 1.43
14351 0.69
14227 3.62
14227 0.29
14227 6.36
14227 4.51
14227 1.43
14227 0.69
14288 3.62
14288 0.29
14288 6.36
14288 4.51
14288 1.43
14288 0.69
14416 3.62
14416 0.29
14416 6.36
14416 4.51
14416 1.43
14416 0.69
14352 3.62
14352 0.29
14352 6.36
14352 4.51
14352 1.43
14352 0.69
14228 3.62
14228 0.29
14228 6.36
14228 4.51
14228 1.43
14228 0.69
14486 3.62
14486 0.29
14486 6.36
14486 4.51
14486 1.43
14486 0.69
14289 3.62
14289 0.29
14289 6.36
14289 4.51
14289 1.43
14289 0.69
14417 3.62
14417 0.29
14417 6.36
14417 4.51
14417 1.43
14417 0.69
14353 3.62
14353 0.29
14353 6.36
14353 4.51
14353 1.43
14353 0.69
14229 3.62
14229 0.29
14229 6.36
14229 4.51
14229 1.43
14229 0.69
14487 3.62
14487 0.29
14487 6.36
14487 4.51
14487 1.43
14487 0.69
14290 3.62
14290 0.29
14290 6.36
14290 4.51
14290 1.43
14290 0.69
14354 3.62
14354 0.29
14354 6.36
14354 4.51
14354 1.43
14354 0.69
14418 3.62
14418 0.29
14418 6.36
14418 4.51
14418 1.43
14418 0.69
14230 3.62
14230 0.29
14230 6.36
14230 4.51
14230 1.43
14230 0.69
14291 3.62
14291 0.29
14291 6.36
14291 4.51
14291 1.43
14291 0.69
14488 3.62
14488 0.29
14488 6.36
14488 4.51
14488 1.43
14488 0.69
14355 3.62
14355 0.29
14355 6.36
14355 4.51
14355 1.43
14355 0.69
14419 3.62
14419 0.29
14419 6.36
14419 4.51
14419 1.43
14419 0.69
14292 3.62
14292 0.29
14292 6.36
14292 4.51
14292 1.43
14292 0.69
14489 3.62
14489 0.29
14489 6.36
14489 4.51
14489 1.43
14489 0.69
14356 3.62
14356 0.29
14356 6.36
14356 4.51
14356 1.43
14356 0.69
14420 3.62
14420 0.29
14420 6.36
14420 4.51
14420 1.43
14420 0.69
14293 3.62
14293 0.29
14293 6.36
14293 4.51
14293 1.43
14293 0.69
14490 3.62
14490 0.29
14490 6.36
14490 4.51
14490 1.43
14490 0.69
14357 3.62
14357 0.29
14357 6.36
14357 4.51
14357 1.43
14357 0.69
14421 3.62
14421 0.29
14421 6.36
14421 4.51
14421 1.43
14421 0.69
14294 3.62
14294 0.29
14294 6.36
14294 4.51
14294 1.43
14294 0.69
14491 3.62
14491 0.29
14491 6.36
14491 4.51
14491 1.43
14491 0.69
14358 3.62
14358 0.29
14358 6.36
14358 4.51
14358 1.43
14358 0.69
14422 3.62
14422 0.29
14422 6.36
14422 4.51
14422 1.43
14422 0.69
14295 3.62
14295 0.29
14295 6.36
14295 4.51
14295 1.43
14295 0.69
14492 3.62
14492 0.29
14492 6.36
14492 4.51
14492 1.43
14492 0.69
14359 3.62
14359 0.29
14359 6.36
14359 4.51
14359 1.43
14359 0.69
14423 3.62
14423 0.29
14423 6.36
14423 4.51
14423 1.43
14423 0.69
14296 3.62
14296 0.29
14296 6.36
14296 4.51
14296 1.43
14296 0.69
14559 3.62
14559 0.29
14559 6.36
14559 4.51
14559 1.43
14559 0.69
14360 3.62
14360 0.29
14360 6.36
14360 4.51
14360 1.43
14360 0.69
14493 3.62
14493 0.29
14493 6.36
14493 4.51
14493 1.43
14493 0.69
14424 3.62
14424 0.29
14424 6.36
14424 4.51
14424 1.43
14424 0.69
14297 3.62
14297 0.29
14297 6.36
14297 4.51
14297 1.43
14297 0.69
14560 3.62
14560 0.29
14560 6.36
14560 4.51
14560 1.43
14560 0.69
14361 3.62
14361 0.29
14361 6.36
14361 4.51
14361 1.43
14361 0.69
14494 3.62
14494 0.29
14494 6.36
14494 4.51
14494 1.43
14494 0.69
14425 3.62
14425 0.29
14425 6.36
14425 4.51
14425 1.43
14425 0.69
14362 3.62
14362 0.29
14362 6.36
14362 4.51
14362 1.43
14362 0.69
14561 3.62
14561 0.29
14561 6.36
14561 4.51
14561 1.43
14561 0.69
14495 3.62
14495 0.29
14495 6.36
14495 4.51
14495 1.43
14495 0.69
14426 3.62
14426 0.29
14426 6.36
14426 4.51
14426 1.43
14426 0.69
14363 3.62
14363 0.29
14363 6.36
14363 4.51
14363 1.43
14363 0.69
14562 3.62
14562 0.29
14562 6.36
14562 4.51
14562 1.43
14562 0.69
14496 3.62
14496 0.29
14496 6.36
14496 4.51
14496 1.43
14496 0.69
14427 3.62
14427 0.29
14427 6.36
14427 4.51
14427 1.43
14427 0.69
14364 3.62
14364 0.29
14364 6.36
14364 4.51
14364 1.43
14364 0.69
14563 3.62
14563 0.29
14563 6.36
14563 4.51
14563 1.43
14563 0.69
14497 3.62
14497 0.29
14497 6.36
14497 4.51
14497 1.43
14497 0.69
14428 3.62
14428 0.29
14428 6.36
14428 4.51
14428 1.43
14428 0.69
14365 3.62
14365 0.29
14365 6.36
14365 4.51
14365 1.43
14365 0.69
14629 3.62
14629 0.29
14629 6.36
14629 4.51
14629 1.43
14629 0.69
14564 3.62
14564 0.29
14564 6.36
14564 4.51
14564 1.43
14564 0.69
14429 3.62
14429 0.29
14429 6.36
14429 4.51
14429 1.43
14429 0.69
14498 3.62
14498 0.29
14498 6.36
14498 4.51
14498 1.43
14498 0.69
14366 3.62
14366 0.29
14366 6.36
14366 4.51
14366 1.43
14366 0.69
14630 3.62
14630 0.29
14630 6.36
14630 4.51
14630 1.43
14630 0.69
14430 3.62
14430 0.29
14430 6.36
14430 4.51
14430 1.43
14430 0.69
14565 3.62
14565 0.29
14565 6.36
14565 4.51
14565 1.43
14565 0.69
14499 3.62
14499 0.29
14499 6.36
14499 4.51
14499 1.43
14499 0.69
14367 3.62
14367 0.29
14367 6.36
14367 4.51
14367 1.43
14367 0.69
14631 3.62
14631 0.29
14631 6.36
14631 4.51
14631 1.43
14631 0.69
14431 3.62
14431 0.29
14431 6.36
14431 4.51
14431 1.43
14431 0.69
14566 3.62
14566 0.29
14566 6.36
14566 4.51
14566 1.43
14566 0.69
14500 3.62
14500 0.29
14500 6.36
14500 4.51
14500 1.43
14500 0.69
14368 3.62
14368 0.29
14368 6.36
14368 4.51
14368 1.43
14368 0.69
14632 3.62
14632 0.29
14632 6.36
14632 4.51
14632 1.43
14632 0.69
14432 3.62
14432 0.29
14432 6.36
14432 4.51
14432 1.43
14432 0.69
14501 3.62
14501 0.29
14501 6.36
14501 4.51
14501 1.43
14501 0.69
14567 3.62
14567 0.29
14567 6.36
14567 4.51
14567 1.43
14567 0.69
14433 3.62
14433 0.29
14433 6.36
14433 4.51
14433 1.43
14433 0.69
14633 3.62
14633 0.29
14633 6.36
14633 4.51
14633 1.43
14633 0.69
14502 3.62
14502 0.29
14502 6.36
14502 4.51
14502 1.43
14502 0.69
14568 3.62
14568 0.29
14568 6.36
14568 4.51
14568 1.43
14568 0.69
14434 3.62
14434 0.29
14434 6.36
14434 4.51
14434 1.43
14434 0.69
14634 3.62
14634 0.29
14634 6.36
14634 4.51
14634 1.43
14634 0.69
14503 3.62
14503 0.29
14503 6.36
14503 4.51
14503 1.43
14503 0.69
14569 3.62
14569 0.29
14569 6.36
14569 4.51
14569 1.43
14569 0.69
14698 3.62
14698 0.29
14698 6.36
14698 4.51
14698 1.43
14698 0.69
14435 3.62
14435 0.29
14435 6.36
14435 4.51
14435 1.43
14435 0.69
14504 3.62
14504 0.29
14504 6.36
14504 4.51
14504 1.43
14504 0.69
14635 3.62
14635 0.29
14635 6.36
14635 4.51
14635 1.43
14635 0.69
14570 3.62
14570 0.29
14570 6.36
14570 4.51
14570 1.43
14570 0.69
14699 3.62
14699 0.29
14699 6.36
14699 4.51
14699 1.43
14699 0.69
14436 3.62
14436 0.29
14436 6.36
14436 4.51
14436 1.43
14436 0.69
14505 3.62
14505 0.29
14505 6.36
14505 4.51
14505 1.43
14505 0.69
14636 3.62
14636 0.29
14636 6.36
14636 4.51
14636 1.43
14636 0.69
14571 3.62
14571 0.29
14571 6.36
14571 4.51
14571 1.43
14571 0.69
14437 3.62
14437 0.29
14437 6.36
14437 4.51
14437 1.43
14437 0.69
14700 3.62
14700 0.29
14700 6.36
14700 4.51
14700 1.43
14700 0.69
14506 3.62
14506 0.29
14506 6.36
14506 4.51
14506 1.43
14506 0.69
14637 3.62
14637 0.29
14637 6.36
14637 4.51
14637 1.43
14637 0.69
14572 3.62
14572 0.29
14572 6.36
14572 4.51
14572 1.43
14572 0.69
14438 3.62
14438 0.29
14438 6.36
14438 4.51
14438 1.43
14438 0.69
14701 3.62
14701 0.29
14701 6.36
14701 4.51
14701 1.43
14701 0.69
14507 3.62
14507 0.29
14507 6.36
14507 4.51
14507 1.43
14507 0.69
14638 3.62
14638 0.29
14638 6.36
14638 4.51
14638 1.43
14638 0.69
14573 3.62
14573 0.29
14573 6.36
14573 4.51
14573 1.43
14573 0.69
14508 3.62
14508 0.29
14508 6.36
14508 4.51
14508 1.43
14508 0.69
14702 3.62
14702 0.29
14702 6.36
14702 4.51
14702 1.43
14702 0.69
14574 3.62
14574 0.29
14574 6.36
14574 4.51
14574 1.43
14574 0.69
14639 3.62
14639 0.29
14639 6.36
14639 4.51
14639 1.43
14639 0.69
14509 3.62
14509 0.29
14509 6.36
14509 4.51
14509 1.43
14509 0.69
14703 3.62
14703 0.29
14703 6.36
14703 4.51
14703 1.43
14703 0.69
14575 3.62
14575 0.29
14575 6.36
14575 4.51
14575 1.43
14575 0.69
14769 3.62
14769 0.29
14769 6.36
14769 4.51
14769 1.43
14769 0.69
14510 3.62
14510 0.29
14510 6.36
14510 4.51
14510 1.43
14510 0.69
14704 3.62
14704 0.29
14704 6.36
14704 4.51
14704 1.43
14704 0.69
14576 3.62
14576 0.29
14576 6.36
14576 4.51
14576 1.43
14576 0.69
14511 3.62
14511 0.29
14511 6.36
14511 4.51
14511 1.43
14511 0.69
14770 3.62
14770 0.29
14770 6.36
14770 4.51
14770 1.43
14770 0.69
14705 3.62
14705 0.29
14705 6.36
14705 4.51
14705 1.43
14705 0.69
14577 3.62
14577 0.29
14577 6.36
14577 4.51
14577 1.43
14577 0.69
14642 3.62
14642 0.29
14642 6.36
14642 4.51
14642 1.43
14642 0.69
14512 3.62
14512 0.29
14512 6.36
14512 4.51
14512 1.43
14512 0.69
14771 3.62
14771 0.29
14771 6.36
14771 4.51
14771 1.43
14771 0.69
14578 3.62
14578 0.29
14578 6.36
14578 4.51
14578 1.43
14578 0.69
14706 3.62
14706 0.29
14706 6.36
14706 4.51
14706 1.43
14706 0.69
14643 3.62
14643 0.29
14643 6.36
14643 4.51
14643 1.43
14643 0.69
14513 3.62
14513 0.29
14513 6.36
14513 4.51
14513 1.43
14513 0.69
14772 3.62
14772 0.29
14772 6.36
14772 4.51
14772 1.43
14772 0.69
14579 3.62
14579 0.29
14579 6.36
14579 4.51
14579 1.43
14579 0.69
14707 3.62
14707 0.29
14707 6.36
14707 4.51
14707 1.43
14707 0.69
14644 3.62
14644 0.29
14644 6.36
14644 4.51
14644 1.43
14644 0.69
14773 3.62
14773 0.29
14773 6.36
14773 4.51
14773 1.43
14773 0.69
14580 3.62
14580 0.29
14580 6.36
14580 4.51
14580 1.43
14580 0.69
14708 3.62
14708 0.29
14708 6.36
14708 4.51
14708 1.43
14708 0.69
14645 3.62
14645 0.29
14645 6.36
14645 4.51
14645 1.43
14645 0.69
14581 3.62
14581 0.29
14581 6.36
14581 4.51
14581 1.43
14581 0.69
14774 3.62
14774 0.29
14774 6.36
14774 4.51
14774 1.43
14774 0.69
14646 3.62
14646 0.29
14646 6.36
14646 4.51
14646 1.43
14646 0.69
14840 3.62
14840 0.29
14840 6.36
14840 4.51
14840 1.43
14840 0.69
14582 3.62
14582 0.29
14582 6.36
14582 4.51
14582 1.43
14582 0.69
14775 3.62
14775 0.29
14775 6.36
14775 4.51
14775 1.43
14775 0.69
14647 3.62
14647 0.29
14647 6.36
14647 4.51
14647 1.43
14647 0.69
14841 3.62
14841 0.29
14841 6.36
14841 4.51
14841 1.43
14841 0.69
14583 3.62
14583 0.29
14583 6.36
14583 4.51
14583 1.43
14583 0.69
14776 3.62
14776 0.29
14776 6.36
14776 4.51
14776 1.43
14776 0.69
14648 3.62
14648 0.29
14648 6.36
14648 4.51
14648 1.43
14648 0.69
14584 3.62
14584 0.29
14584 6.36
14584 4.51
14584 1.43
14584 0.69
14842 3.62
14842 0.29
14842 6.36
14842 4.51
14842 1.43
14842 0.69
14777 3.62
14777 0.29
14777 6.36
14777 4.51
14777 1.43
14777 0.69
14649 3.62
14649 0.29
14649 6.36
14649 4.51
14649 1.43
14649 0.69
14712 3.62
14712 0.29
14712 6.36
14712 4.51
14712 1.43
14712 0.69
14585 3.62
14585 0.29
14585 6.36
14585 4.51
14585 1.43
14585 0.69
14843 3.62
14843 0.29
14843 6.36
14843 4.51
14843 1.43
14843 0.69
14650 3.62
14650 0.29
14650 6.36
14650 4.51
14650 1.43
14650 0.69
14778 3.62
14778 0.29
14778 6.36
14778 4.51
14778 1.43
14778 0.69
14713 3.62
14713 0.29
14713 6.36
14713 4.51
14713 1.43
14713 0.69
14909 3.62
14909 0.29
14909 6.36
14909 4.51
14909 1.43
14909 0.69
14586 3.62
14586 0.29
14586 6.36
14586 4.51
14586 1.43
14586 0.69
14844 3.62
14844 0.29
14844 6.36
14844 4.51
14844 1.43
14844 0.69
14651 3.62
14651 0.29
14651 6.36
14651 4.51
14651 1.43
14651 0.69
14779 3.62
14779 0.29
14779 6.36
14779 4.51
14779 1.43
14779 0.69
14714 3.62
14714 0.29
14714 6.36
14714 4.51
14714 1.43
14714 0.69
14910 3.62
14910 0.29
14910 6.36
14910 4.51
14910 1.43
14910 0.69
14652 3.62
14652 0.29
14652 6.36
14652 4.51
14652 1.43
14652 0.69
14845 3.62
14845 0.29
14845 6.36
14845 4.51
14845 1.43
14845 0.69
14715 3.62
14715 0.29
14715 6.36
14715 4.51
14715 1.43
14715 0.69
14780 3.62
14780 0.29
14780 6.36
14780 4.51
14780 1.43
14780 0.69
14911 3.62
14911 0.29
14911 6.36
14911 4.51
14911 1.43
14911 0.69
14653 3.62
14653 0.29
14653 6.36
14653 4.51
14653 1.43
14653 0.69
14846 3.62
14846 0.29
14846 6.36
14846 4.51
14846 1.43
14846 0.69
14716 3.62
14716 0.29
14716 6.36
14716 4.51
14716 1.43
14716 0.69
14912 3.62
14912 0.29
14912 6.36
14912 4.51
14912 1.43
14912 0.69
14654 3.62
14654 0.29
14654 6.36
14654 4.51
14654 1.43
14654 0.69
14717 3.62
14717 0.29
14717 6.36
14717 4.51
14717 1.43
14717 0.69
14847 3.62
14847 0.29
14847 6.36
14847 4.51
14847 1.43
14847 0.69
14782 3.62
14782 0.29
14782 6.36
14782 4.51
14782 1.43
14782 0.69
14655 3.62
14655 0.29
14655 6.36
14655 4.51
14655 1.43
14655 0.69
14913 3.62
14913 0.29
14913 6.36
14913 4.51
14913 1.43
14913 0.69
14718 3.62
14718 0.29
14718 6.36
14718 4.51
14718 1.43
14718 0.69
14848 3.62
14848 0.29
14848 6.36
14848 4.51
14848 1.43
14848 0.69
14656 3.62
14656 0.29
14656 6.36
14656 4.51
14656 1.43
14656 0.69
14914 3.62
14914 0.29
14914 6.36
14914 4.51
14914 1.43
14914 0.69
14719 3.62
14719 0.29
14719 6.36
14719 4.51
14719 1.43
14719 0.69
14849 3.62
14849 0.29
14849 6.36
14849 4.51
14849 1.43
14849 0.69
14784 3.62
14784 0.29
14784 6.36
14784 4.51
14784 1.43
14784 0.69
14657 3.62
14657 0.29
14657 6.36
14657 4.51
14657 1.43
14657 0.69
14720 3.62
14720 0.29
14720 6.36
14720 4.51
14720 1.43
14720 0.69
14915 3.62
14915 0.29
14915 6.36
14915 4.51
14915 1.43
14915 0.69
14850 3.62
14850 0.29
14850 6.36
14850 4.51
14850 1.43
14850 0.69
14785 3.62
14785 0.29
14785 6.36
14785 4.51
14785 1.43
14785 0.69
14981 3.62
14981 0.29
14981 6.36
14981 4.51
14981 1.43
14981 0.69
14721 3.62
14721 0.29
14721 6.36
14721 4.51
14721 1.43
14721 0.69
14916 3.62
14916 0.29
14916 6.36
14916 4.51
14916 1.43
14916 0.69
14786 3.62
14786 0.29
14786 6.36
14786 4.51
14786 1.43
14786 0.69
14851 3.62
14851 0.29
14851 6.36
14851 4.51
14851 1.43
14851 0.69
14982 3.62
14982 0.29
14982 6.36
14982 4.51
14982 1.43
14982 0.69
14722 3.62
14722 0.29
14722 6.36
14722 4.51
14722 1.43
14722 0.69
14917 3.62
14917 0.29
14917 6.36
14917 4.51
14917 1.43
14917 0.69
14787 3.62
14787 0.29
14787 6.36
14787 4.51
14787 1.43
14787 0.69
14983 3.62
14983 0.29
14983 6.36
14983 4.51
14983 1.43
14983 0.69
14723 3.62
14723 0.29
14723 6.36
14723 4.51
14723 1.43
14723 0.69
14918 3.62
14918 0.29
14918 6.36
14918 4.51
14918 1.43
14918 0.69
14788 3.62
14788 0.29
14788 6.36
14788 4.51
14788 1.43
14788 0.69
14853 3.62
14853 0.29
14853 6.36
14853 4.51
14853 1.43
14853 0.69
14984 3.62
14984 0.29
14984 6.36
14984 4.51
14984 1.43
14984 0.69
14724 3.62
14724 0.29
14724 6.36
14724 4.51
14724 1.43
14724 0.69
14789 3.62
14789 0.29
14789 6.36
14789 4.51
14789 1.43
14789 0.69
14919 3.62
14919 0.29
14919 6.36
14919 4.51
14919 1.43
14919 0.69
14854 3.62
14854 0.29
14854 6.36
14854 4.51
14854 1.43
14854 0.69
14725 3.62
14725 0.29
14725 6.36
14725 4.51
14725 1.43
14725 0.69
14985 3.62
14985 0.29
14985 6.36
14985 4.51
14985 1.43
14985 0.69
14790 3.62
14790 0.29
14790 6.36
14790 4.51
14790 1.43
14790 0.69
14920 3.62
14920 0.29
14920 6.36
14920 4.51
14920 1.43
14920 0.69
14726 3.62
14726 0.29
14726 6.36
14726 4.51
14726 1.43
14726 0.69
14986 3.62
14986 0.29
14986 6.36
14986 4.51
14986 1.43
14986 0.69
14791 3.62
14791 0.29
14791 6.36
14791 4.51
14791 1.43
14791 0.69
14921 3.62
14921 0.29
14921 6.36
14921 4.51
14921 1.43
14921 0.69
14856 3.62
14856 0.29
14856 6.36
14856 4.51
14856 1.43
14856 0.69
15052 3.62
15052 0.29
15052 6.36
15052 4.51
15052 1.43
15052 0.69
14987 3.62
14987 0.29
14987 6.36
14987 4.51
14987 1.43
14987 0.69
14792 3.62
14792 0.29
14792 6.36
14792 4.51
14792 1.43
14792 0.69
14922 3.62
14922 0.29
14922 6.36
14922 4.51
14922 1.43
14922 0.69
14857 3.62
14857 0.29
14857 6.36
14857 4.51
14857 1.43
14857 0.69
15053 3.62
15053 0.29
15053 6.36
15053 4.51
15053 1.43
15053 0.69
14793 3.62
14793 0.29
14793 6.36
14793 4.51
14793 1.43
14793 0.69
14988 3.62
14988 0.29
14988 6.36
14988 4.51
14988 1.43
14988 0.69
14858 3.62
14858 0.29
14858 6.36
14858 4.51
14858 1.43
14858 0.69
14923 3.62
14923 0.29
14923 6.36
14923 4.51
14923 1.43
14923 0.69
15054 3.62
15054 0.29
15054 6.36
15054 4.51
15054 1.43
15054 0.69
14794 3.62
14794 0.29
14794 6.36
14794 4.51
14794 1.43
14794 0.69
14989 3.62
14989 0.29
14989 6.36
14989 4.51
14989 1.43
14989 0.69
14859 3.62
14859 0.29
14859 6.36
14859 4.51
14859 1.43
14859 0.69
14924 3.62
14924 0.29
14924 6.36
14924 4.51
14924 1.43
14924 0.69
15055 3.62
15055 0.29
15055 6.36
15055 4.51
15055 1.43
15055 0.69
14795 3.62
14795 0.29
14795 6.36
14795 4.51
14795 1.43
14795 0.69
14990 3.62
14990 0.29
14990 6.36
14990 4.51
14990 1.43
14990 0.69
14860 3.62
14860 0.29
14860 6.36
14860 4.51
14860 1.43
14860 0.69
14925 3.62
14925 0.29
14925 6.36
14925 4.51
14925 1.43
14925 0.69
14796 3.62
14796 0.29
14796 6.36
14796 4.51
14796 1.43
14796 0.69
15056 3.62
15056 0.29
15056 6.36
15056 4.51
15056 1.43
15056 0.69
14991 3.62
14991 0.29
14991 6.36
14991 4.51
14991 1.43
14991 0.69
14861 3.62
14861 0.29
14861 6.36
14861 4.51
14861 1.43
14861 0.69
14926 3.62
14926 0.29
14926 6.36
14926 4.51
14926 1.43
14926 0.69
14797 3.62
14797 0.29
14797 6.36
14797 4.51
14797 1.43
14797 0.69
15057 3.62
15057 0.29
15057 6.36
15057 4.51
15057 1.43
15057 0.69
14862 3.62
14862 0.29
14862 6.36
14862 4.51
14862 1.43
14862 0.69
14992 3.62
14992 0.29
14992 6.36
14992 4.51
14992 1.43
14992 0.69
14927 3.62
14927 0.29
14927 6.36
14927 4.51
14927 1.43
14927 0.69
15123 3.62
15123 0.29
15123 6.36
15123 4.51
15123 1.43
15123 0.69
15058 3.62
15058 0.29
15058 6.36
15058 4.51
15058 1.43
15058 0.69
14863 3.62
14863 0.29
14863 6.36
14863 4.51
14863 1.43
14863 0.69
14993 3.62
14993 0.29
14993 6.36
14993 4.51
14993 1.43
14993 0.69
14928 3.62
14928 0.29
14928 6.36
14928 4.51
14928 1.43
14928 0.69
15124 3.62
15124 0.29
15124 6.36
15124 4.51
15124 1.43
15124 0.69
15059 3.62
15059 0.29
15059 6.36
15059 4.51
15059 1.43
15059 0.69
14864 3.62
14864 0.29
14864 6.36
14864 4.51
14864 1.43
14864 0.69
14994 3.62
14994 0.29
14994 6.36
14994 4.51
14994 1.43
14994 0.69
14929 3.62
14929 0.29
14929 6.36
14929 4.51
14929 1.43
14929 0.69
15125 3.62
15125 0.29
15125 6.36
15125 4.51
15125 1.43
15125 0.69
14865 3.62
14865 0.29
14865 6.36
14865 4.51
14865 1.43
14865 0.69
15060 3.62
15060 0.29
15060 6.36
15060 4.51
15060 1.43
15060 0.69
14995 3.62
14995 0.29
14995 6.36
14995 4.51
14995 1.43
14995 0.69
14930 3.62
14930 0.29
14930 6.36
14930 4.51
14930 1.43
14930 0.69
15126 3.62
15126 0.29
15126 6.36
15126 4.51
15126 1.43
15126 0.69
14866 3.62
14866 0.29
14866 6.36
14866 4.51
14866 1.43
14866 0.69
15061 3.62
15061 0.29
15061 6.36
15061 4.51
15061 1.43
15061 0.69
14996 3.62
14996 0.29
14996 6.36
14996 4.51
14996 1.43
14996 0.69
14931 3.62
14931 0.29
14931 6.36
14931 4.51
14931 1.43
14931 0.69
15127 3.62
15127 0.29
15127 6.36
15127 4.51
15127 1.43
15127 0.69
14867 3.62
14867 0.29
14867 6.36
14867 4.51
14867 1.43
14867 0.69
15062 3.62
15062 0.29
15062 6.36
15062 4.51
15062 1.43
15062 0.69
14997 3.62
14997 0.29
14997 6.36
14997 4.51
14997 1.43
14997 0.69
14932 3.62
14932 0.29
14932 6.36
14932 4.51
14932 1.43
14932 0.69
14868 3.62
14868 0.29
14868 6.36
14868 4.51
14868 1.43
14868 0.69
15128 3.62
15128 0.29
15128 6.36
15128 4.51
15128 1.43
15128 0.69
15063 3.62
15063 0.29
15063 6.36
15063 4.51
15063 1.43
15063 0.69
14933 3.62
14933 0.29
14933 6.36
14933 4.51
14933 1.43
14933 0.69
14998 3.62
14998 0.29
14998 6.36
14998 4.51
14998 1.43
14998 0.69
15193 3.62
15193 0.29
15193 6.36
15193 4.51
15193 1.43
15193 0.69
14869 3.62
14869 0.29
14869 6.36
14869 4.51
14869 1.43
14869 0.69
15129 3.62
15129 0.29
15129 6.36
15129 4.51
15129 1.43
15129 0.69
14934 3.62
14934 0.29
14934 6.36
14934 4.51
14934 1.43
14934 0.69
15064 3.62
15064 0.29
15064 6.36
15064 4.51
15064 1.43
15064 0.69
14999 3.62
14999 0.29
14999 6.36
14999 4.51
14999 1.43
14999 0.69
15194 3.62
15194 0.29
15194 6.36
15194 4.51
15194 1.43
15194 0.69
15130 3.62
15130 0.29
15130 6.36
15130 4.51
15130 1.43
15130 0.69
14935 3.62
14935 0.29
14935 6.36
14935 4.51
14935 1.43
14935 0.69
15065 3.62
15065 0.29
15065 6.36
15065 4.51
15065 1.43
15065 0.69
15000 3.62
15000 0.29
15000 6.36
15000 4.51
15000 1.43
15000 0.69
15195 3.62
15195 0.29
15195 6.36
15195 4.51
15195 1.43
15195 0.69
15131 3.62
15131 0.29
15131 6.36
15131 4.51
15131 1.43
15131 0.69
14936 3.62
14936 0.29
14936 6.36
14936 4.51
14936 1.43
14936 0.69
15001 3.62
15001 0.29
15001 6.36
15001 4.51
15001 1.43
15001 0.69
15066 3.62
15066 0.29
15066 6.36
15066 4.51
15066 1.43
15066 0.69
15196 3.62
15196 0.29
15196 6.36
15196 4.51
15196 1.43
15196 0.69
14937 3.62
14937 0.29
14937 6.36
14937 4.51
14937 1.43
14937 0.69
15132 3.62
15132 0.29
15132 6.36
15132 4.51
15132 1.43
15132 0.69
15002 3.62
15002 0.29
15002 6.36
15002 4.51
15002 1.43
15002 0.69
15067 3.62
15067 0.29
15067 6.36
15067 4.51
15067 1.43
15067 0.69
15197 3.62
15197 0.29
15197 6.36
15197 4.51
15197 1.43
15197 0.69
14938 3.62
14938 0.29
14938 6.36
14938 4.51
14938 1.43
14938 0.69
15003 3.62
15003 0.29
15003 6.36
15003 4.51
15003 1.43
15003 0.69
15133 3.62
15133 0.29
15133 6.36
15133 4.51
15133 1.43
15133 0.69
15068 3.62
15068 0.29
15068 6.36
15068 4.51
15068 1.43
15068 0.69
15198 3.62
15198 0.29
15198 6.36
15198 4.51
15198 1.43
15198 0.69
14939 3.62
14939 0.29
14939 6.36
14939 4.51
14939 1.43
14939 0.69
15004 3.62
15004 0.29
15004 6.36
15004 4.51
15004 1.43
15004 0.69
15134 3.62
15134 0.29
15134 6.36
15134 4.51
15134 1.43
15134 0.69
15069 3.62
15069 0.29
15069 6.36
15069 4.51
15069 1.43
15069 0.69
15262 3.62
15262 0.29
15262 6.36
15262 4.51
15262 1.43
15262 0.69
14940 3.62
14940 0.29
14940 6.36
14940 4.51
14940 1.43
14940 0.69
15199 3.62
15199 0.29
15199 6.36
15199 4.51
15199 1.43
15199 0.69
15005 3.62
15005 0.29
15005 6.36
15005 4.51
15005 1.43
15005 0.69
15135 3.62
15135 0.29
15135 6.36
15135 4.51
15135 1.43
15135 0.69
15070 3.62
15070 0.29
15070 6.36
15070 4.51
15070 1.43
15070 0.69
15263 3.62
15263 0.29
15263 6.36
15263 4.51
15263 1.43
15263 0.69
15200 3.62
15200 0.29
15200 6.36
15200 4.51
15200 1.43
15200 0.69
15006 3.62
15006 0.29
15006 6.36
15006 4.51
15006 1.43
15006 0.69
15136 3.62
15136 0.29
15136 6.36
15136 4.51
15136 1.43
15136 0.69
15071 3.62
15071 0.29
15071 6.36
15071 4.51
15071 1.43
15071 0.69
15264 3.62
15264 0.29
15264 6.36
15264 4.51
15264 1.43
15264 0.69
15201 3.62
15201 0.29
15201 6.36
15201 4.51
15201 1.43
15201 0.69
15007 3.62
15007 0.29
15007 6.36
15007 4.51
15007 1.43
15007 0.69
15072 3.62
15072 0.29
15072 6.36
15072 4.51
15072 1.43
15072 0.69
15137 3.62
15137 0.29
15137 6.36
15137 4.51
15137 1.43
15137 0.69
15265 3.62
15265 0.29
15265 6.36
15265 4.51
15265 1.43
15265 0.69
15008 3.62
15008 0.29
15008 6.36
15008 4.51
15008 1.43
15008 0.69
15202 3.62
15202 0.29
15202 6.36
15202 4.51
15202 1.43
15202 0.69
15073 3.62
15073 0.29
15073 6.36
15073 4.51
15073 1.43
15073 0.69
15138 3.62
15138 0.29
15138 6.36
15138 4.51
15138 1.43
15138 0.69
15266 3.62
15266 0.29
15266 6.36
15266 4.51
15266 1.43
15266 0.69
15009 3.62
15009 0.29
15009 6.36
15009 4.51
15009 1.43
15009 0.69
15203 3.62
15203 0.29
15203 6.36
15203 4.51
15203 1.43
15203 0.69
15074 3.62
15074 0.29
15074 6.36
15074 4.51
15074 1.43
15074 0.69
15139 3.62
15139 0.29
15139 6.36
15139 4.51
15139 1.43
15139 0.69
15267 3.62
15267 0.29
15267 6.36
15267 4.51
15267 1.43
15267 0.69
15010 3.62
15010 0.29
15010 6.36
15010 4.51
15010 1.43
15010 0.69
15204 3.62
15204 0.29
15204 6.36
15204 4.51
15204 1.43
15204 0.69
15075 3.62
15075 0.29
15075 6.36
15075 4.51
15075 1.43
15075 0.69
15140 3.62
15140 0.29
15140 6.36
15140 4.51
15140 1.43
15140 0.69
15331 3.62
15331 0.29
15331 6.36
15331 4.51
15331 1.43
15331 0.69
15011 3.62
15011 0.29
15011 6.36
15011 4.51
15011 1.43
15011 0.69
15268 3.62
15268 0.29
15268 6.36
15268 4.51
15268 1.43
15268 0.69
15205 3.62
15205 0.29
15205 6.36
15205 4.51
15205 1.43
15205 0.69
15076 3.62
15076 0.29
15076 6.36
15076 4.51
15076 1.43
15076 0.69
15141 3.62
15141 0.29
15141 6.36
15141 4.51
15141 1.43
15141 0.69
15332 3.62
15332 0.29
15332 6.36
15332 4.51
15332 1.43
15332 0.69
15269 3.62
15269 0.29
15269 6.36
15269 4.51
15269 1.43
15269 0.69
15077 3.62
15077 0.29
15077 6.36
15077 4.51
15077 1.43
15077 0.69
15206 3.62
15206 0.29
15206 6.36
15206 4.51
15206 1.43
15206 0.69
15142 3.62
15142 0.29
15142 6.36
15142 4.51
15142 1.43
15142 0.69
15333 3.62
15333 0.29
15333 6.36
15333 4.51
15333 1.43
15333 0.69
15270 3.62
15270 0.29
15270 6.36
15270 4.51
15270 1.43
15270 0.69
15078 3.62
15078 0.29
15078 6.36
15078 4.51
15078 1.43
15078 0.69
15207 3.62
15207 0.29
15207 6.36
15207 4.51
15207 1.43
15207 0.69
15334 3.62
15334 0.29
15334 6.36
15334 4.51
15334 1.43
15334 0.69
15271 3.62
15271 0.29
15271 6.36
15271 4.51
15271 1.43
15271 0.69
15079 3.62
15079 0.29
15079 6.36
15079 4.51
15079 1.43
15079 0.69
15208 3.62
15208 0.29
15208 6.36
15208 4.51
15208 1.43
15208 0.69
15144 3.62
15144 0.29
15144 6.36
15144 4.51
15144 1.43
15144 0.69
15335 3.62
15335 0.29
15335 6.36
15335 4.51
15335 1.43
15335 0.69
15080 3.62
15080 0.29
15080 6.36
15080 4.51
15080 1.43
15080 0.69
15272 3.62
15272 0.29
15272 6.36
15272 4.51
15272 1.43
15272 0.69
15209 3.62
15209 0.29
15209 6.36
15209 4.51
15209 1.43
15209 0.69
15145 3.62
15145 0.29
15145 6.36
15145 4.51
15145 1.43
15145 0.69
15336 3.62
15336 0.29
15336 6.36
15336 4.51
15336 1.43
15336 0.69
15081 3.62
15081 0.29
15081 6.36
15081 4.51
15081 1.43
15081 0.69
15273 3.62
15273 0.29
15273 6.36
15273 4.51
15273 1.43
15273 0.69
15210 3.62
15210 0.29
15210 6.36
15210 4.51
15210 1.43
15210 0.69
15146 3.62
15146 0.29
15146 6.36
15146 4.51
15146 1.43
15146 0.69
15398 3.62
15398 0.29
15398 6.36
15398 4.51
15398 1.43
15398 0.69
15337 3.62
15337 0.29
15337 6.36
15337 4.51
15337 1.43
15337 0.69
15082 3.62
15082 0.29
15082 6.36
15082 4.51
15082 1.43
15082 0.69
15274 3.62
15274 0.29
15274 6.36
15274 4.51
15274 1.43
15274 0.69
15211 3.62
15211 0.29
15211 6.36
15211 4.51
15211 1.43
15211 0.69
15147 3.62
15147 0.29
15147 6.36
15147 4.51
15147 1.43
15147 0.69
15399 3.62
15399 0.29
15399 6.36
15399 4.51
15399 1.43
15399 0.69
15338 3.62
15338 0.29
15338 6.36
15338 4.51
15338 1.43
15338 0.69
15275 3.62
15275 0.29
15275 6.36
15275 4.51
15275 1.43
15275 0.69
15148 3.62
15148 0.29
15148 6.36
15148 4.51
15148 1.43
15148 0.69
15212 3.62
15212 0.29
15212 6.36
15212 4.51
15212 1.43
15212 0.69
15400 3.62
15400 0.29
15400 6.36
15400 4.51
15400 1.43
15400 0.69
15339 3.62
15339 0.29
15339 6.36
15339 4.51
15339 1.43
15339 0.69
15149 3.62
15149 0.29
15149 6.36
15149 4.51
15149 1.43
15149 0.69
15276 3.62
15276 0.29
15276 6.36
15276 4.51
15276 1.43
15276 0.69
15401 3.62
15401 0.29
15401 6.36
15401 4.51
15401 1.43
15401 0.69
15340 3.62
15340 0.29
15340 6.36
15340 4.51
15340 1.43
15340 0.69
15150 3.62
15150 0.29
15150 6.36
15150 4.51
15150 1.43
15150 0.69
15214 3.62
15214 0.29
15214 6.36
15214 4.51
15214 1.43
15214 0.69
15277 3.62
15277 0.29
15277 6.36
15277 4.51
15277 1.43
15277 0.69
15402 3.62
15402 0.29
15402 6.36
15402 4.51
15402 1.43
15402 0.69
15151 3.62
15151 0.29
15151 6.36
15151 4.51
15151 1.43
15151 0.69
15341 3.62
15341 0.29
15341 6.36
15341 4.51
15341 1.43
15341 0.69
15215 3.62
15215 0.29
15215 6.36
15215 4.51
15215 1.43
15215 0.69
15278 3.62
15278 0.29
15278 6.36
15278 4.51
15278 1.43
15278 0.69
15403 3.62
15403 0.29
15403 6.36
15403 4.51
15403 1.43
15403 0.69
15152 3.62
15152 0.29
15152 6.36
15152 4.51
15152 1.43
15152 0.69
15342 3.62
15342 0.29
15342 6.36
15342 4.51
15342 1.43
15342 0.69
15216 3.62
15216 0.29
15216 6.36
15216 4.51
15216 1.43
15216 0.69
15279 3.62
15279 0.29
15279 6.36
15279 4.51
15279 1.43
15279 0.69
15465 3.62
15465 0.29
15465 6.36
15465 4.51
15465 1.43
15465 0.69
15404 3.62
15404 0.29
15404 6.36
15404 4.51
15404 1.43
15404 0.69
15153 3.62
15153 0.29
15153 6.36
15153 4.51
15153 1.43
15153 0.69
15217 3.62
15217 0.29
15217 6.36
15217 4.51
15217 1.43
15217 0.69
15343 3.62
15343 0.29
15343 6.36
15343 4.51
15343 1.43
15343 0.69
15280 3.62
15280 0.29
15280 6.36
15280 4.51
15280 1.43
15280 0.69
15466 3.62
15466 0.29
15466 6.36
15466 4.51
15466 1.43
15466 0.69
15405 3.62
15405 0.29
15405 6.36
15405 4.51
15405 1.43
15405 0.69
15218 3.62
15218 0.29
15218 6.36
15218 4.51
15218 1.43
15218 0.69
15344 3.62
15344 0.29
15344 6.36
15344 4.51
15344 1.43
15344 0.69
15281 3.62
15281 0.29
15281 6.36
15281 4.51
15281 1.43
15281 0.69
15467 3.62
15467 0.29
15467 6.36
15467 4.51
15467 1.43
15467 0.69
15406 3.62
15406 0.29
15406 6.36
15406 4.51
15406 1.43
15406 0.69
15219 3.62
15219 0.29
15219 6.36
15219 4.51
15219 1.43
15219 0.69
15345 3.62
15345 0.29
15345 6.36
15345 4.51
15345 1.43
15345 0.69
15282 3.62
15282 0.29
15282 6.36
15282 4.51
15282 1.43
15282 0.69
15468 3.62
15468 0.29
15468 6.36
15468 4.51
15468 1.43
15468 0.69
15407 3.62
15407 0.29
15407 6.36
15407 4.51
15407 1.43
15407 0.69
15220 3.62
15220 0.29
15220 6.36
15220 4.51
15220 1.43
15220 0.69
15346 3.62
15346 0.29
15346 6.36
15346 4.51
15346 1.43
15346 0.69
15283 3.62
15283 0.29
15283 6.36
15283 4.51
15283 1.43
15283 0.69
15469 3.62
15469 0.29
15469 6.36
15469 4.51
15469 1.43
15469 0.69
15221 3.62
15221 0.29
15221 6.36
15221 4.51
15221 1.43
15221 0.69
15408 3.62
15408 0.29
15408 6.36
15408 4.51
15408 1.43
15408 0.69
15284 3.62
15284 0.29
15284 6.36
15284 4.51
15284 1.43
15284 0.69
15347 3.62
15347 0.29
15347 6.36
15347 4.51
15347 1.43
15347 0.69
15531 3.62
15531 0.29
15531 6.36
15531 4.51
15531 1.43
15531 0.69
15470 3.62
15470 0.29
15470 6.36
15470 4.51
15470 1.43
15470 0.69
15222 3.62
15222 0.29
15222 6.36
15222 4.51
15222 1.43
15222 0.69
15409 3.62
15409 0.29
15409 6.36
15409 4.51
15409 1.43
15409 0.69
15285 3.62
15285 0.29
15285 6.36
15285 4.51
15285 1.43
15285 0.69
15348 3.62
15348 0.29
15348 6.36
15348 4.51
15348 1.43
15348 0.69
15532 3.62
15532 0.29
15532 6.36
15532 4.51
15532 1.43
15532 0.69
15471 3.62
15471 0.29
15471 6.36
15471 4.51
15471 1.43
15471 0.69
15223 3.62
15223 0.29
15223 6.36
15223 4.51
15223 1.43
15223 0.69
15410 3.62
15410 0.29
15410 6.36
15410 4.51
15410 1.43
15410 0.69
15286 3.62
15286 0.29
15286 6.36
15286 4.51
15286 1.43
15286 0.69
15349 3.62
15349 0.29
15349 6.36
15349 4.51
15349 1.43
15349 0.69
15533 3.62
15533 0.29
15533 6.36
15533 4.51
15533 1.43
15533 0.69
15472 3.62
15472 0.29
15472 6.36
15472 4.51
15472 1.43
15472 0.69
15224 3.62
15224 0.29
15224 6.36
15224 4.51
15224 1.43
15224 0.69
15287 3.62
15287 0.29
15287 6.36
15287 4.51
15287 1.43
15287 0.69
15411 3.62
15411 0.29
15411 6.36
15411 4.51
15411 1.43
15411 0.69
15350 3.62
15350 0.29
15350 6.36
15350 4.51
15350 1.43
15350 0.69
15534 3.62
15534 0.29
15534 6.36
15534 4.51
15534 1.43
15534 0.69
15473 3.62
15473 0.29
15473 6.36
15473 4.51
15473 1.43
15473 0.69
15288 3.62
15288 0.29
15288 6.36
15288 4.51
15288 1.43
15288 0.69
15412 3.62
15412 0.29
15412 6.36
15412 4.51
15412 1.43
15412 0.69
15351 3.62
15351 0.29
15351 6.36
15351 4.51
15351 1.43
15351 0.69
15535 3.62
15535 0.29
15535 6.36
15535 4.51
15535 1.43
15535 0.69
15474 3.62
15474 0.29
15474 6.36
15474 4.51
15474 1.43
15474 0.69
15289 3.62
15289 0.29
15289 6.36
15289 4.51
15289 1.43
15289 0.69
15413 3.62
15413 0.29
15413 6.36
15413 4.51
15413 1.43
15413 0.69
15352 3.62
15352 0.29
15352 6.36
15352 4.51
15352 1.43
15352 0.69
15536 3.62
15536 0.29
15536 6.36
15536 4.51
15536 1.43
15536 0.69
15475 3.62
15475 0.29
15475 6.36
15475 4.51
15475 1.43
15475 0.69
15290 3.62
15290 0.29
15290 6.36
15290 4.51
15290 1.43
15290 0.69
15353 3.62
15353 0.29
15353 6.36
15353 4.51
15353 1.43
15353 0.69
15414 3.62
15414 0.29
15414 6.36
15414 4.51
15414 1.43
15414 0.69
15537 3.62
15537 0.29
15537 6.36
15537 4.51
15537 1.43
15537 0.69
15476 3.62
15476 0.29
15476 6.36
15476 4.51
15476 1.43
15476 0.69
15291 3.62
15291 0.29
15291 6.36
15291 4.51
15291 1.43
15291 0.69
15354 3.62
15354 0.29
15354 6.36
15354 4.51
15354 1.43
15354 0.69
15415 3.62
15415 0.29
15415 6.36
15415 4.51
15415 1.43
15415 0.69
15600 3.62
15600 0.29
15600 6.36
15600 4.51
15600 1.43
15600 0.69
15538 3.62
15538 0.29
15538 6.36
15538 4.51
15538 1.43
15538 0.69
15292 3.62
15292 0.29
15292 6.36
15292 4.51
15292 1.43
15292 0.69
15477 3.62
15477 0.29
15477 6.36
15477 4.51
15477 1.43
15477 0.69
15355 3.62
15355 0.29
15355 6.36
15355 4.51
15355 1.43
15355 0.69
15416 3.62
15416 0.29
15416 6.36
15416 4.51
15416 1.43
15416 0.69
15601 3.62
15601 0.29
15601 6.36
15601 4.51
15601 1.43
15601 0.69
15539 3.62
15539 0.29
15539 6.36
15539 4.51
15539 1.43
15539 0.69
15293 3.62
15293 0.29
15293 6.36
15293 4.51
15293 1.43
15293 0.69
15478 3.62
15478 0.29
15478 6.36
15478 4.51
15478 1.43
15478 0.69
15356 3.62
15356 0.29
15356 6.36
15356 4.51
15356 1.43
15356 0.69
15417 3.62
15417 0.29
15417 6.36
15417 4.51
15417 1.43
15417 0.69
15602 3.62
15602 0.29
15602 6.36
15602 4.51
15602 1.43
15602 0.69
15540 3.62
15540 0.29
15540 6.36
15540 4.51
15540 1.43
15540 0.69
15479 3.62
15479 0.29
15479 6.36
15479 4.51
15479 1.43
15479 0.69
15357 3.62
15357 0.29
15357 6.36
15357 4.51
15357 1.43
15357 0.69
15418 3.62
15418 0.29
15418 6.36
15418 4.51
15418 1.43
15418 0.69
15603 3.62
15603 0.29
15603 6.36
15603 4.51
15603 1.43
15603 0.69
15541 3.62
15541 0.29
15541 6.36
15541 4.51
15541 1.43
15541 0.69
15480 3.62
15480 0.29
15480 6.36
15480 4.51
15480 1.43
15480 0.69
15358 3.62
15358 0.29
15358 6.36
15358 4.51
15358 1.43
15358 0.69
15419 3.62
15419 0.29
15419 6.36
15419 4.51
15419 1.43
15419 0.69
15604 3.62
15604 0.29
15604 6.36
15604 4.51
15604 1.43
15604 0.69
15542 3.62
15542 0.29
15542 6.36
15542 4.51
15542 1.43
15542 0.69
15359 3.62
15359 0.29
15359 6.36
15359 4.51
15359 1.43
15359 0.69
15481 3.62
15481 0.29
15481 6.36
15481 4.51
15481 1.43
15481 0.69
15420 3.62
15420 0.29
15420 6.36
15420 4.51
15420 1.43
15420 0.69
15605 3.62
15605 0.29
15605 6.36
15605 4.51
15605 1.43
15605 0.69
15543 3.62
15543 0.29
15543 6.36
15543 4.51
15543 1.43
15543 0.69
15360 3.62
15360 0.29
15360 6.36
15360 4.51
15360 1.43
15360 0.69
15482 3.62
15482 0.29
15482 6.36
15482 4.51
15482 1.43
15482 0.69
15421 3.62
15421 0.29
15421 6.36
15421 4.51
15421 1.43
15421 0.69
15666 3.62
15666 0.29
15666 6.36
15666 4.51
15666 1.43
15666 0.69
15606 3.62
15606 0.29
15606 6.36
15606 4.51
15606 1.43
15606 0.69
15361 3.62
15361 0.29
15361 6.36
15361 4.51
15361 1.43
15361 0.69
15544 3.62
15544 0.29
15544 6.36
15544 4.51
15544 1.43
15544 0.69
15483 3.62
15483 0.29
15483 6.36
15483 4.51
15483 1.43
15483 0.69
15422 3.62
15422 0.29
15422 6.36
15422 4.51
15422 1.43
15422 0.69
15667 3.62
15667 0.29
15667 6.36
15667 4.51
15667 1.43
15667 0.69
15607 3.62
15607 0.29
15607 6.36
15607 4.51
15607 1.43
15607 0.69
15362 3.62
15362 0.29
15362 6.36
15362 4.51
15362 1.43
15362 0.69
15545 3.62
15545 0.29
15545 6.36
15545 4.51
15545 1.43
15545 0.69
15484 3.62
15484 0.29
15484 6.36
15484 4.51
15484 1.43
15484 0.69
15423 3.62
15423 0.29
15423 6.36
15423 4.51
15423 1.43
15423 0.69
15668 3.62
15668 0.29
15668 6.36
15668 4.51
15668 1.43
15668 0.69
15608 3.62
15608 0.29
15608 6.36
15608 4.51
15608 1.43
15608 0.69
15546 3.62
15546 0.29
15546 6.36
15546 4.51
15546 1.43
15546 0.69
15485 3.62
15485 0.29
15485 6.36
15485 4.51
15485 1.43
15485 0.69
15424 3.62
15424 0.29
15424 6.36
15424 4.51
15424 1.43
15424 0.69
15669 3.62
15669 0.29
15669 6.36
15669 4.51
15669 1.43
15669 0.69
15609 3.62
15609 0.29
15609 6.36
15609 4.51
15609 1.43
15609 0.69
15547 3.62
15547 0.29
15547 6.36
15547 4.51
15547 1.43
15547 0.69
15425 3.62
15425 0.29
15425 6.36
15425 4.51
15425 1.43
15425 0.69
15486 3.62
15486 0.29
15486 6.36
15486 4.51
15486 1.43
15486 0.69
15670 3.62
15670 0.29
15670 6.36
15670 4.51
15670 1.43
15670 0.69
15610 3.62
15610 0.29
15610 6.36
15610 4.51
15610 1.43
15610 0.69
15426 3.62
15426 0.29
15426 6.36
15426 4.51
15426 1.43
15426 0.69
15548 3.62
15548 0.29
15548 6.36
15548 4.51
15548 1.43
15548 0.69
15487 3.62
15487 0.29
15487 6.36
15487 4.51
15487 1.43
15487 0.69
15671 3.62
15671 0.29
15671 6.36
15671 4.51
15671 1.43
15671 0.69
15611 3.62
15611 0.29
15611 6.36
15611 4.51
15611 1.43
15611 0.69
15427 3.62
15427 0.29
15427 6.36
15427 4.51
15427 1.43
15427 0.69
15549 3.62
15549 0.29
15549 6.36
15549 4.51
15549 1.43
15549 0.69
15488 3.62
15488 0.29
15488 6.36
15488 4.51
15488 1.43
15488 0.69
15672 3.62
15672 0.29
15672 6.36
15672 4.51
15672 1.43
15672 0.69
15612 3.62
15612 0.29
15612 6.36
15612 4.51
15612 1.43
15612 0.69
15428 3.62
15428 0.29
15428 6.36
15428 4.51
15428 1.43
15428 0.69
15489 3.62
15489 0.29
15489 6.36
15489 4.51
15489 1.43
15489 0.69
15550 3.62
15550 0.29
15550 6.36
15550 4.51
15550 1.43
15550 0.69
15733 3.62
15733 0.29
15733 6.36
15733 4.51
15733 1.43
15733 0.69
15673 3.62
15673 0.29
15673 6.36
15673 4.51
15673 1.43
15673 0.69
15429 3.62
15429 0.29
15429 6.36
15429 4.51
15429 1.43
15429 0.69
15613 3.62
15613 0.29
15613 6.36
15613 4.51
15613 1.43
15613 0.69
15490 3.62
15490 0.29
15490 6.36
15490 4.51
15490 1.43
15490 0.69
15551 3.62
15551 0.29
15551 6.36
15551 4.51
15551 1.43
15551 0.69
15734 3.62
15734 0.29
15734 6.36
15734 4.51
15734 1.43
15734 0.69
15674 3.62
15674 0.29
15674 6.36
15674 4.51
15674 1.43
15674 0.69
15614 3.62
15614 0.29
15614 6.36
15614 4.51
15614 1.43
15614 0.69
15491 3.62
15491 0.29
15491 6.36
15491 4.51
15491 1.43
15491 0.69
15552 3.62
15552 0.29
15552 6.36
15552 4.51
15552 1.43
15552 0.69
15735 3.62
15735 0.29
15735 6.36
15735 4.51
15735 1.43
15735 0.69
15675 3.62
15675 0.29
15675 6.36
15675 4.51
15675 1.43
15675 0.69
15492 3.62
15492 0.29
15492 6.36
15492 4.51
15492 1.43
15492 0.69
15615 3.62
15615 0.29
15615 6.36
15615 4.51
15615 1.43
15615 0.69
15553 3.62
15553 0.29
15553 6.36
15553 4.51
15553 1.43
15553 0.69
15736 3.62
15736 0.29
15736 6.36
15736 4.51
15736 1.43
15736 0.69
15676 3.62
15676 0.29
15676 6.36
15676 4.51
15676 1.43
15676 0.69
15493 3.62
15493 0.29
15493 6.36
15493 4.51
15493 1.43
15493 0.69
15616 3.62
15616 0.29
15616 6.36
15616 4.51
15616 1.43
15616 0.69
15554 3.62
15554 0.29
15554 6.36
15554 4.51
15554 1.43
15554 0.69
15737 3.62
15737 0.29
15737 6.36
15737 4.51
15737 1.43
15737 0.69
15677 3.62
15677 0.29
15677 6.36
15677 4.51
15677 1.43
15677 0.69
15494 3.62
15494 0.29
15494 6.36
15494 4.51
15494 1.43
15494 0.69
15617 3.62
15617 0.29
15617 6.36
15617 4.51
15617 1.43
15617 0.69
15555 3.62
15555 0.29
15555 6.36
15555 4.51
15555 1.43
15555 0.69
15738 3.62
15738 0.29
15738 6.36
15738 4.51
15738 1.43
15738 0.69
15678 3.62
15678 0.29
15678 6.36
15678 4.51
15678 1.43
15678 0.69
15495 3.62
15495 0.29
15495 6.36
15495 4.51
15495 1.43
15495 0.69
15556 3.62
15556 0.29
15556 6.36
15556 4.51
15556 1.43
15556 0.69
15618 3.62
15618 0.29
15618 6.36
15618 4.51
15618 1.43
15618 0.69
15796 3.62
15796 0.29
15796 6.36
15796 4.51
15796 1.43
15796 0.69
15739 3.62
15739 0.29
15739 6.36
15739 4.51
15739 1.43
15739 0.69
15496 3.62
15496 0.29
15496 6.36
15496 4.51
15496 1.43
15496 0.69
15679 3.62
15679 0.29
15679 6.36
15679 4.51
15679 1.43
15679 0.69
15557 3.62
15557 0.29
15557 6.36
15557 4.51
15557 1.43
15557 0.69
15619 3.62
15619 0.29
15619 6.36
15619 4.51
15619 1.43
15619 0.69
15797 3.62
15797 0.29
15797 6.36
15797 4.51
15797 1.43
15797 0.69
15740 3.62
15740 0.29
15740 6.36
15740 4.51
15740 1.43
15740 0.69
15680 3.62
15680 0.29
15680 6.36
15680 4.51
15680 1.43
15680 0.69
15558 3.62
15558 0.29
15558 6.36
15558 4.51
15558 1.43
15558 0.69
15620 3.62
15620 0.29
15620 6.36
15620 4.51
15620 1.43
15620 0.69
15798 3.62
15798 0.29
15798 6.36
15798 4.51
15798 1.43
15798 0.69
15741 3.62
15741 0.29
15741 6.36
15741 4.51
15741 1.43
15741 0.69
15681 3.62
15681 0.29
15681 6.36
15681 4.51
15681 1.43
15681 0.69
15559 3.62
15559 0.29
15559 6.36
15559 4.51
15559 1.43
15559 0.69
15621 3.62
15621 0.29
15621 6.36
15621 4.51
15621 1.43
15621 0.69
15799 3.62
15799 0.29
15799 6.36
15799 4.51
15799 1.43
15799 0.69
15742 3.62
15742 0.29
15742 6.36
15742 4.51
15742 1.43
15742 0.69
15682 3.62
15682 0.29
15682 6.36
15682 4.51
15682 1.43
15682 0.69
15560 3.62
15560 0.29
15560 6.36
15560 4.51
15560 1.43
15560 0.69
15622 3.62
15622 0.29
15622 6.36
15622 4.51
15622 1.43
15622 0.69
15800 3.62
15800 0.29
15800 6.36
15800 4.51
15800 1.43
15800 0.69
15743 3.62
15743 0.29
15743 6.36
15743 4.51
15743 1.43
15743 0.69
15561 3.62
15561 0.29
15561 6.36
15561 4.51
15561 1.43
15561 0.69
15683 3.62
15683 0.29
15683 6.36
15683 4.51
15683 1.43
15683 0.69
15623 3.62
15623 0.29
15623 6.36
15623 4.51
15623 1.43
15623 0.69
15801 3.62
15801 0.29
15801 6.36
15801 4.51
15801 1.43
15801 0.69
15744 3.62
15744 0.29
15744 6.36
15744 4.51
15744 1.43
15744 0.69
15562 3.62
15562 0.29
15562 6.36
15562 4.51
15562 1.43
15562 0.69
15684 3.62
15684 0.29
15684 6.36
15684 4.51
15684 1.43
15684 0.69
15624 3.62
15624 0.29
15624 6.36
15624 4.51
15624 1.43
15624 0.69
15802 3.62
15802 0.29
15802 6.36
15802 4.51
15802 1.43
15802 0.69
15745 3.62
15745 0.29
15745 6.36
15745 4.51
15745 1.43
15745 0.69
15563 3.62
15563 0.29
15563 6.36
15563 4.51
15563 1.43
15563 0.69
15685 3.62
15685 0.29
15685 6.36
15685 4.51
15685 1.43
15685 0.69
15625 3.62
15625 0.29
15625 6.36
15625 4.51
15625 1.43
15625 0.69
15860 3.62
15860 0.29
15860 6.36
15860 4.51
15860 1.43
15860 0.69
15803 3.62
15803 0.29
15803 6.36
15803 4.51
15803 1.43
15803 0.69
15746 3.62
15746 0.29
15746 6.36
15746 4.51
15746 1.43
15746 0.69
15686 3.62
15686 0.29
15686 6.36
15686 4.51
15686 1.43
15686 0.69
15626 3.62
15626 0.29
15626 6.36
15626 4.51
15626 1.43
15626 0.69
15861 3.62
15861 0.29
15861 6.36
15861 4.51
15861 1.43
15861 0.69
15804 3.62
15804 0.29
15804 6.36
15804 4.51
15804 1.43
15804 0.69
15747 3.62
15747 0.29
15747 6.36
15747 4.51
15747 1.43
15747 0.69
15687 3.62
15687 0.29
15687 6.36
15687 4.51
15687 1.43
15687 0.69
15627 3.62
15627 0.29
15627 6.36
15627 4.51
15627 1.43
15627 0.69
15862 3.62
15862 0.29
15862 6.36
15862 4.51
15862 1.43
15862 0.69
15805 3.62
15805 0.29
15805 6.36
15805 4.51
15805 1.43
15805 0.69
15748 3.62
15748 0.29
15748 6.36
15748 4.51
15748 1.43
15748 0.69
15628 3.62
15628 0.29
15628 6.36
15628 4.51
15628 1.43
15628 0.69
15688 3.62
15688 0.29
15688 6.36
15688 4.51
15688 1.43
15688 0.69
15863 3.62
15863 0.29
15863 6.36
15863 4.51
15863 1.43
15863 0.69
15806 3.62
15806 0.29
15806 6.36
15806 4.51
15806 1.43
15806 0.69
15749 3.62
15749 0.29
15749 6.36
15749 4.51
15749 1.43
15749 0.69
15629 3.62
15629 0.29
15629 6.36
15629 4.51
15629 1.43
15629 0.69
15689 3.62
15689 0.29
15689 6.36
15689 4.51
15689 1.43
15689 0.69
15864 3.62
15864 0.29
15864 6.36
15864 4.51
15864 1.43
15864 0.69
15807 3.62
15807 0.29
15807 6.36
15807 4.51
15807 1.43
15807 0.69
15630 3.62
15630 0.29
15630 6.36
15630 4.51
15630 1.43
15630 0.69
15750 3.62
15750 0.29
15750 6.36
15750 4.51
15750 1.43
15750 0.69
15690 3.62
15690 0.29
15690 6.36
15690 4.51
15690 1.43
15690 0.69
15927 3.62
15927 0.29
15927 6.36
15927 4.51
15927 1.43
15927 0.69
15865 3.62
15865 0.29
15865 6.36
15865 4.51
15865 1.43
15865 0.69
15808 3.62
15808 0.29
15808 6.36
15808 4.51
15808 1.43
15808 0.69
15631 3.62
15631 0.29
15631 6.36
15631 4.51
15631 1.43
15631 0.69
15691 3.62
15691 0.29
15691 6.36
15691 4.51
15691 1.43
15691 0.69
15751 3.62
15751 0.29
15751 6.36
15751 4.51
15751 1.43
15751 0.69
15928 3.62
15928 0.29
15928 6.36
15928 4.51
15928 1.43
15928 0.69
15866 3.62
15866 0.29
15866 6.36
15866 4.51
15866 1.43
15866 0.69
15809 3.62
15809 0.29
15809 6.36
15809 4.51
15809 1.43
15809 0.69
15692 3.62
15692 0.29
15692 6.36
15692 4.51
15692 1.43
15692 0.69
15752 3.62
15752 0.29
15752 6.36
15752 4.51
15752 1.43
15752 0.69
15929 3.62
15929 0.29
15929 6.36
15929 4.51
15929 1.43
15929 0.69
15867 3.62
15867 0.29
15867 6.36
15867 4.51
15867 1.43
15867 0.69
15810 3.62
15810 0.29
15810 6.36
15810 4.51
15810 1.43
15810 0.69
15693 3.62
15693 0.29
15693 6.36
15693 4.51
15693 1.43
15693 0.69
15753 3.62
15753 0.29
15753 6.36
15753 4.51
15753 1.43
15753 0.69
15930 3.62
15930 0.29
15930 6.36
15930 4.51
15930 1.43
15930 0.69
15868 3.62
15868 0.29
15868 6.36
15868 4.51
15868 1.43
15868 0.69
15694 3.62
15694 0.29
15694 6.36
15694 4.51
15694 1.43
15694 0.69
15811 3.62
15811 0.29
15811 6.36
15811 4.51
15811 1.43
15811 0.69
15754 3.62
15754 0.29
15754 6.36
15754 4.51
15754 1.43
15754 0.69
15931 3.62
15931 0.29
15931 6.36
15931 4.51
15931 1.43
15931 0.69
15869 3.62
15869 0.29
15869 6.36
15869 4.51
15869 1.43
15869 0.69
15695 3.62
15695 0.29
15695 6.36
15695 4.51
15695 1.43
15695 0.69
15812 3.62
15812 0.29
15812 6.36
15812 4.51
15812 1.43
15812 0.69
15755 3.62
15755 0.29
15755 6.36
15755 4.51
15755 1.43
15755 0.69
15932 3.62
15932 0.29
15932 6.36
15932 4.51
15932 1.43
15932 0.69
15870 3.62
15870 0.29
15870 6.36
15870 4.51
15870 1.43
15870 0.69
15696 3.62
15696 0.29
15696 6.36
15696 4.51
15696 1.43
15696 0.69
15813 3.62
15813 0.29
15813 6.36
15813 4.51
15813 1.43
15813 0.69
15756 3.62
15756 0.29
15756 6.36
15756 4.51
15756 1.43
15756 0.69
15991 3.62
15991 0.29
15991 6.36
15991 4.51
15991 1.43
15991 0.69
15933 3.62
15933 0.29
15933 6.36
15933 4.51
15933 1.43
15933 0.69
15871 3.62
15871 0.29
15871 6.36
15871 4.51
15871 1.43
15871 0.69
15697 3.62
15697 0.29
15697 6.36
15697 4.51
15697 1.43
15697 0.69
15814 3.62
15814 0.29
15814 6.36
15814 4.51
15814 1.43
15814 0.69
15757 3.62
15757 0.29
15757 6.36
15757 4.51
15757 1.43
15757 0.69
15992 3.62
15992 0.29
15992 6.36
15992 4.51
15992 1.43
15992 0.69
15934 3.62
15934 0.29
15934 6.36
15934 4.51
15934 1.43
15934 0.69
15872 3.62
15872 0.29
15872 6.36
15872 4.51
15872 1.43
15872 0.69
15758 3.62
15758 0.29
15758 6.36
15758 4.51
15758 1.43
15758 0.69
15815 3.62
15815 0.29
15815 6.36
15815 4.51
15815 1.43
15815 0.69
15993 3.62
15993 0.29
15993 6.36
15993 4.51
15993 1.43
15993 0.69
15935 3.62
15935 0.29
15935 6.36
15935 4.51
15935 1.43
15935 0.69
15873 3.62
15873 0.29
15873 6.36
15873 4.51
15873 1.43
15873 0.69
15759 3.62
15759 0.29
15759 6.36
15759 4.51
15759 1.43
15759 0.69
15816 3.62
15816 0.29
15816 6.36
15816 4.51
15816 1.43
15816 0.69
15994 3.62
15994 0.29
15994 6.36
15994 4.51
15994 1.43
15994 0.69
15936 3.62
15936 0.29
15936 6.36
15936 4.51
15936 1.43
15936 0.69
15874 3.62
15874 0.29
15874 6.36
15874 4.51
15874 1.43
15874 0.69
15760 3.62
15760 0.29
15760 6.36
15760 4.51
15760 1.43
15760 0.69
15817 3.62
15817 0.29
15817 6.36
15817 4.51
15817 1.43
15817 0.69
15995 3.62
15995 0.29
15995 6.36
15995 4.51
15995 1.43
15995 0.69
15937 3.62
15937 0.29
15937 6.36
15937 4.51
15937 1.43
15937 0.69
15875 3.62
15875 0.29
15875 6.36
15875 4.51
15875 1.43
15875 0.69
15761 3.62
15761 0.29
15761 6.36
15761 4.51
15761 1.43
15761 0.69
15818 3.62
15818 0.29
15818 6.36
15818 4.51
15818 1.43
15818 0.69
15996 3.62
15996 0.29
15996 6.36
15996 4.51
15996 1.43
15996 0.69
15938 3.62
15938 0.29
15938 6.36
15938 4.51
15938 1.43
15938 0.69
15876 3.62
15876 0.29
15876 6.36
15876 4.51
15876 1.43
15876 0.69
15762 3.62
15762 0.29
15762 6.36
15762 4.51
15762 1.43
15762 0.69
15819 3.62
15819 0.29
15819 6.36
15819 4.51
15819 1.43
15819 0.69
15997 3.62
15997 0.29
15997 6.36
15997 4.51
15997 1.43
15997 0.69
15939 3.62
15939 0.29
15939 6.36
15939 4.51
15939 1.43
15939 0.69
15877 3.62
15877 0.29
15877 6.36
15877 4.51
15877 1.43
15877 0.69
15820 3.62
15820 0.29
15820 6.36
15820 4.51
15820 1.43
15820 0.69
16056 3.62
16056 0.29
16056 6.36
16056 4.51
16056 1.43
16056 0.69
15998 3.62
15998 0.29
15998 6.36
15998 4.51
15998 1.43
15998 0.69
15940 3.62
15940 0.29
15940 6.36
15940 4.51
15940 1.43
15940 0.69
15878 3.62
15878 0.29
15878 6.36
15878 4.51
15878 1.43
15878 0.69
15821 3.62
15821 0.29
15821 6.36
15821 4.51
15821 1.43
15821 0.69
16057 3.62
16057 0.29
16057 6.36
16057 4.51
16057 1.43
16057 0.69
15999 3.62
15999 0.29
15999 6.36
15999 4.51
15999 1.43
15999 0.69
15941 3.62
15941 0.29
15941 6.36
15941 4.51
15941 1.43
15941 0.69
15879 3.62
15879 0.29
15879 6.36
15879 4.51
15879 1.43
15879 0.69
15822 3.62
15822 0.29
15822 6.36
15822 4.51
15822 1.43
15822 0.69
16058 3.62
16058 0.29
16058 6.36
16058 4.51
16058 1.43
16058 0.69
16000 3.62
16000 0.29
16000 6.36
16000 4.51
16000 1.43
16000 0.69
15942 3.62
15942 0.29
15942 6.36
15942 4.51
15942 1.43
15942 0.69
15880 3.62
15880 0.29
15880 6.36
15880 4.51
15880 1.43
15880 0.69
15823 3.62
15823 0.29
15823 6.36
15823 4.51
15823 1.43
15823 0.69
16059 3.62
16059 0.29
16059 6.36
16059 4.51
16059 1.43
16059 0.69
16001 3.62
16001 0.29
16001 6.36
16001 4.51
16001 1.43
16001 0.69
15943 3.62
15943 0.29
15943 6.36
15943 4.51
15943 1.43
15943 0.69
15881 3.62
15881 0.29
15881 6.36
15881 4.51
15881 1.43
15881 0.69
15824 3.62
15824 0.29
15824 6.36
15824 4.51
15824 1.43
15824 0.69
16060 3.62
16060 0.29
16060 6.36
16060 4.51
16060 1.43
16060 0.69
16002 3.62
16002 0.29
16002 6.36
16002 4.51
16002 1.43
16002 0.69
15944 3.62
15944 0.29
15944 6.36
15944 4.51
15944 1.43
15944 0.69
15825 3.62
15825 0.29
15825 6.36
15825 4.51
15825 1.43
15825 0.69
15882 3.62
15882 0.29
15882 6.36
15882 4.51
15882 1.43
15882 0.69
16061 3.62
16061 0.29
16061 6.36
16061 4.51
16061 1.43
16061 0.69
16003 3.62
16003 0.29
16003 6.36
16003 4.51
16003 1.43
16003 0.69
15945 3.62
15945 0.29
15945 6.36
15945 4.51
15945 1.43
15945 0.69
15883 3.62
15883 0.29
15883 6.36
15883 4.51
15883 1.43
15883 0.69
16122 3.62
16122 0.29
16122 6.36
16122 4.51
16122 1.43
16122 0.69
16062 3.62
16062 0.29
16062 6.36
16062 4.51
16062 1.43
16062 0.69
16004 3.62
16004 0.29
16004 6.36
16004 4.51
16004 1.43
16004 0.69
15946 3.62
15946 0.29
15946 6.36
15946 4.51
15946 1.43
15946 0.69
15884 3.62
15884 0.29
15884 6.36
15884 4.51
15884 1.43
15884 0.69
16123 3.62
16123 0.29
16123 6.36
16123 4.51
16123 1.43
16123 0.69
16063 3.62
16063 0.29
16063 6.36
16063 4.51
16063 1.43
16063 0.69
16005 3.62
16005 0.29
16005 6.36
16005 4.51
16005 1.43
16005 0.69
15885 3.62
15885 0.29
15885 6.36
15885 4.51
15885 1.43
15885 0.69
15947 3.62
15947 0.29
15947 6.36
15947 4.51
15947 1.43
15947 0.69
16124 3.62
16124 0.29
16124 6.36
16124 4.51
16124 1.43
16124 0.69
16064 3.62
16064 0.29
16064 6.36
16064 4.51
16064 1.43
16064 0.69
16006 3.62
16006 0.29
16006 6.36
16006 4.51
16006 1.43
16006 0.69
15886 3.62
15886 0.29
15886 6.36
15886 4.51
15886 1.43
15886 0.69
15948 3.62
15948 0.29
15948 6.36
15948 4.51
15948 1.43
15948 0.69
16125 3.62
16125 0.29
16125 6.36
16125 4.51
16125 1.43
16125 0.69
16065 3.62
16065 0.29
16065 6.36
16065 4.51
16065 1.43
16065 0.69
16007 3.62
16007 0.29
16007 6.36
16007 4.51
16007 1.43
16007 0.69
15887 3.62
15887 0.29
15887 6.36
15887 4.51
15887 1.43
15887 0.69
15949 3.62
15949 0.29
15949 6.36
15949 4.51
15949 1.43
15949 0.69
16126 3.62
16126 0.29
16126 6.36
16126 4.51
16126 1.43
16126 0.69
16066 3.62
16066 0.29
16066 6.36
16066 4.51
16066 1.43
16066 0.69
15888 3.62
15888 0.29
15888 6.36
15888 4.51
15888 1.43
15888 0.69
16008 3.62
16008 0.29
16008 6.36
16008 4.51
16008 1.43
16008 0.69
15950 3.62
15950 0.29
15950 6.36
15950 4.51
15950 1.43
15950 0.69
16127 3.62
16127 0.29
16127 6.36
16127 4.51
16127 1.43
16127 0.69
16067 3.62
16067 0.29
16067 6.36
16067 4.51
16067 1.43
16067 0.69
16009 3.62
16009 0.29
16009 6.36
16009 4.51
16009 1.43
16009 0.69
15951 3.62
15951 0.29
15951 6.36
15951 4.51
15951 1.43
15951 0.69
16128 3.62
16128 0.29
16128 6.36
16128 4.51
16128 1.43
16128 0.69
16068 3.62
16068 0.29
16068 6.36
16068 4.51
16068 1.43
16068 0.69
16010 3.62
16010 0.29
16010 6.36
16010 4.51
16010 1.43
16010 0.69
15952 3.62
15952 0.29
15952 6.36
15952 4.51
15952 1.43
15952 0.69
16186 3.62
16186 0.29
16186 6.36
16186 4.51
16186 1.43
16186 0.69
16129 3.62
16129 0.29
16129 6.36
16129 4.51
16129 1.43
16129 0.69
16069 3.62
16069 0.29
16069 6.36
16069 4.51
16069 1.43
16069 0.69
16011 3.62
16011 0.29
16011 6.36
16011 4.51
16011 1.43
16011 0.69
15953 3.62
15953 0.29
15953 6.36
15953 4.51
15953 1.43
15953 0.69
16187 3.62
16187 0.29
16187 6.36
16187 4.51
16187 1.43
16187 0.69
16130 3.62
16130 0.29
16130 6.36
16130 4.51
16130 1.43
16130 0.69
16070 3.62
16070 0.29
16070 6.36
16070 4.51
16070 1.43
16070 0.69
15954 3.62
15954 0.29
15954 6.36
15954 4.51
15954 1.43
15954 0.69
16012 3.62
16012 0.29
16012 6.36
16012 4.51
16012 1.43
16012 0.69
16188 3.62
16188 0.29
16188 6.36
16188 4.51
16188 1.43
16188 0.69
16131 3.62
16131 0.29
16131 6.36
16131 4.51
16131 1.43
16131 0.69
16071 3.62
16071 0.29
16071 6.36
16071 4.51
16071 1.43
16071 0.69
15955 3.62
15955 0.29
15955 6.36
15955 4.51
15955 1.43
15955 0.69
16013 3.62
16013 0.29
16013 6.36
16013 4.51
16013 1.43
16013 0.69
16189 3.62
16189 0.29
16189 6.36
16189 4.51
16189 1.43
16189 0.69
16132 3.62
16132 0.29
16132 6.36
16132 4.51
16132 1.43
16132 0.69
15956 3.62
15956 0.29
15956 6.36
15956 4.51
15956 1.43
15956 0.69
16072 3.62
16072 0.29
16072 6.36
16072 4.51
16072 1.43
16072 0.69
16014 3.62
16014 0.29
16014 6.36
16014 4.51
16014 1.43
16014 0.69
16190 3.62
16190 0.29
16190 6.36
16190 4.51
16190 1.43
16190 0.69
16133 3.62
16133 0.29
16133 6.36
16133 4.51
16133 1.43
16133 0.69
16073 3.62
16073 0.29
16073 6.36
16073 4.51
16073 1.43
16073 0.69
16015 3.62
16015 0.29
16015 6.36
16015 4.51
16015 1.43
16015 0.69
16191 3.62
16191 0.29
16191 6.36
16191 4.51
16191 1.43
16191 0.69
16134 3.62
16134 0.29
16134 6.36
16134 4.51
16134 1.43
16134 0.69
16074 3.62
16074 0.29
16074 6.36
16074 4.51
16074 1.43
16074 0.69
16016 3.62
16016 0.29
16016 6.36
16016 4.51
16016 1.43
16016 0.69
16251 3.62
16251 0.29
16251 6.36
16251 4.51
16251 1.43
16251 0.69
16192 3.62
16192 0.29
16192 6.36
16192 4.51
16192 1.43
16192 0.69
16135 3.62
16135 0.29
16135 6.36
16135 4.51
16135 1.43
16135 0.69
16075 3.62
16075 0.29
16075 6.36
16075 4.51
16075 1.43
16075 0.69
16017 3.62
16017 0.29
16017 6.36
16017 4.51
16017 1.43
16017 0.69
16252 3.62
16252 0.29
16252 6.36
16252 4.51
16252 1.43
16252 0.69
16193 3.62
16193 0.29
16193 6.36
16193 4.51
16193 1.43
16193 0.69
16136 3.62
16136 0.29
16136 6.36
16136 4.51
16136 1.43
16136 0.69
16018 3.62
16018 0.29
16018 6.36
16018 4.51
16018 1.43
16018 0.69
16076 3.62
16076 0.29
16076 6.36
16076 4.51
16076 1.43
16076 0.69
16253 3.62
16253 0.29
16253 6.36
16253 4.51
16253 1.43
16253 0.69
16194 3.62
16194 0.29
16194 6.36
16194 4.51
16194 1.43
16194 0.69
16137 3.62
16137 0.29
16137 6.36
16137 4.51
16137 1.43
16137 0.69
16019 3.62
16019 0.29
16019 6.36
16019 4.51
16019 1.43
16019 0.69
16077 3.62
16077 0.29
16077 6.36
16077 4.51
16077 1.43
16077 0.69
16254 3.62
16254 0.29
16254 6.36
16254 4.51
16254 1.43
16254 0.69
16195 3.62
16195 0.29
16195 6.36
16195 4.51
16195 1.43
16195 0.69
16138 3.62
16138 0.29
16138 6.36
16138 4.51
16138 1.43
16138 0.69
16020 3.62
16020 0.29
16020 6.36
16020 4.51
16020 1.43
16020 0.69
16078 3.62
16078 0.29
16078 6.36
16078 4.51
16078 1.43
16078 0.69
16255 3.62
16255 0.29
16255 6.36
16255 4.51
16255 1.43
16255 0.69
16196 3.62
16196 0.29
16196 6.36
16196 4.51
16196 1.43
16196 0.69
16139 3.62
16139 0.29
16139 6.36
16139 4.51
16139 1.43
16139 0.69
16079 3.62
16079 0.29
16079 6.36
16079 4.51
16079 1.43
16079 0.69
16256 3.62
16256 0.29
16256 6.36
16256 4.51
16256 1.43
16256 0.69
16197 3.62
16197 0.29
16197 6.36
16197 4.51
16197 1.43
16197 0.69
16140 3.62
16140 0.29
16140 6.36
16140 4.51
16140 1.43
16140 0.69
16080 3.62
16080 0.29
16080 6.36
16080 4.51
16080 1.43
16080 0.69
16257 3.62
16257 0.29
16257 6.36
16257 4.51
16257 1.43
16257 0.69
16198 3.62
16198 0.29
16198 6.36
16198 4.51
16198 1.43
16198 0.69
16141 3.62
16141 0.29
16141 6.36
16141 4.51
16141 1.43
16141 0.69
16316 3.62
16316 0.29
16316 6.36
16316 4.51
16316 1.43
16316 0.69
16081 3.62
16081 0.29
16081 6.36
16081 4.51
16081 1.43
16081 0.69
16258 3.62
16258 0.29
16258 6.36
16258 4.51
16258 1.43
16258 0.69
16199 3.62
16199 0.29
16199 6.36
16199 4.51
16199 1.43
16199 0.69
16142 3.62
16142 0.29
16142 6.36
16142 4.51
16142 1.43
16142 0.69
16082 3.62
16082 0.29
16082 6.36
16082 4.51
16082 1.43
16082 0.69
16317 3.62
16317 0.29
16317 6.36
16317 4.51
16317 1.43
16317 0.69
16259 3.62
16259 0.29
16259 6.36
16259 4.51
16259 1.43
16259 0.69
16200 3.62
16200 0.29
16200 6.36
16200 4.51
16200 1.43
16200 0.69
16143 3.62
16143 0.29
16143 6.36
16143 4.51
16143 1.43
16143 0.69
16083 3.62
16083 0.29
16083 6.36
16083 4.51
16083 1.43
16083 0.69
16318 3.62
16318 0.29
16318 6.36
16318 4.51
16318 1.43
16318 0.69
16260 3.62
16260 0.29
16260 6.36
16260 4.51
16260 1.43
16260 0.69
16201 3.62
16201 0.29
16201 6.36
16201 4.51
16201 1.43
16201 0.69
16144 3.62
16144 0.29
16144 6.36
16144 4.51
16144 1.43
16144 0.69
16319 3.62
16319 0.29
16319 6.36
16319 4.51
16319 1.43
16319 0.69
16261 3.62
16261 0.29
16261 6.36
16261 4.51
16261 1.43
16261 0.69
16202 3.62
16202 0.29
16202 6.36
16202 4.51
16202 1.43
16202 0.69
16145 3.62
16145 0.29
16145 6.36
16145 4.51
16145 1.43
16145 0.69
16320 3.62
16320 0.29
16320 6.36
16320 4.51
16320 1.43
16320 0.69
16262 3.62
16262 0.29
16262 6.36
16262 4.51
16262 1.43
16262 0.69
16203 3.62
16203 0.29
16203 6.36
16203 4.51
16203 1.43
16203 0.69
16146 3.62
16146 0.29
16146 6.36
16146 4.51
16146 1.43
16146 0.69
16321 3.62
16321 0.29
16321 6.36
16321 4.51
16321 1.43
16321 0.69
16263 3.62
16263 0.29
16263 6.36
16263 4.51
16263 1.43
16263 0.69
16204 3.62
16204 0.29
16204 6.36
16204 4.51
16204 1.43
16204 0.69
16380 3.62
16380 0.29
16380 6.36
16380 4.51
16380 1.43
16380 0.69
16147 3.62
16147 0.29
16147 6.36
16147 4.51
16147 1.43
16147 0.69
16322 3.62
16322 0.29
16322 6.36
16322 4.51
16322 1.43
16322 0.69
16264 3.62
16264 0.29
16264 6.36
16264 4.51
16264 1.43
16264 0.69
16205 3.62
16205 0.29
16205 6.36
16205 4.51
16205 1.43
16205 0.69
16148 3.62
16148 0.29
16148 6.36
16148 4.51
16148 1.43
16148 0.69
16381 3.62
16381 0.29
16381 6.36
16381 4.51
16381 1.43
16381 0.69
16323 3.62
16323 0.29
16323 6.36
16323 4.51
16323 1.43
16323 0.69
16265 3.62
16265 0.29
16265 6.36
16265 4.51
16265 1.43
16265 0.69
16149 3.62
16149 0.29
16149 6.36
16149 4.51
16149 1.43
16149 0.69
16206 3.62
16206 0.29
16206 6.36
16206 4.51
16206 1.43
16206 0.69
16382 3.62
16382 0.29
16382 6.36
16382 4.51
16382 1.43
16382 0.69
16324 3.62
16324 0.29
16324 6.36
16324 4.51
16324 1.43
16324 0.69
16266 3.62
16266 0.29
16266 6.36
16266 4.51
16266 1.43
16266 0.69
16207 3.62
16207 0.29
16207 6.36
16207 4.51
16207 1.43
16207 0.69
16383 3.62
16383 0.29
16383 6.36
16383 4.51
16383 1.43
16383 0.69
16325 3.62
16325 0.29
16325 6.36
16325 4.51
16325 1.43
16325 0.69
16267 3.62
16267 0.29
16267 6.36
16267 4.51
16267 1.43
16267 0.69
16208 3.62
16208 0.29
16208 6.36
16208 4.51
16208 1.43
16208 0.69
16384 3.62
16384 0.29
16384 6.36
16384 4.51
16384 1.43
16384 0.69
16326 3.62
16326 0.29
16326 6.36
16326 4.51
16326 1.43
16326 0.69
16268 3.62
16268 0.29
16268 6.36
16268 4.51
16268 1.43
16268 0.69
16209 3.62
16209 0.29
16209 6.36
16209 4.51
16209 1.43
16209 0.69
16385 3.62
16385 0.29
16385 6.36
16385 4.51
16385 1.43
16385 0.69
16327 3.62
16327 0.29
16327 6.36
16327 4.51
16327 1.43
16327 0.69
16443 3.62
16443 0.29
16443 6.36
16443 4.51
16443 1.43
16443 0.69
16269 3.62
16269 0.29
16269 6.36
16269 4.51
16269 1.43
16269 0.69
16210 3.62
16210 0.29
16210 6.36
16210 4.51
16210 1.43
16210 0.69
16386 3.62
16386 0.29
16386 6.36
16386 4.51
16386 1.43
16386 0.69
16328 3.62
16328 0.29
16328 6.36
16328 4.51
16328 1.43
16328 0.69
16270 3.62
16270 0.29
16270 6.36
16270 4.51
16270 1.43
16270 0.69
16211 3.62
16211 0.29
16211 6.36
16211 4.51
16211 1.43
16211 0.69
16444 3.62
16444 0.29
16444 6.36
16444 4.51
16444 1.43
16444 0.69
16387 3.62
16387 0.29
16387 6.36
16387 4.51
16387 1.43
16387 0.69
16329 3.62
16329 0.29
16329 6.36
16329 4.51
16329 1.43
16329 0.69
16271 3.62
16271 0.29
16271 6.36
16271 4.51
16271 1.43
16271 0.69
16212 3.62
16212 0.29
16212 6.36
16212 4.51
16212 1.43
16212 0.69
16445 3.62
16445 0.29
16445 6.36
16445 4.51
16445 1.43
16445 0.69
16388 3.62
16388 0.29
16388 6.36
16388 4.51
16388 1.43
16388 0.69
16330 3.62
16330 0.29
16330 6.36
16330 4.51
16330 1.43
16330 0.69
16272 3.62
16272 0.29
16272 6.36
16272 4.51
16272 1.43
16272 0.69
16446 3.62
16446 0.29
16446 6.36
16446 4.51
16446 1.43
16446 0.69
16389 3.62
16389 0.29
16389 6.36
16389 4.51
16389 1.43
16389 0.69
16331 3.62
16331 0.29
16331 6.36
16331 4.51
16331 1.43
16331 0.69
16273 3.62
16273 0.29
16273 6.36
16273 4.51
16273 1.43
16273 0.69
16447 3.62
16447 0.29
16447 6.36
16447 4.51
16447 1.43
16447 0.69
16390 3.62
16390 0.29
16390 6.36
16390 4.51
16390 1.43
16390 0.69
16332 3.62
16332 0.29
16332 6.36
16332 4.51
16332 1.43
16332 0.69
16274 3.62
16274 0.29
16274 6.36
16274 4.51
16274 1.43
16274 0.69
16448 3.62
16448 0.29
16448 6.36
16448 4.51
16448 1.43
16448 0.69
16391 3.62
16391 0.29
16391 6.36
16391 4.51
16391 1.43
16391 0.69
16333 3.62
16333 0.29
16333 6.36
16333 4.51
16333 1.43
16333 0.69
16275 3.62
16275 0.29
16275 6.36
16275 4.51
16275 1.43
16275 0.69
16449 3.62
16449 0.29
16449 6.36
16449 4.51
16449 1.43
16449 0.69
16392 3.62
16392 0.29
16392 6.36
16392 4.51
16392 1.43
16392 0.69
16334 3.62
16334 0.29
16334 6.36
16334 4.51
16334 1.43
16334 0.69
16276 3.62
16276 0.29
16276 6.36
16276 4.51
16276 1.43
16276 0.69
16450 3.62
16450 0.29
16450 6.36
16450 4.51
16450 1.43
16450 0.69
16393 3.62
16393 0.29
16393 6.36
16393 4.51
16393 1.43
16393 0.69
16335 3.62
16335 0.29
16335 6.36
16335 4.51
16335 1.43
16335 0.69
16506 3.62
16506 0.29
16506 6.36
16506 4.51
16506 1.43
16506 0.69
16451 3.62
16451 0.29
16451 6.36
16451 4.51
16451 1.43
16451 0.69
16394 3.62
16394 0.29
16394 6.36
16394 4.51
16394 1.43
16394 0.69
16336 3.62
16336 0.29
16336 6.36
16336 4.51
16336 1.43
16336 0.69
16507 3.62
16507 0.29
16507 6.36
16507 4.51
16507 1.43
16507 0.69
16452 3.62
16452 0.29
16452 6.36
16452 4.51
16452 1.43
16452 0.69
16395 3.62
16395 0.29
16395 6.36
16395 4.51
16395 1.43
16395 0.69
16337 3.62
16337 0.29
16337 6.36
16337 4.51
16337 1.43
16337 0.69
16508 3.62
16508 0.29
16508 6.36
16508 4.51
16508 1.43
16508 0.69
16453 3.62
16453 0.29
16453 6.36
16453 4.51
16453 1.43
16453 0.69
16396 3.62
16396 0.29
16396 6.36
16396 4.51
16396 1.43
16396 0.69
16338 3.62
16338 0.29
16338 6.36
16338 4.51
16338 1.43
16338 0.69
16509 3.62
16509 0.29
16509 6.36
16509 4.51
16509 1.43
16509 0.69
16454 3.62
16454 0.29
16454 6.36
16454 4.51
16454 1.43
16454 0.69
16397 3.62
16397 0.29
16397 6.36
16397 4.51
16397 1.43
16397 0.69
16339 3.62
16339 0.29
16339 6.36
16339 4.51
16339 1.43
16339 0.69
16510 3.62
16510 0.29
16510 6.36
16510 4.51
16510 1.43
16510 0.69
16455 3.62
16455 0.29
16455 6.36
16455 4.51
16455 1.43
16455 0.69
16398 3.62
16398 0.29
16398 6.36
16398 4.51
16398 1.43
16398 0.69
16340 3.62
16340 0.29
16340 6.36
16340 4.51
16340 1.43
16340 0.69
16511 3.62
16511 0.29
16511 6.36
16511 4.51
16511 1.43
16511 0.69
16456 3.62
16456 0.29
16456 6.36
16456 4.51
16456 1.43
16456 0.69
16399 3.62
16399 0.29
16399 6.36
16399 4.51
16399 1.43
16399 0.69
16512 3.62
16512 0.29
16512 6.36
16512 4.51
16512 1.43
16512 0.69
16457 3.62
16457 0.29
16457 6.36
16457 4.51
16457 1.43
16457 0.69
16400 3.62
16400 0.29
16400 6.36
16400 4.51
16400 1.43
16400 0.69
16562 3.62
16562 0.29
16562 6.36
16562 4.51
16562 1.43
16562 0.69
16513 3.62
16513 0.29
16513 6.36
16513 4.51
16513 1.43
16513 0.69
16458 3.62
16458 0.29
16458 6.36
16458 4.51
16458 1.43
16458 0.69
16401 3.62
16401 0.29
16401 6.36
16401 4.51
16401 1.43
16401 0.69
16563 3.62
16563 0.29
16563 6.36
16563 4.51
16563 1.43
16563 0.69
16514 3.62
16514 0.29
16514 6.36
16514 4.51
16514 1.43
16514 0.69
16459 3.62
16459 0.29
16459 6.36
16459 4.51
16459 1.43
16459 0.69
16402 3.62
16402 0.29
16402 6.36
16402 4.51
16402 1.43
16402 0.69
16564 3.62
16564 0.29
16564 6.36
16564 4.51
16564 1.43
16564 0.69
16515 3.62
16515 0.29
16515 6.36
16515 4.51
16515 1.43
16515 0.69
16460 3.62
16460 0.29
16460 6.36
16460 4.51
16460 1.43
16460 0.69
16403 3.62
16403 0.29
16403 6.36
16403 4.51
16403 1.43
16403 0.69
16565 3.62
16565 0.29
16565 6.36
16565 4.51
16565 1.43
16565 0.69
16516 3.62
16516 0.29
16516 6.36
16516 4.51
16516 1.43
16516 0.69
16461 3.62
16461 0.29
16461 6.36
16461 4.51
16461 1.43
16461 0.69
16566 3.62
16566 0.29
16566 6.36
16566 4.51
16566 1.43
16566 0.69
16517 3.62
16517 0.29
16517 6.36
16517 4.51
16517 1.43
16517 0.69
16462 3.62
16462 0.29
16462 6.36
16462 4.51
16462 1.43
16462 0.69
16567 3.62
16567 0.29
16567 6.36
16567 4.51
16567 1.43
16567 0.69
16518 3.62
16518 0.29
16518 6.36
16518 4.51
16518 1.43
16518 0.69
16463 3.62
16463 0.29
16463 6.36
16463 4.51
16463 1.43
16463 0.69
16568 3.62
16568 0.29
16568 6.36
16568 4.51
16568 1.43
16568 0.69
16519 3.62
16519 0.29
16519 6.36
16519 4.51
16519 1.43
16519 0.69
16464 3.62
16464 0.29
16464 6.36
16464 4.51
16464 1.43
16464 0.69
16614 3.62
16614 0.29
16614 6.36
16614 4.51
16614 1.43
16614 0.69
16569 3.62
16569 0.29
16569 6.36
16569 4.51
16569 1.43
16569 0.69
16520 3.62
16520 0.29
16520 6.36
16520 4.51
16520 1.43
16520 0.69
16465 3.62
16465 0.29
16465 6.36
16465 4.51
16465 1.43
16465 0.69
16615 3.62
16615 0.29
16615 6.36
16615 4.51
16615 1.43
16615 0.69
16570 3.62
16570 0.29
16570 6.36
16570 4.51
16570 1.43
16570 0.69
16521 3.62
16521 0.29
16521 6.36
16521 4.51
16521 1.43
16521 0.69
16466 3.62
16466 0.29
16466 6.36
16466 4.51
16466 1.43
16466 0.69
16616 3.62
16616 0.29
16616 6.36
16616 4.51
16616 1.43
16616 0.69
16571 3.62
16571 0.29
16571 6.36
16571 4.51
16571 1.43
16571 0.69
16522 3.62
16522 0.29
16522 6.36
16522 4.51
16522 1.43
16522 0.69
16617 3.62
16617 0.29
16617 6.36
16617 4.51
16617 1.43
16617 0.69
16572 3.62
16572 0.29
16572 6.36
16572 4.51
16572 1.43
16572 0.69
16523 3.62
16523 0.29
16523 6.36
16523 4.51
16523 1.43
16523 0.69
16618 3.62
16618 0.29
16618 6.36
16618 4.51
16618 1.43
16618 0.69
16573 3.62
16573 0.29
16573 6.36
16573 4.51
16573 1.43
16573 0.69
16524 3.62
16524 0.29
16524 6.36
16524 4.51
16524 1.43
16524 0.69
16619 3.62
16619 0.29
16619 6.36
16619 4.51
16619 1.43
16619 0.69
16574 3.62
16574 0.29
16574 6.36
16574 4.51
16574 1.43
16574 0.69
16525 3.62
16525 0.29
16525 6.36
16525 4.51
16525 1.43
16525 0.69
16620 3.62
16620 0.29
16620 6.36
16620 4.51
16620 1.43
16620 0.69
16575 3.62
16575 0.29
16575 6.36
16575 4.51
16575 1.43
16575 0.69
16526 3.62
16526 0.29
16526 6.36
16526 4.51
16526 1.43
16526 0.69
16670 3.62
16670 0.29
16670 6.36
16670 4.51
16670 1.43
16670 0.69
16621 3.62
16621 0.29
16621 6.36
16621 4.51
16621 1.43
16621 0.69
16576 3.62
16576 0.29
16576 6.36
16576 4.51
16576 1.43
16576 0.69
16671 3.62
16671 0.29
16671 6.36
16671 4.51
16671 1.43
16671 0.69
16622 3.62
16622 0.29
16622 6.36
16622 4.51
16622 1.43
16622 0.69
16577 3.62
16577 0.29
16577 6.36
16577 4.51
16577 1.43
16577 0.69
16672 3.62
16672 0.29
16672 6.36
16672 4.51
16672 1.43
16672 0.69
16623 3.62
16623 0.29
16623 6.36
16623 4.51
16623 1.43
16623 0.69
16578 3.62
16578 0.29
16578 6.36
16578 4.51
16578 1.43
16578 0.69
16673 3.62
16673 0.29
16673 6.36
16673 4.51
16673 1.43
16673 0.69
16624 3.62
16624 0.29
16624 6.36
16624 4.51
16624 1.43
16624 0.69
16579 3.62
16579 0.29
16579 6.36
16579 4.51
16579 1.43
16579 0.69
16674 3.62
16674 0.29
16674 6.36
16674 4.51
16674 1.43
16674 0.69
16625 3.62
16625 0.29
16625 6.36
16625 4.51
16625 1.43
16625 0.69
16580 3.62
16580 0.29
16580 6.36
16580 4.51
16580 1.43
16580 0.69
16675 3.62
16675 0.29
16675 6.36
16675 4.51
16675 1.43
16675 0.69
16626 3.62
16626 0.29
16626 6.36
16626 4.51
16626 1.43
16626 0.69
16676 3.62
16676 0.29
16676 6.36
16676 4.51
16676 1.43
16676 0.69
16627 3.62
16627 0.29
16627 6.36
16627 4.51
16627 1.43
16627 0.69
16720 3.62
16720 0.29
16720 6.36
16720 4.51
16720 1.43
16720 0.69
16677 3.62
16677 0.29
16677 6.36
16677 4.51
16677 1.43
16677 0.69
16628 3.62
16628 0.29
16628 6.36
16628 4.51
16628 1.43
16628 0.69
16721 3.62
16721 0.29
16721 6.36
16721 4.51
16721 1.43
16721 0.69
16678 3.62
16678 0.29
16678 6.36
16678 4.51
16678 1.43
16678 0.69
16629 3.62
16629 0.29
16629 6.36
16629 4.51
16629 1.43
16629 0.69
16722 3.62
16722 0.29
16722 6.36
16722 4.51
16722 1.43
16722 0.69
16679 3.62
16679 0.29
16679 6.36
16679 4.51
16679 1.43
16679 0.69
16630 3.62
16630 0.29
16630 6.36
16630 4.51
16630 1.43
16630 0.69
16723 3.62
16723 0.29
16723 6.36
16723 4.51
16723 1.43
16723 0.69
16680 3.62
16680 0.29
16680 6.36
16680 4.51
16680 1.43
16680 0.69
16631 3.62
16631 0.29
16631 6.36
16631 4.51
16631 1.43
16631 0.69
16724 3.62
16724 0.29
16724 6.36
16724 4.51
16724 1.43
16724 0.69
16681 3.62
16681 0.29
16681 6.36
16681 4.51
16681 1.43
16681 0.69
16725 3.62
16725 0.29
16725 6.36
16725 4.51
16725 1.43
16725 0.69
16682 3.62
16682 0.29
16682 6.36
16682 4.51
16682 1.43
16682 0.69
16726 3.62
16726 0.29
16726 6.36
16726 4.51
16726 1.43
16726 0.69
16683 3.62
16683 0.29
16683 6.36
16683 4.51
16683 1.43
16683 0.69
16767 3.62
16767 0.29
16767 6.36
16767 4.51
16767 1.43
16767 0.69
16727 3.62
16727 0.29
16727 6.36
16727 4.51
16727 1.43
16727 0.69
16684 3.62
16684 0.29
16684 6.36
16684 4.51
16684 1.43
16684 0.69
16768 3.62
16768 0.29
16768 6.36
16768 4.51
16768 1.43
16768 0.69
16728 3.62
16728 0.29
16728 6.36
16728 4.51
16728 1.43
16728 0.69
16685 3.62
16685 0.29
16685 6.36
16685 4.51
16685 1.43
16685 0.69
16769 3.62
16769 0.29
16769 6.36
16769 4.51
16769 1.43
16769 0.69
16729 3.62
16729 0.29
16729 6.36
16729 4.51
16729 1.43
16729 0.69
16770 3.62
16770 0.29
16770 6.36
16770 4.51
16770 1.43
16770 0.69
16730 3.62
16730 0.29
16730 6.36
16730 4.51
16730 1.43
16730 0.69
16771 3.62
16771 0.29
16771 6.36
16771 4.51
16771 1.43
16771 0.69
16731 3.62
16731 0.29
16731 6.36
16731 4.51
16731 1.43
16731 0.69
16772 3.62
16772 0.29
16772 6.36
16772 4.51
16772 1.43
16772 0.69
16732 3.62
16732 0.29
16732 6.36
16732 4.51
16732 1.43
16732 0.69
16813 3.62
16813 0.29
16813 6.36
16813 4.51
16813 1.43
16813 0.69
16773 3.62
16773 0.29
16773 6.36
16773 4.51
16773 1.43
16773 0.69
16814 3.62
16814 0.29
16814 6.36
16814 4.51
16814 1.43
16814 0.69
16774 3.62
16774 0.29
16774 6.36
16774 4.51
16774 1.43
16774 0.69
16815 3.62
16815 0.29
16815 6.36
16815 4.51
16815 1.43
16815 0.69
16775 3.62
16775 0.29
16775 6.36
16775 4.51
16775 1.43
16775 0.69
16816 3.62
16816 0.29
16816 6.36
16816 4.51
16816 1.43
16816 0.69
16776 3.62
16776 0.29
16776 6.36
16776 4.51
16776 1.43
16776 0.69
16817 3.62
16817 0.29
16817 6.36
16817 4.51
16817 1.43
16817 0.69
16777 3.62
16777 0.29
16777 6.36
16777 4.51
16777 1.43
16777 0.69
16818 3.62
16818 0.29
16818 6.36
16818 4.51
16818 1.43
16818 0.69
16819 3.62
16819 0.29
16819 6.36
16819 4.51
16819 1.43
16819 0.69
16856 3.62
16856 0.29
16856 6.36
16856 4.51
16856 1.43
16856 0.69
16820 3.62
16820 0.29
16820 6.36
16820 4.51
16820 1.43
16820 0.69
16857 3.62
16857 0.29
16857 6.36
16857 4.51
16857 1.43
16857 0.69
16821 3.62
16821 0.29
16821 6.36
16821 4.51
16821 1.43
16821 0.69
16858 3.62
16858 0.29
16858 6.36
16858 4.51
16858 1.43
16858 0.69
16822 3.62
16822 0.29
16822 6.36
16822 4.51
16822 1.43
16822 0.69
16859 3.62
16859 0.29
16859 6.36
16859 4.51
16859 1.43
16859 0.69
16860 3.62
16860 0.29
16860 6.36
16860 4.51
16860 1.43
16860 0.69
16861 3.62
16861 0.29
16861 6.36
16861 4.51
16861 1.43
16861 0.69
16895 3.62
16895 0.29
16895 6.36
16895 4.51
16895 1.43
16895 0.69
16862 3.62
16862 0.29
16862 6.36
16862 4.51
16862 1.43
16862 0.69
16896 3.62
16896 0.29
16896 6.36
16896 4.51
16896 1.43
16896 0.69
16897 3.62
16897 0.29
16897 6.36
16897 4.51
16897 1.43
16897 0.69
16898 3.62
16898 0.29
16898 6.36
16898 4.51
16898 1.43
16898 0.69
