pt_graph shape
3124 1
3124 1
3124 1
3124 1
3124 1
3124 1
3125 1
3125 1
3125 1
3125 1
3125 1
3125 1
3126 1
3126 1
3126 1
3126 1
3126 1
3126 1
3127 1
3127 1
3127 1
3127 1
3127 1
3127 1
3207 1
3207 1
3207 1
3207 1
3207 1
3207 1
3208 1
3208 1
3208 1
3208 1
3208 1
3208 1
3209 1
3209 1
3209 1
3209 1
3209 1
3209 1
3210 1
3210 1
3210 1
3210 1
3210 1
3210 1
3211 1
3211 1
3211 1
3211 1
3211 1
3211 1
3290 1
3290 1
3290 1
3290 1
3290 1
3290 1
3291 1
3291 1
3291 1
3291 1
3291 1
3291 1
3292 1
3292 1
3292 1
3292 1
3292 1
3292 1
3293 1
3293 1
3293 1
3293 1
3293 1
3293 1
3294 1
3294 1
3294 1
3294 1
3294 1
3294 1
3295 1
3295 1
3295 1
3295 1
3295 1
3295 1
3296 1
3296 1
3296 1
3296 1
3296 1
3296 1
3297 1
3297 1
3297 1
3297 1
3297 1
3297 1
3298 1
3298 1
3298 1
3298 1
3298 1
3298 1
3377 1
3377 1
3377 1
3377 1
3377 1
3377 1
3378 1
3378 1
3378 1
3378 1
3378 1
3378 1
3379 1
3379 1
3379 1
3379 1
3379 1
3379 1
3380 1
3380 1
3380 1
3380 1
3380 1
3380 1
3381 1
3381 1
3381 1
3381 1
3381 1
3381 1
3382 1
3382 1
3382 1
3382 1
3382 1
3382 1
3383 1
3383 1
3383 1
3383 1
3383 1
3383 1
3384 1
3384 1
3384 1
3384 1
3384 1
3384 1
3464 1
3464 1
3464 1
3464 1
3464 1
3464 1
3385 1
3385 1
3385 1
3385 1
3385 1
3385 1
3465 1
3465 1
3465 1
3465 1
3465 1
3465 1
3386 1
3386 1
3386 1
3386 1
3386 1
3386 1
3466 1
3466 1
3466 1
3466 1
3466 1
3466 1
3467 1
3467 1
3467 1
3467 1
3467 1
3467 1
3468 1
3468 1
3468 1
3468 1
3468 1
3468 1
3469 1
3469 1
3469 1
3469 1
3469 1
3469 1
3470 1
3470 1
3470 1
3470 1
3470 1
3470 1
3471 1
3471 1
3471 1
3471 1
3471 1
3471 1
3472 1
3472 1
3472 1
3472 1
3472 1
3472 1
3473 1
3473 1
3473 1
3473 1
3473 1
3473 1
3474 1
3474 1
3474 1
3474 1
3474 1
3474 1
3556 1
3556 1
3556 1
3556 1
3556 1
3556 1
3475 1
3475 1
3475 1
3475 1
3475 1
3475 1
3557 1
3557 1
3557 1
3557 1
3557 1
3557 1
3476 1
3476 1
3476 1
3476 1
3476 1
3476 1
3558 1
3558 1
3558 1
3558 1
3558 1
3558 1
3559 1
3559 1
3559 1
3559 1
3559 1
3559 1
3560 1
3560 1
3560 1
3560 1
3560 1
3560 1
3561 1
3561 1
3561 1
3561 1
3561 1
3561 1
3562 1
3562 1
3562 1
3562 1
3562 1
3562 1
3563 1
3563 1
3563 1
3563 1
3563 1
3563 1
3646 1
3646 1
3646 1
3646 1
3646 1
3646 1
3564 1
3564 1
3564 1
3564 1
3564 1
3564 1
3647 1
3647 1
3647 1
3647 1
3647 1
3647 1
3565 1
3565 1
3565 1
3565 1
3565 1
3565 1
3648 1
3648 1
3648 1
3648 1
3648 1
3648 1
3566 1
3566 1
3566 1
3566 1
3566 1
3566 1
3649 1
3649 1
3649 1
3649 1
3649 1
3649 1
3567 1
3567 1
3567 1
3567 1
3567 1
3567 1
3650 1
3650 1
3650 1
3650 1
3650 1
3650 1
3568 1
3568 1
3568 1
3568 1
3568 1
3568 1
3651 1
3651 1
3651 1
3651 1
3651 1
3651 1
3652 1
3652 1
3652 1
3652 1
3652 1
3652 1
3653 1
3653 1
3653 1
3653 1
3653 1
3653 1
3654 1
3654 1
3654 1
3654 1
3654 1
3654 1
3655 1
3655 1
3655 1
3655 1
3655 1
3655 1
3739 1
3739 1
3739 1
3739 1
3739 1
3739 1
3656 1
3656 1
3656 1
3656 1
3656 1
3656 1
3740 1
3740 1
3740 1
3740 1
3740 1
3740 1
3657 1
3657 1
3657 1
3657 1
3657 1
3657 1
3741 1
3741 1
3741 1
3741 1
3741 1
3741 1
3658 1
3658 1
3658 1
3658 1
3658 1
3658 1
3742 1
3742 1
3742 1
3742 1
3742 1
3742 1
3659 1
3659 1
3659 1
3659 1
3659 1
3659 1
3743 1
3743 1
3743 1
3743 1
3743 1
3743 1
3660 1
3660 1
3660 1
3660 1
3660 1
3660 1
3744 1
3744 1
3744 1
3744 1
3744 1
3744 1
3661 1
3661 1
3661 1
3661 1
3661 1
3661 1
3745 1
3745 1
3745 1
3745 1
3745 1
3745 1
3746 1
3746 1
3746 1
3746 1
3746 1
3746 1
3747 1
3747 1
3747 1
3747 1
3747 1
3747 1
3831 1
3831 1
3831 1
3831 1
3831 1
3831 1
3748 1
3748 1
3748 1
3748 1
3748 1
3748 1
3832 1
3832 1
3832 1
3832 1
3832 1
3832 1
3749 1
3749 1
3749 1
3749 1
3749 1
3749 1
3833 1
3833 1
3833 1
3833 1
3833 1
3833 1
3750 1
3750 1
3750 1
3750 1
3750 1
3750 1
3834 1
3834 1
3834 1
3834 1
3834 1
3834 1
3751 1
3751 1
3751 1
3751 1
3751 1
3751 1
3835 1
3835 1
3835 1
3835 1
3835 1
3835 1
3752 1
3752 1
3752 1
3752 1
3752 1
3752 1
3836 1
3836 1
3836 1
3836 1
3836 1
3836 1
3753 1
3753 1
3753 1
3753 1
3753 1
3753 1
3837 1
3837 1
3837 1
3837 1
3837 1
3837 1
3754 1
3754 1
3754 1
3754 1
3754 1
3754 1
3838 1
3838 1
3838 1
3838 1
3838 1
3838 1
3755 1
3755 1
3755 1
3755 1
3755 1
3755 1
3839 1
3839 1
3839 1
3839 1
3839 1
3839 1
3840 1
3840 1
3840 1
3840 1
3840 1
3840 1
3929 1
3929 1
3929 1
3929 1
3929 1
3929 1
3841 1
3841 1
3841 1
3841 1
3841 1
3841 1
3930 1
3930 1
3930 1
3930 1
3930 1
3930 1
3842 1
3842 1
3842 1
3842 1
3842 1
3842 1
3931 1
3931 1
3931 1
3931 1
3931 1
3931 1
3843 1
3843 1
3843 1
3843 1
3843 1
3843 1
3932 1
3932 1
3932 1
3932 1
3932 1
3932 1
3844 1
3844 1
3844 1
3844 1
3844 1
3844 1
3933 1
3933 1
3933 1
3933 1
3933 1
3933 1
3845 1
3845 1
3845 1
3845 1
3845 1
3845 1
3934 1
3934 1
3934 1
3934 1
3934 1
3934 1
3846 1
3846 1
3846 1
3846 1
3846 1
3846 1
3935 1
3935 1
3935 1
3935 1
3935 1
3935 1
3847 1
3847 1
3847 1
3847 1
3847 1
3847 1
3936 1
3936 1
3936 1
3936 1
3936 1
3936 1
3848 1
3848 1
3848 1
3848 1
3848 1
3848 1
3937 1
3937 1
3937 1
3937 1
3937 1
3937 1
3849 1
3849 1
3849 1
3849 1
3849 1
3849 1
3938 1
3938 1
3938 1
3938 1
3938 1
3938 1
3939 1
3939 1
3939 1
3939 1
3939 1
3939 1
4030 1
4030 1
4030 1
4030 1
4030 1
4030 1
3940 1
3940 1
3940 1
3940 1
3940 1
3940 1
4031 1
4031 1
4031 1
4031 1
4031 1
4031 1
3941 1
3941 1
3941 1
3941 1
3941 1
3941 1
4032 1
4032 1
4032 1
4032 1
4032 1
4032 1
3942 1
3942 1
3942 1
3942 1
3942 1
3942 1
4033 1
4033 1
4033 1
4033 1
4033 1
4033 1
3943 1
3943 1
3943 1
3943 1
3943 1
3943 1
4034 1
4034 1
4034 1
4034 1
4034 1
4034 1
3944 1
3944 1
3944 1
3944 1
3944 1
3944 1
4035 1
4035 1
4035 1
4035 1
4035 1
4035 1
3945 1
3945 1
3945 1
3945 1
3945 1
3945 1
4036 1
4036 1
4036 1
4036 1
4036 1
4036 1
3946 1
3946 1
3946 1
3946 1
3946 1
3946 1
4037 1
4037 1
4037 1
4037 1
4037 1
4037 1
3947 1
3947 1
3947 1
3947 1
3947 1
3947 1
4038 1
4038 1
4038 1
4038 1
4038 1
4038 1
4130 1
4130 1
4130 1
4130 1
4130 1
4130 1
3948 1
3948 1
3948 1
3948 1
3948 1
3948 1
4039 1
4039 1
4039 1
4039 1
4039 1
4039 1
4131 1
4131 1
4131 1
4131 1
4131 1
4131 1
4040 1
4040 1
4040 1
4040 1
4040 1
4040 1
4132 1
4132 1
4132 1
4132 1
4132 1
4132 1
4041 1
4041 1
4041 1
4041 1
4041 1
4041 1
4133 1
4133 1
4133 1
4133 1
4133 1
4133 1
4042 1
4042 1
4042 1
4042 1
4042 1
4042 1
4134 1
4134 1
4134 1
4134 1
4134 1
4134 1
4043 1
4043 1
4043 1
4043 1
4043 1
4043 1
4135 1
4135 1
4135 1
4135 1
4135 1
4135 1
4044 1
4044 1
4044 1
4044 1
4044 1
4044 1
4136 1
4136 1
4136 1
4136 1
4136 1
4136 1
4045 1
4045 1
4045 1
4045 1
4045 1
4045 1
4137 1
4137 1
4137 1
4137 1
4137 1
4137 1
4046 1
4046 1
4046 1
4046 1
4046 1
4046 1
4138 1
4138 1
4138 1
4138 1
4138 1
4138 1
4047 1
4047 1
4047 1
4047 1
4047 1
4047 1
4231 1
4231 1
4231 1
4231 1
4231 1
4231 1
4139 1
4139 1
4139 1
4139 1
4139 1
4139 1
4048 1
4048 1
4048 1
4048 1
4048 1
4048 1
4140 1
4140 1
4140 1
4140 1
4140 1
4140 1
4049 1
4049 1
4049 1
4049 1
4049 1
4049 1
4141 1
4141 1
4141 1
4141 1
4141 1
4141 1
4233 1
4233 1
4233 1
4233 1
4233 1
4233 1
4142 1
4142 1
4142 1
4142 1
4142 1
4142 1
4234 1
4234 1
4234 1
4234 1
4234 1
4234 1
4143 1
4143 1
4143 1
4143 1
4143 1
4143 1
4235 1
4235 1
4235 1
4235 1
4235 1
4235 1
4144 1
4144 1
4144 1
4144 1
4144 1
4144 1
4236 1
4236 1
4236 1
4236 1
4236 1
4236 1
4145 1
4145 1
4145 1
4145 1
4145 1
4145 1
4237 1
4237 1
4237 1
4237 1
4237 1
4237 1
4146 1
4146 1
4146 1
4146 1
4146 1
4146 1
4238 1
4238 1
4238 1
4238 1
4238 1
4238 1
4147 1
4147 1
4147 1
4147 1
4147 1
4147 1
4239 1
4239 1
4239 1
4239 1
4239 1
4239 1
4148 1
4148 1
4148 1
4148 1
4148 1
4148 1
4240 1
4240 1
4240 1
4240 1
4240 1
4240 1
4149 1
4149 1
4149 1
4149 1
4149 1
4149 1
4241 1
4241 1
4241 1
4241 1
4241 1
4241 1
4150 1
4150 1
4150 1
4150 1
4150 1
4150 1
4242 1
4242 1
4242 1
4242 1
4242 1
4242 1
4335 1
4335 1
4335 1
4335 1
4335 1
4335 1
4151 1
4151 1
4151 1
4151 1
4151 1
4151 1
4243 1
4243 1
4243 1
4243 1
4243 1
4243 1
4336 1
4336 1
4336 1
4336 1
4336 1
4336 1
4244 1
4244 1
4244 1
4244 1
4244 1
4244 1
4337 1
4337 1
4337 1
4337 1
4337 1
4337 1
4245 1
4245 1
4245 1
4245 1
4245 1
4245 1
4338 1
4338 1
4338 1
4338 1
4338 1
4338 1
4246 1
4246 1
4246 1
4246 1
4246 1
4246 1
4339 1
4339 1
4339 1
4339 1
4339 1
4339 1
4247 1
4247 1
4247 1
4247 1
4247 1
4247 1
4340 1
4340 1
4340 1
4340 1
4340 1
4340 1
4248 1
4248 1
4248 1
4248 1
4248 1
4248 1
4341 1
4341 1
4341 1
4341 1
4341 1
4341 1
4249 1
4249 1
4249 1
4249 1
4249 1
4249 1
4342 1
4342 1
4342 1
4342 1
4342 1
4342 1
4250 1
4250 1
4250 1
4250 1
4250 1
4250 1
4343 1
4343 1
4343 1
4343 1
4343 1
4343 1
4251 1
4251 1
4251 1
4251 1
4251 1
4251 1
4344 1
4344 1
4344 1
4344 1
4344 1
4344 1
4437 1
4437 1
4437 1
4437 1
4437 1
4437 1
4252 1
4252 1
4252 1
4252 1
4252 1
4252 1
4345 1
4345 1
4345 1
4345 1
4345 1
4345 1
4438 1
4438 1
4438 1
4438 1
4438 1
4438 1
4253 1
4253 1
4253 1
4253 1
4253 1
4253 1
4346 1
4346 1
4346 1
4346 1
4346 1
4346 1
4439 1
4439 1
4439 1
4439 1
4439 1
4439 1
4347 1
4347 1
4347 1
4347 1
4347 1
4347 1
4440 1
4440 1
4440 1
4440 1
4440 1
4440 1
4348 1
4348 1
4348 1
4348 1
4348 1
4348 1
4441 1
4441 1
4441 1
4441 1
4441 1
4441 1
4349 1
4349 1
4349 1
4349 1
4349 1
4349 1
4442 1
4442 1
4442 1
4442 1
4442 1
4442 1
4350 1
4350 1
4350 1
4350 1
4350 1
4350 1
4443 1
4443 1
4443 1
4443 1
4443 1
4443 1
4351 1
4351 1
4351 1
4351 1
4351 1
4351 1
4444 1
4444 1
4444 1
4444 1
4444 1
4444 1
4352 1
4352 1
4352 1
4352 1
4352 1
4352 1
4445 1
4445 1
4445 1
4445 1
4445 1
4445 1
4353 1
4353 1
4353 1
4353 1
4353 1
4353 1
4446 1
4446 1
4446 1
4446 1
4446 1
4446 1
4354 1
4354 1
4354 1
4354 1
4354 1
4354 1
4447 1
4447 1
4447 1
4447 1
4447 1
4447 1
4540 1
4540 1
4540 1
4540 1
4540 1
4540 1
4355 1
4355 1
4355 1
4355 1
4355 1
4355 1
4448 1
4448 1
4448 1
4448 1
4448 1
4448 1
4541 1
4541 1
4541 1
4541 1
4541 1
4541 1
4356 1
4356 1
4356 1
4356 1
4356 1
4356 1
4449 1
4449 1
4449 1
4449 1
4449 1
4449 1
4542 1
4542 1
4542 1
4542 1
4542 1
4542 1
4450 1
4450 1
4450 1
4450 1
4450 1
4450 1
4543 1
4543 1
4543 1
4543 1
4543 1
4543 1
4451 1
4451 1
4451 1
4451 1
4451 1
4451 1
4544 1
4544 1
4544 1
4544 1
4544 1
4544 1
4452 1
4452 1
4452 1
4452 1
4452 1
4452 1
4545 1
4545 1
4545 1
4545 1
4545 1
4545 1
4453 1
4453 1
4453 1
4453 1
4453 1
4453 1
4546 1
4546 1
4546 1
4546 1
4546 1
4546 1
4454 1
4454 1
4454 1
4454 1
4454 1
4454 1
4547 1
4547 1
4547 1
4547 1
4547 1
4547 1
4455 1
4455 1
4455 1
4455 1
4455 1
4455 1
4548 1
4548 1
4548 1
4548 1
4548 1
4548 1
4456 1
4456 1
4456 1
4456 1
4456 1
4456 1
4549 1
4549 1
4549 1
4549 1
4549 1
4549 1
4644 1
4644 1
4644 1
4644 1
4644 1
4644 1
4457 1
4457 1
4457 1
4457 1
4457 1
4457 1
4550 1
4550 1
4550 1
4550 1
4550 1
4550 1
4645 1
4645 1
4645 1
4645 1
4645 1
4645 1
4458 1
4458 1
4458 1
4458 1
4458 1
4458 1
4551 1
4551 1
4551 1
4551 1
4551 1
4551 1
4646 1
4646 1
4646 1
4646 1
4646 1
4646 1
4459 1
4459 1
4459 1
4459 1
4459 1
4459 1
4552 1
4552 1
4552 1
4552 1
4552 1
4552 1
4647 1
4647 1
4647 1
4647 1
4647 1
4647 1
4553 1
4553 1
4553 1
4553 1
4553 1
4553 1
4648 1
4648 1
4648 1
4648 1
4648 1
4648 1
4554 1
4554 1
4554 1
4554 1
4554 1
4554 1
4649 1
4649 1
4649 1
4649 1
4649 1
4649 1
4555 1
4555 1
4555 1
4555 1
4555 1
4555 1
4650 1
4650 1
4650 1
4650 1
4650 1
4650 1
4556 1
4556 1
4556 1
4556 1
4556 1
4556 1
4651 1
4651 1
4651 1
4651 1
4651 1
4651 1
4557 1
4557 1
4557 1
4557 1
4557 1
4557 1
4652 1
4652 1
4652 1
4652 1
4652 1
4652 1
4558 1
4558 1
4558 1
4558 1
4558 1
4558 1
4653 1
4653 1
4653 1
4653 1
4653 1
4653 1
4559 1
4559 1
4559 1
4559 1
4559 1
4559 1
4654 1
4654 1
4654 1
4654 1
4654 1
4654 1
4748 1
4748 1
4748 1
4748 1
4748 1
4748 1
4560 1
4560 1
4560 1
4560 1
4560 1
4560 1
4655 1
4655 1
4655 1
4655 1
4655 1
4655 1
4749 1
4749 1
4749 1
4749 1
4749 1
4749 1
4561 1
4561 1
4561 1
4561 1
4561 1
4561 1
4656 1
4656 1
4656 1
4656 1
4656 1
4656 1
4750 1
4750 1
4750 1
4750 1
4750 1
4750 1
4562 1
4562 1
4562 1
4562 1
4562 1
4562 1
4657 1
4657 1
4657 1
4657 1
4657 1
4657 1
4751 1
4751 1
4751 1
4751 1
4751 1
4751 1
4658 1
4658 1
4658 1
4658 1
4658 1
4658 1
4752 1
4752 1
4752 1
4752 1
4752 1
4752 1
4659 1
4659 1
4659 1
4659 1
4659 1
4659 1
4753 1
4753 1
4753 1
4753 1
4753 1
4753 1
4660 1
4660 1
4660 1
4660 1
4660 1
4660 1
4754 1
4754 1
4754 1
4754 1
4754 1
4754 1
4661 1
4661 1
4661 1
4661 1
4661 1
4661 1
4755 1
4755 1
4755 1
4755 1
4755 1
4755 1
4662 1
4662 1
4662 1
4662 1
4662 1
4662 1
4756 1
4756 1
4756 1
4756 1
4756 1
4756 1
4663 1
4663 1
4663 1
4663 1
4663 1
4663 1
4757 1
4757 1
4757 1
4757 1
4757 1
4757 1
4664 1
4664 1
4664 1
4664 1
4664 1
4664 1
4758 1
4758 1
4758 1
4758 1
4758 1
4758 1
4851 1
4851 1
4851 1
4851 1
4851 1
4851 1
4665 1
4665 1
4665 1
4665 1
4665 1
4665 1
4759 1
4759 1
4759 1
4759 1
4759 1
4759 1
4852 1
4852 1
4852 1
4852 1
4852 1
4852 1
4666 1
4666 1
4666 1
4666 1
4666 1
4666 1
4760 1
4760 1
4760 1
4760 1
4760 1
4760 1
4853 1
4853 1
4853 1
4853 1
4853 1
4853 1
4761 1
4761 1
4761 1
4761 1
4761 1
4761 1
4854 1
4854 1
4854 1
4854 1
4854 1
4854 1
4762 1
4762 1
4762 1
4762 1
4762 1
4762 1
4855 1
4855 1
4855 1
4855 1
4855 1
4855 1
4763 1
4763 1
4763 1
4763 1
4763 1
4763 1
4856 1
4856 1
4856 1
4856 1
4856 1
4856 1
4764 1
4764 1
4764 1
4764 1
4764 1
4764 1
4857 1
4857 1
4857 1
4857 1
4857 1
4857 1
4765 1
4765 1
4765 1
4765 1
4765 1
4765 1
4858 1
4858 1
4858 1
4858 1
4858 1
4858 1
4766 1
4766 1
4766 1
4766 1
4766 1
4766 1
4859 1
4859 1
4859 1
4859 1
4859 1
4859 1
4767 1
4767 1
4767 1
4767 1
4767 1
4767 1
4860 1
4860 1
4860 1
4860 1
4860 1
4860 1
4768 1
4768 1
4768 1
4768 1
4768 1
4768 1
4861 1
4861 1
4861 1
4861 1
4861 1
4861 1
4951 1
4951 1
4951 1
4951 1
4951 1
4951 1
4769 1
4769 1
4769 1
4769 1
4769 1
4769 1
4862 1
4862 1
4862 1
4862 1
4862 1
4862 1
4952 1
4952 1
4952 1
4952 1
4952 1
4952 1
4770 1
4770 1
4770 1
4770 1
4770 1
4770 1
4863 1
4863 1
4863 1
4863 1
4863 1
4863 1
4953 1
4953 1
4953 1
4953 1
4953 1
4953 1
4864 1
4864 1
4864 1
4864 1
4864 1
4864 1
4954 1
4954 1
4954 1
4954 1
4954 1
4954 1
4865 1
4865 1
4865 1
4865 1
4865 1
4865 1
4955 1
4955 1
4955 1
4955 1
4955 1
4955 1
4866 1
4866 1
4866 1
4866 1
4866 1
4866 1
4956 1
4956 1
4956 1
4956 1
4956 1
4956 1
4867 1
4867 1
4867 1
4867 1
4867 1
4867 1
4957 1
4957 1
4957 1
4957 1
4957 1
4957 1
4868 1
4868 1
4868 1
4868 1
4868 1
4868 1
4958 1
4958 1
4958 1
4958 1
4958 1
4958 1
4869 1
4869 1
4869 1
4869 1
4869 1
4869 1
4959 1
4959 1
4959 1
4959 1
4959 1
4959 1
4960 1
4960 1
4960 1
4960 1
4960 1
4960 1
5047 1
5047 1
5047 1
5047 1
5047 1
5047 1
4961 1
4961 1
4961 1
4961 1
4961 1
4961 1
5048 1
5048 1
5048 1
5048 1
5048 1
5048 1
4962 1
4962 1
4962 1
4962 1
4962 1
4962 1
5049 1
5049 1
5049 1
5049 1
5049 1
5049 1
4963 1
4963 1
4963 1
4963 1
4963 1
4963 1
5050 1
5050 1
5050 1
5050 1
5050 1
5050 1
4964 1
4964 1
4964 1
4964 1
4964 1
4964 1
5051 1
5051 1
5051 1
5051 1
5051 1
5051 1
4965 1
4965 1
4965 1
4965 1
4965 1
4965 1
5052 1
5052 1
5052 1
5052 1
5052 1
5052 1
4966 1
4966 1
4966 1
4966 1
4966 1
4966 1
5053 1
5053 1
5053 1
5053 1
5053 1
5053 1
4967 1
4967 1
4967 1
4967 1
4967 1
4967 1
5054 1
5054 1
5054 1
5054 1
5054 1
5054 1
4968 1
4968 1
4968 1
4968 1
4968 1
4968 1
5055 1
5055 1
5055 1
5055 1
5055 1
5055 1
4969 1
4969 1
4969 1
4969 1
4969 1
4969 1
5056 1
5056 1
5056 1
5056 1
5056 1
5056 1
5057 1
5057 1
5057 1
5057 1
5057 1
5057 1
5138 1
5138 1
5138 1
5138 1
5138 1
5138 1
5058 1
5058 1
5058 1
5058 1
5058 1
5058 1
5139 1
5139 1
5139 1
5139 1
5139 1
5139 1
5059 1
5059 1
5059 1
5059 1
5059 1
5059 1
5140 1
5140 1
5140 1
5140 1
5140 1
5140 1
5060 1
5060 1
5060 1
5060 1
5060 1
5060 1
5141 1
5141 1
5141 1
5141 1
5141 1
5141 1
5061 1
5061 1
5061 1
5061 1
5061 1
5061 1
5142 1
5142 1
5142 1
5142 1
5142 1
5142 1
5062 1
5062 1
5062 1
5062 1
5062 1
5062 1
5143 1
5143 1
5143 1
5143 1
5143 1
5143 1
5063 1
5063 1
5063 1
5063 1
5063 1
5063 1
5144 1
5144 1
5144 1
5144 1
5144 1
5144 1
5064 1
5064 1
5064 1
5064 1
5064 1
5064 1
5145 1
5145 1
5145 1
5145 1
5145 1
5145 1
5065 1
5065 1
5065 1
5065 1
5065 1
5065 1
5146 1
5146 1
5146 1
5146 1
5146 1
5146 1
5147 1
5147 1
5147 1
5147 1
5147 1
5147 1
5227 1
5227 1
5227 1
5227 1
5227 1
5227 1
5148 1
5148 1
5148 1
5148 1
5148 1
5148 1
5228 1
5228 1
5228 1
5228 1
5228 1
5228 1
5149 1
5149 1
5149 1
5149 1
5149 1
5149 1
5229 1
5229 1
5229 1
5229 1
5229 1
5229 1
5150 1
5150 1
5150 1
5150 1
5150 1
5150 1
5230 1
5230 1
5230 1
5230 1
5230 1
5230 1
5151 1
5151 1
5151 1
5151 1
5151 1
5151 1
5231 1
5231 1
5231 1
5231 1
5231 1
5231 1
5152 1
5152 1
5152 1
5152 1
5152 1
5152 1
5232 1
5232 1
5232 1
5232 1
5232 1
5232 1
5153 1
5153 1
5153 1
5153 1
5153 1
5153 1
5233 1
5233 1
5233 1
5233 1
5233 1
5233 1
5154 1
5154 1
5154 1
5154 1
5154 1
5154 1
5234 1
5234 1
5234 1
5234 1
5234 1
5234 1
5155 1
5155 1
5155 1
5155 1
5155 1
5155 1
5235 1
5235 1
5235 1
5235 1
5235 1
5235 1
5156 1
5156 1
5156 1
5156 1
5156 1
5156 1
5236 1
5236 1
5236 1
5236 1
5236 1
5236 1
5312 1
5312 1
5312 1
5312 1
5312 1
5312 1
5237 1
5237 1
5237 1
5237 1
5237 1
5237 1
5313 1
5313 1
5313 1
5313 1
5313 1
5313 1
5238 1
5238 1
5238 1
5238 1
5238 1
5238 1
5314 1
5314 1
5314 1
5314 1
5314 1
5314 1
5239 1
5239 1
5239 1
5239 1
5239 1
5239 1
5315 1
5315 1
5315 1
5315 1
5315 1
5315 1
5240 1
5240 1
5240 1
5240 1
5240 1
5240 1
5316 1
5316 1
5316 1
5316 1
5316 1
5316 1
5241 1
5241 1
5241 1
5241 1
5241 1
5241 1
5317 1
5317 1
5317 1
5317 1
5317 1
5317 1
5242 1
5242 1
5242 1
5242 1
5242 1
5242 1
5318 1
5318 1
5318 1
5318 1
5318 1
5318 1
5243 1
5243 1
5243 1
5243 1
5243 1
5243 1
5319 1
5319 1
5319 1
5319 1
5319 1
5319 1
5244 1
5244 1
5244 1
5244 1
5244 1
5244 1
5320 1
5320 1
5320 1
5320 1
5320 1
5320 1
5245 1
5245 1
5245 1
5245 1
5245 1
5245 1
5321 1
5321 1
5321 1
5321 1
5321 1
5321 1
5322 1
5322 1
5322 1
5322 1
5322 1
5322 1
5396 1
5396 1
5396 1
5396 1
5396 1
5396 1
5323 1
5323 1
5323 1
5323 1
5323 1
5323 1
5397 1
5397 1
5397 1
5397 1
5397 1
5397 1
5324 1
5324 1
5324 1
5324 1
5324 1
5324 1
5398 1
5398 1
5398 1
5398 1
5398 1
5398 1
5325 1
5325 1
5325 1
5325 1
5325 1
5325 1
5399 1
5399 1
5399 1
5399 1
5399 1
5399 1
5326 1
5326 1
5326 1
5326 1
5326 1
5326 1
5400 1
5400 1
5400 1
5400 1
5400 1
5400 1
5327 1
5327 1
5327 1
5327 1
5327 1
5327 1
5401 1
5401 1
5401 1
5401 1
5401 1
5401 1
5328 1
5328 1
5328 1
5328 1
5328 1
5328 1
5402 1
5402 1
5402 1
5402 1
5402 1
5402 1
5329 1
5329 1
5329 1
5329 1
5329 1
5329 1
5403 1
5403 1
5403 1
5403 1
5403 1
5403 1
5330 1
5330 1
5330 1
5330 1
5330 1
5330 1
5404 1
5404 1
5404 1
5404 1
5404 1
5404 1
5405 1
5405 1
5405 1
5405 1
5405 1
5405 1
5478 1
5478 1
5478 1
5478 1
5478 1
5478 1
5406 1
5406 1
5406 1
5406 1
5406 1
5406 1
5479 1
5479 1
5479 1
5479 1
5479 1
5479 1
5407 1
5407 1
5407 1
5407 1
5407 1
5407 1
5480 1
5480 1
5480 1
5480 1
5480 1
5480 1
5334 1
5334 1
5334 1
5334 1
5334 1
5334 1
5408 1
5408 1
5408 1
5408 1
5408 1
5408 1
5481 1
5481 1
5481 1
5481 1
5481 1
5481 1
5409 1
5409 1
5409 1
5409 1
5409 1
5409 1
5482 1
5482 1
5482 1
5482 1
5482 1
5482 1
5410 1
5410 1
5410 1
5410 1
5410 1
5410 1
5483 1
5483 1
5483 1
5483 1
5483 1
5483 1
5411 1
5411 1
5411 1
5411 1
5411 1
5411 1
5484 1
5484 1
5484 1
5484 1
5484 1
5484 1
5412 1
5412 1
5412 1
5412 1
5412 1
5412 1
5485 1
5485 1
5485 1
5485 1
5485 1
5485 1
5413 1
5413 1
5413 1
5413 1
5413 1
5413 1
5486 1
5486 1
5486 1
5486 1
5486 1
5486 1
5414 1
5414 1
5414 1
5414 1
5414 1
5414 1
5487 1
5487 1
5487 1
5487 1
5487 1
5487 1
5488 1
5488 1
5488 1
5488 1
5488 1
5488 1
5560 1
5560 1
5560 1
5560 1
5560 1
5560 1
5416 1
5416 1
5416 1
5416 1
5416 1
5416 1
5489 1
5489 1
5489 1
5489 1
5489 1
5489 1
5561 1
5561 1
5561 1
5561 1
5561 1
5561 1
5417 1
5417 1
5417 1
5417 1
5417 1
5417 1
5490 1
5490 1
5490 1
5490 1
5490 1
5490 1
5418 1
5418 1
5418 1
5418 1
5418 1
5418 1
5562 1
5562 1
5562 1
5562 1
5562 1
5562 1
5491 1
5491 1
5491 1
5491 1
5491 1
5491 1
5563 1
5563 1
5563 1
5563 1
5563 1
5563 1
5492 1
5492 1
5492 1
5492 1
5492 1
5492 1
5564 1
5564 1
5564 1
5564 1
5564 1
5564 1
5493 1
5493 1
5493 1
5493 1
5493 1
5493 1
5565 1
5565 1
5565 1
5565 1
5565 1
5565 1
5494 1
5494 1
5494 1
5494 1
5494 1
5494 1
5566 1
5566 1
5566 1
5566 1
5566 1
5566 1
5495 1
5495 1
5495 1
5495 1
5495 1
5495 1
5567 1
5567 1
5567 1
5567 1
5567 1
5567 1
5496 1
5496 1
5496 1
5496 1
5496 1
5496 1
5568 1
5568 1
5568 1
5568 1
5568 1
5568 1
5569 1
5569 1
5569 1
5569 1
5569 1
5569 1
5642 1
5642 1
5642 1
5642 1
5642 1
5642 1
5498 1
5498 1
5498 1
5498 1
5498 1
5498 1
5570 1
5570 1
5570 1
5570 1
5570 1
5570 1
5643 1
5643 1
5643 1
5643 1
5643 1
5643 1
5499 1
5499 1
5499 1
5499 1
5499 1
5499 1
5571 1
5571 1
5571 1
5571 1
5571 1
5571 1
5644 1
5644 1
5644 1
5644 1
5644 1
5644 1
5572 1
5572 1
5572 1
5572 1
5572 1
5572 1
5645 1
5645 1
5645 1
5645 1
5645 1
5645 1
5573 1
5573 1
5573 1
5573 1
5573 1
5573 1
5646 1
5646 1
5646 1
5646 1
5646 1
5646 1
5574 1
5574 1
5574 1
5574 1
5574 1
5574 1
5647 1
5647 1
5647 1
5647 1
5647 1
5647 1
5575 1
5575 1
5575 1
5575 1
5575 1
5575 1
5648 1
5648 1
5648 1
5648 1
5648 1
5648 1
5576 1
5576 1
5576 1
5576 1
5576 1
5576 1
5649 1
5649 1
5649 1
5649 1
5649 1
5649 1
5577 1
5577 1
5577 1
5577 1
5577 1
5577 1
5650 1
5650 1
5650 1
5650 1
5650 1
5650 1
5723 1
5723 1
5723 1
5723 1
5723 1
5723 1
5578 1
5578 1
5578 1
5578 1
5578 1
5578 1
5651 1
5651 1
5651 1
5651 1
5651 1
5651 1
5724 1
5724 1
5724 1
5724 1
5724 1
5724 1
5652 1
5652 1
5652 1
5652 1
5652 1
5652 1
5725 1
5725 1
5725 1
5725 1
5725 1
5725 1
5580 1
5580 1
5580 1
5580 1
5580 1
5580 1
5653 1
5653 1
5653 1
5653 1
5653 1
5653 1
5726 1
5726 1
5726 1
5726 1
5726 1
5726 1
5654 1
5654 1
5654 1
5654 1
5654 1
5654 1
5727 1
5727 1
5727 1
5727 1
5727 1
5727 1
5582 1
5582 1
5582 1
5582 1
5582 1
5582 1
5655 1
5655 1
5655 1
5655 1
5655 1
5655 1
5728 1
5728 1
5728 1
5728 1
5728 1
5728 1
5656 1
5656 1
5656 1
5656 1
5656 1
5656 1
5729 1
5729 1
5729 1
5729 1
5729 1
5729 1
5657 1
5657 1
5657 1
5657 1
5657 1
5657 1
5730 1
5730 1
5730 1
5730 1
5730 1
5730 1
5658 1
5658 1
5658 1
5658 1
5658 1
5658 1
5731 1
5731 1
5731 1
5731 1
5731 1
5731 1
5659 1
5659 1
5659 1
5659 1
5659 1
5659 1
5732 1
5732 1
5732 1
5732 1
5732 1
5732 1
5660 1
5660 1
5660 1
5660 1
5660 1
5660 1
5733 1
5733 1
5733 1
5733 1
5733 1
5733 1
5806 1
5806 1
5806 1
5806 1
5806 1
5806 1
5734 1
5734 1
5734 1
5734 1
5734 1
5734 1
5807 1
5807 1
5807 1
5807 1
5807 1
5807 1
5662 1
5662 1
5662 1
5662 1
5662 1
5662 1
5735 1
5735 1
5735 1
5735 1
5735 1
5735 1
5808 1
5808 1
5808 1
5808 1
5808 1
5808 1
5663 1
5663 1
5663 1
5663 1
5663 1
5663 1
5736 1
5736 1
5736 1
5736 1
5736 1
5736 1
5809 1
5809 1
5809 1
5809 1
5809 1
5809 1
5664 1
5664 1
5664 1
5664 1
5664 1
5664 1
5737 1
5737 1
5737 1
5737 1
5737 1
5737 1
5810 1
5810 1
5810 1
5810 1
5810 1
5810 1
5738 1
5738 1
5738 1
5738 1
5738 1
5738 1
5811 1
5811 1
5811 1
5811 1
5811 1
5811 1
5739 1
5739 1
5739 1
5739 1
5739 1
5739 1
5812 1
5812 1
5812 1
5812 1
5812 1
5812 1
5740 1
5740 1
5740 1
5740 1
5740 1
5740 1
5813 1
5813 1
5813 1
5813 1
5813 1
5813 1
5741 1
5741 1
5741 1
5741 1
5741 1
5741 1
5887 1
5887 1
5887 1
5887 1
5887 1
5887 1
5814 1
5814 1
5814 1
5814 1
5814 1
5814 1
5742 1
5742 1
5742 1
5742 1
5742 1
5742 1
5888 1
5888 1
5888 1
5888 1
5888 1
5888 1
5815 1
5815 1
5815 1
5815 1
5815 1
5815 1
5743 1
5743 1
5743 1
5743 1
5743 1
5743 1
5889 1
5889 1
5889 1
5889 1
5889 1
5889 1
5816 1
5816 1
5816 1
5816 1
5816 1
5816 1
5744 1
5744 1
5744 1
5744 1
5744 1
5744 1
5817 1
5817 1
5817 1
5817 1
5817 1
5817 1
5890 1
5890 1
5890 1
5890 1
5890 1
5890 1
5745 1
5745 1
5745 1
5745 1
5745 1
5745 1
5818 1
5818 1
5818 1
5818 1
5818 1
5818 1
5891 1
5891 1
5891 1
5891 1
5891 1
5891 1
5746 1
5746 1
5746 1
5746 1
5746 1
5746 1
5819 1
5819 1
5819 1
5819 1
5819 1
5819 1
5892 1
5892 1
5892 1
5892 1
5892 1
5892 1
5747 1
5747 1
5747 1
5747 1
5747 1
5747 1
5820 1
5820 1
5820 1
5820 1
5820 1
5820 1
5893 1
5893 1
5893 1
5893 1
5893 1
5893 1
5821 1
5821 1
5821 1
5821 1
5821 1
5821 1
5894 1
5894 1
5894 1
5894 1
5894 1
5894 1
5822 1
5822 1
5822 1
5822 1
5822 1
5822 1
5895 1
5895 1
5895 1
5895 1
5895 1
5895 1
5823 1
5823 1
5823 1
5823 1
5823 1
5823 1
5896 1
5896 1
5896 1
5896 1
5896 1
5896 1
5970 1
5970 1
5970 1
5970 1
5970 1
5970 1
5824 1
5824 1
5824 1
5824 1
5824 1
5824 1
5897 1
5897 1
5897 1
5897 1
5897 1
5897 1
5971 1
5971 1
5971 1
5971 1
5971 1
5971 1
5825 1
5825 1
5825 1
5825 1
5825 1
5825 1
5898 1
5898 1
5898 1
5898 1
5898 1
5898 1
5972 1
5972 1
5972 1
5972 1
5972 1
5972 1
5826 1
5826 1
5826 1
5826 1
5826 1
5826 1
6066 1
6066 1
6066 1
6066 1
6066 1
6066 1
5899 1
5899 1
5899 1
5899 1
5899 1
5899 1
5973 1
5973 1
5973 1
5973 1
5973 1
5973 1
6165 1
6165 1
6165 1
6165 1
6165 1
6165 1
6265 1
6265 1
6265 1
6265 1
6265 1
6265 1
5827 1
5827 1
5827 1
5827 1
5827 1
5827 1
6067 1
6067 1
6067 1
6067 1
6067 1
6067 1
5900 1
5900 1
5900 1
5900 1
5900 1
5900 1
5974 1
5974 1
5974 1
5974 1
5974 1
5974 1
6166 1
6166 1
6166 1
6166 1
6166 1
6166 1
5828 1
5828 1
5828 1
5828 1
5828 1
5828 1
6266 1
6266 1
6266 1
6266 1
6266 1
6266 1
5901 1
5901 1
5901 1
5901 1
5901 1
5901 1
6068 1
6068 1
6068 1
6068 1
6068 1
6068 1
5975 1
5975 1
5975 1
5975 1
5975 1
5975 1
5829 1
5829 1
5829 1
5829 1
5829 1
5829 1
6167 1
6167 1
6167 1
6167 1
6167 1
6167 1
6367 1
6367 1
6367 1
6367 1
6367 1
6367 1
6267 1
6267 1
6267 1
6267 1
6267 1
6267 1
5902 1
5902 1
5902 1
5902 1
5902 1
5902 1
6069 1
6069 1
6069 1
6069 1
6069 1
6069 1
5976 1
5976 1
5976 1
5976 1
5976 1
5976 1
6168 1
6168 1
6168 1
6168 1
6168 1
6168 1
6368 1
6368 1
6368 1
6368 1
6368 1
6368 1
6268 1
6268 1
6268 1
6268 1
6268 1
6268 1
5903 1
5903 1
5903 1
5903 1
5903 1
5903 1
6070 1
6070 1
6070 1
6070 1
6070 1
6070 1
5977 1
5977 1
5977 1
5977 1
5977 1
5977 1
6369 1
6369 1
6369 1
6369 1
6369 1
6369 1
5904 1
5904 1
5904 1
5904 1
5904 1
5904 1
6269 1
6269 1
6269 1
6269 1
6269 1
6269 1
6071 1
6071 1
6071 1
6071 1
6071 1
6071 1
5978 1
5978 1
5978 1
5978 1
5978 1
5978 1
5905 1
5905 1
5905 1
5905 1
5905 1
5905 1
6370 1
6370 1
6370 1
6370 1
6370 1
6370 1
6270 1
6270 1
6270 1
6270 1
6270 1
6270 1
6072 1
6072 1
6072 1
6072 1
6072 1
6072 1
5979 1
5979 1
5979 1
5979 1
5979 1
5979 1
5906 1
5906 1
5906 1
5906 1
5906 1
5906 1
6371 1
6371 1
6371 1
6371 1
6371 1
6371 1
6271 1
6271 1
6271 1
6271 1
6271 1
6271 1
5980 1
5980 1
5980 1
5980 1
5980 1
5980 1
6073 1
6073 1
6073 1
6073 1
6073 1
6073 1
5907 1
5907 1
5907 1
5907 1
5907 1
5907 1
6272 1
6272 1
6272 1
6272 1
6272 1
6272 1
5981 1
5981 1
5981 1
5981 1
5981 1
5981 1
6372 1
6372 1
6372 1
6372 1
6372 1
6372 1
6074 1
6074 1
6074 1
6074 1
6074 1
6074 1
5908 1
5908 1
5908 1
5908 1
5908 1
5908 1
5982 1
5982 1
5982 1
5982 1
5982 1
5982 1
6075 1
6075 1
6075 1
6075 1
6075 1
6075 1
6273 1
6273 1
6273 1
6273 1
6273 1
6273 1
6373 1
6373 1
6373 1
6373 1
6373 1
6373 1
5909 1
5909 1
5909 1
5909 1
5909 1
5909 1
6174 1
6174 1
6174 1
6174 1
6174 1
6174 1
5983 1
5983 1
5983 1
5983 1
5983 1
5983 1
6076 1
6076 1
6076 1
6076 1
6076 1
6076 1
6274 1
6274 1
6274 1
6274 1
6274 1
6274 1
5910 1
5910 1
5910 1
5910 1
5910 1
5910 1
6374 1
6374 1
6374 1
6374 1
6374 1
6374 1
6175 1
6175 1
6175 1
6175 1
6175 1
6175 1
5984 1
5984 1
5984 1
5984 1
5984 1
5984 1
6077 1
6077 1
6077 1
6077 1
6077 1
6077 1
6475 1
6475 1
6475 1
6475 1
6475 1
6475 1
5911 1
5911 1
5911 1
5911 1
5911 1
5911 1
6275 1
6275 1
6275 1
6275 1
6275 1
6275 1
6375 1
6375 1
6375 1
6375 1
6375 1
6375 1
6176 1
6176 1
6176 1
6176 1
6176 1
6176 1
5985 1
5985 1
5985 1
5985 1
5985 1
5985 1
5912 1
5912 1
5912 1
5912 1
5912 1
5912 1
6078 1
6078 1
6078 1
6078 1
6078 1
6078 1
6476 1
6476 1
6476 1
6476 1
6476 1
6476 1
6276 1
6276 1
6276 1
6276 1
6276 1
6276 1
6376 1
6376 1
6376 1
6376 1
6376 1
6376 1
5986 1
5986 1
5986 1
5986 1
5986 1
5986 1
6177 1
6177 1
6177 1
6177 1
6177 1
6177 1
6079 1
6079 1
6079 1
6079 1
6079 1
6079 1
6477 1
6477 1
6477 1
6477 1
6477 1
6477 1
6377 1
6377 1
6377 1
6377 1
6377 1
6377 1
5987 1
5987 1
5987 1
5987 1
5987 1
5987 1
6178 1
6178 1
6178 1
6178 1
6178 1
6178 1
6080 1
6080 1
6080 1
6080 1
6080 1
6080 1
6478 1
6478 1
6478 1
6478 1
6478 1
6478 1
5988 1
5988 1
5988 1
5988 1
5988 1
5988 1
6378 1
6378 1
6378 1
6378 1
6378 1
6378 1
6179 1
6179 1
6179 1
6179 1
6179 1
6179 1
6081 1
6081 1
6081 1
6081 1
6081 1
6081 1
5989 1
5989 1
5989 1
5989 1
5989 1
5989 1
6479 1
6479 1
6479 1
6479 1
6479 1
6479 1
6379 1
6379 1
6379 1
6379 1
6379 1
6379 1
6180 1
6180 1
6180 1
6180 1
6180 1
6180 1
6082 1
6082 1
6082 1
6082 1
6082 1
6082 1
5990 1
5990 1
5990 1
5990 1
5990 1
5990 1
6480 1
6480 1
6480 1
6480 1
6480 1
6480 1
6181 1
6181 1
6181 1
6181 1
6181 1
6181 1
6380 1
6380 1
6380 1
6380 1
6380 1
6380 1
6083 1
6083 1
6083 1
6083 1
6083 1
6083 1
5991 1
5991 1
5991 1
5991 1
5991 1
5991 1
6281 1
6281 1
6281 1
6281 1
6281 1
6281 1
6182 1
6182 1
6182 1
6182 1
6182 1
6182 1
6481 1
6481 1
6481 1
6481 1
6481 1
6481 1
6084 1
6084 1
6084 1
6084 1
6084 1
6084 1
6381 1
6381 1
6381 1
6381 1
6381 1
6381 1
5992 1
5992 1
5992 1
5992 1
5992 1
5992 1
6282 1
6282 1
6282 1
6282 1
6282 1
6282 1
6582 1
6582 1
6582 1
6582 1
6582 1
6582 1
6085 1
6085 1
6085 1
6085 1
6085 1
6085 1
6183 1
6183 1
6183 1
6183 1
6183 1
6183 1
6482 1
6482 1
6482 1
6482 1
6482 1
6482 1
6382 1
6382 1
6382 1
6382 1
6382 1
6382 1
5993 1
5993 1
5993 1
5993 1
5993 1
5993 1
6283 1
6283 1
6283 1
6283 1
6283 1
6283 1
6086 1
6086 1
6086 1
6086 1
6086 1
6086 1
6184 1
6184 1
6184 1
6184 1
6184 1
6184 1
6583 1
6583 1
6583 1
6583 1
6583 1
6583 1
5994 1
5994 1
5994 1
5994 1
5994 1
5994 1
6383 1
6383 1
6383 1
6383 1
6383 1
6383 1
6483 1
6483 1
6483 1
6483 1
6483 1
6483 1
6284 1
6284 1
6284 1
6284 1
6284 1
6284 1
6087 1
6087 1
6087 1
6087 1
6087 1
6087 1
6185 1
6185 1
6185 1
6185 1
6185 1
6185 1
5995 1
5995 1
5995 1
5995 1
5995 1
5995 1
6584 1
6584 1
6584 1
6584 1
6584 1
6584 1
6384 1
6384 1
6384 1
6384 1
6384 1
6384 1
6484 1
6484 1
6484 1
6484 1
6484 1
6484 1
6088 1
6088 1
6088 1
6088 1
6088 1
6088 1
6285 1
6285 1
6285 1
6285 1
6285 1
6285 1
6186 1
6186 1
6186 1
6186 1
6186 1
6186 1
6585 1
6585 1
6585 1
6585 1
6585 1
6585 1
6385 1
6385 1
6385 1
6385 1
6385 1
6385 1
6485 1
6485 1
6485 1
6485 1
6485 1
6485 1
6089 1
6089 1
6089 1
6089 1
6089 1
6089 1
6286 1
6286 1
6286 1
6286 1
6286 1
6286 1
6187 1
6187 1
6187 1
6187 1
6187 1
6187 1
6386 1
6386 1
6386 1
6386 1
6386 1
6386 1
6586 1
6586 1
6586 1
6586 1
6586 1
6586 1
6486 1
6486 1
6486 1
6486 1
6486 1
6486 1
6090 1
6090 1
6090 1
6090 1
6090 1
6090 1
6287 1
6287 1
6287 1
6287 1
6287 1
6287 1
6188 1
6188 1
6188 1
6188 1
6188 1
6188 1
6387 1
6387 1
6387 1
6387 1
6387 1
6387 1
6091 1
6091 1
6091 1
6091 1
6091 1
6091 1
6587 1
6587 1
6587 1
6587 1
6587 1
6587 1
6487 1
6487 1
6487 1
6487 1
6487 1
6487 1
6288 1
6288 1
6288 1
6288 1
6288 1
6288 1
6189 1
6189 1
6189 1
6189 1
6189 1
6189 1
6092 1
6092 1
6092 1
6092 1
6092 1
6092 1
6388 1
6388 1
6388 1
6388 1
6388 1
6388 1
6588 1
6588 1
6588 1
6588 1
6588 1
6588 1
6488 1
6488 1
6488 1
6488 1
6488 1
6488 1
6190 1
6190 1
6190 1
6190 1
6190 1
6190 1
6289 1
6289 1
6289 1
6289 1
6289 1
6289 1
6093 1
6093 1
6093 1
6093 1
6093 1
6093 1
6389 1
6389 1
6389 1
6389 1
6389 1
6389 1
6191 1
6191 1
6191 1
6191 1
6191 1
6191 1
6489 1
6489 1
6489 1
6489 1
6489 1
6489 1
6589 1
6589 1
6589 1
6589 1
6589 1
6589 1
6290 1
6290 1
6290 1
6290 1
6290 1
6290 1
6094 1
6094 1
6094 1
6094 1
6094 1
6094 1
6390 1
6390 1
6390 1
6390 1
6390 1
6390 1
6192 1
6192 1
6192 1
6192 1
6192 1
6192 1
6490 1
6490 1
6490 1
6490 1
6490 1
6490 1
6291 1
6291 1
6291 1
6291 1
6291 1
6291 1
6590 1
6590 1
6590 1
6590 1
6590 1
6590 1
6095 1
6095 1
6095 1
6095 1
6095 1
6095 1
6391 1
6391 1
6391 1
6391 1
6391 1
6391 1
6193 1
6193 1
6193 1
6193 1
6193 1
6193 1
6292 1
6292 1
6292 1
6292 1
6292 1
6292 1
6692 1
6692 1
6692 1
6692 1
6692 1
6692 1
6491 1
6491 1
6491 1
6491 1
6491 1
6491 1
6591 1
6591 1
6591 1
6591 1
6591 1
6591 1
6096 1
6096 1
6096 1
6096 1
6096 1
6096 1
6194 1
6194 1
6194 1
6194 1
6194 1
6194 1
6392 1
6392 1
6392 1
6392 1
6392 1
6392 1
6293 1
6293 1
6293 1
6293 1
6293 1
6293 1
6693 1
6693 1
6693 1
6693 1
6693 1
6693 1
6492 1
6492 1
6492 1
6492 1
6492 1
6492 1
6097 1
6097 1
6097 1
6097 1
6097 1
6097 1
6592 1
6592 1
6592 1
6592 1
6592 1
6592 1
6195 1
6195 1
6195 1
6195 1
6195 1
6195 1
6393 1
6393 1
6393 1
6393 1
6393 1
6393 1
6294 1
6294 1
6294 1
6294 1
6294 1
6294 1
6493 1
6493 1
6493 1
6493 1
6493 1
6493 1
6694 1
6694 1
6694 1
6694 1
6694 1
6694 1
6593 1
6593 1
6593 1
6593 1
6593 1
6593 1
6196 1
6196 1
6196 1
6196 1
6196 1
6196 1
6394 1
6394 1
6394 1
6394 1
6394 1
6394 1
6295 1
6295 1
6295 1
6295 1
6295 1
6295 1
6494 1
6494 1
6494 1
6494 1
6494 1
6494 1
6695 1
6695 1
6695 1
6695 1
6695 1
6695 1
6594 1
6594 1
6594 1
6594 1
6594 1
6594 1
6197 1
6197 1
6197 1
6197 1
6197 1
6197 1
6395 1
6395 1
6395 1
6395 1
6395 1
6395 1
6296 1
6296 1
6296 1
6296 1
6296 1
6296 1
6495 1
6495 1
6495 1
6495 1
6495 1
6495 1
6198 1
6198 1
6198 1
6198 1
6198 1
6198 1
6696 1
6696 1
6696 1
6696 1
6696 1
6696 1
6595 1
6595 1
6595 1
6595 1
6595 1
6595 1
6396 1
6396 1
6396 1
6396 1
6396 1
6396 1
6297 1
6297 1
6297 1
6297 1
6297 1
6297 1
6496 1
6496 1
6496 1
6496 1
6496 1
6496 1
6199 1
6199 1
6199 1
6199 1
6199 1
6199 1
6697 1
6697 1
6697 1
6697 1
6697 1
6697 1
6596 1
6596 1
6596 1
6596 1
6596 1
6596 1
6298 1
6298 1
6298 1
6298 1
6298 1
6298 1
6397 1
6397 1
6397 1
6397 1
6397 1
6397 1
6200 1
6200 1
6200 1
6200 1
6200 1
6200 1
6497 1
6497 1
6497 1
6497 1
6497 1
6497 1
6597 1
6597 1
6597 1
6597 1
6597 1
6597 1
6698 1
6698 1
6698 1
6698 1
6698 1
6698 1
6299 1
6299 1
6299 1
6299 1
6299 1
6299 1
6398 1
6398 1
6398 1
6398 1
6398 1
6398 1
6201 1
6201 1
6201 1
6201 1
6201 1
6201 1
6498 1
6498 1
6498 1
6498 1
6498 1
6498 1
6801 1
6801 1
6801 1
6801 1
6801 1
6801 1
6300 1
6300 1
6300 1
6300 1
6300 1
6300 1
6598 1
6598 1
6598 1
6598 1
6598 1
6598 1
6699 1
6699 1
6699 1
6699 1
6699 1
6699 1
6399 1
6399 1
6399 1
6399 1
6399 1
6399 1
6202 1
6202 1
6202 1
6202 1
6202 1
6202 1
6499 1
6499 1
6499 1
6499 1
6499 1
6499 1
6802 1
6802 1
6802 1
6802 1
6802 1
6802 1
6301 1
6301 1
6301 1
6301 1
6301 1
6301 1
6400 1
6400 1
6400 1
6400 1
6400 1
6400 1
6599 1
6599 1
6599 1
6599 1
6599 1
6599 1
6700 1
6700 1
6700 1
6700 1
6700 1
6700 1
6203 1
6203 1
6203 1
6203 1
6203 1
6203 1
6500 1
6500 1
6500 1
6500 1
6500 1
6500 1
6302 1
6302 1
6302 1
6302 1
6302 1
6302 1
6803 1
6803 1
6803 1
6803 1
6803 1
6803 1
6401 1
6401 1
6401 1
6401 1
6401 1
6401 1
6600 1
6600 1
6600 1
6600 1
6600 1
6600 1
6701 1
6701 1
6701 1
6701 1
6701 1
6701 1
6501 1
6501 1
6501 1
6501 1
6501 1
6501 1
6303 1
6303 1
6303 1
6303 1
6303 1
6303 1
6402 1
6402 1
6402 1
6402 1
6402 1
6402 1
6205 1
6205 1
6205 1
6205 1
6205 1
6205 1
6804 1
6804 1
6804 1
6804 1
6804 1
6804 1
6601 1
6601 1
6601 1
6601 1
6601 1
6601 1
6702 1
6702 1
6702 1
6702 1
6702 1
6702 1
6304 1
6304 1
6304 1
6304 1
6304 1
6304 1
6502 1
6502 1
6502 1
6502 1
6502 1
6502 1
6403 1
6403 1
6403 1
6403 1
6403 1
6403 1
6805 1
6805 1
6805 1
6805 1
6805 1
6805 1
6602 1
6602 1
6602 1
6602 1
6602 1
6602 1
6703 1
6703 1
6703 1
6703 1
6703 1
6703 1
6305 1
6305 1
6305 1
6305 1
6305 1
6305 1
6503 1
6503 1
6503 1
6503 1
6503 1
6503 1
6404 1
6404 1
6404 1
6404 1
6404 1
6404 1
6603 1
6603 1
6603 1
6603 1
6603 1
6603 1
6806 1
6806 1
6806 1
6806 1
6806 1
6806 1
6704 1
6704 1
6704 1
6704 1
6704 1
6704 1
6306 1
6306 1
6306 1
6306 1
6306 1
6306 1
6504 1
6504 1
6504 1
6504 1
6504 1
6504 1
6405 1
6405 1
6405 1
6405 1
6405 1
6405 1
6907 1
6907 1
6907 1
6907 1
6907 1
6907 1
6604 1
6604 1
6604 1
6604 1
6604 1
6604 1
6307 1
6307 1
6307 1
6307 1
6307 1
6307 1
6807 1
6807 1
6807 1
6807 1
6807 1
6807 1
6705 1
6705 1
6705 1
6705 1
6705 1
6705 1
6505 1
6505 1
6505 1
6505 1
6505 1
6505 1
6406 1
6406 1
6406 1
6406 1
6406 1
6406 1
6908 1
6908 1
6908 1
6908 1
6908 1
6908 1
6605 1
6605 1
6605 1
6605 1
6605 1
6605 1
6308 1
6308 1
6308 1
6308 1
6308 1
6308 1
6808 1
6808 1
6808 1
6808 1
6808 1
6808 1
6706 1
6706 1
6706 1
6706 1
6706 1
6706 1
6506 1
6506 1
6506 1
6506 1
6506 1
6506 1
6407 1
6407 1
6407 1
6407 1
6407 1
6407 1
6309 1
6309 1
6309 1
6309 1
6309 1
6309 1
6909 1
6909 1
6909 1
6909 1
6909 1
6909 1
6606 1
6606 1
6606 1
6606 1
6606 1
6606 1
6809 1
6809 1
6809 1
6809 1
6809 1
6809 1
6507 1
6507 1
6507 1
6507 1
6507 1
6507 1
6408 1
6408 1
6408 1
6408 1
6408 1
6408 1
6707 1
6707 1
6707 1
6707 1
6707 1
6707 1
6310 1
6310 1
6310 1
6310 1
6310 1
6310 1
6607 1
6607 1
6607 1
6607 1
6607 1
6607 1
6910 1
6910 1
6910 1
6910 1
6910 1
6910 1
6508 1
6508 1
6508 1
6508 1
6508 1
6508 1
6409 1
6409 1
6409 1
6409 1
6409 1
6409 1
6810 1
6810 1
6810 1
6810 1
6810 1
6810 1
6708 1
6708 1
6708 1
6708 1
6708 1
6708 1
6311 1
6311 1
6311 1
6311 1
6311 1
6311 1
6608 1
6608 1
6608 1
6608 1
6608 1
6608 1
6410 1
6410 1
6410 1
6410 1
6410 1
6410 1
6911 1
6911 1
6911 1
6911 1
6911 1
6911 1
6509 1
6509 1
6509 1
6509 1
6509 1
6509 1
6811 1
6811 1
6811 1
6811 1
6811 1
6811 1
6709 1
6709 1
6709 1
6709 1
6709 1
6709 1
6609 1
6609 1
6609 1
6609 1
6609 1
6609 1
6411 1
6411 1
6411 1
6411 1
6411 1
6411 1
6510 1
6510 1
6510 1
6510 1
6510 1
6510 1
6912 1
6912 1
6912 1
6912 1
6912 1
6912 1
6812 1
6812 1
6812 1
6812 1
6812 1
6812 1
6710 1
6710 1
6710 1
6710 1
6710 1
6710 1
6610 1
6610 1
6610 1
6610 1
6610 1
6610 1
6412 1
6412 1
6412 1
6412 1
6412 1
6412 1
6511 1
6511 1
6511 1
6511 1
6511 1
6511 1
6913 1
6913 1
6913 1
6913 1
6913 1
6913 1
6711 1
6711 1
6711 1
6711 1
6711 1
6711 1
6813 1
6813 1
6813 1
6813 1
6813 1
6813 1
6413 1
6413 1
6413 1
6413 1
6413 1
6413 1
6611 1
6611 1
6611 1
6611 1
6611 1
6611 1
6512 1
6512 1
6512 1
6512 1
6512 1
6512 1
6914 1
6914 1
6914 1
6914 1
6914 1
6914 1
6712 1
6712 1
6712 1
6712 1
6712 1
6712 1
6814 1
6814 1
6814 1
6814 1
6814 1
6814 1
6414 1
6414 1
6414 1
6414 1
6414 1
6414 1
6612 1
6612 1
6612 1
6612 1
6612 1
6612 1
6513 1
6513 1
6513 1
6513 1
6513 1
6513 1
7016 1
7016 1
7016 1
7016 1
7016 1
7016 1
6713 1
6713 1
6713 1
6713 1
6713 1
6713 1
6915 1
6915 1
6915 1
6915 1
6915 1
6915 1
6815 1
6815 1
6815 1
6815 1
6815 1
6815 1
6415 1
6415 1
6415 1
6415 1
6415 1
6415 1
6613 1
6613 1
6613 1
6613 1
6613 1
6613 1
6514 1
6514 1
6514 1
6514 1
6514 1
6514 1
7017 1
7017 1
7017 1
7017 1
7017 1
7017 1
6714 1
6714 1
6714 1
6714 1
6714 1
6714 1
6416 1
6416 1
6416 1
6416 1
6416 1
6416 1
6916 1
6916 1
6916 1
6916 1
6916 1
6916 1
6816 1
6816 1
6816 1
6816 1
6816 1
6816 1
6614 1
6614 1
6614 1
6614 1
6614 1
6614 1
6515 1
6515 1
6515 1
6515 1
6515 1
6515 1
6417 1
6417 1
6417 1
6417 1
6417 1
6417 1
7018 1
7018 1
7018 1
7018 1
7018 1
7018 1
6715 1
6715 1
6715 1
6715 1
6715 1
6715 1
6817 1
6817 1
6817 1
6817 1
6817 1
6817 1
6917 1
6917 1
6917 1
6917 1
6917 1
6917 1
6516 1
6516 1
6516 1
6516 1
6516 1
6516 1
6615 1
6615 1
6615 1
6615 1
6615 1
6615 1
6418 1
6418 1
6418 1
6418 1
6418 1
6418 1
6716 1
6716 1
6716 1
6716 1
6716 1
6716 1
7019 1
7019 1
7019 1
7019 1
7019 1
7019 1
6517 1
6517 1
6517 1
6517 1
6517 1
6517 1
6818 1
6818 1
6818 1
6818 1
6818 1
6818 1
6616 1
6616 1
6616 1
6616 1
6616 1
6616 1
6918 1
6918 1
6918 1
6918 1
6918 1
6918 1
6419 1
6419 1
6419 1
6419 1
6419 1
6419 1
6717 1
6717 1
6717 1
6717 1
6717 1
6717 1
6518 1
6518 1
6518 1
6518 1
6518 1
6518 1
7020 1
7020 1
7020 1
7020 1
7020 1
7020 1
6617 1
6617 1
6617 1
6617 1
6617 1
6617 1
6819 1
6819 1
6819 1
6819 1
6819 1
6819 1
6919 1
6919 1
6919 1
6919 1
6919 1
6919 1
6420 1
6420 1
6420 1
6420 1
6420 1
6420 1
6718 1
6718 1
6718 1
6718 1
6718 1
6718 1
6519 1
6519 1
6519 1
6519 1
6519 1
6519 1
6618 1
6618 1
6618 1
6618 1
6618 1
6618 1
7021 1
7021 1
7021 1
7021 1
7021 1
7021 1
6820 1
6820 1
6820 1
6820 1
6820 1
6820 1
6421 1
6421 1
6421 1
6421 1
6421 1
6421 1
6920 1
6920 1
6920 1
6920 1
6920 1
6920 1
7124 1
7124 1
7124 1
7124 1
7124 1
7124 1
6520 1
6520 1
6520 1
6520 1
6520 1
6520 1
6719 1
6719 1
6719 1
6719 1
6719 1
6719 1
6619 1
6619 1
6619 1
6619 1
6619 1
6619 1
7022 1
7022 1
7022 1
7022 1
7022 1
7022 1
6821 1
6821 1
6821 1
6821 1
6821 1
6821 1
6921 1
6921 1
6921 1
6921 1
6921 1
6921 1
6521 1
6521 1
6521 1
6521 1
6521 1
6521 1
7125 1
7125 1
7125 1
7125 1
7125 1
7125 1
6720 1
6720 1
6720 1
6720 1
6720 1
6720 1
6620 1
6620 1
6620 1
6620 1
6620 1
6620 1
6822 1
6822 1
6822 1
6822 1
6822 1
6822 1
7023 1
7023 1
7023 1
7023 1
7023 1
7023 1
6522 1
6522 1
6522 1
6522 1
6522 1
6522 1
6721 1
6721 1
6721 1
6721 1
6721 1
6721 1
6621 1
6621 1
6621 1
6621 1
6621 1
6621 1
7126 1
7126 1
7126 1
7126 1
7126 1
7126 1
6823 1
6823 1
6823 1
6823 1
6823 1
6823 1
7024 1
7024 1
7024 1
7024 1
7024 1
7024 1
6523 1
6523 1
6523 1
6523 1
6523 1
6523 1
6722 1
6722 1
6722 1
6722 1
6722 1
6722 1
6622 1
6622 1
6622 1
6622 1
6622 1
6622 1
7127 1
7127 1
7127 1
7127 1
7127 1
7127 1
6824 1
6824 1
6824 1
6824 1
6824 1
6824 1
6524 1
6524 1
6524 1
6524 1
6524 1
6524 1
7025 1
7025 1
7025 1
7025 1
7025 1
7025 1
6623 1
6623 1
6623 1
6623 1
6623 1
6623 1
6723 1
6723 1
6723 1
6723 1
6723 1
6723 1
7128 1
7128 1
7128 1
7128 1
7128 1
7128 1
6525 1
6525 1
6525 1
6525 1
6525 1
6525 1
6825 1
6825 1
6825 1
6825 1
6825 1
6825 1
7026 1
7026 1
7026 1
7026 1
7026 1
7026 1
6925 1
6925 1
6925 1
6925 1
6925 1
6925 1
6624 1
6624 1
6624 1
6624 1
6624 1
6624 1
6724 1
6724 1
6724 1
6724 1
6724 1
6724 1
6526 1
6526 1
6526 1
6526 1
6526 1
6526 1
7129 1
7129 1
7129 1
7129 1
7129 1
7129 1
6826 1
6826 1
6826 1
6826 1
6826 1
6826 1
6625 1
6625 1
6625 1
6625 1
6625 1
6625 1
6926 1
6926 1
6926 1
6926 1
6926 1
6926 1
7027 1
7027 1
7027 1
7027 1
7027 1
7027 1
6725 1
6725 1
6725 1
6725 1
6725 1
6725 1
6527 1
6527 1
6527 1
6527 1
6527 1
6527 1
6827 1
6827 1
6827 1
6827 1
6827 1
6827 1
7130 1
7130 1
7130 1
7130 1
7130 1
7130 1
6626 1
6626 1
6626 1
6626 1
6626 1
6626 1
6927 1
6927 1
6927 1
6927 1
6927 1
6927 1
6726 1
6726 1
6726 1
6726 1
6726 1
6726 1
7028 1
7028 1
7028 1
7028 1
7028 1
7028 1
6528 1
6528 1
6528 1
6528 1
6528 1
6528 1
6828 1
6828 1
6828 1
6828 1
6828 1
6828 1
6627 1
6627 1
6627 1
6627 1
6627 1
6627 1
7131 1
7131 1
7131 1
7131 1
7131 1
7131 1
6727 1
6727 1
6727 1
6727 1
6727 1
6727 1
6928 1
6928 1
6928 1
6928 1
6928 1
6928 1
6529 1
6529 1
6529 1
6529 1
6529 1
6529 1
7029 1
7029 1
7029 1
7029 1
7029 1
7029 1
6829 1
6829 1
6829 1
6829 1
6829 1
6829 1
6628 1
6628 1
6628 1
6628 1
6628 1
6628 1
6728 1
6728 1
6728 1
6728 1
6728 1
6728 1
7132 1
7132 1
7132 1
7132 1
7132 1
7132 1
6929 1
6929 1
6929 1
6929 1
6929 1
6929 1
7030 1
7030 1
7030 1
7030 1
7030 1
7030 1
7235 1
7235 1
7235 1
7235 1
7235 1
7235 1
6830 1
6830 1
6830 1
6830 1
6830 1
6830 1
6629 1
6629 1
6629 1
6629 1
6629 1
6629 1
6729 1
6729 1
6729 1
6729 1
6729 1
6729 1
7133 1
7133 1
7133 1
7133 1
7133 1
7133 1
6930 1
6930 1
6930 1
6930 1
6930 1
6930 1
6630 1
6630 1
6630 1
6630 1
6630 1
6630 1
6831 1
6831 1
6831 1
6831 1
6831 1
6831 1
7236 1
7236 1
7236 1
7236 1
7236 1
7236 1
6730 1
6730 1
6730 1
6730 1
6730 1
6730 1
7134 1
7134 1
7134 1
7134 1
7134 1
7134 1
6931 1
6931 1
6931 1
6931 1
6931 1
6931 1
6631 1
6631 1
6631 1
6631 1
6631 1
6631 1
6832 1
6832 1
6832 1
6832 1
6832 1
6832 1
6731 1
6731 1
6731 1
6731 1
6731 1
6731 1
7237 1
7237 1
7237 1
7237 1
7237 1
7237 1
6932 1
6932 1
6932 1
6932 1
6932 1
6932 1
7135 1
7135 1
7135 1
7135 1
7135 1
7135 1
6632 1
6632 1
6632 1
6632 1
6632 1
6632 1
6833 1
6833 1
6833 1
6833 1
6833 1
6833 1
6732 1
6732 1
6732 1
6732 1
6732 1
6732 1
7238 1
7238 1
7238 1
7238 1
7238 1
7238 1
6933 1
6933 1
6933 1
6933 1
6933 1
6933 1
6633 1
6633 1
6633 1
6633 1
6633 1
6633 1
7136 1
7136 1
7136 1
7136 1
7136 1
7136 1
7034 1
7034 1
7034 1
7034 1
7034 1
7034 1
6834 1
6834 1
6834 1
6834 1
6834 1
6834 1
6733 1
6733 1
6733 1
6733 1
6733 1
6733 1
7239 1
7239 1
7239 1
7239 1
7239 1
7239 1
6634 1
6634 1
6634 1
6634 1
6634 1
6634 1
6934 1
6934 1
6934 1
6934 1
6934 1
6934 1
7137 1
7137 1
7137 1
7137 1
7137 1
7137 1
7035 1
7035 1
7035 1
7035 1
7035 1
7035 1
6835 1
6835 1
6835 1
6835 1
6835 1
6835 1
6734 1
6734 1
6734 1
6734 1
6734 1
6734 1
6635 1
6635 1
6635 1
6635 1
6635 1
6635 1
6935 1
6935 1
6935 1
6935 1
6935 1
6935 1
7240 1
7240 1
7240 1
7240 1
7240 1
7240 1
7138 1
7138 1
7138 1
7138 1
7138 1
7138 1
6836 1
6836 1
6836 1
6836 1
6836 1
6836 1
6735 1
6735 1
6735 1
6735 1
6735 1
6735 1
7036 1
7036 1
7036 1
7036 1
7036 1
7036 1
6636 1
6636 1
6636 1
6636 1
6636 1
6636 1
6936 1
6936 1
6936 1
6936 1
6936 1
6936 1
7241 1
7241 1
7241 1
7241 1
7241 1
7241 1
6837 1
6837 1
6837 1
6837 1
6837 1
6837 1
6736 1
6736 1
6736 1
6736 1
6736 1
6736 1
7139 1
7139 1
7139 1
7139 1
7139 1
7139 1
7037 1
7037 1
7037 1
7037 1
7037 1
7037 1
6637 1
6637 1
6637 1
6637 1
6637 1
6637 1
7341 1
7341 1
7341 1
7341 1
7341 1
7341 1
6937 1
6937 1
6937 1
6937 1
6937 1
6937 1
6737 1
6737 1
6737 1
6737 1
6737 1
6737 1
6838 1
6838 1
6838 1
6838 1
6838 1
6838 1
7242 1
7242 1
7242 1
7242 1
7242 1
7242 1
6638 1
6638 1
6638 1
6638 1
6638 1
6638 1
7140 1
7140 1
7140 1
7140 1
7140 1
7140 1
7038 1
7038 1
7038 1
7038 1
7038 1
7038 1
7342 1
7342 1
7342 1
7342 1
7342 1
7342 1
6938 1
6938 1
6938 1
6938 1
6938 1
6938 1
6738 1
6738 1
6738 1
6738 1
6738 1
6738 1
6839 1
6839 1
6839 1
6839 1
6839 1
6839 1
7243 1
7243 1
7243 1
7243 1
7243 1
7243 1
7039 1
7039 1
7039 1
7039 1
7039 1
7039 1
7141 1
7141 1
7141 1
7141 1
7141 1
7141 1
6739 1
6739 1
6739 1
6739 1
6739 1
6739 1
6939 1
6939 1
6939 1
6939 1
6939 1
6939 1
7343 1
7343 1
7343 1
7343 1
7343 1
7343 1
6840 1
6840 1
6840 1
6840 1
6840 1
6840 1
7244 1
7244 1
7244 1
7244 1
7244 1
7244 1
7040 1
7040 1
7040 1
7040 1
7040 1
7040 1
7142 1
7142 1
7142 1
7142 1
7142 1
7142 1
6740 1
6740 1
6740 1
6740 1
6740 1
6740 1
6940 1
6940 1
6940 1
6940 1
6940 1
6940 1
6841 1
6841 1
6841 1
6841 1
6841 1
6841 1
7344 1
7344 1
7344 1
7344 1
7344 1
7344 1
7041 1
7041 1
7041 1
7041 1
7041 1
7041 1
7245 1
7245 1
7245 1
7245 1
7245 1
7245 1
7143 1
7143 1
7143 1
7143 1
7143 1
7143 1
6741 1
6741 1
6741 1
6741 1
6741 1
6741 1
6941 1
6941 1
6941 1
6941 1
6941 1
6941 1
6842 1
6842 1
6842 1
6842 1
6842 1
6842 1
7345 1
7345 1
7345 1
7345 1
7345 1
7345 1
7042 1
7042 1
7042 1
7042 1
7042 1
7042 1
7246 1
7246 1
7246 1
7246 1
7246 1
7246 1
6742 1
6742 1
6742 1
6742 1
6742 1
6742 1
7144 1
7144 1
7144 1
7144 1
7144 1
7144 1
6942 1
6942 1
6942 1
6942 1
6942 1
6942 1
6843 1
6843 1
6843 1
6843 1
6843 1
6843 1
7346 1
7346 1
7346 1
7346 1
7346 1
7346 1
6743 1
6743 1
6743 1
6743 1
6743 1
6743 1
7043 1
7043 1
7043 1
7043 1
7043 1
7043 1
7247 1
7247 1
7247 1
7247 1
7247 1
7247 1
7145 1
7145 1
7145 1
7145 1
7145 1
7145 1
6844 1
6844 1
6844 1
6844 1
6844 1
6844 1
6943 1
6943 1
6943 1
6943 1
6943 1
6943 1
6744 1
6744 1
6744 1
6744 1
6744 1
6744 1
7347 1
7347 1
7347 1
7347 1
7347 1
7347 1
7044 1
7044 1
7044 1
7044 1
7044 1
7044 1
7146 1
7146 1
7146 1
7146 1
7146 1
7146 1
6845 1
6845 1
6845 1
6845 1
6845 1
6845 1
7248 1
7248 1
7248 1
7248 1
7248 1
7248 1
6944 1
6944 1
6944 1
6944 1
6944 1
6944 1
6745 1
6745 1
6745 1
6745 1
6745 1
6745 1
7045 1
7045 1
7045 1
7045 1
7045 1
7045 1
7348 1
7348 1
7348 1
7348 1
7348 1
7348 1
6846 1
6846 1
6846 1
6846 1
6846 1
6846 1
7147 1
7147 1
7147 1
7147 1
7147 1
7147 1
6945 1
6945 1
6945 1
6945 1
6945 1
6945 1
7249 1
7249 1
7249 1
7249 1
7249 1
7249 1
7448 1
7448 1
7448 1
7448 1
7448 1
7448 1
6746 1
6746 1
6746 1
6746 1
6746 1
6746 1
7046 1
7046 1
7046 1
7046 1
7046 1
7046 1
6847 1
6847 1
6847 1
6847 1
6847 1
6847 1
7349 1
7349 1
7349 1
7349 1
7349 1
7349 1
6946 1
6946 1
6946 1
6946 1
6946 1
6946 1
7148 1
7148 1
7148 1
7148 1
7148 1
7148 1
7250 1
7250 1
7250 1
7250 1
7250 1
7250 1
6747 1
6747 1
6747 1
6747 1
6747 1
6747 1
7449 1
7449 1
7449 1
7449 1
7449 1
7449 1
6848 1
6848 1
6848 1
6848 1
6848 1
6848 1
7047 1
7047 1
7047 1
7047 1
7047 1
7047 1
6947 1
6947 1
6947 1
6947 1
6947 1
6947 1
7350 1
7350 1
7350 1
7350 1
7350 1
7350 1
7149 1
7149 1
7149 1
7149 1
7149 1
7149 1
7251 1
7251 1
7251 1
7251 1
7251 1
7251 1
7450 1
7450 1
7450 1
7450 1
7450 1
7450 1
6849 1
6849 1
6849 1
6849 1
6849 1
6849 1
7048 1
7048 1
7048 1
7048 1
7048 1
7048 1
6948 1
6948 1
6948 1
6948 1
6948 1
6948 1
7150 1
7150 1
7150 1
7150 1
7150 1
7150 1
7351 1
7351 1
7351 1
7351 1
7351 1
7351 1
7252 1
7252 1
7252 1
7252 1
7252 1
7252 1
6850 1
6850 1
6850 1
6850 1
6850 1
6850 1
7451 1
7451 1
7451 1
7451 1
7451 1
7451 1
7049 1
7049 1
7049 1
7049 1
7049 1
7049 1
6949 1
6949 1
6949 1
6949 1
6949 1
6949 1
7151 1
7151 1
7151 1
7151 1
7151 1
7151 1
7352 1
7352 1
7352 1
7352 1
7352 1
7352 1
7253 1
7253 1
7253 1
7253 1
7253 1
7253 1
6851 1
6851 1
6851 1
6851 1
6851 1
6851 1
7050 1
7050 1
7050 1
7050 1
7050 1
7050 1
6950 1
6950 1
6950 1
6950 1
6950 1
6950 1
7452 1
7452 1
7452 1
7452 1
7452 1
7452 1
7152 1
7152 1
7152 1
7152 1
7152 1
7152 1
6852 1
6852 1
6852 1
6852 1
6852 1
6852 1
7353 1
7353 1
7353 1
7353 1
7353 1
7353 1
7254 1
7254 1
7254 1
7254 1
7254 1
7254 1
7051 1
7051 1
7051 1
7051 1
7051 1
7051 1
6951 1
6951 1
6951 1
6951 1
6951 1
6951 1
7453 1
7453 1
7453 1
7453 1
7453 1
7453 1
7153 1
7153 1
7153 1
7153 1
7153 1
7153 1
6853 1
6853 1
6853 1
6853 1
6853 1
6853 1
7354 1
7354 1
7354 1
7354 1
7354 1
7354 1
7255 1
7255 1
7255 1
7255 1
7255 1
7255 1
6952 1
6952 1
6952 1
6952 1
6952 1
6952 1
7052 1
7052 1
7052 1
7052 1
7052 1
7052 1
7454 1
7454 1
7454 1
7454 1
7454 1
7454 1
6854 1
6854 1
6854 1
6854 1
6854 1
6854 1
7154 1
7154 1
7154 1
7154 1
7154 1
7154 1
7355 1
7355 1
7355 1
7355 1
7355 1
7355 1
7256 1
7256 1
7256 1
7256 1
7256 1
7256 1
6953 1
6953 1
6953 1
6953 1
6953 1
6953 1
7053 1
7053 1
7053 1
7053 1
7053 1
7053 1
6855 1
6855 1
6855 1
6855 1
6855 1
6855 1
7155 1
7155 1
7155 1
7155 1
7155 1
7155 1
7455 1
7455 1
7455 1
7455 1
7455 1
7455 1
6954 1
6954 1
6954 1
6954 1
6954 1
6954 1
7257 1
7257 1
7257 1
7257 1
7257 1
7257 1
7356 1
7356 1
7356 1
7356 1
7356 1
7356 1
7054 1
7054 1
7054 1
7054 1
7054 1
7054 1
7556 1
7556 1
7556 1
7556 1
7556 1
7556 1
6856 1
6856 1
6856 1
6856 1
6856 1
6856 1
7156 1
7156 1
7156 1
7156 1
7156 1
7156 1
7456 1
7456 1
7456 1
7456 1
7456 1
7456 1
6955 1
6955 1
6955 1
6955 1
6955 1
6955 1
7055 1
7055 1
7055 1
7055 1
7055 1
7055 1
7258 1
7258 1
7258 1
7258 1
7258 1
7258 1
7357 1
7357 1
7357 1
7357 1
7357 1
7357 1
7557 1
7557 1
7557 1
7557 1
7557 1
7557 1
7157 1
7157 1
7157 1
7157 1
7157 1
7157 1
6956 1
6956 1
6956 1
6956 1
6956 1
6956 1
7457 1
7457 1
7457 1
7457 1
7457 1
7457 1
7056 1
7056 1
7056 1
7056 1
7056 1
7056 1
7259 1
7259 1
7259 1
7259 1
7259 1
7259 1
7358 1
7358 1
7358 1
7358 1
7358 1
7358 1
7558 1
7558 1
7558 1
7558 1
7558 1
7558 1
7158 1
7158 1
7158 1
7158 1
7158 1
7158 1
6957 1
6957 1
6957 1
6957 1
6957 1
6957 1
7057 1
7057 1
7057 1
7057 1
7057 1
7057 1
7458 1
7458 1
7458 1
7458 1
7458 1
7458 1
7260 1
7260 1
7260 1
7260 1
7260 1
7260 1
7359 1
7359 1
7359 1
7359 1
7359 1
7359 1
6958 1
6958 1
6958 1
6958 1
6958 1
6958 1
7159 1
7159 1
7159 1
7159 1
7159 1
7159 1
7559 1
7559 1
7559 1
7559 1
7559 1
7559 1
7058 1
7058 1
7058 1
7058 1
7058 1
7058 1
7459 1
7459 1
7459 1
7459 1
7459 1
7459 1
7261 1
7261 1
7261 1
7261 1
7261 1
7261 1
7360 1
7360 1
7360 1
7360 1
7360 1
7360 1
6959 1
6959 1
6959 1
6959 1
6959 1
6959 1
7160 1
7160 1
7160 1
7160 1
7160 1
7160 1
7560 1
7560 1
7560 1
7560 1
7560 1
7560 1
7059 1
7059 1
7059 1
7059 1
7059 1
7059 1
7262 1
7262 1
7262 1
7262 1
7262 1
7262 1
7460 1
7460 1
7460 1
7460 1
7460 1
7460 1
6960 1
6960 1
6960 1
6960 1
6960 1
6960 1
7361 1
7361 1
7361 1
7361 1
7361 1
7361 1
7161 1
7161 1
7161 1
7161 1
7161 1
7161 1
7060 1
7060 1
7060 1
7060 1
7060 1
7060 1
7561 1
7561 1
7561 1
7561 1
7561 1
7561 1
7263 1
7263 1
7263 1
7263 1
7263 1
7263 1
7461 1
7461 1
7461 1
7461 1
7461 1
7461 1
6961 1
6961 1
6961 1
6961 1
6961 1
6961 1
7362 1
7362 1
7362 1
7362 1
7362 1
7362 1
7162 1
7162 1
7162 1
7162 1
7162 1
7162 1
7061 1
7061 1
7061 1
7061 1
7061 1
7061 1
7562 1
7562 1
7562 1
7562 1
7562 1
7562 1
6962 1
6962 1
6962 1
6962 1
6962 1
6962 1
7264 1
7264 1
7264 1
7264 1
7264 1
7264 1
7462 1
7462 1
7462 1
7462 1
7462 1
7462 1
7363 1
7363 1
7363 1
7363 1
7363 1
7363 1
7163 1
7163 1
7163 1
7163 1
7163 1
7163 1
7062 1
7062 1
7062 1
7062 1
7062 1
7062 1
6963 1
6963 1
6963 1
6963 1
6963 1
6963 1
7563 1
7563 1
7563 1
7563 1
7563 1
7563 1
7265 1
7265 1
7265 1
7265 1
7265 1
7265 1
7463 1
7463 1
7463 1
7463 1
7463 1
7463 1
7164 1
7164 1
7164 1
7164 1
7164 1
7164 1
7364 1
7364 1
7364 1
7364 1
7364 1
7364 1
7063 1
7063 1
7063 1
7063 1
7063 1
7063 1
7665 1
7665 1
7665 1
7665 1
7665 1
7665 1
6964 1
6964 1
6964 1
6964 1
6964 1
6964 1
7266 1
7266 1
7266 1
7266 1
7266 1
7266 1
7564 1
7564 1
7564 1
7564 1
7564 1
7564 1
7165 1
7165 1
7165 1
7165 1
7165 1
7165 1
7064 1
7064 1
7064 1
7064 1
7064 1
7064 1
7464 1
7464 1
7464 1
7464 1
7464 1
7464 1
7365 1
7365 1
7365 1
7365 1
7365 1
7365 1
6965 1
6965 1
6965 1
6965 1
6965 1
6965 1
7666 1
7666 1
7666 1
7666 1
7666 1
7666 1
7267 1
7267 1
7267 1
7267 1
7267 1
7267 1
7065 1
7065 1
7065 1
7065 1
7065 1
7065 1
7565 1
7565 1
7565 1
7565 1
7565 1
7565 1
7166 1
7166 1
7166 1
7166 1
7166 1
7166 1
7465 1
7465 1
7465 1
7465 1
7465 1
7465 1
7366 1
7366 1
7366 1
7366 1
7366 1
7366 1
7667 1
7667 1
7667 1
7667 1
7667 1
7667 1
7268 1
7268 1
7268 1
7268 1
7268 1
7268 1
7066 1
7066 1
7066 1
7066 1
7066 1
7066 1
7167 1
7167 1
7167 1
7167 1
7167 1
7167 1
7566 1
7566 1
7566 1
7566 1
7566 1
7566 1
7466 1
7466 1
7466 1
7466 1
7466 1
7466 1
7367 1
7367 1
7367 1
7367 1
7367 1
7367 1
7668 1
7668 1
7668 1
7668 1
7668 1
7668 1
7269 1
7269 1
7269 1
7269 1
7269 1
7269 1
7067 1
7067 1
7067 1
7067 1
7067 1
7067 1
7168 1
7168 1
7168 1
7168 1
7168 1
7168 1
7567 1
7567 1
7567 1
7567 1
7567 1
7567 1
7368 1
7368 1
7368 1
7368 1
7368 1
7368 1
7467 1
7467 1
7467 1
7467 1
7467 1
7467 1
7068 1
7068 1
7068 1
7068 1
7068 1
7068 1
7270 1
7270 1
7270 1
7270 1
7270 1
7270 1
7169 1
7169 1
7169 1
7169 1
7169 1
7169 1
7669 1
7669 1
7669 1
7669 1
7669 1
7669 1
7568 1
7568 1
7568 1
7568 1
7568 1
7568 1
7369 1
7369 1
7369 1
7369 1
7369 1
7369 1
7468 1
7468 1
7468 1
7468 1
7468 1
7468 1
7069 1
7069 1
7069 1
7069 1
7069 1
7069 1
7271 1
7271 1
7271 1
7271 1
7271 1
7271 1
7670 1
7670 1
7670 1
7670 1
7670 1
7670 1
7370 1
7370 1
7370 1
7370 1
7370 1
7370 1
7569 1
7569 1
7569 1
7569 1
7569 1
7569 1
7469 1
7469 1
7469 1
7469 1
7469 1
7469 1
7070 1
7070 1
7070 1
7070 1
7070 1
7070 1
7171 1
7171 1
7171 1
7171 1
7171 1
7171 1
7671 1
7671 1
7671 1
7671 1
7671 1
7671 1
7371 1
7371 1
7371 1
7371 1
7371 1
7371 1
7071 1
7071 1
7071 1
7071 1
7071 1
7071 1
7570 1
7570 1
7570 1
7570 1
7570 1
7570 1
7470 1
7470 1
7470 1
7470 1
7470 1
7470 1
7172 1
7172 1
7172 1
7172 1
7172 1
7172 1
7672 1
7672 1
7672 1
7672 1
7672 1
7672 1
7072 1
7072 1
7072 1
7072 1
7072 1
7072 1
7372 1
7372 1
7372 1
7372 1
7372 1
7372 1
7571 1
7571 1
7571 1
7571 1
7571 1
7571 1
7471 1
7471 1
7471 1
7471 1
7471 1
7471 1
7173 1
7173 1
7173 1
7173 1
7173 1
7173 1
7373 1
7373 1
7373 1
7373 1
7373 1
7373 1
7673 1
7673 1
7673 1
7673 1
7673 1
7673 1
7174 1
7174 1
7174 1
7174 1
7174 1
7174 1
7472 1
7472 1
7472 1
7472 1
7472 1
7472 1
7572 1
7572 1
7572 1
7572 1
7572 1
7572 1
7773 1
7773 1
7773 1
7773 1
7773 1
7773 1
7374 1
7374 1
7374 1
7374 1
7374 1
7374 1
7175 1
7175 1
7175 1
7175 1
7175 1
7175 1
7674 1
7674 1
7674 1
7674 1
7674 1
7674 1
7473 1
7473 1
7473 1
7473 1
7473 1
7473 1
7573 1
7573 1
7573 1
7573 1
7573 1
7573 1
7774 1
7774 1
7774 1
7774 1
7774 1
7774 1
7375 1
7375 1
7375 1
7375 1
7375 1
7375 1
7176 1
7176 1
7176 1
7176 1
7176 1
7176 1
7675 1
7675 1
7675 1
7675 1
7675 1
7675 1
7474 1
7474 1
7474 1
7474 1
7474 1
7474 1
7574 1
7574 1
7574 1
7574 1
7574 1
7574 1
7775 1
7775 1
7775 1
7775 1
7775 1
7775 1
7177 1
7177 1
7177 1
7177 1
7177 1
7177 1
7376 1
7376 1
7376 1
7376 1
7376 1
7376 1
7676 1
7676 1
7676 1
7676 1
7676 1
7676 1
7475 1
7475 1
7475 1
7475 1
7475 1
7475 1
7575 1
7575 1
7575 1
7575 1
7575 1
7575 1
7178 1
7178 1
7178 1
7178 1
7178 1
7178 1
7776 1
7776 1
7776 1
7776 1
7776 1
7776 1
7377 1
7377 1
7377 1
7377 1
7377 1
7377 1
7476 1
7476 1
7476 1
7476 1
7476 1
7476 1
7677 1
7677 1
7677 1
7677 1
7677 1
7677 1
7576 1
7576 1
7576 1
7576 1
7576 1
7576 1
7179 1
7179 1
7179 1
7179 1
7179 1
7179 1
7378 1
7378 1
7378 1
7378 1
7378 1
7378 1
7777 1
7777 1
7777 1
7777 1
7777 1
7777 1
7477 1
7477 1
7477 1
7477 1
7477 1
7477 1
7678 1
7678 1
7678 1
7678 1
7678 1
7678 1
7577 1
7577 1
7577 1
7577 1
7577 1
7577 1
7180 1
7180 1
7180 1
7180 1
7180 1
7180 1
7379 1
7379 1
7379 1
7379 1
7379 1
7379 1
7281 1
7281 1
7281 1
7281 1
7281 1
7281 1
7778 1
7778 1
7778 1
7778 1
7778 1
7778 1
7478 1
7478 1
7478 1
7478 1
7478 1
7478 1
7181 1
7181 1
7181 1
7181 1
7181 1
7181 1
7679 1
7679 1
7679 1
7679 1
7679 1
7679 1
7578 1
7578 1
7578 1
7578 1
7578 1
7578 1
7282 1
7282 1
7282 1
7282 1
7282 1
7282 1
7779 1
7779 1
7779 1
7779 1
7779 1
7779 1
7479 1
7479 1
7479 1
7479 1
7479 1
7479 1
7182 1
7182 1
7182 1
7182 1
7182 1
7182 1
7680 1
7680 1
7680 1
7680 1
7680 1
7680 1
7579 1
7579 1
7579 1
7579 1
7579 1
7579 1
7283 1
7283 1
7283 1
7283 1
7283 1
7283 1
7780 1
7780 1
7780 1
7780 1
7780 1
7780 1
7480 1
7480 1
7480 1
7480 1
7480 1
7480 1
7580 1
7580 1
7580 1
7580 1
7580 1
7580 1
7284 1
7284 1
7284 1
7284 1
7284 1
7284 1
7681 1
7681 1
7681 1
7681 1
7681 1
7681 1
7481 1
7481 1
7481 1
7481 1
7481 1
7481 1
7781 1
7781 1
7781 1
7781 1
7781 1
7781 1
7285 1
7285 1
7285 1
7285 1
7285 1
7285 1
7581 1
7581 1
7581 1
7581 1
7581 1
7581 1
7682 1
7682 1
7682 1
7682 1
7682 1
7682 1
7881 1
7881 1
7881 1
7881 1
7881 1
7881 1
7482 1
7482 1
7482 1
7482 1
7482 1
7482 1
7782 1
7782 1
7782 1
7782 1
7782 1
7782 1
7286 1
7286 1
7286 1
7286 1
7286 1
7286 1
7582 1
7582 1
7582 1
7582 1
7582 1
7582 1
7683 1
7683 1
7683 1
7683 1
7683 1
7683 1
7882 1
7882 1
7882 1
7882 1
7882 1
7882 1
7483 1
7483 1
7483 1
7483 1
7483 1
7483 1
7287 1
7287 1
7287 1
7287 1
7287 1
7287 1
7783 1
7783 1
7783 1
7783 1
7783 1
7783 1
7583 1
7583 1
7583 1
7583 1
7583 1
7583 1
7684 1
7684 1
7684 1
7684 1
7684 1
7684 1
7883 1
7883 1
7883 1
7883 1
7883 1
7883 1
7484 1
7484 1
7484 1
7484 1
7484 1
7484 1
7288 1
7288 1
7288 1
7288 1
7288 1
7288 1
7784 1
7784 1
7784 1
7784 1
7784 1
7784 1
7584 1
7584 1
7584 1
7584 1
7584 1
7584 1
7685 1
7685 1
7685 1
7685 1
7685 1
7685 1
7289 1
7289 1
7289 1
7289 1
7289 1
7289 1
7884 1
7884 1
7884 1
7884 1
7884 1
7884 1
7785 1
7785 1
7785 1
7785 1
7785 1
7785 1
7585 1
7585 1
7585 1
7585 1
7585 1
7585 1
7686 1
7686 1
7686 1
7686 1
7686 1
7686 1
7290 1
7290 1
7290 1
7290 1
7290 1
7290 1
7885 1
7885 1
7885 1
7885 1
7885 1
7885 1
7586 1
7586 1
7586 1
7586 1
7586 1
7586 1
7786 1
7786 1
7786 1
7786 1
7786 1
7786 1
7291 1
7291 1
7291 1
7291 1
7291 1
7291 1
7687 1
7687 1
7687 1
7687 1
7687 1
7687 1
7886 1
7886 1
7886 1
7886 1
7886 1
7886 1
7587 1
7587 1
7587 1
7587 1
7587 1
7587 1
7292 1
7292 1
7292 1
7292 1
7292 1
7292 1
7787 1
7787 1
7787 1
7787 1
7787 1
7787 1
7688 1
7688 1
7688 1
7688 1
7688 1
7688 1
7390 1
7390 1
7390 1
7390 1
7390 1
7390 1
7887 1
7887 1
7887 1
7887 1
7887 1
7887 1
7293 1
7293 1
7293 1
7293 1
7293 1
7293 1
7588 1
7588 1
7588 1
7588 1
7588 1
7588 1
7788 1
7788 1
7788 1
7788 1
7788 1
7788 1
7689 1
7689 1
7689 1
7689 1
7689 1
7689 1
7391 1
7391 1
7391 1
7391 1
7391 1
7391 1
7888 1
7888 1
7888 1
7888 1
7888 1
7888 1
7589 1
7589 1
7589 1
7589 1
7589 1
7589 1
7789 1
7789 1
7789 1
7789 1
7789 1
7789 1
7392 1
7392 1
7392 1
7392 1
7392 1
7392 1
7690 1
7690 1
7690 1
7690 1
7690 1
7690 1
7590 1
7590 1
7590 1
7590 1
7590 1
7590 1
7889 1
7889 1
7889 1
7889 1
7889 1
7889 1
7393 1
7393 1
7393 1
7393 1
7393 1
7393 1
7790 1
7790 1
7790 1
7790 1
7790 1
7790 1
7691 1
7691 1
7691 1
7691 1
7691 1
7691 1
7988 1
7988 1
7988 1
7988 1
7988 1
7988 1
7591 1
7591 1
7591 1
7591 1
7591 1
7591 1
7394 1
7394 1
7394 1
7394 1
7394 1
7394 1
7890 1
7890 1
7890 1
7890 1
7890 1
7890 1
7791 1
7791 1
7791 1
7791 1
7791 1
7791 1
7692 1
7692 1
7692 1
7692 1
7692 1
7692 1
7989 1
7989 1
7989 1
7989 1
7989 1
7989 1
7592 1
7592 1
7592 1
7592 1
7592 1
7592 1
7395 1
7395 1
7395 1
7395 1
7395 1
7395 1
7891 1
7891 1
7891 1
7891 1
7891 1
7891 1
7693 1
7693 1
7693 1
7693 1
7693 1
7693 1
7792 1
7792 1
7792 1
7792 1
7792 1
7792 1
7396 1
7396 1
7396 1
7396 1
7396 1
7396 1
7990 1
7990 1
7990 1
7990 1
7990 1
7990 1
7892 1
7892 1
7892 1
7892 1
7892 1
7892 1
7694 1
7694 1
7694 1
7694 1
7694 1
7694 1
7793 1
7793 1
7793 1
7793 1
7793 1
7793 1
7397 1
7397 1
7397 1
7397 1
7397 1
7397 1
7991 1
7991 1
7991 1
7991 1
7991 1
7991 1
7893 1
7893 1
7893 1
7893 1
7893 1
7893 1
7695 1
7695 1
7695 1
7695 1
7695 1
7695 1
7794 1
7794 1
7794 1
7794 1
7794 1
7794 1
7398 1
7398 1
7398 1
7398 1
7398 1
7398 1
7992 1
7992 1
7992 1
7992 1
7992 1
7992 1
7696 1
7696 1
7696 1
7696 1
7696 1
7696 1
7894 1
7894 1
7894 1
7894 1
7894 1
7894 1
7399 1
7399 1
7399 1
7399 1
7399 1
7399 1
7795 1
7795 1
7795 1
7795 1
7795 1
7795 1
7497 1
7497 1
7497 1
7497 1
7497 1
7497 1
7993 1
7993 1
7993 1
7993 1
7993 1
7993 1
7697 1
7697 1
7697 1
7697 1
7697 1
7697 1
7400 1
7400 1
7400 1
7400 1
7400 1
7400 1
7895 1
7895 1
7895 1
7895 1
7895 1
7895 1
7796 1
7796 1
7796 1
7796 1
7796 1
7796 1
7498 1
7498 1
7498 1
7498 1
7498 1
7498 1
7994 1
7994 1
7994 1
7994 1
7994 1
7994 1
7698 1
7698 1
7698 1
7698 1
7698 1
7698 1
7797 1
7797 1
7797 1
7797 1
7797 1
7797 1
7499 1
7499 1
7499 1
7499 1
7499 1
7499 1
7896 1
7896 1
7896 1
7896 1
7896 1
7896 1
7699 1
7699 1
7699 1
7699 1
7699 1
7699 1
7995 1
7995 1
7995 1
7995 1
7995 1
7995 1
7500 1
7500 1
7500 1
7500 1
7500 1
7500 1
7798 1
7798 1
7798 1
7798 1
7798 1
7798 1
7897 1
7897 1
7897 1
7897 1
7897 1
7897 1
7700 1
7700 1
7700 1
7700 1
7700 1
7700 1
7501 1
7501 1
7501 1
7501 1
7501 1
7501 1
7996 1
7996 1
7996 1
7996 1
7996 1
7996 1
7799 1
7799 1
7799 1
7799 1
7799 1
7799 1
7898 1
7898 1
7898 1
7898 1
7898 1
7898 1
8094 1
8094 1
8094 1
8094 1
8094 1
8094 1
7701 1
7701 1
7701 1
7701 1
7701 1
7701 1
7502 1
7502 1
7502 1
7502 1
7502 1
7502 1
7997 1
7997 1
7997 1
7997 1
7997 1
7997 1
7800 1
7800 1
7800 1
7800 1
7800 1
7800 1
7899 1
7899 1
7899 1
7899 1
7899 1
7899 1
8095 1
8095 1
8095 1
8095 1
8095 1
8095 1
7503 1
7503 1
7503 1
7503 1
7503 1
7503 1
7801 1
7801 1
7801 1
7801 1
7801 1
7801 1
7998 1
7998 1
7998 1
7998 1
7998 1
7998 1
7900 1
7900 1
7900 1
7900 1
7900 1
7900 1
7504 1
7504 1
7504 1
7504 1
7504 1
7504 1
8096 1
8096 1
8096 1
8096 1
8096 1
8096 1
7802 1
7802 1
7802 1
7802 1
7802 1
7802 1
7999 1
7999 1
7999 1
7999 1
7999 1
7999 1
7901 1
7901 1
7901 1
7901 1
7901 1
7901 1
7505 1
7505 1
7505 1
7505 1
7505 1
7505 1
8097 1
8097 1
8097 1
8097 1
8097 1
8097 1
7803 1
7803 1
7803 1
7803 1
7803 1
7803 1
7506 1
7506 1
7506 1
7506 1
7506 1
7506 1
8000 1
8000 1
8000 1
8000 1
8000 1
8000 1
7902 1
7902 1
7902 1
7902 1
7902 1
7902 1
8098 1
8098 1
8098 1
8098 1
8098 1
8098 1
7804 1
7804 1
7804 1
7804 1
7804 1
7804 1
7507 1
7507 1
7507 1
7507 1
7507 1
7507 1
8001 1
8001 1
8001 1
8001 1
8001 1
8001 1
7903 1
7903 1
7903 1
7903 1
7903 1
7903 1
8099 1
8099 1
8099 1
8099 1
8099 1
8099 1
7508 1
7508 1
7508 1
7508 1
7508 1
7508 1
7805 1
7805 1
7805 1
7805 1
7805 1
7805 1
8002 1
8002 1
8002 1
8002 1
8002 1
8002 1
7904 1
7904 1
7904 1
7904 1
7904 1
7904 1
7607 1
7607 1
7607 1
7607 1
7607 1
7607 1
7806 1
7806 1
7806 1
7806 1
7806 1
7806 1
8100 1
8100 1
8100 1
8100 1
8100 1
8100 1
7608 1
7608 1
7608 1
7608 1
7608 1
7608 1
7905 1
7905 1
7905 1
7905 1
7905 1
7905 1
8003 1
8003 1
8003 1
8003 1
8003 1
8003 1
7807 1
7807 1
7807 1
7807 1
7807 1
7807 1
8101 1
8101 1
8101 1
8101 1
8101 1
8101 1
7609 1
7609 1
7609 1
7609 1
7609 1
7609 1
7906 1
7906 1
7906 1
7906 1
7906 1
7906 1
8004 1
8004 1
8004 1
8004 1
8004 1
8004 1
8198 1
8198 1
8198 1
8198 1
8198 1
8198 1
7808 1
7808 1
7808 1
7808 1
7808 1
7808 1
7610 1
7610 1
7610 1
7610 1
7610 1
7610 1
8102 1
8102 1
8102 1
8102 1
8102 1
8102 1
7907 1
7907 1
7907 1
7907 1
7907 1
7907 1
8005 1
8005 1
8005 1
8005 1
8005 1
8005 1
8199 1
8199 1
8199 1
8199 1
8199 1
8199 1
7611 1
7611 1
7611 1
7611 1
7611 1
7611 1
8103 1
8103 1
8103 1
8103 1
8103 1
8103 1
7908 1
7908 1
7908 1
7908 1
7908 1
7908 1
8006 1
8006 1
8006 1
8006 1
8006 1
8006 1
7612 1
7612 1
7612 1
7612 1
7612 1
7612 1
8200 1
8200 1
8200 1
8200 1
8200 1
8200 1
8104 1
8104 1
8104 1
8104 1
8104 1
8104 1
7909 1
7909 1
7909 1
7909 1
7909 1
7909 1
8007 1
8007 1
8007 1
8007 1
8007 1
8007 1
7613 1
7613 1
7613 1
7613 1
7613 1
7613 1
8201 1
8201 1
8201 1
8201 1
8201 1
8201 1
7910 1
7910 1
7910 1
7910 1
7910 1
7910 1
8105 1
8105 1
8105 1
8105 1
8105 1
8105 1
8008 1
8008 1
8008 1
8008 1
8008 1
8008 1
7614 1
7614 1
7614 1
7614 1
7614 1
7614 1
8202 1
8202 1
8202 1
8202 1
8202 1
8202 1
7911 1
7911 1
7911 1
7911 1
7911 1
7911 1
8106 1
8106 1
8106 1
8106 1
8106 1
8106 1
7615 1
7615 1
7615 1
7615 1
7615 1
7615 1
8009 1
8009 1
8009 1
8009 1
8009 1
8009 1
8203 1
8203 1
8203 1
8203 1
8203 1
8203 1
7912 1
7912 1
7912 1
7912 1
7912 1
7912 1
7616 1
7616 1
7616 1
7616 1
7616 1
7616 1
8107 1
8107 1
8107 1
8107 1
8107 1
8107 1
8010 1
8010 1
8010 1
8010 1
8010 1
8010 1
7716 1
7716 1
7716 1
7716 1
7716 1
7716 1
8204 1
8204 1
8204 1
8204 1
8204 1
8204 1
7913 1
7913 1
7913 1
7913 1
7913 1
7913 1
8108 1
8108 1
8108 1
8108 1
8108 1
8108 1
8011 1
8011 1
8011 1
8011 1
8011 1
8011 1
7717 1
7717 1
7717 1
7717 1
7717 1
7717 1
7914 1
7914 1
7914 1
7914 1
7914 1
7914 1
8205 1
8205 1
8205 1
8205 1
8205 1
8205 1
7718 1
7718 1
7718 1
7718 1
7718 1
7718 1
8109 1
8109 1
8109 1
8109 1
8109 1
8109 1
8012 1
8012 1
8012 1
8012 1
8012 1
8012 1
7915 1
7915 1
7915 1
7915 1
7915 1
7915 1
8206 1
8206 1
8206 1
8206 1
8206 1
8206 1
7719 1
7719 1
7719 1
7719 1
7719 1
7719 1
8110 1
8110 1
8110 1
8110 1
8110 1
8110 1
8013 1
8013 1
8013 1
8013 1
8013 1
8013 1
8304 1
8304 1
8304 1
8304 1
8304 1
8304 1
7720 1
7720 1
7720 1
7720 1
7720 1
7720 1
8207 1
8207 1
8207 1
8207 1
8207 1
8207 1
8111 1
8111 1
8111 1
8111 1
8111 1
8111 1
8014 1
8014 1
8014 1
8014 1
8014 1
8014 1
8305 1
8305 1
8305 1
8305 1
8305 1
8305 1
7721 1
7721 1
7721 1
7721 1
7721 1
7721 1
8208 1
8208 1
8208 1
8208 1
8208 1
8208 1
8015 1
8015 1
8015 1
8015 1
8015 1
8015 1
8112 1
8112 1
8112 1
8112 1
8112 1
8112 1
7722 1
7722 1
7722 1
7722 1
7722 1
7722 1
8306 1
8306 1
8306 1
8306 1
8306 1
8306 1
8209 1
8209 1
8209 1
8209 1
8209 1
8209 1
8016 1
8016 1
8016 1
8016 1
8016 1
8016 1
8113 1
8113 1
8113 1
8113 1
8113 1
8113 1
7723 1
7723 1
7723 1
7723 1
7723 1
7723 1
8307 1
8307 1
8307 1
8307 1
8307 1
8307 1
8017 1
8017 1
8017 1
8017 1
8017 1
8017 1
8210 1
8210 1
8210 1
8210 1
8210 1
8210 1
8114 1
8114 1
8114 1
8114 1
8114 1
8114 1
7724 1
7724 1
7724 1
7724 1
7724 1
7724 1
8308 1
8308 1
8308 1
8308 1
8308 1
8308 1
8018 1
8018 1
8018 1
8018 1
8018 1
8018 1
7725 1
7725 1
7725 1
7725 1
7725 1
7725 1
8211 1
8211 1
8211 1
8211 1
8211 1
8211 1
8115 1
8115 1
8115 1
8115 1
8115 1
8115 1
8309 1
8309 1
8309 1
8309 1
8309 1
8309 1
8019 1
8019 1
8019 1
8019 1
8019 1
8019 1
8212 1
8212 1
8212 1
8212 1
8212 1
8212 1
8116 1
8116 1
8116 1
8116 1
8116 1
8116 1
7824 1
7824 1
7824 1
7824 1
7824 1
7824 1
8310 1
8310 1
8310 1
8310 1
8310 1
8310 1
8020 1
8020 1
8020 1
8020 1
8020 1
8020 1
7825 1
7825 1
7825 1
7825 1
7825 1
7825 1
8117 1
8117 1
8117 1
8117 1
8117 1
8117 1
8213 1
8213 1
8213 1
8213 1
8213 1
8213 1
8021 1
8021 1
8021 1
8021 1
8021 1
8021 1
7826 1
7826 1
7826 1
7826 1
7826 1
7826 1
8311 1
8311 1
8311 1
8311 1
8311 1
8311 1
8118 1
8118 1
8118 1
8118 1
8118 1
8118 1
8214 1
8214 1
8214 1
8214 1
8214 1
8214 1
7827 1
7827 1
7827 1
7827 1
7827 1
7827 1
8312 1
8312 1
8312 1
8312 1
8312 1
8312 1
8119 1
8119 1
8119 1
8119 1
8119 1
8119 1
8215 1
8215 1
8215 1
8215 1
8215 1
8215 1
8410 1
8410 1
8410 1
8410 1
8410 1
8410 1
7828 1
7828 1
7828 1
7828 1
7828 1
7828 1
8313 1
8313 1
8313 1
8313 1
8313 1
8313 1
8120 1
8120 1
8120 1
8120 1
8120 1
8120 1
8216 1
8216 1
8216 1
8216 1
8216 1
8216 1
7829 1
7829 1
7829 1
7829 1
7829 1
7829 1
8411 1
8411 1
8411 1
8411 1
8411 1
8411 1
8121 1
8121 1
8121 1
8121 1
8121 1
8121 1
8314 1
8314 1
8314 1
8314 1
8314 1
8314 1
8217 1
8217 1
8217 1
8217 1
8217 1
8217 1
7830 1
7830 1
7830 1
7830 1
7830 1
7830 1
8412 1
8412 1
8412 1
8412 1
8412 1
8412 1
8122 1
8122 1
8122 1
8122 1
8122 1
8122 1
8315 1
8315 1
8315 1
8315 1
8315 1
8315 1
8218 1
8218 1
8218 1
8218 1
8218 1
8218 1
7831 1
7831 1
7831 1
7831 1
7831 1
7831 1
8413 1
8413 1
8413 1
8413 1
8413 1
8413 1
8123 1
8123 1
8123 1
8123 1
8123 1
8123 1
7832 1
7832 1
7832 1
7832 1
7832 1
7832 1
8316 1
8316 1
8316 1
8316 1
8316 1
8316 1
8219 1
8219 1
8219 1
8219 1
8219 1
8219 1
8414 1
8414 1
8414 1
8414 1
8414 1
8414 1
8124 1
8124 1
8124 1
8124 1
8124 1
8124 1
8317 1
8317 1
8317 1
8317 1
8317 1
8317 1
8220 1
8220 1
8220 1
8220 1
8220 1
8220 1
7931 1
7931 1
7931 1
7931 1
7931 1
7931 1
8415 1
8415 1
8415 1
8415 1
8415 1
8415 1
8125 1
8125 1
8125 1
8125 1
8125 1
8125 1
8318 1
8318 1
8318 1
8318 1
8318 1
8318 1
8221 1
8221 1
8221 1
8221 1
8221 1
8221 1
7932 1
7932 1
7932 1
7932 1
7932 1
7932 1
8126 1
8126 1
8126 1
8126 1
8126 1
8126 1
8416 1
8416 1
8416 1
8416 1
8416 1
8416 1
7933 1
7933 1
7933 1
7933 1
7933 1
7933 1
8222 1
8222 1
8222 1
8222 1
8222 1
8222 1
8319 1
8319 1
8319 1
8319 1
8319 1
8319 1
8127 1
8127 1
8127 1
8127 1
8127 1
8127 1
8417 1
8417 1
8417 1
8417 1
8417 1
8417 1
7934 1
7934 1
7934 1
7934 1
7934 1
7934 1
8223 1
8223 1
8223 1
8223 1
8223 1
8223 1
8320 1
8320 1
8320 1
8320 1
8320 1
8320 1
7935 1
7935 1
7935 1
7935 1
7935 1
7935 1
8418 1
8418 1
8418 1
8418 1
8418 1
8418 1
8224 1
8224 1
8224 1
8224 1
8224 1
8224 1
8321 1
8321 1
8321 1
8321 1
8321 1
8321 1
8516 1
8516 1
8516 1
8516 1
8516 1
8516 1
7936 1
7936 1
7936 1
7936 1
7936 1
7936 1
8419 1
8419 1
8419 1
8419 1
8419 1
8419 1
8225 1
8225 1
8225 1
8225 1
8225 1
8225 1
8322 1
8322 1
8322 1
8322 1
8322 1
8322 1
7937 1
7937 1
7937 1
7937 1
7937 1
7937 1
8517 1
8517 1
8517 1
8517 1
8517 1
8517 1
8420 1
8420 1
8420 1
8420 1
8420 1
8420 1
8226 1
8226 1
8226 1
8226 1
8226 1
8226 1
8323 1
8323 1
8323 1
8323 1
8323 1
8323 1
7938 1
7938 1
7938 1
7938 1
7938 1
7938 1
8518 1
8518 1
8518 1
8518 1
8518 1
8518 1
8227 1
8227 1
8227 1
8227 1
8227 1
8227 1
8421 1
8421 1
8421 1
8421 1
8421 1
8421 1
7939 1
7939 1
7939 1
7939 1
7939 1
7939 1
8324 1
8324 1
8324 1
8324 1
8324 1
8324 1
8519 1
8519 1
8519 1
8519 1
8519 1
8519 1
8228 1
8228 1
8228 1
8228 1
8228 1
8228 1
8422 1
8422 1
8422 1
8422 1
8422 1
8422 1
8325 1
8325 1
8325 1
8325 1
8325 1
8325 1
8037 1
8037 1
8037 1
8037 1
8037 1
8037 1
8520 1
8520 1
8520 1
8520 1
8520 1
8520 1
8229 1
8229 1
8229 1
8229 1
8229 1
8229 1
8423 1
8423 1
8423 1
8423 1
8423 1
8423 1
8326 1
8326 1
8326 1
8326 1
8326 1
8326 1
8038 1
8038 1
8038 1
8038 1
8038 1
8038 1
8521 1
8521 1
8521 1
8521 1
8521 1
8521 1
8230 1
8230 1
8230 1
8230 1
8230 1
8230 1
8424 1
8424 1
8424 1
8424 1
8424 1
8424 1
8039 1
8039 1
8039 1
8039 1
8039 1
8039 1
8327 1
8327 1
8327 1
8327 1
8327 1
8327 1
8231 1
8231 1
8231 1
8231 1
8231 1
8231 1
8522 1
8522 1
8522 1
8522 1
8522 1
8522 1
8040 1
8040 1
8040 1
8040 1
8040 1
8040 1
8425 1
8425 1
8425 1
8425 1
8425 1
8425 1
8328 1
8328 1
8328 1
8328 1
8328 1
8328 1
8041 1
8041 1
8041 1
8041 1
8041 1
8041 1
8523 1
8523 1
8523 1
8523 1
8523 1
8523 1
8426 1
8426 1
8426 1
8426 1
8426 1
8426 1
8329 1
8329 1
8329 1
8329 1
8329 1
8329 1
8042 1
8042 1
8042 1
8042 1
8042 1
8042 1
8524 1
8524 1
8524 1
8524 1
8524 1
8524 1
8330 1
8330 1
8330 1
8330 1
8330 1
8330 1
8427 1
8427 1
8427 1
8427 1
8427 1
8427 1
8621 1
8621 1
8621 1
8621 1
8621 1
8621 1
8043 1
8043 1
8043 1
8043 1
8043 1
8043 1
8525 1
8525 1
8525 1
8525 1
8525 1
8525 1
8331 1
8331 1
8331 1
8331 1
8331 1
8331 1
8428 1
8428 1
8428 1
8428 1
8428 1
8428 1
8044 1
8044 1
8044 1
8044 1
8044 1
8044 1
8622 1
8622 1
8622 1
8622 1
8622 1
8622 1
8526 1
8526 1
8526 1
8526 1
8526 1
8526 1
8332 1
8332 1
8332 1
8332 1
8332 1
8332 1
8429 1
8429 1
8429 1
8429 1
8429 1
8429 1
8045 1
8045 1
8045 1
8045 1
8045 1
8045 1
8623 1
8623 1
8623 1
8623 1
8623 1
8623 1
8333 1
8333 1
8333 1
8333 1
8333 1
8333 1
8527 1
8527 1
8527 1
8527 1
8527 1
8527 1
8430 1
8430 1
8430 1
8430 1
8430 1
8430 1
8624 1
8624 1
8624 1
8624 1
8624 1
8624 1
8334 1
8334 1
8334 1
8334 1
8334 1
8334 1
8528 1
8528 1
8528 1
8528 1
8528 1
8528 1
8431 1
8431 1
8431 1
8431 1
8431 1
8431 1
8143 1
8143 1
8143 1
8143 1
8143 1
8143 1
8625 1
8625 1
8625 1
8625 1
8625 1
8625 1
8335 1
8335 1
8335 1
8335 1
8335 1
8335 1
8432 1
8432 1
8432 1
8432 1
8432 1
8432 1
8529 1
8529 1
8529 1
8529 1
8529 1
8529 1
8144 1
8144 1
8144 1
8144 1
8144 1
8144 1
8336 1
8336 1
8336 1
8336 1
8336 1
8336 1
8626 1
8626 1
8626 1
8626 1
8626 1
8626 1
8145 1
8145 1
8145 1
8145 1
8145 1
8145 1
8433 1
8433 1
8433 1
8433 1
8433 1
8433 1
8530 1
8530 1
8530 1
8530 1
8530 1
8530 1
8337 1
8337 1
8337 1
8337 1
8337 1
8337 1
8146 1
8146 1
8146 1
8146 1
8146 1
8146 1
8627 1
8627 1
8627 1
8627 1
8627 1
8627 1
8434 1
8434 1
8434 1
8434 1
8434 1
8434 1
8531 1
8531 1
8531 1
8531 1
8531 1
8531 1
8338 1
8338 1
8338 1
8338 1
8338 1
8338 1
8147 1
8147 1
8147 1
8147 1
8147 1
8147 1
8628 1
8628 1
8628 1
8628 1
8628 1
8628 1
8435 1
8435 1
8435 1
8435 1
8435 1
8435 1
8532 1
8532 1
8532 1
8532 1
8532 1
8532 1
8148 1
8148 1
8148 1
8148 1
8148 1
8148 1
8436 1
8436 1
8436 1
8436 1
8436 1
8436 1
8629 1
8629 1
8629 1
8629 1
8629 1
8629 1
8533 1
8533 1
8533 1
8533 1
8533 1
8533 1
8149 1
8149 1
8149 1
8149 1
8149 1
8149 1
8725 1
8725 1
8725 1
8725 1
8725 1
8725 1
8437 1
8437 1
8437 1
8437 1
8437 1
8437 1
8630 1
8630 1
8630 1
8630 1
8630 1
8630 1
8534 1
8534 1
8534 1
8534 1
8534 1
8534 1
8150 1
8150 1
8150 1
8150 1
8150 1
8150 1
8726 1
8726 1
8726 1
8726 1
8726 1
8726 1
8438 1
8438 1
8438 1
8438 1
8438 1
8438 1
8631 1
8631 1
8631 1
8631 1
8631 1
8631 1
8535 1
8535 1
8535 1
8535 1
8535 1
8535 1
8246 1
8246 1
8246 1
8246 1
8246 1
8246 1
8727 1
8727 1
8727 1
8727 1
8727 1
8727 1
8439 1
8439 1
8439 1
8439 1
8439 1
8439 1
8632 1
8632 1
8632 1
8632 1
8632 1
8632 1
8536 1
8536 1
8536 1
8536 1
8536 1
8536 1
8247 1
8247 1
8247 1
8247 1
8247 1
8247 1
8728 1
8728 1
8728 1
8728 1
8728 1
8728 1
8440 1
8440 1
8440 1
8440 1
8440 1
8440 1
8633 1
8633 1
8633 1
8633 1
8633 1
8633 1
8537 1
8537 1
8537 1
8537 1
8537 1
8537 1
8248 1
8248 1
8248 1
8248 1
8248 1
8248 1
8441 1
8441 1
8441 1
8441 1
8441 1
8441 1
8729 1
8729 1
8729 1
8729 1
8729 1
8729 1
8249 1
8249 1
8249 1
8249 1
8249 1
8249 1
8538 1
8538 1
8538 1
8538 1
8538 1
8538 1
8634 1
8634 1
8634 1
8634 1
8634 1
8634 1
8442 1
8442 1
8442 1
8442 1
8442 1
8442 1
8730 1
8730 1
8730 1
8730 1
8730 1
8730 1
8250 1
8250 1
8250 1
8250 1
8250 1
8250 1
8539 1
8539 1
8539 1
8539 1
8539 1
8539 1
8635 1
8635 1
8635 1
8635 1
8635 1
8635 1
8443 1
8443 1
8443 1
8443 1
8443 1
8443 1
8251 1
8251 1
8251 1
8251 1
8251 1
8251 1
8731 1
8731 1
8731 1
8731 1
8731 1
8731 1
8540 1
8540 1
8540 1
8540 1
8540 1
8540 1
8636 1
8636 1
8636 1
8636 1
8636 1
8636 1
8252 1
8252 1
8252 1
8252 1
8252 1
8252 1
8732 1
8732 1
8732 1
8732 1
8732 1
8732 1
8541 1
8541 1
8541 1
8541 1
8541 1
8541 1
8637 1
8637 1
8637 1
8637 1
8637 1
8637 1
8253 1
8253 1
8253 1
8253 1
8253 1
8253 1
8542 1
8542 1
8542 1
8542 1
8542 1
8542 1
8733 1
8733 1
8733 1
8733 1
8733 1
8733 1
8638 1
8638 1
8638 1
8638 1
8638 1
8638 1
8254 1
8254 1
8254 1
8254 1
8254 1
8254 1
8543 1
8543 1
8543 1
8543 1
8543 1
8543 1
8734 1
8734 1
8734 1
8734 1
8734 1
8734 1
8639 1
8639 1
8639 1
8639 1
8639 1
8639 1
8351 1
8351 1
8351 1
8351 1
8351 1
8351 1
8830 1
8830 1
8830 1
8830 1
8830 1
8830 1
8544 1
8544 1
8544 1
8544 1
8544 1
8544 1
8735 1
8735 1
8735 1
8735 1
8735 1
8735 1
8640 1
8640 1
8640 1
8640 1
8640 1
8640 1
8352 1
8352 1
8352 1
8352 1
8352 1
8352 1
8831 1
8831 1
8831 1
8831 1
8831 1
8831 1
8545 1
8545 1
8545 1
8545 1
8545 1
8545 1
8736 1
8736 1
8736 1
8736 1
8736 1
8736 1
8641 1
8641 1
8641 1
8641 1
8641 1
8641 1
8353 1
8353 1
8353 1
8353 1
8353 1
8353 1
8832 1
8832 1
8832 1
8832 1
8832 1
8832 1
8546 1
8546 1
8546 1
8546 1
8546 1
8546 1
8737 1
8737 1
8737 1
8737 1
8737 1
8737 1
8642 1
8642 1
8642 1
8642 1
8642 1
8642 1
8354 1
8354 1
8354 1
8354 1
8354 1
8354 1
8547 1
8547 1
8547 1
8547 1
8547 1
8547 1
8833 1
8833 1
8833 1
8833 1
8833 1
8833 1
8355 1
8355 1
8355 1
8355 1
8355 1
8355 1
8643 1
8643 1
8643 1
8643 1
8643 1
8643 1
8738 1
8738 1
8738 1
8738 1
8738 1
8738 1
8548 1
8548 1
8548 1
8548 1
8548 1
8548 1
8834 1
8834 1
8834 1
8834 1
8834 1
8834 1
8356 1
8356 1
8356 1
8356 1
8356 1
8356 1
8644 1
8644 1
8644 1
8644 1
8644 1
8644 1
8739 1
8739 1
8739 1
8739 1
8739 1
8739 1
8549 1
8549 1
8549 1
8549 1
8549 1
8549 1
8357 1
8357 1
8357 1
8357 1
8357 1
8357 1
8835 1
8835 1
8835 1
8835 1
8835 1
8835 1
8645 1
8645 1
8645 1
8645 1
8645 1
8645 1
8740 1
8740 1
8740 1
8740 1
8740 1
8740 1
8550 1
8550 1
8550 1
8550 1
8550 1
8550 1
8358 1
8358 1
8358 1
8358 1
8358 1
8358 1
8836 1
8836 1
8836 1
8836 1
8836 1
8836 1
8646 1
8646 1
8646 1
8646 1
8646 1
8646 1
8741 1
8741 1
8741 1
8741 1
8741 1
8741 1
8837 1
8837 1
8837 1
8837 1
8837 1
8837 1
8647 1
8647 1
8647 1
8647 1
8647 1
8647 1
8742 1
8742 1
8742 1
8742 1
8742 1
8742 1
8456 1
8456 1
8456 1
8456 1
8456 1
8456 1
8648 1
8648 1
8648 1
8648 1
8648 1
8648 1
8838 1
8838 1
8838 1
8838 1
8838 1
8838 1
8743 1
8743 1
8743 1
8743 1
8743 1
8743 1
8457 1
8457 1
8457 1
8457 1
8457 1
8457 1
8933 1
8933 1
8933 1
8933 1
8933 1
8933 1
8649 1
8649 1
8649 1
8649 1
8649 1
8649 1
8839 1
8839 1
8839 1
8839 1
8839 1
8839 1
8744 1
8744 1
8744 1
8744 1
8744 1
8744 1
8458 1
8458 1
8458 1
8458 1
8458 1
8458 1
8934 1
8934 1
8934 1
8934 1
8934 1
8934 1
8650 1
8650 1
8650 1
8650 1
8650 1
8650 1
8840 1
8840 1
8840 1
8840 1
8840 1
8840 1
8459 1
8459 1
8459 1
8459 1
8459 1
8459 1
8745 1
8745 1
8745 1
8745 1
8745 1
8745 1
8935 1
8935 1
8935 1
8935 1
8935 1
8935 1
8651 1
8651 1
8651 1
8651 1
8651 1
8651 1
8460 1
8460 1
8460 1
8460 1
8460 1
8460 1
8841 1
8841 1
8841 1
8841 1
8841 1
8841 1
8746 1
8746 1
8746 1
8746 1
8746 1
8746 1
8652 1
8652 1
8652 1
8652 1
8652 1
8652 1
8936 1
8936 1
8936 1
8936 1
8936 1
8936 1
8461 1
8461 1
8461 1
8461 1
8461 1
8461 1
8842 1
8842 1
8842 1
8842 1
8842 1
8842 1
8747 1
8747 1
8747 1
8747 1
8747 1
8747 1
8653 1
8653 1
8653 1
8653 1
8653 1
8653 1
8462 1
8462 1
8462 1
8462 1
8462 1
8462 1
8937 1
8937 1
8937 1
8937 1
8937 1
8937 1
8843 1
8843 1
8843 1
8843 1
8843 1
8843 1
8748 1
8748 1
8748 1
8748 1
8748 1
8748 1
8463 1
8463 1
8463 1
8463 1
8463 1
8463 1
8654 1
8654 1
8654 1
8654 1
8654 1
8654 1
8938 1
8938 1
8938 1
8938 1
8938 1
8938 1
8749 1
8749 1
8749 1
8749 1
8749 1
8749 1
8844 1
8844 1
8844 1
8844 1
8844 1
8844 1
8939 1
8939 1
8939 1
8939 1
8939 1
8939 1
8750 1
8750 1
8750 1
8750 1
8750 1
8750 1
8845 1
8845 1
8845 1
8845 1
8845 1
8845 1
8561 1
8561 1
8561 1
8561 1
8561 1
8561 1
8940 1
8940 1
8940 1
8940 1
8940 1
8940 1
8751 1
8751 1
8751 1
8751 1
8751 1
8751 1
8846 1
8846 1
8846 1
8846 1
8846 1
8846 1
8562 1
8562 1
8562 1
8562 1
8562 1
8562 1
8752 1
8752 1
8752 1
8752 1
8752 1
8752 1
8941 1
8941 1
8941 1
8941 1
8941 1
8941 1
8847 1
8847 1
8847 1
8847 1
8847 1
8847 1
8563 1
8563 1
8563 1
8563 1
8563 1
8563 1
9034 1
9034 1
9034 1
9034 1
9034 1
9034 1
8753 1
8753 1
8753 1
8753 1
8753 1
8753 1
8942 1
8942 1
8942 1
8942 1
8942 1
8942 1
8848 1
8848 1
8848 1
8848 1
8848 1
8848 1
8564 1
8564 1
8564 1
8564 1
8564 1
8564 1
9035 1
9035 1
9035 1
9035 1
9035 1
9035 1
8754 1
8754 1
8754 1
8754 1
8754 1
8754 1
8849 1
8849 1
8849 1
8849 1
8849 1
8849 1
8943 1
8943 1
8943 1
8943 1
8943 1
8943 1
8565 1
8565 1
8565 1
8565 1
8565 1
8565 1
8755 1
8755 1
8755 1
8755 1
8755 1
8755 1
9036 1
9036 1
9036 1
9036 1
9036 1
9036 1
8566 1
8566 1
8566 1
8566 1
8566 1
8566 1
8850 1
8850 1
8850 1
8850 1
8850 1
8850 1
8944 1
8944 1
8944 1
8944 1
8944 1
8944 1
8756 1
8756 1
8756 1
8756 1
8756 1
8756 1
8567 1
8567 1
8567 1
8567 1
8567 1
8567 1
9037 1
9037 1
9037 1
9037 1
9037 1
9037 1
8851 1
8851 1
8851 1
8851 1
8851 1
8851 1
8945 1
8945 1
8945 1
8945 1
8945 1
8945 1
8757 1
8757 1
8757 1
8757 1
8757 1
8757 1
9038 1
9038 1
9038 1
9038 1
9038 1
9038 1
8852 1
8852 1
8852 1
8852 1
8852 1
8852 1
8946 1
8946 1
8946 1
8946 1
8946 1
8946 1
8758 1
8758 1
8758 1
8758 1
8758 1
8758 1
8853 1
8853 1
8853 1
8853 1
8853 1
8853 1
9039 1
9039 1
9039 1
9039 1
9039 1
9039 1
8947 1
8947 1
8947 1
8947 1
8947 1
8947 1
8759 1
8759 1
8759 1
8759 1
8759 1
8759 1
8665 1
8665 1
8665 1
8665 1
8665 1
8665 1
8854 1
8854 1
8854 1
8854 1
8854 1
8854 1
9040 1
9040 1
9040 1
9040 1
9040 1
9040 1
8948 1
8948 1
8948 1
8948 1
8948 1
8948 1
8760 1
8760 1
8760 1
8760 1
8760 1
8760 1
8666 1
8666 1
8666 1
8666 1
8666 1
8666 1
8855 1
8855 1
8855 1
8855 1
8855 1
8855 1
9041 1
9041 1
9041 1
9041 1
9041 1
9041 1
8949 1
8949 1
8949 1
8949 1
8949 1
8949 1
8761 1
8761 1
8761 1
8761 1
8761 1
8761 1
8667 1
8667 1
8667 1
8667 1
8667 1
8667 1
8856 1
8856 1
8856 1
8856 1
8856 1
8856 1
9042 1
9042 1
9042 1
9042 1
9042 1
9042 1
8950 1
8950 1
8950 1
8950 1
8950 1
8950 1
8668 1
8668 1
8668 1
8668 1
8668 1
8668 1
8762 1
8762 1
8762 1
8762 1
8762 1
8762 1
9135 1
9135 1
9135 1
9135 1
9135 1
9135 1
8857 1
8857 1
8857 1
8857 1
8857 1
8857 1
9043 1
9043 1
9043 1
9043 1
9043 1
9043 1
8951 1
8951 1
8951 1
8951 1
8951 1
8951 1
8669 1
8669 1
8669 1
8669 1
8669 1
8669 1
9136 1
9136 1
9136 1
9136 1
9136 1
9136 1
8858 1
8858 1
8858 1
8858 1
8858 1
8858 1
8670 1
8670 1
8670 1
8670 1
8670 1
8670 1
8952 1
8952 1
8952 1
8952 1
8952 1
8952 1
9044 1
9044 1
9044 1
9044 1
9044 1
9044 1
8859 1
8859 1
8859 1
8859 1
8859 1
8859 1
9137 1
9137 1
9137 1
9137 1
9137 1
9137 1
8671 1
8671 1
8671 1
8671 1
8671 1
8671 1
8953 1
8953 1
8953 1
8953 1
8953 1
8953 1
9045 1
9045 1
9045 1
9045 1
9045 1
9045 1
8860 1
8860 1
8860 1
8860 1
8860 1
8860 1
9138 1
9138 1
9138 1
9138 1
9138 1
9138 1
8954 1
8954 1
8954 1
8954 1
8954 1
8954 1
9046 1
9046 1
9046 1
9046 1
9046 1
9046 1
8861 1
8861 1
8861 1
8861 1
8861 1
8861 1
9139 1
9139 1
9139 1
9139 1
9139 1
9139 1
8955 1
8955 1
8955 1
8955 1
8955 1
8955 1
9047 1
9047 1
9047 1
9047 1
9047 1
9047 1
8862 1
8862 1
8862 1
8862 1
8862 1
8862 1
9140 1
9140 1
9140 1
9140 1
9140 1
9140 1
8956 1
8956 1
8956 1
8956 1
8956 1
8956 1
9048 1
9048 1
9048 1
9048 1
9048 1
9048 1
8863 1
8863 1
8863 1
8863 1
8863 1
8863 1
8769 1
8769 1
8769 1
8769 1
8769 1
8769 1
9141 1
9141 1
9141 1
9141 1
9141 1
9141 1
8957 1
8957 1
8957 1
8957 1
8957 1
8957 1
9049 1
9049 1
9049 1
9049 1
9049 1
9049 1
8864 1
8864 1
8864 1
8864 1
8864 1
8864 1
8770 1
8770 1
8770 1
8770 1
8770 1
8770 1
8958 1
8958 1
8958 1
8958 1
8958 1
8958 1
9142 1
9142 1
9142 1
9142 1
9142 1
9142 1
9050 1
9050 1
9050 1
9050 1
9050 1
9050 1
8865 1
8865 1
8865 1
8865 1
8865 1
8865 1
8771 1
8771 1
8771 1
8771 1
8771 1
8771 1
8959 1
8959 1
8959 1
8959 1
8959 1
8959 1
9143 1
9143 1
9143 1
9143 1
9143 1
9143 1
9051 1
9051 1
9051 1
9051 1
9051 1
9051 1
8866 1
8866 1
8866 1
8866 1
8866 1
8866 1
8960 1
8960 1
8960 1
8960 1
8960 1
8960 1
9144 1
9144 1
9144 1
9144 1
9144 1
9144 1
9052 1
9052 1
9052 1
9052 1
9052 1
9052 1
8961 1
8961 1
8961 1
8961 1
8961 1
8961 1
9234 1
9234 1
9234 1
9234 1
9234 1
9234 1
9145 1
9145 1
9145 1
9145 1
9145 1
9145 1
9053 1
9053 1
9053 1
9053 1
9053 1
9053 1
8962 1
8962 1
8962 1
8962 1
8962 1
8962 1
9235 1
9235 1
9235 1
9235 1
9235 1
9235 1
9146 1
9146 1
9146 1
9146 1
9146 1
9146 1
9054 1
9054 1
9054 1
9054 1
9054 1
9054 1
8963 1
8963 1
8963 1
8963 1
8963 1
8963 1
9236 1
9236 1
9236 1
9236 1
9236 1
9236 1
9147 1
9147 1
9147 1
9147 1
9147 1
9147 1
9055 1
9055 1
9055 1
9055 1
9055 1
9055 1
8964 1
8964 1
8964 1
8964 1
8964 1
8964 1
9237 1
9237 1
9237 1
9237 1
9237 1
9237 1
9056 1
9056 1
9056 1
9056 1
9056 1
9056 1
9148 1
9148 1
9148 1
9148 1
9148 1
9148 1
8965 1
8965 1
8965 1
8965 1
8965 1
8965 1
9238 1
9238 1
9238 1
9238 1
9238 1
9238 1
9057 1
9057 1
9057 1
9057 1
9057 1
9057 1
9149 1
9149 1
9149 1
9149 1
9149 1
9149 1
8966 1
8966 1
8966 1
8966 1
8966 1
8966 1
9058 1
9058 1
9058 1
9058 1
9058 1
9058 1
9239 1
9239 1
9239 1
9239 1
9239 1
9239 1
9150 1
9150 1
9150 1
9150 1
9150 1
9150 1
8967 1
8967 1
8967 1
8967 1
8967 1
8967 1
9059 1
9059 1
9059 1
9059 1
9059 1
9059 1
9240 1
9240 1
9240 1
9240 1
9240 1
9240 1
9151 1
9151 1
9151 1
9151 1
9151 1
9151 1
8968 1
8968 1
8968 1
8968 1
8968 1
8968 1
9060 1
9060 1
9060 1
9060 1
9060 1
9060 1
9241 1
9241 1
9241 1
9241 1
9241 1
9241 1
9152 1
9152 1
9152 1
9152 1
9152 1
9152 1
8969 1
8969 1
8969 1
8969 1
8969 1
8969 1
9061 1
9061 1
9061 1
9061 1
9061 1
9061 1
9153 1
9153 1
9153 1
9153 1
9153 1
9153 1
9242 1
9242 1
9242 1
9242 1
9242 1
9242 1
9062 1
9062 1
9062 1
9062 1
9062 1
9062 1
9334 1
9334 1
9334 1
9334 1
9334 1
9334 1
9154 1
9154 1
9154 1
9154 1
9154 1
9154 1
9243 1
9243 1
9243 1
9243 1
9243 1
9243 1
9063 1
9063 1
9063 1
9063 1
9063 1
9063 1
9335 1
9335 1
9335 1
9335 1
9335 1
9335 1
9155 1
9155 1
9155 1
9155 1
9155 1
9155 1
9244 1
9244 1
9244 1
9244 1
9244 1
9244 1
9064 1
9064 1
9064 1
9064 1
9064 1
9064 1
9336 1
9336 1
9336 1
9336 1
9336 1
9336 1
9156 1
9156 1
9156 1
9156 1
9156 1
9156 1
9245 1
9245 1
9245 1
9245 1
9245 1
9245 1
9065 1
9065 1
9065 1
9065 1
9065 1
9065 1
9157 1
9157 1
9157 1
9157 1
9157 1
9157 1
9337 1
9337 1
9337 1
9337 1
9337 1
9337 1
9246 1
9246 1
9246 1
9246 1
9246 1
9246 1
9066 1
9066 1
9066 1
9066 1
9066 1
9066 1
9158 1
9158 1
9158 1
9158 1
9158 1
9158 1
9338 1
9338 1
9338 1
9338 1
9338 1
9338 1
9247 1
9247 1
9247 1
9247 1
9247 1
9247 1
9067 1
9067 1
9067 1
9067 1
9067 1
9067 1
9159 1
9159 1
9159 1
9159 1
9159 1
9159 1
9339 1
9339 1
9339 1
9339 1
9339 1
9339 1
9248 1
9248 1
9248 1
9248 1
9248 1
9248 1
9068 1
9068 1
9068 1
9068 1
9068 1
9068 1
9160 1
9160 1
9160 1
9160 1
9160 1
9160 1
9340 1
9340 1
9340 1
9340 1
9340 1
9340 1
9249 1
9249 1
9249 1
9249 1
9249 1
9249 1
9069 1
9069 1
9069 1
9069 1
9069 1
9069 1
9161 1
9161 1
9161 1
9161 1
9161 1
9161 1
9341 1
9341 1
9341 1
9341 1
9341 1
9341 1
9250 1
9250 1
9250 1
9250 1
9250 1
9250 1
9162 1
9162 1
9162 1
9162 1
9162 1
9162 1
9251 1
9251 1
9251 1
9251 1
9251 1
9251 1
9342 1
9342 1
9342 1
9342 1
9342 1
9342 1
9163 1
9163 1
9163 1
9163 1
9163 1
9163 1
9252 1
9252 1
9252 1
9252 1
9252 1
9252 1
9343 1
9343 1
9343 1
9343 1
9343 1
9343 1
9164 1
9164 1
9164 1
9164 1
9164 1
9164 1
9429 1
9429 1
9429 1
9429 1
9429 1
9429 1
9253 1
9253 1
9253 1
9253 1
9253 1
9253 1
9344 1
9344 1
9344 1
9344 1
9344 1
9344 1
9165 1
9165 1
9165 1
9165 1
9165 1
9165 1
9430 1
9430 1
9430 1
9430 1
9430 1
9430 1
9254 1
9254 1
9254 1
9254 1
9254 1
9254 1
9345 1
9345 1
9345 1
9345 1
9345 1
9345 1
9166 1
9166 1
9166 1
9166 1
9166 1
9166 1
9431 1
9431 1
9431 1
9431 1
9431 1
9431 1
9255 1
9255 1
9255 1
9255 1
9255 1
9255 1
9346 1
9346 1
9346 1
9346 1
9346 1
9346 1
9167 1
9167 1
9167 1
9167 1
9167 1
9167 1
9256 1
9256 1
9256 1
9256 1
9256 1
9256 1
9432 1
9432 1
9432 1
9432 1
9432 1
9432 1
9347 1
9347 1
9347 1
9347 1
9347 1
9347 1
9168 1
9168 1
9168 1
9168 1
9168 1
9168 1
9257 1
9257 1
9257 1
9257 1
9257 1
9257 1
9433 1
9433 1
9433 1
9433 1
9433 1
9433 1
9348 1
9348 1
9348 1
9348 1
9348 1
9348 1
9169 1
9169 1
9169 1
9169 1
9169 1
9169 1
9258 1
9258 1
9258 1
9258 1
9258 1
9258 1
9434 1
9434 1
9434 1
9434 1
9434 1
9434 1
9349 1
9349 1
9349 1
9349 1
9349 1
9349 1
9259 1
9259 1
9259 1
9259 1
9259 1
9259 1
9435 1
9435 1
9435 1
9435 1
9435 1
9435 1
9350 1
9350 1
9350 1
9350 1
9350 1
9350 1
9260 1
9260 1
9260 1
9260 1
9260 1
9260 1
9436 1
9436 1
9436 1
9436 1
9436 1
9436 1
9351 1
9351 1
9351 1
9351 1
9351 1
9351 1
9261 1
9261 1
9261 1
9261 1
9261 1
9261 1
9437 1
9437 1
9437 1
9437 1
9437 1
9437 1
9352 1
9352 1
9352 1
9352 1
9352 1
9352 1
9262 1
9262 1
9262 1
9262 1
9262 1
9262 1
9438 1
9438 1
9438 1
9438 1
9438 1
9438 1
9353 1
9353 1
9353 1
9353 1
9353 1
9353 1
9263 1
9263 1
9263 1
9263 1
9263 1
9263 1
9523 1
9523 1
9523 1
9523 1
9523 1
9523 1
9354 1
9354 1
9354 1
9354 1
9354 1
9354 1
9439 1
9439 1
9439 1
9439 1
9439 1
9439 1
9264 1
9264 1
9264 1
9264 1
9264 1
9264 1
9524 1
9524 1
9524 1
9524 1
9524 1
9524 1
9355 1
9355 1
9355 1
9355 1
9355 1
9355 1
9440 1
9440 1
9440 1
9440 1
9440 1
9440 1
9265 1
9265 1
9265 1
9265 1
9265 1
9265 1
9356 1
9356 1
9356 1
9356 1
9356 1
9356 1
9525 1
9525 1
9525 1
9525 1
9525 1
9525 1
9441 1
9441 1
9441 1
9441 1
9441 1
9441 1
9266 1
9266 1
9266 1
9266 1
9266 1
9266 1
9357 1
9357 1
9357 1
9357 1
9357 1
9357 1
9526 1
9526 1
9526 1
9526 1
9526 1
9526 1
9442 1
9442 1
9442 1
9442 1
9442 1
9442 1
9358 1
9358 1
9358 1
9358 1
9358 1
9358 1
9527 1
9527 1
9527 1
9527 1
9527 1
9527 1
9443 1
9443 1
9443 1
9443 1
9443 1
9443 1
9359 1
9359 1
9359 1
9359 1
9359 1
9359 1
9444 1
9444 1
9444 1
9444 1
9444 1
9444 1
9528 1
9528 1
9528 1
9528 1
9528 1
9528 1
9360 1
9360 1
9360 1
9360 1
9360 1
9360 1
9445 1
9445 1
9445 1
9445 1
9445 1
9445 1
9529 1
9529 1
9529 1
9529 1
9529 1
9529 1
9361 1
9361 1
9361 1
9361 1
9361 1
9361 1
9446 1
9446 1
9446 1
9446 1
9446 1
9446 1
9530 1
9530 1
9530 1
9530 1
9530 1
9530 1
9362 1
9362 1
9362 1
9362 1
9362 1
9362 1
9447 1
9447 1
9447 1
9447 1
9447 1
9447 1
9531 1
9531 1
9531 1
9531 1
9531 1
9531 1
9363 1
9363 1
9363 1
9363 1
9363 1
9363 1
9448 1
9448 1
9448 1
9448 1
9448 1
9448 1
9532 1
9532 1
9532 1
9532 1
9532 1
9532 1
9364 1
9364 1
9364 1
9364 1
9364 1
9364 1
9449 1
9449 1
9449 1
9449 1
9449 1
9449 1
9621 1
9621 1
9621 1
9621 1
9621 1
9621 1
9533 1
9533 1
9533 1
9533 1
9533 1
9533 1
9365 1
9365 1
9365 1
9365 1
9365 1
9365 1
9450 1
9450 1
9450 1
9450 1
9450 1
9450 1
9622 1
9622 1
9622 1
9622 1
9622 1
9622 1
9534 1
9534 1
9534 1
9534 1
9534 1
9534 1
9451 1
9451 1
9451 1
9451 1
9451 1
9451 1
9623 1
9623 1
9623 1
9623 1
9623 1
9623 1
9535 1
9535 1
9535 1
9535 1
9535 1
9535 1
9452 1
9452 1
9452 1
9452 1
9452 1
9452 1
9536 1
9536 1
9536 1
9536 1
9536 1
9536 1
9624 1
9624 1
9624 1
9624 1
9624 1
9624 1
9453 1
9453 1
9453 1
9453 1
9453 1
9453 1
9537 1
9537 1
9537 1
9537 1
9537 1
9537 1
9625 1
9625 1
9625 1
9625 1
9625 1
9625 1
9454 1
9454 1
9454 1
9454 1
9454 1
9454 1
9538 1
9538 1
9538 1
9538 1
9538 1
9538 1
9626 1
9626 1
9626 1
9626 1
9626 1
9626 1
9455 1
9455 1
9455 1
9455 1
9455 1
9455 1
9539 1
9539 1
9539 1
9539 1
9539 1
9539 1
9627 1
9627 1
9627 1
9627 1
9627 1
9627 1
9456 1
9456 1
9456 1
9456 1
9456 1
9456 1
9540 1
9540 1
9540 1
9540 1
9540 1
9540 1
9628 1
9628 1
9628 1
9628 1
9628 1
9628 1
9457 1
9457 1
9457 1
9457 1
9457 1
9457 1
9541 1
9541 1
9541 1
9541 1
9541 1
9541 1
9629 1
9629 1
9629 1
9629 1
9629 1
9629 1
9458 1
9458 1
9458 1
9458 1
9458 1
9458 1
9542 1
9542 1
9542 1
9542 1
9542 1
9542 1
9630 1
9630 1
9630 1
9630 1
9630 1
9630 1
9543 1
9543 1
9543 1
9543 1
9543 1
9543 1
9718 1
9718 1
9718 1
9718 1
9718 1
9718 1
9631 1
9631 1
9631 1
9631 1
9631 1
9631 1
9544 1
9544 1
9544 1
9544 1
9544 1
9544 1
9719 1
9719 1
9719 1
9719 1
9719 1
9719 1
9632 1
9632 1
9632 1
9632 1
9632 1
9632 1
9545 1
9545 1
9545 1
9545 1
9545 1
9545 1
9720 1
9720 1
9720 1
9720 1
9720 1
9720 1
9633 1
9633 1
9633 1
9633 1
9633 1
9633 1
9546 1
9546 1
9546 1
9546 1
9546 1
9546 1
9721 1
9721 1
9721 1
9721 1
9721 1
9721 1
9634 1
9634 1
9634 1
9634 1
9634 1
9634 1
9547 1
9547 1
9547 1
9547 1
9547 1
9547 1
9722 1
9722 1
9722 1
9722 1
9722 1
9722 1
9635 1
9635 1
9635 1
9635 1
9635 1
9635 1
9548 1
9548 1
9548 1
9548 1
9548 1
9548 1
9723 1
9723 1
9723 1
9723 1
9723 1
9723 1
9636 1
9636 1
9636 1
9636 1
9636 1
9636 1
9549 1
9549 1
9549 1
9549 1
9549 1
9549 1
9637 1
9637 1
9637 1
9637 1
9637 1
9637 1
9724 1
9724 1
9724 1
9724 1
9724 1
9724 1
9550 1
9550 1
9550 1
9550 1
9550 1
9550 1
9638 1
9638 1
9638 1
9638 1
9638 1
9638 1
9725 1
9725 1
9725 1
9725 1
9725 1
9725 1
9551 1
9551 1
9551 1
9551 1
9551 1
9551 1
9639 1
9639 1
9639 1
9639 1
9639 1
9639 1
9726 1
9726 1
9726 1
9726 1
9726 1
9726 1
9640 1
9640 1
9640 1
9640 1
9640 1
9640 1
9727 1
9727 1
9727 1
9727 1
9727 1
9727 1
9641 1
9641 1
9641 1
9641 1
9641 1
9641 1
9728 1
9728 1
9728 1
9728 1
9728 1
9728 1
9642 1
9642 1
9642 1
9642 1
9642 1
9642 1
9729 1
9729 1
9729 1
9729 1
9729 1
9729 1
9815 1
9815 1
9815 1
9815 1
9815 1
9815 1
9643 1
9643 1
9643 1
9643 1
9643 1
9643 1
9730 1
9730 1
9730 1
9730 1
9730 1
9730 1
9816 1
9816 1
9816 1
9816 1
9816 1
9816 1
9644 1
9644 1
9644 1
9644 1
9644 1
9644 1
9731 1
9731 1
9731 1
9731 1
9731 1
9731 1
9817 1
9817 1
9817 1
9817 1
9817 1
9817 1
9645 1
9645 1
9645 1
9645 1
9645 1
9645 1
9732 1
9732 1
9732 1
9732 1
9732 1
9732 1
9818 1
9818 1
9818 1
9818 1
9818 1
9818 1
9646 1
9646 1
9646 1
9646 1
9646 1
9646 1
9733 1
9733 1
9733 1
9733 1
9733 1
9733 1
9819 1
9819 1
9819 1
9819 1
9819 1
9819 1
9647 1
9647 1
9647 1
9647 1
9647 1
9647 1
9734 1
9734 1
9734 1
9734 1
9734 1
9734 1
9820 1
9820 1
9820 1
9820 1
9820 1
9820 1
9821 1
9821 1
9821 1
9821 1
9821 1
9821 1
9822 1
9822 1
9822 1
9822 1
9822 1
9822 1
9823 1
9823 1
9823 1
9823 1
9823 1
9823 1
9738 1
9738 1
9738 1
9738 1
9738 1
9738 1
9824 1
9824 1
9824 1
9824 1
9824 1
9824 1
9739 1
9739 1
9739 1
9739 1
9739 1
9739 1
9825 1
9825 1
9825 1
9825 1
9825 1
9825 1
9740 1
9740 1
9740 1
9740 1
9740 1
9740 1
9826 1
9826 1
9826 1
9826 1
9826 1
9826 1
9913 1
9913 1
9913 1
9913 1
9913 1
9913 1
9741 1
9741 1
9741 1
9741 1
9741 1
9741 1
9827 1
9827 1
9827 1
9827 1
9827 1
9827 1
9914 1
9914 1
9914 1
9914 1
9914 1
9914 1
9742 1
9742 1
9742 1
9742 1
9742 1
9742 1
9828 1
9828 1
9828 1
9828 1
9828 1
9828 1
9915 1
9915 1
9915 1
9915 1
9915 1
9915 1
9916 1
9916 1
9916 1
9916 1
9916 1
9916 1
9917 1
9917 1
9917 1
9917 1
9917 1
9917 1
9918 1
9918 1
9918 1
9918 1
9918 1
9918 1
9832 1
9832 1
9832 1
9832 1
9832 1
9832 1
9919 1
9919 1
9919 1
9919 1
9919 1
9919 1
9833 1
9833 1
9833 1
9833 1
9833 1
9833 1
9920 1
9920 1
9920 1
9920 1
9920 1
9920 1
9834 1
9834 1
9834 1
9834 1
9834 1
9834 1
