pt_graph met
9967 0
9968 0
10055 0
10056 0
10057 0
10058 0
10134 0
10135 0
10136 0
10137 0
10138 0
10139 0
10215 0
10216 0
10217 0
10218 0
10219 0
10220 0
10221 0
10299 0
10300 0
10301 0
10302 0
10303 0
10304 0
10305 0
10306 0
10307 0
10308 0
10385 0
10386 0
10387 0
10388 0
10389 0
10390 0
10391 0
10392 0
10393 0
10394 0
10395 0
10478 0
10479 0
10480 0
10481 0
10482 0
10483 0
10484 0
10485 0
10486 0
10487 0
10488 0
10489 0
10571 0
10572 0
10573 0
10574 0
10575 0
10576 0
10577 0
10578 0
10579 0
10580 0
10581 0
10582 0
10583 0
10662 0
10663 0
10664 0
10665 0
10666 0
10667 0
10668 0
10669 0
10670 0
10671 0
10672 0
10673 0
10674 0
10675 0
10749 0
10750 0
10751 0
10752 0
10753 0
10754 0
10755 0
10756 0
10757 0
10758 0
10759 0
10760 0
10761 0
10762 0
10763 0
10827 0
10828 0
10829 0
10830 0
10831 0
10832 0
10833 0
10834 0
10835 0
10836 0
10837 0
10838 0
10839 0
10840 0
10841 0
10842 0
10843 0
10909 0
10910 0
10911 0
10912 0
10913 0
10914 0
10915 0
10916 0
10917 0
10918 0
10919 0
10920 0
10921 0
10922 0
10923 0
10924 0
10925 0
10991 0
10992 0
10993 0
10994 0
10995 0
10996 0
10997 0
10998 0
10999 0
11000 0
11001 0
11002 0
11003 0
11004 0
11005 0
11006 0
11007 0
11008 0
11073 0
11074 0
11075 0
11076 0
11077 0
11078 0
11079 0
11080 0
11081 0
11082 0
11083 0
11084 0
11085 0
11086 0
11087 0
11088 0
11089 0
11090 0
11154 0
11155 0
11156 0
11157 0
11158 0
11159 0
11160 0
11161 0
11162 0
11163 0
11164 0
11165 0
11166 0
11167 0
11168 0
11169 0
11170 0
11171 0
11172 0
11240 0
11241 0
11242 0
11243 0
11244 0
11245 0
11246 0
11247 0
11248 0
11249 0
11250 0
11251 0
11252 0
11253 0
11254 0
11255 0
11256 0
11257 0
11258 0
11259 0
11327 0
11328 0
11329 0
11330 0
11331 0
11332 0
11333 0
11334 0
11335 0
11336 0
11337 0
11338 0
11339 0
11340 0
11341 0
11342 0
11343 0
11344 0
11345 0
11346 0
11347 0
11405 0
11406 0
11407 0
11408 0
11409 0
11410 0
11411 0
11412 0
11413 0
11414 0
11415 0
11416 0
11417 0
11418 0
11419 0
11420 0
11421 0
11422 0
11423 0
11424 0
11425 0
11426 0
11480 0
11481 0
11482 0
11483 0
11484 0
11485 0
11486 0
11487 0
11488 0
11489 0
11490 0
11491 0
11492 0
11493 0
11494 0
11495 0
11496 0
11497 0
11498 0
11499 0
11500 0
11501 0
11502 0
11555 0
11556 0
11557 0
11558 0
11559 0
11560 0
11561 0
11562 0
11563 0
11564 0
11565 0
11566 0
11567 0
11568 0
11569 0
11570 0
11571 0
11572 0
11573 0
11574 0
11575 0
11576 0
11577 0
11629 0
11630 0
11631 0
11632 0
11633 0
11634 0
11635 0
11636 0
11637 0
11638 0
11639 0
11640 0
11641 0
11642 0
11643 0
11644 0
11645 0
11646 0
11647 0
11648 0
11649 0
11650 0
11651 0
11705 0
11706 0
11707 0
11708 0
11709 0
11710 0
11711 0
11712 0
11713 0
11714 0
11715 0
11716 0
11717 0
11718 0
11719 0
11720 0
11721 0
11722 0
11723 0
11724 0
11725 0
11726 0
11727 0
11783 0
11784 0
11785 0
11786 0
11787 0
11788 0
11789 0
11790 0
11791 0
11792 0
11793 0
11794 0
11795 0
11796 0
11797 0
11798 0
11799 0
11800 0
11801 0
11802 0
11803 0
11804 0
11805 0
11806 0
11807 0
11860 0
11861 0
11862 0
11863 0
11864 0
11865 0
11866 0
11867 0
11868 0
11869 0
11870 0
11871 0
11872 0
11873 0
11874 0
11875 0
11876 0
11877 0
11878 0
11879 0
11880 0
11881 0
11882 0
11883 0
11884 0
11939 0
11940 0
11941 0
11942 0
11943 0
11944 0
11945 0
11946 0
11947 0
11948 0
11949 0
11950 0
11951 0
11952 0
11953 0
11954 0
11955 0
11956 0
11957 0
11958 0
11959 0
11960 0
11961 0
11962 0
11963 0
12016 0
12017 0
12018 0
12019 0
12020 0
12021 0
12022 0
12023 0
12024 0
12025 0
12026 0
12027 0
12028 0
12029 0
12030 0
12031 0
12032 0
12033 0
12034 0
12035 0
12036 0
12037 0
12038 0
12039 0
12040 0
12041 0
12088 0
12089 0
12090 0
12091 0
12092 0
12093 0
12094 0
12095 0
12096 0
12097 0
12098 0
12099 0
12100 0
12101 0
12102 0
12103 0
12104 0
12105 0
12106 0
12107 0
12108 0
12109 0
12110 0
12111 0
12112 0
12113 0
12114 0
12164 0
12165 0
12166 0
12167 0
12168 0
12169 0
12170 0
12171 0
12172 0
12173 0
12174 0
12175 0
12176 0
12177 0
12178 0
12179 0
12180 0
12181 0
12182 0
12183 0
12184 0
12185 0
12186 0
12187 0
12188 0
12189 0
12190 0
12230 0
12231 0
12232 0
12233 0
12234 0
12235 0
12236 0
12237 0
12238 0
12239 0
12240 0
12241 0
12242 0
12243 0
12244 0
12245 0
12246 0
12247 0
12248 0
12249 0
12250 0
12251 0
12252 0
12253 0
12254 0
12255 0
12256 0
12297 0
12298 0
12299 0
12300 0
12301 0
12302 0
12303 0
12304 0
12305 0
12306 0
12307 0
12308 0
12309 0
12310 0
12311 0
12312 0
12313 0
12314 0
12315 0
12316 0
12317 0
12318 0
12319 0
12320 0
12321 0
12322 0
12323 0
12358 0
12359 0
12360 0
12361 0
12362 0
12363 0
12364 0
12365 0
12366 0
12367 0
12368 0
12369 0
12370 0
12371 0
12372 0
12373 0
12374 0
12375 0
12376 0
12377 0
12378 0
12379 0
12380 0
12381 0
12382 0
12383 0
12384 0
12420 0
12421 0
12422 0
12423 0
12424 0
12425 0
12426 0
12427 0
12428 0
12429 0
12430 0
12431 0
12432 0
12433 0
12434 0
12435 0
12436 0
12437 0
12438 0
12439 0
12440 0
12441 0
12442 0
12443 0
12444 0
12445 0
12446 0
12480 0
12481 0
12482 0
12483 0
12484 0
12485 0
12486 0
12487 0
12488 0
12489 0
12490 0
12491 0
12492 0
12493 0
12494 0
12495 0
12496 0
12497 0
12498 0
12499 0
12500 0
12501 0
12502 0
12503 0
12504 0
12505 0
12506 0
12507 0
12541 0
12542 0
12543 0
12544 0
12545 0
12546 0
12547 0
12548 0
12549 0
12550 0
12551 0
12552 0
12553 0
12554 0
12555 0
12556 0
12557 0
12558 0
12559 0
12560 0
12561 0
12562 0
12563 0
12564 0
12565 0
12566 0
12567 0
12568 0
12569 0
12601 0
12602 0
12603 0
12604 0
12605 0
12606 0
12607 0
12608 0
12609 0
12610 0
12611 0
12612 0
12613 0
12614 0
12615 0
12616 0
12617 0
12618 0
12619 0
12620 0
12621 0
12622 0
12623 0
12624 0
12625 0
12626 0
12627 0
12628 0
12629 0
12630 0
12663 0
12664 0
12665 0
12666 0
12667 0
12668 0
12669 0
12670 0
12671 0
12672 0
12673 0
12674 0
12675 0
12676 0
12677 0
12678 0
12679 0
12680 0
12681 0
12682 0
12683 0
12684 0
12685 0
12686 0
12687 0
12688 0
12689 0
12690 0
12691 0
12692 0
12724 0
12725 0
12726 0
12727 0
12728 0
12729 0
12730 0
12731 0
12732 0
12733 0
12734 0
12735 0
12736 0
12737 0
12738 0
12739 0
12740 0
12741 0
12742 0
12743 0
12744 0
12745 0
12746 0
12747 0
12748 0
12749 0
12750 0
12751 0
12752 0
12753 0
12786 0
12787 0
12788 0
12789 0
12790 0
12791 0
12792 0
12793 0
12794 0
12795 0
12796 0
12797 0
12798 0
12799 0
12800 0
12801 0
12802 0
12803 0
12804 0
12805 0
12806 0
12807 0
12808 0
12809 0
12810 0
12811 0
12812 0
12813 0
12814 0
12841 0
12843 0
12844 0
12845 0
12846 0
12847 0
12848 0
12849 0
12850 0
12851 0
12852 0
12853 0
12854 0
12855 0
12856 0
12857 0
12858 0
12859 0
12860 0
12861 0
12862 0
12863 0
12864 0
12865 0
12866 0
12867 0
12868 0
12869 0
12870 0
12871 0
12872 0
12873 0
12901 0
12903 0
12904 0
12905 0
12906 0
12907 0
12908 0
12909 0
12910 0
12911 0
12912 0
12913 0
12914 0
12915 0
12916 0
12917 0
12918 0
12919 0
12920 0
12921 0
12922 0
12923 0
12924 0
12925 0
12926 0
12927 0
12928 0
12929 0
12930 0
12931 0
12932 0
12933 0
12934 0
12962 0
12963 0
12964 0
12965 0
12966 0
12967 0
12968 0
12969 0
12970 0
12971 0
12972 0
12973 0
12974 0
12975 0
12976 0
12977 0
12978 0
12979 0
12980 0
12981 0
12982 0
12983 0
12984 0
12985 0
12986 0
12987 0
12988 0
12989 0
12990 0
12991 0
12992 0
12993 0
12994 0
13020 0
13021 0
13022 0
13023 0
13024 0
13025 0
13026 0
13027 0
13028 0
13029 0
13030 0
13031 0
13032 0
13033 0
13034 0
13035 0
13036 0
13037 0
13038 0
13039 0
13040 0
13041 0
13042 0
13043 0
13044 0
13045 0
13046 0
13047 0
13048 0
13049 0
13050 0
13051 0
13078 0
13079 0
13080 0
13081 0
13082 0
13083 0
13084 0
13085 0
13086 0
13087 0
13088 0
13089 0
13090 0
13091 0
13092 0
13093 0
13094 0
13095 0
13096 0
13097 0
13098 0
13099 0
13100 0
13101 0
13102 0
13103 0
13104 0
13105 0
13106 0
13107 0
13108 0
13109 0
13110 0
13111 0
13112 0
13137 0
13138 0
13139 0
13140 0
13141 0
13142 0
13143 0
13144 0
13145 0
13146 0
13147 0
13148 0
13149 0
13150 0
13151 0
13152 0
13153 0
13154 0
13155 0
13156 0
13157 0
13158 0
13159 0
13160 0
13161 0
13162 0
13163 0
13164 0
13165 0
13166 0
13167 0
13168 0
13169 0
13170 0
13171 0
13196 0
13197 0
13198 0
13199 0
13200 0
13201 0
13202 0
13203 0
13204 0
13205 0
13206 0
13207 0
13208 0
13209 0
13210 0
13211 0
13212 0
13213 0
13214 0
13215 0
13216 0
13217 0
13218 0
13219 0
13220 0
13221 0
13222 0
13223 0
13224 0
13225 0
13226 0
13227 0
13228 0
13229 0
13230 0
13254 0
13255 0
13256 0
13257 0
13258 0
13259 0
13260 0
13261 0
13262 0
13263 0
13264 0
13265 0
13266 0
13267 0
13268 0
13269 0
13270 0
13271 0
13272 0
13273 0
13274 0
13275 0
13276 0
13277 0
13278 0
13279 0
13280 0
13281 0
13282 0
13283 0
13284 0
13285 0
13286 0
13287 0
13288 0
13289 0
13314 0
13315 0
13316 0
13317 0
13318 0
13319 0
13320 0
13321 0
13322 0
13323 0
13324 0
13325 0
13326 0
13327 0
13328 0
13329 0
13330 0
13331 0
13332 0
13333 0
13334 0
13335 0
13336 0
13337 0
13338 0
13339 0
13340 0
13341 0
13342 0
13343 0
13344 0
13345 0
13346 0
13347 0
13348 0
13349 0
13371 0
13372 0
13373 0
13374 0
13375 0
13376 0
13377 0
13378 0
13379 0
13380 0
13381 0
13382 0
13383 0
13384 0
13385 0
13386 0
13387 0
13388 0
13389 0
13390 0
13391 0
13392 0
13393 0
13394 0
13395 0
13396 0
13397 0
13398 0
13399 0
13400 0
13401 0
13402 0
13403 0
13404 0
13405 0
13406 0
13407 0
13408 0
13433 0
13434 0
13435 0
13436 0
13437 0
13438 0
13439 0
13440 0
13441 0
13442 0
13443 0
13444 0
13445 0
13446 0
13447 0
13448 0
13449 0
13450 0
13451 0
13452 0
13453 0
13454 0
13455 0
13456 0
13457 0
13458 0
13459 0
13460 0
13461 0
13462 0
13463 0
13464 0
13465 0
13466 0
13467 0
13468 0
13469 0
13487 0
13488 0
13489 0
13490 0
13491 0
13492 0
13493 0
13494 0
13495 0
13496 0
13497 0
13498 0
13499 0
13500 0
13501 0
13502 0
13503 0
13504 0
13505 0
13506 0
13507 0
13508 0
13509 0
13510 0
13511 0
13512 0
13513 0
13514 0
13515 0
13516 0
13517 0
13518 0
13519 0
13520 0
13521 0
13522 0
13523 0
13524 0
13525 0
13545 0
13546 0
13547 0
13548 0
13549 0
13550 0
13551 0
13552 0
13553 0
13554 0
13555 0
13556 0
13557 0
13558 0
13559 0
13560 0
13561 0
13562 0
13563 0
13564 0
13565 0
13566 0
13567 0
13568 0
13569 0
13570 0
13571 0
13572 0
13573 0
13574 0
13575 0
13576 0
13577 0
13578 0
13579 0
13580 0
13581 0
13582 0
13583 0
13601 0
13602 0
13603 0
13604 0
13605 0
13606 0
13607 0
13608 0
13609 0
13610 0
13611 0
13612 0
13613 0
13614 0
13615 0
13616 0
13617 0
13618 0
13619 0
13620 0
13621 0
13622 0
13623 0
13624 0
13625 0
13626 0
13627 0
13628 0
13629 0
13630 0
13631 0
13632 0
13633 0
13634 0
13635 0
13636 0
13637 0
13638 0
13639 0
13640 0
13659 0
13660 0
13661 0
13662 0
13663 0
13664 0
13665 0
13666 0
13667 0
13668 0
13669 0
13670 0
13671 0
13672 0
13673 0
13674 0
13675 0
13676 0
13677 0
13678 0
13679 0
13680 0
13681 0
13682 0
13683 0
13684 0
13685 0
13686 0
13687 0
13688 0
13689 0
13690 0
13691 0
13692 0
13693 0
13694 0
13695 0
13696 0
13697 0
13698 0
13699 0
13720 0
13721 0
13722 0
13723 0
13724 0
13725 0
13726 0
13727 0
13728 0
13729 0
13730 0
13731 0
13732 0
13733 0
13734 0
13735 0
13736 0
13737 0
13738 0
13739 0
13740 0
13741 0
13742 0
13743 0
13744 0
13745 0
13746 0
13747 0
13748 0
13749 0
13750 0
13751 0
13752 0
13753 0
13754 0
13755 0
13756 0
13757 0
13758 0
13759 0
13778 0
13779 0
13780 0
13781 0
13782 0
13783 0
13784 0
13785 0
13786 0
13787 0
13788 0
13789 0
13790 0
13791 0
13792 0
13793 0
13794 0
13795 0
13796 0
13797 0
13798 0
13799 0
13800 0
13801 0
13802 0
13803 0
13804 0
13805 0
13806 0
13807 0
13808 0
13809 0
13810 0
13811 0
13812 0
13813 0
13814 0
13815 0
13816 0
13817 0
13818 0
13839 0
13840 0
13841 0
13842 0
13843 0
13844 0
13845 0
13846 0
13847 0
13848 0
13849 0
13850 0
13851 0
13852 0
13853 0
13854 0
13855 0
13856 0
13857 0
13858 0
13859 0
13860 0
13861 0
13862 0
13863 0
13864 0
13865 0
13866 0
13867 0
13868 0
13869 0
13870 0
13871 0
13872 0
13873 0
13874 0
13875 0
13876 0
13877 0
13878 0
13895 0
13896 0
13897 0
13898 0
13899 0
13900 0
13901 0
13902 0
13903 0
13904 0
13905 0
13906 0
13907 0
13908 0
13909 0
13910 0
13911 0
13912 0
13913 0
13914 0
13915 0
13916 0
13917 0
13918 0
13919 0
13920 0
13921 0
13922 0
13923 0
13924 0
13925 0
13926 0
13927 0
13928 0
13929 0
13930 0
13931 0
13932 0
13933 0
13934 0
13935 0
13936 0
13956 0
13957 0
13958 0
13959 0
13960 0
13961 0
13962 0
13963 0
13964 0
13965 0
13966 0
13967 0
13968 0
13969 0
13970 0
13971 0
13972 0
13973 0
13974 0
13975 0
13976 0
13977 0
13978 0
13979 0
13980 0
13981 0
13982 0
13983 0
13984 0
13985 0
13986 0
13987 0
13988 0
13989 0
13990 0
13991 0
13992 0
13993 0
13994 0
13995 0
13996 0
13997 0
14017 0
14018 0
14019 0
14020 0
14021 0
14022 0
14023 0
14024 0
14025 0
14026 0
14027 0
14028 0
14029 0
14030 0
14031 0
14032 0
14033 0
14034 0
14035 0
14036 0
14037 0
14038 0
14039 0
14040 0
14041 0
14042 0
14043 0
14044 0
14045 0
14046 0
14047 0
14048 0
14049 0
14050 0
14051 0
14052 0
14053 0
14054 0
14055 0
14056 0
14057 0
14058 0
14059 0
14080 0
14081 0
14082 0
14083 0
14084 0
14085 0
14086 0
14087 0
14088 0
14089 0
14090 0
14091 0
14092 0
14093 0
14094 0
14095 0
14096 0
14097 0
14098 0
14099 0
14100 0
14101 0
14102 0
14103 0
14104 0
14105 0
14106 0
14107 0
14108 0
14109 0
14110 0
14111 0
14112 0
14113 0
14114 0
14115 0
14116 0
14117 0
14118 0
14119 0
14120 0
14142 0
14143 0
14144 0
14145 0
14146 0
14147 0
14148 0
14149 0
14150 0
14151 0
14152 0
14153 0
14154 0
14155 0
14156 0
14157 0
14158 0
14159 0
14160 0
14161 0
14162 0
14163 0
14164 0
14165 0
14166 0
14167 0
14168 0
14169 0
14170 0
14171 0
14172 0
14173 0
14174 0
14175 0
14176 0
14177 0
14178 0
14179 0
14180 0
14181 0
14182 0
14207 0
14208 0
14209 0
14210 0
14211 0
14212 0
14213 0
14214 0
14215 0
14216 0
14217 0
14218 0
14219 0
14220 0
14221 0
14222 0
14223 0
14224 0
14225 0
14226 0
14227 0
14228 0
14229 0
14230 0
14231 0
14232 0
14233 0
14234 0
14235 0
14236 0
14237 0
14238 0
14239 0
14240 0
14241 0
14242 0
14243 0
14244 0
14245 0
14246 0
14247 0
14248 0
14273 0
14274 0
14275 0
14276 0
14277 0
14278 0
14279 0
14280 0
14281 0
14282 0
14283 0
14284 0
14285 0
14286 0
14287 0
14288 0
14289 0
14290 0
14291 0
14292 0
14293 0
14294 0
14295 0
14296 0
14297 0
14298 0
14299 0
14300 0
14301 0
14302 0
14303 0
14304 0
14305 0
14306 0
14307 0
14308 0
14309 0
14310 0
14311 0
14312 0
14313 0
14314 0
14343 0
14344 0
14345 0
14346 0
14347 0
14348 0
14349 0
14350 0
14351 0
14352 0
14353 0
14354 0
14355 0
14356 0
14357 0
14358 0
14359 0
14360 0
14361 0
14362 0
14363 0
14364 0
14365 0
14366 0
14367 0
14368 0
14369 0
14370 0
14371 0
14372 0
14373 0
14374 0
14375 0
14376 0
14377 0
14378 0
14379 0
14380 0
14381 0
14382 0
14383 0
14384 0
14413 0
14414 0
14415 0
14416 0
14417 0
14418 0
14419 0
14420 0
14421 0
14422 0
14423 0
14424 0
14425 0
14426 0
14427 0
14428 0
14429 0
14430 0
14431 0
14432 0
14433 0
14434 0
14435 0
14436 0
14437 0
14438 0
14439 0
14440 0
14441 0
14442 0
14443 0
14444 0
14445 0
14446 0
14447 0
14448 0
14449 0
14450 0
14451 0
14452 0
14486 0
14487 0
14488 0
14489 0
14490 0
14491 0
14492 0
14493 0
14494 0
14495 0
14496 0
14497 0
14498 0
14499 0
14500 0
14501 0
14502 0
14503 0
14504 0
14505 0
14506 0
14507 0
14508 0
14509 0
14510 0
14511 0
14512 0
14513 0
14514 0
14515 0
14516 0
14517 0
14518 0
14519 0
14520 0
14521 0
14522 0
14523 0
14524 0
14525 0
14526 0
14527 0
14528 0
14559 0
14560 0
14561 0
14562 0
14563 0
14564 0
14565 0
14566 0
14567 0
14568 0
14569 0
14570 0
14571 0
14572 0
14573 0
14574 0
14575 0
14576 0
14577 0
14578 0
14579 0
14580 0
14581 0
14582 0
14583 0
14584 0
14585 0
14586 0
14587 0
14588 0
14589 0
14590 0
14591 0
14592 0
14593 0
14594 0
14595 0
14596 0
14597 0
14598 0
14599 0
14629 0
14630 0
14631 0
14632 0
14633 0
14634 0
14635 0
14636 0
14637 0
14638 0
14639 0
14642 0
14643 0
14644 0
14645 0
14646 0
14647 0
14648 0
14649 0
14650 0
14651 0
14652 0
14653 0
14654 0
14655 0
14656 0
14657 0
14658 0
14659 0
14660 0
14661 0
14662 0
14663 0
14664 0
14665 0
14666 0
14667 0
14668 0
14669 0
14699 0
14700 0
14701 0
14702 0
14703 0
14704 0
14705 0
14706 0
14707 0
14708 0
14712 0
14713 0
14714 0
14715 0
14716 0
14717 0
14718 0
14719 0
14720 0
14721 0
14722 0
14723 0
14724 0
14725 0
14726 0
14727 0
14728 0
14729 0
14730 0
14731 0
14732 0
14733 0
14734 0
14735 0
14736 0
14737 0
14738 0
14772 0
14773 0
14774 0
14775 0
14776 0
14777 0
14778 0
14779 0
14780 0
14782 0
14784 0
14785 0
14786 0
14787 0
14788 0
14789 0
14790 0
14791 0
14792 0
14793 0
14794 0
14795 0
14796 0
14797 0
14798 0
14799 0
14800 0
14801 0
14802 0
14803 0
14804 0
14805 0
14806 0
14807 0
14808 0
14844 0
14845 0
14846 0
14847 0
14848 0
14849 0
14850 0
14851 0
14853 0
14854 0
14856 0
14857 0
14858 0
14859 0
14860 0
14861 0
14862 0
14863 0
14864 0
14865 0
14866 0
14867 0
14868 0
14869 0
14870 0
14871 0
14872 0
14873 0
14874 0
14875 0
14876 0
14877 0
14878 0
14917 0
14918 0
14919 0
14920 0
14921 0
14922 0
14923 0
14924 0
14925 0
14926 0
14927 0
14928 0
14929 0
14930 0
14931 0
14932 0
14933 0
14934 0
14935 0
14936 0
14937 0
14938 0
14939 0
14940 0
14941 0
14942 0
14943 0
14944 0
14945 0
14946 0
14947 0
14990 0
14991 0
14992 0
14993 0
14994 0
14995 0
14996 0
14997 0
14998 0
14999 0
15000 0
15001 0
15002 0
15003 0
15004 0
15005 0
15006 0
15007 0
15008 0
15009 0
15010 0
15011 0
15012 0
15013 0
15014 0
15015 0
15016 0
15017 0
15064 0
15065 0
15066 0
15067 0
15068 0
15069 0
15070 0
15071 0
15072 0
15073 0
15074 0
15075 0
15076 0
15077 0
15078 0
15079 0
15080 0
15081 0
15082 0
15083 0
15084 0
15085 0
15086 0
15138 0
15139 0
15140 0
15141 0
15142 0
15144 0
15145 0
15146 0
15147 0
15148 0
15149 0
15150 0
15151 0
15152 0
15153 0
15154 0
15155 0
15212 0
15214 0
15215 0
15216 0
15217 0
15218 0
15219 0
15220 0
15221 0
15222 0
