pt_graph scale
16561 0
16561 12.2
16561 0.04
16561 4.08
16561 0.44
16561 0
16562 0
16562 12.2
16562 0.04
16562 4.08
16562 0.44
16562 0
16563 0
16563 12.2
16563 0.04
16563 4.08
16563 0.44
16563 0
16614 0
16614 12.2
16614 0.04
16614 4.08
16614 0.44
16614 0
16615 0
16615 12.2
16615 0.04
16615 4.08
16615 0.44
16615 0
16671 0
16671 12.2
16671 0.04
16671 4.08
16671 0.44
16671 0
16720 0
16720 12.2
16720 0.04
16720 4.08
16720 0.44
16720 0
16721 0
16721 12.2
16721 0.04
16721 4.08
16721 0.44
16721 0
16767 0
16767 12.2
16767 0.04
16767 4.08
16767 0.44
16767 0
16813 0
16813 12.2
16813 0.04
16813 4.08
16813 0.44
16813 0
16814 0
16814 12.2
16814 0.04
16814 4.08
16814 0.44
16814 0
16856 0
16856 12.2
16856 0.04
16856 4.08
16856 0.44
16856 0
16857 0
16857 12.2
16857 0.04
16857 4.08
16857 0.44
16857 0
16895 0
16895 12.2
16895 0.04
16895 4.08
16895 0.44
16895 0
16896 0
16896 12.2
16896 0.04
16896 4.08
16896 0.44
16896 0
16897 0
16897 12.2
16897 0.04
16897 4.08
16897 0.44
16897 0
16936 0
16936 12.2
16936 0.04
16936 4.08
16936 0.44
16936 0
16937 0
16937 12.2
16937 0.04
16937 4.08
16937 0.44
16937 0
16764 0
16764 12.2
16764 0.04
16764 4.08
16764 0.44
16764 0
16612 0
16612 12.2
16612 0.04
16612 4.08
16612 0.44
16612 0
16613 0
16613 12.2
16613 0.04
16613 4.08
16613 0.44
16613 0
16667 0
16667 12.2
16667 0.04
16667 4.08
16667 0.44
16667 0
16669 0
16669 12.2
16669 0.04
16669 4.08
16669 0.44
16669 0
16670 0
16670 12.2
16670 0.04
16670 4.08
16670 0.44
16670 0
16719 0
16719 12.2
16719 0.04
16719 4.08
16719 0.44
16719 0
16765 0
16765 12.2
16765 0.04
16765 4.08
16765 0.44
16765 0
16766 0
16766 12.2
16766 0.04
16766 4.08
16766 0.44
16766 0
16812 0
16812 12.2
16812 0.04
16812 4.08
16812 0.44
16812 0
16855 0
16855 12.2
16855 0.04
16855 4.08
16855 0.44
16855 0
16564 0
16564 12.2
16564 0.04
16564 4.08
16564 0.44
16564 0
16672 0
16672 12.2
16672 0.04
16672 4.08
16672 0.44
16672 0
16768 0
16768 12.2
16768 0.04
16768 4.08
16768 0.44
16768 0
16815 0
16815 12.2
16815 0.04
16815 4.08
16815 0.44
16815 0
16858 0
16858 12.2
16858 0.04
16858 4.08
16858 0.44
16858 0
16973 0
16973 12.2
16973 0.04
16973 4.08
16973 0.44
16973 0
16974 0
16974 12.2
16974 0.04
16974 4.08
16974 0.44
16974 0
17014 0
17014 12.2
17014 0.04
17014 4.08
17014 0.44
17014 0
