pt_graph met
6367 0
6368 0
6369 0
6370 0
6475 0
6476 0
6477 0
6478 0
6479 0
6582 0
6583 0
6584 0
6585 0
6586 0
6587 0
6588 0
6692 0
6693 0
6694 0
6695 0
6696 0
6697 0
6698 0
6801 0
6802 0
6803 0
6804 0
6805 0
6806 0
6807 0
6808 0
6809 0
6907 0
6908 0
6909 0
6910 0
6911 0
6912 0
6913 0
6914 0
6915 0
6916 0
6917 0
6918 0
7016 0
7017 0
7018 0
7019 0
7020 0
7021 0
7022 0
7023 0
7024 0
7025 0
7026 0
7027 0
7028 0
7124 0
7125 0
7126 0
7127 0
7128 0
7129 0
7130 0
7131 0
7132 0
7133 0
7134 0
7135 0
7136 0
7137 0
7138 0
7139 0
7235 0
7236 0
7237 0
7238 0
7239 0
7240 0
7241 0
7242 0
7243 0
7244 0
7245 0
7246 0
7247 0
7248 0
7249 0
7341 0
7342 0
7343 0
7344 0
7345 0
7346 0
7347 0
7348 0
7349 0
7350 0
7351 0
7352 0
7353 0
7354 0
7355 0
7356 0
7357 0
7448 0
7449 0
7450 0
7451 0
7452 0
7453 0
7454 0
7455 0
7456 0
7457 0
7458 0
7459 0
7460 0
7461 0
7462 0
7463 0
7464 0
7465 0
7554 0
7555 0
7556 0
7557 0
7558 0
7559 0
7560 0
7561 0
7562 0
7563 0
7564 0
7565 0
7566 0
7567 0
7568 0
7569 0
7570 0
7571 0
7572 0
7573 0
7664 0
7665 0
7666 0
7667 0
7668 0
7669 0
7670 0
7671 0
7672 0
7673 0
7674 0
7675 0
7676 0
7677 0
7678 0
7679 0
7680 0
7681 0
7682 0
7683 0
7769 0
7770 0
7771 0
7772 0
7773 0
7774 0
7775 0
7776 0
7777 0
7778 0
7779 0
7780 0
7781 0
7782 0
7783 0
7784 0
7785 0
7786 0
7787 0
7788 0
7789 0
7790 0
7791 0
7876 0
7877 0
7878 0
7879 0
7880 0
7881 0
7882 0
7883 0
7884 0
7885 0
7886 0
7887 0
7888 0
7889 0
7890 0
7891 0
7892 0
7893 0
7894 0
7895 0
7896 0
7897 0
7898 0
7982 0
7983 0
7984 0
7985 0
7986 0
7987 0
7988 0
7989 0
7990 0
7991 0
7992 0
7993 0
7994 0
7995 0
7996 0
7997 0
7998 0
7999 0
8000 0
8001 0
8002 0
8003 0
8004 0
8005 0
8087 0
8088 0
8089 0
8090 0
8091 0
8092 0
8093 0
8094 0
8095 0
8096 0
8097 0
8098 0
8099 0
8100 0
8101 0
8102 0
8103 0
8104 0
8105 0
8106 0
8107 0
8108 0
8109 0
8110 0
8191 0
8192 0
8193 0
8194 0
8195 0
8196 0
8197 0
8198 0
8199 0
8200 0
8201 0
8202 0
8203 0
8204 0
8205 0
8206 0
8207 0
8208 0
8209 0
8210 0
8211 0
8212 0
8213 0
8214 0
8215 0
8294 0
8295 0
8296 0
8297 0
8298 0
8299 0
8300 0
8301 0
8302 0
8303 0
8304 0
8305 0
8306 0
8307 0
8308 0
8309 0
8310 0
8311 0
8312 0
8313 0
8314 0
8315 0
8316 0
8317 0
8318 0
8319 0
8320 0
8399 0
8400 0
8401 0
8402 0
8403 0
8404 0
8405 0
8406 0
8407 0
8408 0
8409 0
8410 0
8411 0
8412 0
8413 0
8414 0
8415 0
8416 0
8417 0
8418 0
8419 0
8420 0
8421 0
8422 0
8423 0
8424 0
8425 0
8426 0
8504 0
8505 0
8506 0
8507 0
8508 0
8509 0
8510 0
8511 0
8512 0
8513 0
8514 0
8515 0
8516 0
8517 0
8518 0
8519 0
8520 0
8521 0
8522 0
8523 0
8524 0
8525 0
8526 0
8527 0
8528 0
8529 0
8530 0
8531 0
8608 0
8609 0
8610 0
8611 0
8612 0
8613 0
8614 0
8615 0
8616 0
8617 0
8618 0
8619 0
8620 0
8621 0
8622 0
8623 0
8624 0
8625 0
8626 0
8627 0
8628 0
8629 0
8630 0
8631 0
8632 0
8633 0
8634 0
8635 0
8636 0
8710 0
8711 0
8712 0
8713 0
8714 0
8715 0
8716 0
8717 0
8718 0
8719 0
8720 0
8721 0
8722 0
8723 0
8724 0
8725 0
8726 0
8727 0
8728 0
8729 0
8730 0
8731 0
8732 0
8733 0
8734 0
8735 0
8736 0
8737 0
8738 0
8739 0
8814 0
8815 0
8816 0
8817 0
8818 0
8819 0
8820 0
8821 0
8822 0
8823 0
8824 0
8825 0
8826 0
8827 0
8828 0
8829 0
8830 0
8831 0
8832 0
8833 0
8834 0
8835 0
8836 0
8837 0
8838 0
8839 0
8840 0
8841 0
8842 0
8843 0
8914 0
8915 0
8916 0
8917 0
8918 0
8919 0
8920 0
8921 0
8922 0
8923 0
8924 0
8925 0
8926 0
8927 0
8928 0
8929 0
8930 0
8931 0
8932 0
8933 0
8934 0
8935 0
8936 0
8937 0
8938 0
8939 0
8940 0
8941 0
8942 0
8943 0
8944 0
8945 0
9014 0
9015 0
9016 0
9017 0
9018 0
9019 0
9020 0
9021 0
9022 0
9023 0
9024 0
9025 0
9026 0
9027 0
9028 0
9029 0
9030 0
9031 0
9032 0
9033 0
9034 0
9035 0
9036 0
9037 0
9038 0
9039 0
9040 0
9041 0
9042 0
9043 0
9044 0
9045 0
9113 0
9114 0
9115 0
9116 0
9117 0
9118 0
9119 0
9120 0
9121 0
9122 0
9123 0
9124 0
9125 0
9126 0
9127 0
9128 0
9129 0
9130 0
9131 0
9132 0
9133 0
9134 0
9135 0
9136 0
9137 0
9138 0
9139 0
9140 0
9141 0
9142 0
9143 0
9144 0
9145 0
9146 0
9211 0
9212 0
9213 0
9214 0
9215 0
9216 0
9217 0
9218 0
9219 0
9220 0
9221 0
9222 0
9223 0
9224 0
9225 0
9226 0
9227 0
9228 0
9229 0
9230 0
9231 0
9232 0
9233 0
9234 0
9235 0
9236 0
9237 0
9238 0
9239 0
9240 0
9241 0
9242 0
9243 0
9310 0
9311 0
9312 0
9313 0
9314 0
9315 0
9316 0
9317 0
9318 0
9319 0
9320 0
9321 0
9322 0
9323 0
9324 0
9325 0
9326 0
9327 0
9328 0
9329 0
9330 0
9331 0
9332 0
9333 0
9334 0
9335 0
9336 0
9337 0
9338 0
9339 0
9340 0
9341 0
9342 0
9402 0
9403 0
9404 0
9405 0
9406 0
9407 0
9408 0
9409 0
9410 0
9411 0
9412 0
9413 0
9414 0
9415 0
9416 0
9417 0
9418 0
9419 0
9420 0
9421 0
9422 0
9423 0
9424 0
9425 0
9426 0
9427 0
9428 0
9429 0
9430 0
9431 0
9432 0
9433 0
9434 0
9435 0
9495 0
9496 0
9497 0
9498 0
9499 0
9500 0
9501 0
9502 0
9503 0
9504 0
9505 0
9506 0
9507 0
9508 0
9509 0
9510 0
9511 0
9512 0
9513 0
9514 0
9515 0
9516 0
9517 0
9518 0
9519 0
9520 0
9521 0
9522 0
9523 0
9524 0
9525 0
9526 0
9527 0
9528 0
9590 0
9591 0
9592 0
9593 0
9594 0
9595 0
9596 0
9597 0
9598 0
9599 0
9600 0
9601 0
9602 0
9603 0
9604 0
9605 0
9606 0
9607 0
9608 0
9609 0
9610 0
9611 0
9612 0
9613 0
9614 0
9615 0
9616 0
9617 0
9618 0
9619 0
9620 0
9621 0
9622 0
9623 0
9624 0
9685 0
9686 0
9687 0
9688 0
9689 0
9690 0
9691 0
9692 0
9693 0
9694 0
9695 0
9696 0
9697 0
9698 0
9699 0
9700 0
9701 0
9702 0
9703 0
9704 0
9705 0
9706 0
9707 0
9708 0
9709 0
9710 0
9711 0
9712 0
9713 0
9714 0
9715 0
9716 0
9717 0
9718 0
9719 0
9780 0
9781 0
9782 0
9783 0
9784 0
9785 0
9786 0
9787 0
9788 0
9789 0
9790 0
9791 0
9792 0
9793 0
9794 0
9795 0
9796 0
9797 0
9798 0
9799 0
9800 0
9801 0
9802 0
9803 0
9804 0
9805 0
9806 0
9807 0
9808 0
9809 0
9810 0
9811 0
9812 0
9813 0
9875 0
9876 0
9877 0
9878 0
9879 0
9880 0
9881 0
9882 0
9883 0
9884 0
9885 0
9886 0
9887 0
9888 0
9889 0
9890 0
9891 0
9892 0
9893 0
9894 0
9895 0
9896 0
9897 0
9898 0
9899 0
9900 0
9901 0
9902 0
9903 0
9904 0
9905 0
9906 0
9907 0
9908 0
9967 0
9968 0
9969 0
9970 0
9971 0
9972 0
9973 0
9974 0
9975 0
9976 0
9977 0
9978 0
9979 0
9980 0
9981 0
9982 0
9983 0
9984 0
9985 0
9986 0
9987 0
9988 0
9989 0
9990 0
9991 0
9992 0
9993 0
9994 0
9995 0
9996 0
9997 0
9998 0
9999 0
10000 0
10001 0
10002 0
10055 0
10056 0
10057 0
10058 0
10059 0
10060 0
10061 0
10062 0
10063 0
10064 0
10065 0
10066 0
10067 0
10068 0
10069 0
10070 0
10071 0
10072 0
10073 0
10074 0
10075 0
10076 0
10077 0
10078 0
10079 0
10080 0
10081 0
10082 0
10083 0
10084 0
10085 0
10086 0
10087 0
10088 0
10089 0
10134 0
10135 0
10136 0
10137 0
10138 0
10139 0
10140 0
10141 0
10142 0
10143 0
10144 0
10145 0
10146 0
10147 0
10148 0
10149 0
10150 0
10151 0
10152 0
10153 0
10154 0
10155 0
10156 0
10157 0
10158 0
10159 0
10160 0
10161 0
10162 0
10163 0
10164 0
10165 0
10166 0
10167 0
10168 0
10215 0
10216 0
10217 0
10218 0
10219 0
10220 0
10221 0
10222 0
10223 0
10224 0
10225 0
10226 0
10227 0
10228 0
10229 0
10230 0
10231 0
10232 0
10233 0
10234 0
10235 0
10236 0
10237 0
10238 0
10239 0
10240 0
10241 0
10242 0
10243 0
10244 0
10245 0
10246 0
10247 0
10248 0
10299 0
10300 0
10301 0
10302 0
10303 0
10304 0
10305 0
10306 0
10307 0
10308 0
10309 0
10310 0
10311 0
10312 0
10313 0
10314 0
10315 0
10316 0
10317 0
10318 0
10319 0
10320 0
10321 0
10322 0
10323 0
10324 0
10325 0
10326 0
10327 0
10328 0
10329 0
10330 0
10331 0
10332 0
10333 0
10385 0
10386 0
10387 0
10388 0
10389 0
10390 0
10391 0
10392 0
10393 0
10394 0
10395 0
10396 0
10397 0
10398 0
10399 0
10400 0
10401 0
10402 0
10403 0
10404 0
10405 0
10406 0
10407 0
10408 0
10409 0
10410 0
10411 0
10412 0
10413 0
10414 0
10415 0
10416 0
10417 0
10418 0
10419 0
10478 0
10479 0
10480 0
10481 0
10482 0
10483 0
10484 0
10485 0
10486 0
10487 0
10488 0
10489 0
10490 0
10491 0
10492 0
10493 0
10494 0
10495 0
10496 0
10497 0
10498 0
10499 0
10500 0
10501 0
10502 0
10503 0
10504 0
10505 0
10506 0
10507 0
10508 0
10509 0
10510 0
10511 0
10571 0
10572 0
10573 0
10574 0
10575 0
10576 0
10577 0
10578 0
10579 0
10580 0
10581 0
10582 0
10583 0
10584 0
10585 0
10586 0
10587 0
10588 0
10589 0
10590 0
10591 0
10592 0
10593 0
10594 0
10595 0
10596 0
10597 0
10598 0
10599 0
10600 0
10601 0
10602 0
10603 0
10662 0
10663 0
10664 0
10665 0
10666 0
10667 0
10668 0
10669 0
10670 0
10671 0
10672 0
10673 0
10674 0
10675 0
10676 0
10677 0
10678 0
10679 0
10680 0
10681 0
10682 0
10683 0
10684 0
10685 0
10686 0
10687 0
10688 0
10689 0
10690 0
10691 0
10692 0
10693 0
10749 0
10750 0
10751 0
10752 0
10753 0
10754 0
10755 0
10756 0
10757 0
10758 0
10759 0
10760 0
10761 0
10762 0
10763 0
10764 0
10765 0
10766 0
10767 0
10768 0
10769 0
10770 0
10771 0
10772 0
10773 0
10774 0
10775 0
10776 0
10777 0
10778 0
10779 0
10780 0
10827 0
10828 0
10829 0
10830 0
10831 0
10832 0
10833 0
10834 0
10835 0
10836 0
10837 0
10838 0
10839 0
10840 0
10841 0
10842 0
10843 0
10844 0
10845 0
10846 0
10847 0
10848 0
10849 0
10850 0
10851 0
10852 0
10853 0
10854 0
10855 0
10856 0
10857 0
10858 0
10859 0
10909 0
10910 0
10911 0
10912 0
10913 0
10914 0
10915 0
10916 0
10917 0
10918 0
10919 0
10920 0
10921 0
10922 0
10923 0
10924 0
10925 0
10926 0
10927 0
10928 0
10929 0
10930 0
10931 0
10932 0
10933 0
10934 0
10935 0
10936 0
10937 0
10938 0
10939 0
10940 0
10991 0
10992 0
10993 0
10994 0
10995 0
10996 0
10997 0
10998 0
10999 0
11000 0
11001 0
11002 0
11003 0
11004 0
11005 0
11006 0
11007 0
11008 0
11009 0
11010 0
11011 0
11012 0
11013 0
11014 0
11015 0
11016 0
11017 0
11018 0
11019 0
11020 0
11021 0
11022 0
11073 0
11074 0
11075 0
11076 0
11077 0
11078 0
11079 0
11080 0
11081 0
11082 0
11083 0
11084 0
11085 0
11086 0
11087 0
11088 0
11089 0
11090 0
11091 0
11092 0
11093 0
11094 0
11095 0
11096 0
11097 0
11098 0
11099 0
11100 0
11101 0
11102 0
11154 0
11155 0
11156 0
11157 0
11158 0
11159 0
11160 0
11161 0
11162 0
11163 0
11164 0
11165 0
11166 0
11167 0
11168 0
11169 0
11170 0
11171 0
11172 0
11173 0
11174 0
11175 0
11176 0
11177 0
11178 0
11179 0
11180 0
11181 0
11182 0
11183 0
11240 0
11241 0
11242 0
11243 0
11244 0
11245 0
11246 0
11247 0
11248 0
11249 0
11250 0
11251 0
11252 0
11253 0
11254 0
11255 0
11256 0
11257 0
11258 0
11259 0
11260 0
11261 0
11262 0
11263 0
11264 0
11265 0
11266 0
11267 0
11268 0
11269 0
11327 0
11328 0
11329 0
11330 0
11331 0
11332 0
11333 0
11334 0
11335 0
11336 0
11337 0
11338 0
11339 0
11340 0
11341 0
11342 0
11343 0
11344 0
11345 0
11346 0
11347 0
11348 0
11349 0
11350 0
11351 0
11352 0
11353 0
11354 0
11355 0
11405 0
11406 0
11407 0
11408 0
11409 0
11410 0
11411 0
11412 0
11413 0
11414 0
11415 0
11416 0
11417 0
11418 0
11419 0
11420 0
11421 0
11422 0
11423 0
11424 0
11425 0
11426 0
11427 0
11428 0
11429 0
11430 0
11431 0
11432 0
11433 0
11480 0
11481 0
11482 0
11483 0
11484 0
11485 0
11486 0
11487 0
11488 0
11489 0
11490 0
11491 0
11492 0
11493 0
11494 0
11495 0
11496 0
11497 0
11498 0
11499 0
11500 0
11501 0
11502 0
11503 0
11504 0
11505 0
11506 0
11507 0
11555 0
11556 0
11557 0
11558 0
11559 0
11560 0
11561 0
11562 0
11563 0
11564 0
11565 0
11566 0
11567 0
11568 0
11569 0
11570 0
11571 0
11572 0
11573 0
11574 0
11575 0
11576 0
11577 0
11578 0
11579 0
11580 0
11581 0
11629 0
11630 0
11631 0
11632 0
11633 0
11634 0
11635 0
11636 0
11637 0
11638 0
11639 0
11640 0
11641 0
11642 0
11643 0
11644 0
11645 0
11646 0
11647 0
11648 0
11649 0
11650 0
11651 0
11652 0
11653 0
11654 0
11705 0
11706 0
11707 0
11708 0
11709 0
11710 0
11711 0
11712 0
11713 0
11714 0
11715 0
11716 0
11717 0
11718 0
11719 0
11720 0
11721 0
11722 0
11723 0
11724 0
11725 0
11726 0
11727 0
11728 0
11783 0
11784 0
11785 0
11786 0
11787 0
11788 0
11789 0
11790 0
11791 0
11792 0
11793 0
11794 0
11795 0
11796 0
11797 0
11798 0
11799 0
11800 0
11801 0
11802 0
11803 0
11804 0
11805 0
11806 0
11860 0
11861 0
11862 0
11863 0
11864 0
11865 0
11866 0
11867 0
11868 0
11869 0
11870 0
11871 0
11872 0
11873 0
11874 0
11875 0
11876 0
11877 0
11878 0
11879 0
11880 0
11881 0
11882 0
11939 0
11940 0
11941 0
11942 0
11943 0
11944 0
11945 0
11946 0
11947 0
11948 0
11949 0
11950 0
11951 0
11952 0
11953 0
11954 0
11955 0
11956 0
11957 0
11958 0
11959 0
12016 0
12017 0
12018 0
12019 0
12020 0
12021 0
12022 0
12023 0
12024 0
12025 0
12026 0
12027 0
12028 0
12029 0
12030 0
12031 0
12032 0
12033 0
12034 0
12035 0
12088 0
12089 0
12090 0
12091 0
12092 0
12093 0
12094 0
12095 0
12096 0
12097 0
12098 0
12099 0
12100 0
12101 0
12102 0
12103 0
12104 0
12105 0
12106 0
12164 0
12165 0
12166 0
12167 0
12168 0
12169 0
12170 0
12171 0
12172 0
12173 0
12174 0
12175 0
12176 0
12177 0
12178 0
12179 0
12230 0
12231 0
12232 0
12233 0
12234 0
12235 0
12236 0
12237 0
12238 0
12239 0
12240 0
12241 0
12242 0
