pt_graph cpue_kghour
15989 0
15989 12.2
15989 0.04
15989 4.08
15989 0.44
15989 0
16053 0
16053 12.2
16053 0.04
16053 4.08
16053 0.44
16053 0
16054 0
16054 12.2
16054 0.04
16054 4.08
16054 0.44
16054 0
16119 0
16119 12.2
16119 0.04
16119 4.08
16119 0.44
16119 0
16120 0
16120 12.2
16120 0.04
16120 4.08
16120 0.44
16120 0
16182 0
16182 12.2
16182 0.04
16182 4.08
16182 0.44
16182 0
16183 0
16183 12.2
16183 0.04
16183 4.08
16183 0.44
16183 0
16247 0
16247 12.2
16247 0.04
16247 4.08
16247 0.44
16247 0
16248 0
16248 12.2
16248 0.04
16248 4.08
16248 0.44
16248 0
16249 0
16249 12.2
16249 0.04
16249 4.08
16249 0.44
16249 0
16311 0
16311 12.2
16311 0.04
16311 4.08
16311 0.44
16311 0
16312 0
16312 12.2
16312 0.04
16312 4.08
16312 0.44
16312 0
16313 0
16313 12.2
16313 0.04
16313 4.08
16313 0.44
16313 0
16376 0
16376 12.2
16376 0.04
16376 4.08
16376 0.44
16376 0
16377 0
16377 12.2
16377 0.04
16377 4.08
16377 0.44
16377 0
16378 0
16378 12.2
16378 0.04
16378 4.08
16378 0.44
16378 0
16379 0
16379 12.2
16379 0.04
16379 4.08
16379 0.44
16379 0
16440 0
16440 12.2
16440 0.04
16440 4.08
16440 0.44
16440 0
16441 0
16441 12.2
16441 0.04
16441 4.08
16441 0.44
16441 0
16442 0
16442 12.2
16442 0.04
16442 4.08
16442 0.44
16442 0
16443 0
16443 12.2
16443 0.04
16443 4.08
16443 0.44
16443 0
16610 0
16610 12.2
16610 0.04
16610 4.08
16610 0.44
16610 0
16439 0
16439 12.2
16439 0.04
16439 4.08
16439 0.44
16439 0
16501 0
16501 12.2
16501 0.04
16501 4.08
16501 0.44
16501 0
16502 0
16502 12.2
16502 0.04
16502 4.08
16502 0.44
16502 0
16503 0
16503 12.2
16503 0.04
16503 4.08
16503 0.44
16503 0
16504 0
16504 12.2
16504 0.04
16504 4.08
16504 0.44
16504 0
16558 0
16558 12.2
16558 0.04
16558 4.08
16558 0.44
16558 0
16121 0
16121 12.2
16121 0.04
16121 4.08
16121 0.44
16121 0
16184 0
16184 12.2
16184 0.04
16184 4.08
16184 0.44
16184 0
16314 0
16314 12.2
16314 0.04
16314 4.08
16314 0.44
16314 0
16556 0
16556 12.2
16556 0.04
16556 4.08
16556 0.44
16556 0
16557 0
16557 12.2
16557 0.04
16557 4.08
16557 0.44
16557 0
16609 0
16609 12.2
16609 0.04
16609 4.08
16609 0.44
16609 0
