pt_graph shape
15460 1
15460 1
15460 1
15460 1
15460 1
15460 1
15855 1
15855 1
15855 1
15855 1
15855 1
15855 1
15923 1
15923 1
15923 1
15923 1
15923 1
15923 1
15461 1
15461 1
15461 1
15461 1
15461 1
15461 1
15528 1
15528 1
15528 1
15528 1
15528 1
15528 1
15529 1
15529 1
15529 1
15529 1
15529 1
15529 1
15664 1
15664 1
15664 1
15664 1
15664 1
15664 1
15730 1
15730 1
15730 1
15730 1
15730 1
15730 1
15857 1
15857 1
15857 1
15857 1
15857 1
15857 1
15596 1
15596 1
15596 1
15596 1
15596 1
15596 1
15597 1
15597 1
15597 1
15597 1
15597 1
15597 1
15662 1
15662 1
15662 1
15662 1
15662 1
15662 1
15663 1
15663 1
15663 1
15663 1
15663 1
15663 1
15729 1
15729 1
15729 1
15729 1
15729 1
15729 1
15792 1
15792 1
15792 1
15792 1
15792 1
15792 1
15793 1
15793 1
15793 1
15793 1
15793 1
15793 1
15856 1
15856 1
15856 1
15856 1
15856 1
15856 1
15924 1
15924 1
15924 1
15924 1
15924 1
15924 1
15925 1
15925 1
15925 1
15925 1
15925 1
15925 1
15989 1
15989 1
15989 1
15989 1
15989 1
15989 1
16053 1
16053 1
16053 1
16053 1
16053 1
16053 1
16054 1
16054 1
16054 1
16054 1
16054 1
16054 1
16119 1
16119 1
16119 1
16119 1
16119 1
16119 1
16120 1
16120 1
16120 1
16120 1
16120 1
16120 1
16182 1
16182 1
16182 1
16182 1
16182 1
16182 1
