pt_graph scale
12841 1.98
12841 0.35
12841 11.31
12841 7.26
12841 2.63
12841 0.08
12843 1.98
12843 0.35
12843 11.31
12843 7.26
12843 2.63
12843 0.08
12901 1.98
12901 0.35
12901 11.31
12901 7.26
12901 2.63
12901 0.08
12903 1.98
12903 0.35
12903 11.31
12903 7.26
12903 2.63
12903 0.08
12904 1.98
12904 0.35
12904 11.31
12904 7.26
12904 2.63
12904 0.08
12962 1.98
12962 0.35
12962 11.31
12962 7.26
12962 2.63
12962 0.08
12963 1.98
12963 0.35
12963 11.31
12963 7.26
12963 2.63
12963 0.08
12964 1.98
12964 0.35
12964 11.31
12964 7.26
12964 2.63
12964 0.08
12965 1.98
12965 0.35
12965 11.31
12965 7.26
12965 2.63
12965 0.08
13020 1.98
13020 0.35
13020 11.31
13020 7.26
13020 2.63
13020 0.08
13021 1.98
13021 0.35
13021 11.31
13021 7.26
13021 2.63
13021 0.08
13022 1.98
13022 0.35
13022 11.31
13022 7.26
13022 2.63
13022 0.08
13023 1.98
13023 0.35
13023 11.31
13023 7.26
13023 2.63
13023 0.08
13078 1.98
13078 0.35
13078 11.31
13078 7.26
13078 2.63
13078 0.08
13079 1.98
13079 0.35
13079 11.31
13079 7.26
13079 2.63
13079 0.08
13080 1.98
13080 0.35
13080 11.31
13080 7.26
13080 2.63
13080 0.08
13081 1.98
13081 0.35
13081 11.31
13081 7.26
13081 2.63
13081 0.08
13082 1.98
13082 0.35
13082 11.31
13082 7.26
13082 2.63
13082 0.08
13083 1.98
13083 0.35
13083 11.31
13083 7.26
13083 2.63
13083 0.08
13084 1.98
13084 0.35
13084 11.31
13084 7.26
13084 2.63
13084 0.08
13137 1.98
13137 0.35
13137 11.31
13137 7.26
13137 2.63
13137 0.08
13138 1.98
13138 0.35
13138 11.31
13138 7.26
13138 2.63
13138 0.08
13139 1.98
13139 0.35
13139 11.31
13139 7.26
13139 2.63
13139 0.08
13140 1.98
13140 0.35
13140 11.31
13140 7.26
13140 2.63
13140 0.08
13141 1.98
13141 0.35
13141 11.31
13141 7.26
13141 2.63
13141 0.08
13142 1.98
13142 0.35
13142 11.31
13142 7.26
13142 2.63
13142 0.08
13143 1.98
13143 0.35
13143 11.31
13143 7.26
13143 2.63
13143 0.08
13196 1.98
13196 0.35
13196 11.31
13196 7.26
13196 2.63
13196 0.08
13144 1.98
13144 0.35
13144 11.31
13144 7.26
13144 2.63
13144 0.08
13197 1.98
13197 0.35
13197 11.31
13197 7.26
13197 2.63
13197 0.08
13198 1.98
13198 0.35
13198 11.31
13198 7.26
13198 2.63
13198 0.08
13199 1.98
13199 0.35
13199 11.31
13199 7.26
13199 2.63
13199 0.08
13200 1.98
13200 0.35
13200 11.31
13200 7.26
13200 2.63
13200 0.08
13201 1.98
13201 0.35
13201 11.31
13201 7.26
13201 2.63
13201 0.08
13254 1.98
13254 0.35
13254 11.31
13254 7.26
13254 2.63
13254 0.08
13202 1.98
13202 0.35
13202 11.31
13202 7.26
13202 2.63
13202 0.08
13255 1.98
13255 0.35
13255 11.31
13255 7.26
13255 2.63
13255 0.08
13203 1.98
13203 0.35
13203 11.31
13203 7.26
13203 2.63
13203 0.08
13256 1.98
13256 0.35
13256 11.31
13256 7.26
13256 2.63
13256 0.08
13257 1.98
13257 0.35
13257 11.31
13257 7.26
13257 2.63
13257 0.08
13258 1.98
13258 0.35
13258 11.31
13258 7.26
13258 2.63
13258 0.08
13259 1.98
13259 0.35
13259 11.31
13259 7.26
13259 2.63
13259 0.08
13260 1.98
13260 0.35
13260 11.31
13260 7.26
13260 2.63
13260 0.08
13314 1.98
13314 0.35
13314 11.31
13314 7.26
13314 2.63
13314 0.08
13261 1.98
13261 0.35
13261 11.31
13261 7.26
13261 2.63
13261 0.08
13315 1.98
13315 0.35
13315 11.31
13315 7.26
13315 2.63
13315 0.08
13262 1.98
13262 0.35
13262 11.31
13262 7.26
13262 2.63
13262 0.08
13316 1.98
13316 0.35
13316 11.31
13316 7.26
13316 2.63
13316 0.08
13263 1.98
13263 0.35
13263 11.31
13263 7.26
13263 2.63
13263 0.08
13317 1.98
13317 0.35
13317 11.31
13317 7.26
13317 2.63
13317 0.08
13318 1.98
13318 0.35
13318 11.31
13318 7.26
13318 2.63
13318 0.08
13371 1.98
13371 0.35
13371 11.31
13371 7.26
13371 2.63
13371 0.08
13319 1.98
13319 0.35
13319 11.31
13319 7.26
13319 2.63
13319 0.08
13372 1.98
13372 0.35
13372 11.31
13372 7.26
13372 2.63
13372 0.08
13320 1.98
13320 0.35
13320 11.31
13320 7.26
13320 2.63
13320 0.08
13373 1.98
13373 0.35
13373 11.31
13373 7.26
13373 2.63
13373 0.08
13321 1.98
13321 0.35
13321 11.31
13321 7.26
13321 2.63
13321 0.08
13374 1.98
13374 0.35
13374 11.31
13374 7.26
13374 2.63
13374 0.08
13322 1.98
13322 0.35
13322 11.31
13322 7.26
13322 2.63
13322 0.08
13375 1.98
13375 0.35
13375 11.31
13375 7.26
13375 2.63
13375 0.08
13323 1.98
13323 0.35
13323 11.31
13323 7.26
13323 2.63
13323 0.08
13376 1.98
13376 0.35
13376 11.31
13376 7.26
13376 2.63
13376 0.08
13324 1.98
13324 0.35
13324 11.31
13324 7.26
13324 2.63
13324 0.08
13377 1.98
13377 0.35
13377 11.31
13377 7.26
13377 2.63
13377 0.08
13378 1.98
13378 0.35
13378 11.31
13378 7.26
13378 2.63
13378 0.08
13433 1.98
13433 0.35
13433 11.31
13433 7.26
13433 2.63
13433 0.08
13379 1.98
13379 0.35
13379 11.31
13379 7.26
13379 2.63
13379 0.08
13434 1.98
13434 0.35
13434 11.31
13434 7.26
13434 2.63
13434 0.08
13380 1.98
13380 0.35
13380 11.31
13380 7.26
13380 2.63
13380 0.08
13435 1.98
13435 0.35
13435 11.31
13435 7.26
13435 2.63
13435 0.08
13381 1.98
13381 0.35
13381 11.31
13381 7.26
13381 2.63
13381 0.08
13436 1.98
13436 0.35
13436 11.31
13436 7.26
13436 2.63
13436 0.08
13382 1.98
13382 0.35
13382 11.31
13382 7.26
13382 2.63
13382 0.08
13437 1.98
13437 0.35
13437 11.31
13437 7.26
13437 2.63
13437 0.08
13487 1.98
13487 0.35
13487 11.31
13487 7.26
13487 2.63
13487 0.08
13383 1.98
13383 0.35
13383 11.31
13383 7.26
13383 2.63
13383 0.08
13438 1.98
13438 0.35
13438 11.31
13438 7.26
13438 2.63
13438 0.08
13488 1.98
13488 0.35
13488 11.31
13488 7.26
13488 2.63
13488 0.08
13384 1.98
13384 0.35
13384 11.31
13384 7.26
13384 2.63
13384 0.08
13439 1.98
13439 0.35
13439 11.31
13439 7.26
13439 2.63
13439 0.08
13489 1.98
13489 0.35
13489 11.31
13489 7.26
13489 2.63
13489 0.08
13440 1.98
13440 0.35
13440 11.31
13440 7.26
13440 2.63
13440 0.08
13490 1.98
13490 0.35
13490 11.31
13490 7.26
13490 2.63
13490 0.08
13441 1.98
13441 0.35
13441 11.31
13441 7.26
13441 2.63
13441 0.08
13491 1.98
13491 0.35
13491 11.31
13491 7.26
13491 2.63
13491 0.08
13442 1.98
13442 0.35
13442 11.31
13442 7.26
13442 2.63
13442 0.08
13492 1.98
13492 0.35
13492 11.31
13492 7.26
13492 2.63
13492 0.08
13443 1.98
13443 0.35
13443 11.31
13443 7.26
13443 2.63
13443 0.08
13493 1.98
13493 0.35
13493 11.31
13493 7.26
13493 2.63
13493 0.08
13545 1.98
13545 0.35
13545 11.31
13545 7.26
13545 2.63
13545 0.08
13444 1.98
13444 0.35
13444 11.31
13444 7.26
13444 2.63
13444 0.08
13494 1.98
13494 0.35
13494 11.31
13494 7.26
13494 2.63
13494 0.08
13546 1.98
13546 0.35
13546 11.31
13546 7.26
13546 2.63
13546 0.08
13445 1.98
13445 0.35
13445 11.31
13445 7.26
13445 2.63
13445 0.08
13495 1.98
13495 0.35
13495 11.31
13495 7.26
13495 2.63
13495 0.08
13547 1.98
13547 0.35
13547 11.31
13547 7.26
13547 2.63
13547 0.08
13496 1.98
13496 0.35
13496 11.31
13496 7.26
13496 2.63
13496 0.08
13548 1.98
13548 0.35
13548 11.31
13548 7.26
13548 2.63
13548 0.08
13497 1.98
13497 0.35
13497 11.31
13497 7.26
13497 2.63
13497 0.08
13549 1.98
13549 0.35
13549 11.31
13549 7.26
13549 2.63
13549 0.08
13498 1.98
13498 0.35
13498 11.31
13498 7.26
13498 2.63
13498 0.08
13550 1.98
13550 0.35
13550 11.31
13550 7.26
13550 2.63
13550 0.08
13601 1.98
13601 0.35
13601 11.31
13601 7.26
13601 2.63
13601 0.08
13499 1.98
13499 0.35
13499 11.31
13499 7.26
13499 2.63
13499 0.08
13551 1.98
13551 0.35
13551 11.31
13551 7.26
13551 2.63
13551 0.08
13602 1.98
13602 0.35
13602 11.31
13602 7.26
13602 2.63
13602 0.08
13500 1.98
13500 0.35
13500 11.31
13500 7.26
13500 2.63
13500 0.08
13552 1.98
13552 0.35
13552 11.31
13552 7.26
13552 2.63
13552 0.08
13603 1.98
13603 0.35
13603 11.31
13603 7.26
13603 2.63
13603 0.08
13501 1.98
13501 0.35
13501 11.31
13501 7.26
13501 2.63
13501 0.08
13553 1.98
13553 0.35
13553 11.31
13553 7.26
13553 2.63
13553 0.08
13604 1.98
13604 0.35
13604 11.31
13604 7.26
13604 2.63
13604 0.08
13502 1.98
13502 0.35
13502 11.31
13502 7.26
13502 2.63
13502 0.08
13554 1.98
13554 0.35
13554 11.31
13554 7.26
13554 2.63
13554 0.08
13605 1.98
13605 0.35
13605 11.31
13605 7.26
13605 2.63
13605 0.08
13555 1.98
13555 0.35
13555 11.31
13555 7.26
13555 2.63
13555 0.08
13606 1.98
13606 0.35
13606 11.31
13606 7.26
13606 2.63
13606 0.08
13659 1.98
13659 0.35
13659 11.31
13659 7.26
13659 2.63
13659 0.08
13556 1.98
13556 0.35
13556 11.31
13556 7.26
13556 2.63
13556 0.08
13607 1.98
13607 0.35
13607 11.31
13607 7.26
13607 2.63
13607 0.08
13660 1.98
13660 0.35
13660 11.31
13660 7.26
13660 2.63
13660 0.08
13557 1.98
13557 0.35
13557 11.31
13557 7.26
13557 2.63
13557 0.08
13608 1.98
13608 0.35
13608 11.31
13608 7.26
13608 2.63
13608 0.08
13661 1.98
13661 0.35
13661 11.31
13661 7.26
13661 2.63
13661 0.08
13558 1.98
13558 0.35
13558 11.31
13558 7.26
13558 2.63
13558 0.08
13609 1.98
13609 0.35
13609 11.31
13609 7.26
13609 2.63
13609 0.08
13662 1.98
13662 0.35
13662 11.31
13662 7.26
13662 2.63
13662 0.08
13559 1.98
13559 0.35
13559 11.31
13559 7.26
13559 2.63
13559 0.08
13610 1.98
13610 0.35
13610 11.31
13610 7.26
13610 2.63
13610 0.08
13663 1.98
13663 0.35
13663 11.31
13663 7.26
13663 2.63
13663 0.08
13560 1.98
13560 0.35
13560 11.31
13560 7.26
13560 2.63
13560 0.08
13611 1.98
13611 0.35
13611 11.31
13611 7.26
13611 2.63
13611 0.08
13664 1.98
13664 0.35
13664 11.31
13664 7.26
13664 2.63
13664 0.08
13561 1.98
13561 0.35
13561 11.31
13561 7.26
13561 2.63
13561 0.08
13612 1.98
13612 0.35
13612 11.31
13612 7.26
13612 2.63
13612 0.08
13665 1.98
13665 0.35
13665 11.31
13665 7.26
13665 2.63
13665 0.08
13613 1.98
13613 0.35
13613 11.31
13613 7.26
13613 2.63
13613 0.08
13666 1.98
13666 0.35
13666 11.31
13666 7.26
13666 2.63
13666 0.08
13720 1.98
13720 0.35
13720 11.31
13720 7.26
13720 2.63
13720 0.08
13614 1.98
13614 0.35
13614 11.31
13614 7.26
13614 2.63
13614 0.08
13667 1.98
13667 0.35
13667 11.31
13667 7.26
13667 2.63
13667 0.08
13721 1.98
13721 0.35
13721 11.31
13721 7.26
13721 2.63
13721 0.08
13615 1.98
13615 0.35
13615 11.31
13615 7.26
13615 2.63
13615 0.08
13668 1.98
13668 0.35
13668 11.31
13668 7.26
13668 2.63
13668 0.08
13722 1.98
13722 0.35
13722 11.31
13722 7.26
13722 2.63
13722 0.08
13616 1.98
13616 0.35
13616 11.31
13616 7.26
13616 2.63
13616 0.08
13669 1.98
13669 0.35
13669 11.31
13669 7.26
13669 2.63
13669 0.08
13723 1.98
13723 0.35
13723 11.31
13723 7.26
13723 2.63
13723 0.08
13617 1.98
13617 0.35
13617 11.31
13617 7.26
13617 2.63
13617 0.08
13670 1.98
13670 0.35
13670 11.31
13670 7.26
13670 2.63
13670 0.08
13724 1.98
13724 0.35
13724 11.31
13724 7.26
13724 2.63
13724 0.08
13618 1.98
13618 0.35
13618 11.31
13618 7.26
13618 2.63
13618 0.08
13671 1.98
13671 0.35
13671 11.31
13671 7.26
13671 2.63
13671 0.08
13725 1.98
13725 0.35
13725 11.31
13725 7.26
13725 2.63
13725 0.08
13778 1.98
13778 0.35
13778 11.31
13778 7.26
13778 2.63
13778 0.08
13672 1.98
13672 0.35
13672 11.31
13672 7.26
13672 2.63
13672 0.08
13726 1.98
13726 0.35
13726 11.31
13726 7.26
13726 2.63
13726 0.08
13779 1.98
13779 0.35
13779 11.31
13779 7.26
13779 2.63
13779 0.08
13673 1.98
13673 0.35
13673 11.31
13673 7.26
13673 2.63
13673 0.08
13727 1.98
13727 0.35
13727 11.31
13727 7.26
13727 2.63
13727 0.08
13780 1.98
13780 0.35
13780 11.31
13780 7.26
13780 2.63
13780 0.08
13674 1.98
13674 0.35
13674 11.31
13674 7.26
13674 2.63
13674 0.08
13728 1.98
13728 0.35
13728 11.31
13728 7.26
13728 2.63
13728 0.08
13781 1.98
13781 0.35
13781 11.31
13781 7.26
13781 2.63
13781 0.08
13675 1.98
13675 0.35
13675 11.31
13675 7.26
13675 2.63
13675 0.08
13729 1.98
13729 0.35
13729 11.31
13729 7.26
13729 2.63
13729 0.08
13782 1.98
13782 0.35
13782 11.31
13782 7.26
13782 2.63
13782 0.08
13676 1.98
13676 0.35
13676 11.31
13676 7.26
13676 2.63
13676 0.08
13730 1.98
13730 0.35
13730 11.31
13730 7.26
13730 2.63
13730 0.08
13783 1.98
13783 0.35
13783 11.31
13783 7.26
13783 2.63
13783 0.08
13677 1.98
13677 0.35
13677 11.31
13677 7.26
13677 2.63
13677 0.08
13731 1.98
13731 0.35
13731 11.31
13731 7.26
13731 2.63
13731 0.08
13784 1.98
13784 0.35
13784 11.31
13784 7.26
13784 2.63
13784 0.08
13678 1.98
13678 0.35
13678 11.31
13678 7.26
13678 2.63
13678 0.08
13732 1.98
13732 0.35
13732 11.31
13732 7.26
13732 2.63
13732 0.08
13839 1.98
13839 0.35
13839 11.31
13839 7.26
13839 2.63
13839 0.08
13785 1.98
13785 0.35
13785 11.31
13785 7.26
13785 2.63
13785 0.08
13733 1.98
13733 0.35
13733 11.31
13733 7.26
13733 2.63
13733 0.08
13786 1.98
13786 0.35
13786 11.31
13786 7.26
13786 2.63
13786 0.08
13840 1.98
13840 0.35
13840 11.31
13840 7.26
13840 2.63
13840 0.08
13734 1.98
13734 0.35
13734 11.31
13734 7.26
13734 2.63
13734 0.08
13787 1.98
13787 0.35
13787 11.31
13787 7.26
13787 2.63
13787 0.08
13841 1.98
13841 0.35
13841 11.31
13841 7.26
13841 2.63
13841 0.08
13735 1.98
13735 0.35
13735 11.31
13735 7.26
13735 2.63
13735 0.08
13788 1.98
13788 0.35
13788 11.31
13788 7.26
13788 2.63
13788 0.08
13842 1.98
13842 0.35
13842 11.31
13842 7.26
13842 2.63
13842 0.08
13736 1.98
13736 0.35
13736 11.31
13736 7.26
13736 2.63
13736 0.08
13789 1.98
13789 0.35
13789 11.31
13789 7.26
13789 2.63
13789 0.08
13843 1.98
13843 0.35
13843 11.31
13843 7.26
13843 2.63
13843 0.08
13895 1.98
13895 0.35
13895 11.31
13895 7.26
13895 2.63
13895 0.08
13737 1.98
13737 0.35
13737 11.31
13737 7.26
13737 2.63
13737 0.08
13790 1.98
13790 0.35
13790 11.31
13790 7.26
13790 2.63
13790 0.08
13844 1.98
13844 0.35
13844 11.31
13844 7.26
13844 2.63
13844 0.08
13896 1.98
13896 0.35
13896 11.31
13896 7.26
13896 2.63
13896 0.08
13738 1.98
13738 0.35
13738 11.31
13738 7.26
13738 2.63
13738 0.08
13791 1.98
13791 0.35
13791 11.31
13791 7.26
13791 2.63
13791 0.08
13845 1.98
13845 0.35
13845 11.31
13845 7.26
13845 2.63
13845 0.08
13897 1.98
13897 0.35
13897 11.31
13897 7.26
13897 2.63
13897 0.08
13792 1.98
13792 0.35
13792 11.31
13792 7.26
13792 2.63
13792 0.08
13846 1.98
13846 0.35
13846 11.31
13846 7.26
13846 2.63
13846 0.08
13898 1.98
13898 0.35
13898 11.31
13898 7.26
13898 2.63
13898 0.08
13793 1.98
13793 0.35
13793 11.31
13793 7.26
13793 2.63
13793 0.08
13847 1.98
13847 0.35
13847 11.31
13847 7.26
13847 2.63
13847 0.08
13899 1.98
13899 0.35
13899 11.31
13899 7.26
13899 2.63
13899 0.08
13794 1.98
13794 0.35
13794 11.31
13794 7.26
13794 2.63
13794 0.08
13848 1.98
13848 0.35
13848 11.31
13848 7.26
13848 2.63
13848 0.08
13900 1.98
13900 0.35
13900 11.31
13900 7.26
13900 2.63
13900 0.08
13795 1.98
13795 0.35
13795 11.31
13795 7.26
13795 2.63
13795 0.08
13849 1.98
13849 0.35
13849 11.31
13849 7.26
13849 2.63
13849 0.08
13901 1.98
13901 0.35
13901 11.31
13901 7.26
13901 2.63
13901 0.08
13956 1.98
13956 0.35
13956 11.31
13956 7.26
13956 2.63
13956 0.08
13796 1.98
13796 0.35
13796 11.31
13796 7.26
13796 2.63
13796 0.08
13850 1.98
13850 0.35
13850 11.31
13850 7.26
13850 2.63
13850 0.08
13902 1.98
13902 0.35
13902 11.31
13902 7.26
13902 2.63
13902 0.08
13957 1.98
13957 0.35
13957 11.31
13957 7.26
13957 2.63
13957 0.08
13797 1.98
13797 0.35
13797 11.31
13797 7.26
13797 2.63
13797 0.08
13851 1.98
13851 0.35
13851 11.31
13851 7.26
13851 2.63
13851 0.08
13903 1.98
13903 0.35
13903 11.31
13903 7.26
13903 2.63
13903 0.08
13958 1.98
13958 0.35
13958 11.31
13958 7.26
13958 2.63
13958 0.08
13798 1.98
13798 0.35
13798 11.31
13798 7.26
13798 2.63
13798 0.08
13852 1.98
13852 0.35
13852 11.31
13852 7.26
13852 2.63
13852 0.08
13904 1.98
13904 0.35
13904 11.31
13904 7.26
13904 2.63
13904 0.08
13959 1.98
13959 0.35
13959 11.31
13959 7.26
13959 2.63
13959 0.08
13853 1.98
13853 0.35
13853 11.31
13853 7.26
13853 2.63
13853 0.08
13905 1.98
13905 0.35
13905 11.31
13905 7.26
13905 2.63
13905 0.08
13960 1.98
13960 0.35
13960 11.31
13960 7.26
13960 2.63
13960 0.08
13854 1.98
13854 0.35
13854 11.31
13854 7.26
13854 2.63
13854 0.08
13906 1.98
13906 0.35
13906 11.31
13906 7.26
13906 2.63
13906 0.08
14017 1.98
14017 0.35
14017 11.31
14017 7.26
14017 2.63
14017 0.08
13961 1.98
13961 0.35
13961 11.31
13961 7.26
13961 2.63
13961 0.08
13855 1.98
13855 0.35
13855 11.31
13855 7.26
13855 2.63
13855 0.08
13907 1.98
13907 0.35
13907 11.31
13907 7.26
13907 2.63
13907 0.08
14018 1.98
14018 0.35
14018 11.31
14018 7.26
14018 2.63
14018 0.08
13962 1.98
13962 0.35
13962 11.31
13962 7.26
13962 2.63
13962 0.08
13856 1.98
13856 0.35
13856 11.31
13856 7.26
13856 2.63
13856 0.08
13908 1.98
13908 0.35
13908 11.31
13908 7.26
13908 2.63
13908 0.08
14019 1.98
14019 0.35
14019 11.31
14019 7.26
14019 2.63
14019 0.08
13963 1.98
13963 0.35
13963 11.31
13963 7.26
13963 2.63
13963 0.08
13857 1.98
13857 0.35
13857 11.31
13857 7.26
13857 2.63
13857 0.08
13909 1.98
13909 0.35
13909 11.31
13909 7.26
13909 2.63
13909 0.08
14020 1.98
14020 0.35
14020 11.31
14020 7.26
14020 2.63
14020 0.08
13964 1.98
13964 0.35
13964 11.31
13964 7.26
13964 2.63
13964 0.08
13858 1.98
13858 0.35
13858 11.31
13858 7.26
13858 2.63
13858 0.08
13910 1.98
13910 0.35
13910 11.31
13910 7.26
13910 2.63
13910 0.08
14021 1.98
14021 0.35
14021 11.31
14021 7.26
14021 2.63
14021 0.08
13965 1.98
13965 0.35
13965 11.31
13965 7.26
13965 2.63
13965 0.08
13911 1.98
13911 0.35
13911 11.31
13911 7.26
13911 2.63
13911 0.08
13966 1.98
13966 0.35
13966 11.31
13966 7.26
13966 2.63
13966 0.08
14022 1.98
14022 0.35
14022 11.31
14022 7.26
14022 2.63
14022 0.08
13912 1.98
13912 0.35
13912 11.31
13912 7.26
13912 2.63
13912 0.08
13967 1.98
13967 0.35
13967 11.31
13967 7.26
13967 2.63
13967 0.08
14023 1.98
14023 0.35
14023 11.31
14023 7.26
14023 2.63
14023 0.08
13913 1.98
13913 0.35
13913 11.31
13913 7.26
13913 2.63
13913 0.08
13968 1.98
13968 0.35
13968 11.31
13968 7.26
13968 2.63
13968 0.08
14080 1.98
14080 0.35
14080 11.31
14080 7.26
14080 2.63
14080 0.08
14024 1.98
14024 0.35
14024 11.31
14024 7.26
14024 2.63
14024 0.08
13914 1.98
13914 0.35
13914 11.31
13914 7.26
13914 2.63
13914 0.08
13969 1.98
13969 0.35
13969 11.31
13969 7.26
13969 2.63
13969 0.08
14025 1.98
14025 0.35
14025 11.31
14025 7.26
14025 2.63
14025 0.08
14081 1.98
14081 0.35
14081 11.31
14081 7.26
14081 2.63
14081 0.08
13915 1.98
13915 0.35
13915 11.31
13915 7.26
13915 2.63
13915 0.08
13970 1.98
13970 0.35
13970 11.31
13970 7.26
13970 2.63
13970 0.08
14026 1.98
14026 0.35
14026 11.31
14026 7.26
14026 2.63
14026 0.08
14082 1.98
14082 0.35
14082 11.31
14082 7.26
14082 2.63
14082 0.08
13916 1.98
13916 0.35
13916 11.31
13916 7.26
13916 2.63
13916 0.08
13971 1.98
13971 0.35
13971 11.31
13971 7.26
13971 2.63
13971 0.08
14027 1.98
14027 0.35
14027 11.31
14027 7.26
14027 2.63
14027 0.08
14083 1.98
14083 0.35
14083 11.31
14083 7.26
14083 2.63
14083 0.08
13917 1.98
13917 0.35
13917 11.31
13917 7.26
13917 2.63
13917 0.08
13972 1.98
13972 0.35
13972 11.31
13972 7.26
13972 2.63
13972 0.08
14028 1.98
14028 0.35
14028 11.31
14028 7.26
14028 2.63
14028 0.08
14084 1.98
14084 0.35
14084 11.31
14084 7.26
14084 2.63
14084 0.08
13973 1.98
13973 0.35
13973 11.31
13973 7.26
13973 2.63
13973 0.08
14029 1.98
14029 0.35
14029 11.31
14029 7.26
14029 2.63
14029 0.08
14142 1.98
14142 0.35
14142 11.31
14142 7.26
14142 2.63
14142 0.08
14085 1.98
14085 0.35
14085 11.31
14085 7.26
14085 2.63
14085 0.08
13974 1.98
13974 0.35
13974 11.31
13974 7.26
13974 2.63
13974 0.08
14030 1.98
14030 0.35
14030 11.31
14030 7.26
14030 2.63
14030 0.08
14143 1.98
14143 0.35
14143 11.31
14143 7.26
14143 2.63
14143 0.08
14086 1.98
14086 0.35
14086 11.31
14086 7.26
14086 2.63
14086 0.08
13975 1.98
13975 0.35
13975 11.31
13975 7.26
13975 2.63
13975 0.08
14031 1.98
14031 0.35
14031 11.31
14031 7.26
14031 2.63
14031 0.08
14087 1.98
14087 0.35
14087 11.31
14087 7.26
14087 2.63
14087 0.08
14144 1.98
14144 0.35
14144 11.31
14144 7.26
14144 2.63
14144 0.08
13976 1.98
13976 0.35
13976 11.31
13976 7.26
13976 2.63
13976 0.08
14032 1.98
14032 0.35
14032 11.31
14032 7.26
14032 2.63
14032 0.08
14088 1.98
14088 0.35
14088 11.31
14088 7.26
14088 2.63
14088 0.08
14145 1.98
14145 0.35
14145 11.31
14145 7.26
14145 2.63
14145 0.08
13977 1.98
13977 0.35
13977 11.31
13977 7.26
13977 2.63
13977 0.08
14033 1.98
14033 0.35
14033 11.31
14033 7.26
14033 2.63
14033 0.08
14089 1.98
14089 0.35
14089 11.31
14089 7.26
14089 2.63
14089 0.08
14146 1.98
14146 0.35
14146 11.31
14146 7.26
14146 2.63
14146 0.08
13978 1.98
13978 0.35
13978 11.31
13978 7.26
13978 2.63
13978 0.08
14034 1.98
14034 0.35
14034 11.31
14034 7.26
14034 2.63
14034 0.08
14090 1.98
14090 0.35
14090 11.31
14090 7.26
14090 2.63
14090 0.08
14147 1.98
14147 0.35
14147 11.31
14147 7.26
14147 2.63
14147 0.08
14035 1.98
14035 0.35
14035 11.31
14035 7.26
14035 2.63
14035 0.08
14091 1.98
14091 0.35
14091 11.31
14091 7.26
14091 2.63
14091 0.08
14207 1.98
14207 0.35
14207 11.31
14207 7.26
14207 2.63
14207 0.08
14148 1.98
14148 0.35
14148 11.31
14148 7.26
14148 2.63
14148 0.08
14036 1.98
14036 0.35
14036 11.31
14036 7.26
14036 2.63
14036 0.08
14092 1.98
14092 0.35
14092 11.31
14092 7.26
14092 2.63
14092 0.08
14208 1.98
14208 0.35
14208 11.31
14208 7.26
14208 2.63
14208 0.08
14149 1.98
14149 0.35
14149 11.31
14149 7.26
14149 2.63
14149 0.08
14037 1.98
14037 0.35
14037 11.31
14037 7.26
14037 2.63
14037 0.08
14093 1.98
14093 0.35
14093 11.31
14093 7.26
14093 2.63
14093 0.08
14209 1.98
14209 0.35
14209 11.31
14209 7.26
14209 2.63
14209 0.08
14150 1.98
14150 0.35
14150 11.31
14150 7.26
14150 2.63
14150 0.08
14038 1.98
14038 0.35
14038 11.31
14038 7.26
14038 2.63
14038 0.08
14094 1.98
14094 0.35
14094 11.31
14094 7.26
14094 2.63
14094 0.08
14151 1.98
14151 0.35
14151 11.31
14151 7.26
14151 2.63
14151 0.08
14210 1.98
14210 0.35
14210 11.31
14210 7.26
14210 2.63
14210 0.08
14039 1.98
14039 0.35
14039 11.31
14039 7.26
14039 2.63
14039 0.08
14095 1.98
14095 0.35
14095 11.31
14095 7.26
14095 2.63
14095 0.08
14152 1.98
14152 0.35
14152 11.31
14152 7.26
14152 2.63
14152 0.08
14211 1.98
14211 0.35
14211 11.31
14211 7.26
14211 2.63
14211 0.08
14040 1.98
14040 0.35
14040 11.31
14040 7.26
14040 2.63
14040 0.08
14096 1.98
14096 0.35
14096 11.31
14096 7.26
14096 2.63
14096 0.08
14273 1.98
14273 0.35
14273 11.31
14273 7.26
14273 2.63
14273 0.08
14153 1.98
14153 0.35
14153 11.31
14153 7.26
14153 2.63
14153 0.08
14212 1.98
14212 0.35
14212 11.31
14212 7.26
14212 2.63
14212 0.08
14041 1.98
14041 0.35
14041 11.31
14041 7.26
14041 2.63
14041 0.08
14097 1.98
14097 0.35
14097 11.31
14097 7.26
14097 2.63
14097 0.08
14274 1.98
14274 0.35
14274 11.31
14274 7.26
14274 2.63
14274 0.08
14154 1.98
14154 0.35
14154 11.31
14154 7.26
14154 2.63
14154 0.08
14213 1.98
14213 0.35
14213 11.31
14213 7.26
14213 2.63
14213 0.08
14098 1.98
14098 0.35
14098 11.31
14098 7.26
14098 2.63
14098 0.08
14275 1.98
14275 0.35
14275 11.31
14275 7.26
14275 2.63
14275 0.08
14155 1.98
14155 0.35
14155 11.31
14155 7.26
14155 2.63
14155 0.08
14214 1.98
14214 0.35
14214 11.31
14214 7.26
14214 2.63
14214 0.08
14099 1.98
14099 0.35
14099 11.31
14099 7.26
14099 2.63
14099 0.08
14156 1.98
14156 0.35
14156 11.31
14156 7.26
14156 2.63
14156 0.08
14276 1.98
14276 0.35
14276 11.31
14276 7.26
14276 2.63
14276 0.08
14215 1.98
14215 0.35
14215 11.31
14215 7.26
14215 2.63
14215 0.08
14100 1.98
14100 0.35
14100 11.31
14100 7.26
14100 2.63
14100 0.08
14157 1.98
14157 0.35
14157 11.31
14157 7.26
14157 2.63
14157 0.08
14277 1.98
14277 0.35
14277 11.31
14277 7.26
14277 2.63
14277 0.08
14216 1.98
14216 0.35
14216 11.31
14216 7.26
14216 2.63
14216 0.08
14101 1.98
14101 0.35
14101 11.31
14101 7.26
14101 2.63
14101 0.08
14158 1.98
14158 0.35
14158 11.31
14158 7.26
14158 2.63
14158 0.08
14278 1.98
14278 0.35
14278 11.31
14278 7.26
14278 2.63
14278 0.08
14217 1.98
14217 0.35
14217 11.31
14217 7.26
14217 2.63
14217 0.08
14102 1.98
14102 0.35
14102 11.31
14102 7.26
14102 2.63
14102 0.08
14159 1.98
14159 0.35
14159 11.31
14159 7.26
14159 2.63
14159 0.08
14343 1.98
14343 0.35
14343 11.31
14343 7.26
14343 2.63
14343 0.08
14279 1.98
14279 0.35
14279 11.31
14279 7.26
14279 2.63
14279 0.08
14218 1.98
14218 0.35
14218 11.31
14218 7.26
14218 2.63
14218 0.08
14103 1.98
14103 0.35
14103 11.31
14103 7.26
14103 2.63
14103 0.08
14160 1.98
14160 0.35
14160 11.31
14160 7.26
14160 2.63
14160 0.08
14344 1.98
14344 0.35
14344 11.31
14344 7.26
14344 2.63
14344 0.08
14280 1.98
14280 0.35
14280 11.31
14280 7.26
14280 2.63
14280 0.08
14219 1.98
14219 0.35
14219 11.31
14219 7.26
14219 2.63
14219 0.08
14161 1.98
14161 0.35
14161 11.31
14161 7.26
14161 2.63
14161 0.08
14345 1.98
14345 0.35
14345 11.31
14345 7.26
14345 2.63
14345 0.08
14220 1.98
14220 0.35
14220 11.31
14220 7.26
14220 2.63
14220 0.08
14281 1.98
14281 0.35
14281 11.31
14281 7.26
14281 2.63
14281 0.08
14162 1.98
14162 0.35
14162 11.31
14162 7.26
14162 2.63
14162 0.08
14346 1.98
14346 0.35
14346 11.31
14346 7.26
14346 2.63
14346 0.08
14221 1.98
14221 0.35
14221 11.31
14221 7.26
14221 2.63
14221 0.08
14282 1.98
14282 0.35
14282 11.31
14282 7.26
14282 2.63
14282 0.08
14163 1.98
14163 0.35
14163 11.31
14163 7.26
14163 2.63
14163 0.08
14222 1.98
14222 0.35
14222 11.31
14222 7.26
14222 2.63
14222 0.08
14347 1.98
14347 0.35
14347 11.31
14347 7.26
14347 2.63
14347 0.08
14283 1.98
14283 0.35
14283 11.31
14283 7.26
14283 2.63
14283 0.08
14164 1.98
14164 0.35
14164 11.31
14164 7.26
14164 2.63
14164 0.08
14223 1.98
14223 0.35
14223 11.31
14223 7.26
14223 2.63
14223 0.08
14284 1.98
14284 0.35
14284 11.31
14284 7.26
14284 2.63
14284 0.08
14348 1.98
14348 0.35
14348 11.31
14348 7.26
14348 2.63
14348 0.08
14165 1.98
14165 0.35
14165 11.31
14165 7.26
14165 2.63
14165 0.08
14224 1.98
14224 0.35
14224 11.31
14224 7.26
14224 2.63
14224 0.08
14413 1.98
14413 0.35
14413 11.31
14413 7.26
14413 2.63
14413 0.08
14285 1.98
14285 0.35
14285 11.31
14285 7.26
14285 2.63
14285 0.08
14349 1.98
14349 0.35
14349 11.31
14349 7.26
14349 2.63
14349 0.08
14166 1.98
14166 0.35
14166 11.31
14166 7.26
14166 2.63
14166 0.08
14225 1.98
14225 0.35
14225 11.31
14225 7.26
14225 2.63
14225 0.08
14414 1.98
14414 0.35
14414 11.31
14414 7.26
14414 2.63
14414 0.08
14286 1.98
14286 0.35
14286 11.31
14286 7.26
14286 2.63
14286 0.08
14350 1.98
14350 0.35
14350 11.31
14350 7.26
14350 2.63
14350 0.08
14226 1.98
14226 0.35
14226 11.31
14226 7.26
14226 2.63
14226 0.08
14287 1.98
14287 0.35
14287 11.31
14287 7.26
14287 2.63
14287 0.08
14415 1.98
14415 0.35
14415 11.31
14415 7.26
14415 2.63
14415 0.08
14351 1.98
14351 0.35
14351 11.31
14351 7.26
14351 2.63
14351 0.08
14227 1.98
14227 0.35
14227 11.31
14227 7.26
14227 2.63
14227 0.08
14288 1.98
14288 0.35
14288 11.31
14288 7.26
14288 2.63
14288 0.08
14416 1.98
14416 0.35
14416 11.31
14416 7.26
14416 2.63
14416 0.08
14352 1.98
14352 0.35
14352 11.31
14352 7.26
14352 2.63
14352 0.08
14228 1.98
14228 0.35
14228 11.31
14228 7.26
14228 2.63
14228 0.08
14486 1.98
14486 0.35
14486 11.31
14486 7.26
14486 2.63
14486 0.08
14289 1.98
14289 0.35
14289 11.31
14289 7.26
14289 2.63
14289 0.08
14417 1.98
14417 0.35
14417 11.31
14417 7.26
14417 2.63
14417 0.08
14353 1.98
14353 0.35
14353 11.31
14353 7.26
14353 2.63
14353 0.08
14229 1.98
14229 0.35
14229 11.31
14229 7.26
14229 2.63
14229 0.08
14487 1.98
14487 0.35
14487 11.31
14487 7.26
14487 2.63
14487 0.08
14290 1.98
14290 0.35
14290 11.31
14290 7.26
14290 2.63
14290 0.08
14354 1.98
14354 0.35
14354 11.31
14354 7.26
14354 2.63
14354 0.08
14418 1.98
14418 0.35
14418 11.31
14418 7.26
14418 2.63
14418 0.08
14230 1.98
14230 0.35
14230 11.31
14230 7.26
14230 2.63
14230 0.08
14291 1.98
14291 0.35
14291 11.31
14291 7.26
14291 2.63
14291 0.08
14488 1.98
14488 0.35
14488 11.31
14488 7.26
14488 2.63
14488 0.08
14355 1.98
14355 0.35
14355 11.31
14355 7.26
14355 2.63
14355 0.08
14419 1.98
14419 0.35
14419 11.31
14419 7.26
14419 2.63
14419 0.08
14231 1.98
14231 0.35
14231 11.31
14231 7.26
14231 2.63
14231 0.08
14292 1.98
14292 0.35
14292 11.31
14292 7.26
14292 2.63
14292 0.08
14489 1.98
14489 0.35
14489 11.31
14489 7.26
14489 2.63
14489 0.08
14356 1.98
14356 0.35
14356 11.31
14356 7.26
14356 2.63
14356 0.08
14420 1.98
14420 0.35
14420 11.31
14420 7.26
14420 2.63
14420 0.08
14232 1.98
14232 0.35
14232 11.31
14232 7.26
14232 2.63
14232 0.08
14293 1.98
14293 0.35
14293 11.31
14293 7.26
14293 2.63
14293 0.08
14490 1.98
14490 0.35
14490 11.31
14490 7.26
14490 2.63
14490 0.08
14357 1.98
14357 0.35
14357 11.31
14357 7.26
14357 2.63
14357 0.08
14421 1.98
14421 0.35
14421 11.31
14421 7.26
14421 2.63
14421 0.08
14294 1.98
14294 0.35
14294 11.31
14294 7.26
14294 2.63
14294 0.08
14491 1.98
14491 0.35
14491 11.31
14491 7.26
14491 2.63
14491 0.08
14358 1.98
14358 0.35
14358 11.31
14358 7.26
14358 2.63
14358 0.08
14422 1.98
14422 0.35
14422 11.31
14422 7.26
14422 2.63
14422 0.08
14295 1.98
14295 0.35
14295 11.31
14295 7.26
14295 2.63
14295 0.08
14492 1.98
14492 0.35
14492 11.31
14492 7.26
14492 2.63
14492 0.08
14359 1.98
14359 0.35
14359 11.31
14359 7.26
14359 2.63
14359 0.08
14423 1.98
14423 0.35
14423 11.31
14423 7.26
14423 2.63
14423 0.08
14296 1.98
14296 0.35
14296 11.31
14296 7.26
14296 2.63
14296 0.08
14559 1.98
14559 0.35
14559 11.31
14559 7.26
14559 2.63
14559 0.08
14360 1.98
14360 0.35
14360 11.31
14360 7.26
14360 2.63
14360 0.08
14493 1.98
14493 0.35
14493 11.31
14493 7.26
14493 2.63
14493 0.08
14424 1.98
14424 0.35
14424 11.31
14424 7.26
14424 2.63
14424 0.08
14297 1.98
14297 0.35
14297 11.31
14297 7.26
14297 2.63
14297 0.08
14560 1.98
14560 0.35
14560 11.31
14560 7.26
14560 2.63
14560 0.08
14361 1.98
14361 0.35
14361 11.31
14361 7.26
14361 2.63
14361 0.08
14494 1.98
14494 0.35
14494 11.31
14494 7.26
14494 2.63
14494 0.08
14425 1.98
14425 0.35
14425 11.31
14425 7.26
14425 2.63
14425 0.08
14298 1.98
14298 0.35
14298 11.31
14298 7.26
14298 2.63
14298 0.08
14362 1.98
14362 0.35
14362 11.31
14362 7.26
14362 2.63
14362 0.08
14561 1.98
14561 0.35
14561 11.31
14561 7.26
14561 2.63
14561 0.08
14495 1.98
14495 0.35
14495 11.31
14495 7.26
14495 2.63
14495 0.08
14426 1.98
14426 0.35
14426 11.31
14426 7.26
14426 2.63
14426 0.08
14299 1.98
14299 0.35
14299 11.31
14299 7.26
14299 2.63
14299 0.08
14363 1.98
14363 0.35
14363 11.31
14363 7.26
14363 2.63
14363 0.08
14562 1.98
14562 0.35
14562 11.31
14562 7.26
14562 2.63
14562 0.08
14496 1.98
14496 0.35
14496 11.31
14496 7.26
14496 2.63
14496 0.08
14427 1.98
14427 0.35
14427 11.31
14427 7.26
14427 2.63
14427 0.08
14364 1.98
14364 0.35
14364 11.31
14364 7.26
14364 2.63
14364 0.08
14563 1.98
14563 0.35
14563 11.31
14563 7.26
14563 2.63
14563 0.08
14497 1.98
14497 0.35
14497 11.31
14497 7.26
14497 2.63
14497 0.08
14428 1.98
14428 0.35
14428 11.31
14428 7.26
14428 2.63
14428 0.08
14365 1.98
14365 0.35
14365 11.31
14365 7.26
14365 2.63
14365 0.08
14629 1.98
14629 0.35
14629 11.31
14629 7.26
14629 2.63
14629 0.08
14564 1.98
14564 0.35
14564 11.31
14564 7.26
14564 2.63
14564 0.08
14429 1.98
14429 0.35
14429 11.31
14429 7.26
14429 2.63
14429 0.08
14498 1.98
14498 0.35
14498 11.31
14498 7.26
14498 2.63
14498 0.08
14366 1.98
14366 0.35
14366 11.31
14366 7.26
14366 2.63
14366 0.08
14630 1.98
14630 0.35
14630 11.31
14630 7.26
14630 2.63
14630 0.08
14430 1.98
14430 0.35
14430 11.31
14430 7.26
14430 2.63
14430 0.08
14565 1.98
14565 0.35
14565 11.31
14565 7.26
14565 2.63
14565 0.08
14499 1.98
14499 0.35
14499 11.31
14499 7.26
14499 2.63
14499 0.08
14367 1.98
14367 0.35
14367 11.31
14367 7.26
14367 2.63
14367 0.08
14631 1.98
14631 0.35
14631 11.31
14631 7.26
14631 2.63
14631 0.08
14431 1.98
14431 0.35
14431 11.31
14431 7.26
14431 2.63
14431 0.08
14566 1.98
14566 0.35
14566 11.31
14566 7.26
14566 2.63
14566 0.08
14500 1.98
14500 0.35
14500 11.31
14500 7.26
14500 2.63
14500 0.08
14368 1.98
14368 0.35
14368 11.31
14368 7.26
14368 2.63
14368 0.08
14632 1.98
14632 0.35
14632 11.31
14632 7.26
14632 2.63
14632 0.08
14432 1.98
14432 0.35
14432 11.31
14432 7.26
14432 2.63
14432 0.08
14501 1.98
14501 0.35
14501 11.31
14501 7.26
14501 2.63
14501 0.08
14567 1.98
14567 0.35
14567 11.31
14567 7.26
14567 2.63
14567 0.08
14369 1.98
14369 0.35
14369 11.31
14369 7.26
14369 2.63
14369 0.08
14433 1.98
14433 0.35
14433 11.31
14433 7.26
14433 2.63
14433 0.08
14633 1.98
14633 0.35
14633 11.31
14633 7.26
14633 2.63
14633 0.08
14502 1.98
14502 0.35
14502 11.31
14502 7.26
14502 2.63
14502 0.08
14568 1.98
14568 0.35
14568 11.31
14568 7.26
14568 2.63
14568 0.08
14434 1.98
14434 0.35
14434 11.31
14434 7.26
14434 2.63
14434 0.08
14634 1.98
14634 0.35
14634 11.31
14634 7.26
14634 2.63
14634 0.08
14503 1.98
14503 0.35
14503 11.31
14503 7.26
14503 2.63
14503 0.08
14569 1.98
14569 0.35
14569 11.31
14569 7.26
14569 2.63
14569 0.08
14698 1.98
14698 0.35
14698 11.31
14698 7.26
14698 2.63
14698 0.08
14435 1.98
14435 0.35
14435 11.31
14435 7.26
14435 2.63
14435 0.08
14504 1.98
14504 0.35
14504 11.31
14504 7.26
14504 2.63
14504 0.08
14635 1.98
14635 0.35
14635 11.31
14635 7.26
14635 2.63
14635 0.08
14570 1.98
14570 0.35
14570 11.31
14570 7.26
14570 2.63
14570 0.08
14699 1.98
14699 0.35
14699 11.31
14699 7.26
14699 2.63
14699 0.08
14436 1.98
14436 0.35
14436 11.31
14436 7.26
14436 2.63
14436 0.08
14505 1.98
14505 0.35
14505 11.31
14505 7.26
14505 2.63
14505 0.08
14636 1.98
14636 0.35
14636 11.31
14636 7.26
14636 2.63
14636 0.08
14571 1.98
14571 0.35
14571 11.31
14571 7.26
14571 2.63
14571 0.08
14437 1.98
14437 0.35
14437 11.31
14437 7.26
14437 2.63
14437 0.08
14700 1.98
14700 0.35
14700 11.31
14700 7.26
14700 2.63
14700 0.08
14506 1.98
14506 0.35
14506 11.31
14506 7.26
14506 2.63
14506 0.08
14637 1.98
14637 0.35
14637 11.31
14637 7.26
14637 2.63
14637 0.08
14572 1.98
14572 0.35
14572 11.31
14572 7.26
14572 2.63
14572 0.08
14438 1.98
14438 0.35
14438 11.31
14438 7.26
14438 2.63
14438 0.08
14701 1.98
14701 0.35
14701 11.31
14701 7.26
14701 2.63
14701 0.08
14507 1.98
14507 0.35
14507 11.31
14507 7.26
14507 2.63
14507 0.08
14638 1.98
14638 0.35
14638 11.31
14638 7.26
14638 2.63
14638 0.08
14573 1.98
14573 0.35
14573 11.31
14573 7.26
14573 2.63
14573 0.08
14439 1.98
14439 0.35
14439 11.31
14439 7.26
14439 2.63
14439 0.08
14508 1.98
14508 0.35
14508 11.31
14508 7.26
14508 2.63
14508 0.08
14702 1.98
14702 0.35
14702 11.31
14702 7.26
14702 2.63
14702 0.08
14574 1.98
14574 0.35
14574 11.31
14574 7.26
14574 2.63
14574 0.08
14639 1.98
14639 0.35
14639 11.31
14639 7.26
14639 2.63
14639 0.08
14440 1.98
14440 0.35
14440 11.31
14440 7.26
14440 2.63
14440 0.08
14509 1.98
14509 0.35
14509 11.31
14509 7.26
14509 2.63
14509 0.08
14703 1.98
14703 0.35
14703 11.31
14703 7.26
14703 2.63
14703 0.08
14575 1.98
14575 0.35
14575 11.31
14575 7.26
14575 2.63
14575 0.08
14769 1.98
14769 0.35
14769 11.31
14769 7.26
14769 2.63
14769 0.08
14510 1.98
14510 0.35
14510 11.31
14510 7.26
14510 2.63
14510 0.08
14704 1.98
14704 0.35
14704 11.31
14704 7.26
14704 2.63
14704 0.08
14576 1.98
14576 0.35
14576 11.31
14576 7.26
14576 2.63
14576 0.08
14511 1.98
14511 0.35
14511 11.31
14511 7.26
14511 2.63
14511 0.08
14770 1.98
14770 0.35
14770 11.31
14770 7.26
14770 2.63
14770 0.08
14705 1.98
14705 0.35
14705 11.31
14705 7.26
14705 2.63
14705 0.08
14577 1.98
14577 0.35
14577 11.31
14577 7.26
14577 2.63
14577 0.08
14642 1.98
14642 0.35
14642 11.31
14642 7.26
14642 2.63
14642 0.08
14512 1.98
14512 0.35
14512 11.31
14512 7.26
14512 2.63
14512 0.08
14771 1.98
14771 0.35
14771 11.31
14771 7.26
14771 2.63
14771 0.08
14578 1.98
14578 0.35
14578 11.31
14578 7.26
14578 2.63
14578 0.08
14706 1.98
14706 0.35
14706 11.31
14706 7.26
14706 2.63
14706 0.08
14643 1.98
14643 0.35
14643 11.31
14643 7.26
14643 2.63
14643 0.08
14513 1.98
14513 0.35
14513 11.31
14513 7.26
14513 2.63
14513 0.08
14772 1.98
14772 0.35
14772 11.31
14772 7.26
14772 2.63
14772 0.08
14579 1.98
14579 0.35
14579 11.31
14579 7.26
14579 2.63
14579 0.08
14707 1.98
14707 0.35
14707 11.31
14707 7.26
14707 2.63
14707 0.08
14644 1.98
14644 0.35
14644 11.31
14644 7.26
14644 2.63
14644 0.08
14514 1.98
14514 0.35
14514 11.31
14514 7.26
14514 2.63
14514 0.08
14773 1.98
14773 0.35
14773 11.31
14773 7.26
14773 2.63
14773 0.08
14580 1.98
14580 0.35
14580 11.31
14580 7.26
14580 2.63
14580 0.08
14708 1.98
14708 0.35
14708 11.31
14708 7.26
14708 2.63
14708 0.08
14645 1.98
14645 0.35
14645 11.31
14645 7.26
14645 2.63
14645 0.08
14515 1.98
14515 0.35
14515 11.31
14515 7.26
14515 2.63
14515 0.08
14581 1.98
14581 0.35
14581 11.31
14581 7.26
14581 2.63
14581 0.08
14774 1.98
14774 0.35
14774 11.31
14774 7.26
14774 2.63
14774 0.08
14646 1.98
14646 0.35
14646 11.31
14646 7.26
14646 2.63
14646 0.08
14840 1.98
14840 0.35
14840 11.31
14840 7.26
14840 2.63
14840 0.08
14582 1.98
14582 0.35
14582 11.31
14582 7.26
14582 2.63
14582 0.08
14775 1.98
14775 0.35
14775 11.31
14775 7.26
14775 2.63
14775 0.08
14647 1.98
14647 0.35
14647 11.31
14647 7.26
14647 2.63
14647 0.08
14841 1.98
14841 0.35
14841 11.31
14841 7.26
14841 2.63
14841 0.08
14583 1.98
14583 0.35
14583 11.31
14583 7.26
14583 2.63
14583 0.08
14776 1.98
14776 0.35
14776 11.31
14776 7.26
14776 2.63
14776 0.08
14648 1.98
14648 0.35
14648 11.31
14648 7.26
14648 2.63
14648 0.08
14584 1.98
14584 0.35
14584 11.31
14584 7.26
14584 2.63
14584 0.08
14842 1.98
14842 0.35
14842 11.31
14842 7.26
14842 2.63
14842 0.08
14777 1.98
14777 0.35
14777 11.31
14777 7.26
14777 2.63
14777 0.08
14649 1.98
14649 0.35
14649 11.31
14649 7.26
14649 2.63
14649 0.08
14712 1.98
14712 0.35
14712 11.31
14712 7.26
14712 2.63
14712 0.08
14585 1.98
14585 0.35
14585 11.31
14585 7.26
14585 2.63
14585 0.08
14843 1.98
14843 0.35
14843 11.31
14843 7.26
14843 2.63
14843 0.08
14650 1.98
14650 0.35
14650 11.31
14650 7.26
14650 2.63
14650 0.08
14778 1.98
14778 0.35
14778 11.31
14778 7.26
14778 2.63
14778 0.08
14713 1.98
14713 0.35
14713 11.31
14713 7.26
14713 2.63
14713 0.08
14909 1.98
14909 0.35
14909 11.31
14909 7.26
14909 2.63
14909 0.08
14586 1.98
14586 0.35
14586 11.31
14586 7.26
14586 2.63
14586 0.08
14844 1.98
14844 0.35
14844 11.31
14844 7.26
14844 2.63
14844 0.08
14651 1.98
14651 0.35
14651 11.31
14651 7.26
14651 2.63
14651 0.08
14779 1.98
14779 0.35
14779 11.31
14779 7.26
14779 2.63
14779 0.08
14714 1.98
14714 0.35
14714 11.31
14714 7.26
14714 2.63
14714 0.08
14587 1.98
14587 0.35
14587 11.31
14587 7.26
14587 2.63
14587 0.08
14910 1.98
14910 0.35
14910 11.31
14910 7.26
14910 2.63
14910 0.08
14652 1.98
14652 0.35
14652 11.31
14652 7.26
14652 2.63
14652 0.08
14845 1.98
14845 0.35
14845 11.31
14845 7.26
14845 2.63
14845 0.08
14715 1.98
14715 0.35
14715 11.31
14715 7.26
14715 2.63
14715 0.08
14780 1.98
14780 0.35
14780 11.31
14780 7.26
14780 2.63
14780 0.08
14911 1.98
14911 0.35
14911 11.31
14911 7.26
14911 2.63
14911 0.08
14653 1.98
14653 0.35
14653 11.31
14653 7.26
14653 2.63
14653 0.08
14846 1.98
14846 0.35
14846 11.31
14846 7.26
14846 2.63
14846 0.08
14716 1.98
14716 0.35
14716 11.31
14716 7.26
14716 2.63
14716 0.08
14912 1.98
14912 0.35
14912 11.31
14912 7.26
14912 2.63
14912 0.08
14654 1.98
14654 0.35
14654 11.31
14654 7.26
14654 2.63
14654 0.08
14717 1.98
14717 0.35
14717 11.31
14717 7.26
14717 2.63
14717 0.08
14847 1.98
14847 0.35
14847 11.31
14847 7.26
14847 2.63
14847 0.08
14782 1.98
14782 0.35
14782 11.31
14782 7.26
14782 2.63
14782 0.08
14655 1.98
14655 0.35
14655 11.31
14655 7.26
14655 2.63
14655 0.08
14913 1.98
14913 0.35
14913 11.31
14913 7.26
14913 2.63
14913 0.08
14718 1.98
14718 0.35
14718 11.31
14718 7.26
14718 2.63
14718 0.08
14848 1.98
14848 0.35
14848 11.31
14848 7.26
14848 2.63
14848 0.08
14656 1.98
14656 0.35
14656 11.31
14656 7.26
14656 2.63
14656 0.08
14914 1.98
14914 0.35
14914 11.31
14914 7.26
14914 2.63
14914 0.08
14719 1.98
14719 0.35
14719 11.31
14719 7.26
14719 2.63
14719 0.08
14849 1.98
14849 0.35
14849 11.31
14849 7.26
14849 2.63
14849 0.08
14784 1.98
14784 0.35
14784 11.31
14784 7.26
14784 2.63
14784 0.08
14657 1.98
14657 0.35
14657 11.31
14657 7.26
14657 2.63
14657 0.08
14720 1.98
14720 0.35
14720 11.31
14720 7.26
14720 2.63
14720 0.08
14915 1.98
14915 0.35
14915 11.31
14915 7.26
14915 2.63
14915 0.08
14850 1.98
14850 0.35
14850 11.31
14850 7.26
14850 2.63
14850 0.08
14785 1.98
14785 0.35
14785 11.31
14785 7.26
14785 2.63
14785 0.08
14981 1.98
14981 0.35
14981 11.31
14981 7.26
14981 2.63
14981 0.08
14658 1.98
14658 0.35
14658 11.31
14658 7.26
14658 2.63
14658 0.08
14721 1.98
14721 0.35
14721 11.31
14721 7.26
14721 2.63
14721 0.08
14916 1.98
14916 0.35
14916 11.31
14916 7.26
14916 2.63
14916 0.08
14786 1.98
14786 0.35
14786 11.31
14786 7.26
14786 2.63
14786 0.08
14851 1.98
14851 0.35
14851 11.31
14851 7.26
14851 2.63
14851 0.08
14982 1.98
14982 0.35
14982 11.31
14982 7.26
14982 2.63
14982 0.08
14722 1.98
14722 0.35
14722 11.31
14722 7.26
14722 2.63
14722 0.08
14917 1.98
14917 0.35
14917 11.31
14917 7.26
14917 2.63
14917 0.08
14787 1.98
14787 0.35
14787 11.31
14787 7.26
14787 2.63
14787 0.08
14983 1.98
14983 0.35
14983 11.31
14983 7.26
14983 2.63
14983 0.08
14723 1.98
14723 0.35
14723 11.31
14723 7.26
14723 2.63
14723 0.08
14918 1.98
14918 0.35
14918 11.31
14918 7.26
14918 2.63
14918 0.08
14788 1.98
14788 0.35
14788 11.31
14788 7.26
14788 2.63
14788 0.08
14853 1.98
14853 0.35
14853 11.31
14853 7.26
14853 2.63
14853 0.08
14984 1.98
14984 0.35
14984 11.31
14984 7.26
14984 2.63
14984 0.08
14724 1.98
14724 0.35
14724 11.31
14724 7.26
14724 2.63
14724 0.08
14789 1.98
14789 0.35
14789 11.31
14789 7.26
14789 2.63
14789 0.08
14919 1.98
14919 0.35
14919 11.31
14919 7.26
14919 2.63
14919 0.08
14854 1.98
14854 0.35
14854 11.31
14854 7.26
14854 2.63
14854 0.08
14725 1.98
14725 0.35
14725 11.31
14725 7.26
14725 2.63
14725 0.08
14985 1.98
14985 0.35
14985 11.31
14985 7.26
14985 2.63
14985 0.08
14790 1.98
14790 0.35
14790 11.31
14790 7.26
14790 2.63
14790 0.08
14920 1.98
14920 0.35
14920 11.31
14920 7.26
14920 2.63
14920 0.08
14726 1.98
14726 0.35
14726 11.31
14726 7.26
14726 2.63
14726 0.08
14986 1.98
14986 0.35
14986 11.31
14986 7.26
14986 2.63
14986 0.08
14791 1.98
14791 0.35
14791 11.31
14791 7.26
14791 2.63
14791 0.08
14921 1.98
14921 0.35
14921 11.31
14921 7.26
14921 2.63
14921 0.08
14856 1.98
14856 0.35
14856 11.31
14856 7.26
14856 2.63
14856 0.08
15052 1.98
15052 0.35
15052 11.31
15052 7.26
15052 2.63
15052 0.08
14727 1.98
14727 0.35
14727 11.31
14727 7.26
14727 2.63
14727 0.08
14987 1.98
14987 0.35
14987 11.31
14987 7.26
14987 2.63
14987 0.08
14792 1.98
14792 0.35
14792 11.31
14792 7.26
14792 2.63
14792 0.08
14922 1.98
14922 0.35
14922 11.31
14922 7.26
14922 2.63
14922 0.08
14857 1.98
14857 0.35
14857 11.31
14857 7.26
14857 2.63
14857 0.08
14728 1.98
14728 0.35
14728 11.31
14728 7.26
14728 2.63
14728 0.08
15053 1.98
15053 0.35
15053 11.31
15053 7.26
15053 2.63
15053 0.08
14793 1.98
14793 0.35
14793 11.31
14793 7.26
14793 2.63
14793 0.08
14988 1.98
14988 0.35
14988 11.31
14988 7.26
14988 2.63
14988 0.08
14858 1.98
14858 0.35
14858 11.31
14858 7.26
14858 2.63
14858 0.08
14923 1.98
14923 0.35
14923 11.31
14923 7.26
14923 2.63
14923 0.08
15054 1.98
15054 0.35
15054 11.31
15054 7.26
15054 2.63
15054 0.08
14794 1.98
14794 0.35
14794 11.31
14794 7.26
14794 2.63
14794 0.08
14989 1.98
14989 0.35
14989 11.31
14989 7.26
14989 2.63
14989 0.08
14859 1.98
14859 0.35
14859 11.31
14859 7.26
14859 2.63
14859 0.08
14924 1.98
14924 0.35
14924 11.31
14924 7.26
14924 2.63
14924 0.08
15055 1.98
15055 0.35
15055 11.31
15055 7.26
15055 2.63
15055 0.08
14795 1.98
14795 0.35
14795 11.31
14795 7.26
14795 2.63
14795 0.08
14990 1.98
14990 0.35
14990 11.31
14990 7.26
14990 2.63
14990 0.08
14860 1.98
14860 0.35
14860 11.31
14860 7.26
14860 2.63
14860 0.08
14925 1.98
14925 0.35
14925 11.31
14925 7.26
14925 2.63
14925 0.08
14796 1.98
14796 0.35
14796 11.31
14796 7.26
14796 2.63
14796 0.08
15056 1.98
15056 0.35
15056 11.31
15056 7.26
15056 2.63
15056 0.08
14991 1.98
14991 0.35
14991 11.31
14991 7.26
14991 2.63
14991 0.08
14861 1.98
14861 0.35
14861 11.31
14861 7.26
14861 2.63
14861 0.08
14926 1.98
14926 0.35
14926 11.31
14926 7.26
14926 2.63
14926 0.08
14797 1.98
14797 0.35
14797 11.31
14797 7.26
14797 2.63
14797 0.08
15057 1.98
15057 0.35
15057 11.31
15057 7.26
15057 2.63
15057 0.08
14862 1.98
14862 0.35
14862 11.31
14862 7.26
14862 2.63
14862 0.08
14992 1.98
14992 0.35
14992 11.31
14992 7.26
14992 2.63
14992 0.08
14927 1.98
14927 0.35
14927 11.31
14927 7.26
14927 2.63
14927 0.08
15123 1.98
15123 0.35
15123 11.31
15123 7.26
15123 2.63
15123 0.08
14798 1.98
14798 0.35
14798 11.31
14798 7.26
14798 2.63
14798 0.08
15058 1.98
15058 0.35
15058 11.31
15058 7.26
15058 2.63
15058 0.08
14863 1.98
14863 0.35
14863 11.31
14863 7.26
14863 2.63
14863 0.08
14993 1.98
14993 0.35
14993 11.31
14993 7.26
14993 2.63
14993 0.08
14928 1.98
14928 0.35
14928 11.31
14928 7.26
14928 2.63
14928 0.08
15124 1.98
15124 0.35
15124 11.31
15124 7.26
15124 2.63
15124 0.08
14799 1.98
14799 0.35
14799 11.31
14799 7.26
14799 2.63
14799 0.08
15059 1.98
15059 0.35
15059 11.31
15059 7.26
15059 2.63
15059 0.08
14864 1.98
14864 0.35
14864 11.31
14864 7.26
14864 2.63
14864 0.08
14994 1.98
14994 0.35
14994 11.31
14994 7.26
14994 2.63
14994 0.08
14929 1.98
14929 0.35
14929 11.31
14929 7.26
14929 2.63
14929 0.08
15125 1.98
15125 0.35
15125 11.31
15125 7.26
15125 2.63
15125 0.08
14865 1.98
14865 0.35
14865 11.31
14865 7.26
14865 2.63
14865 0.08
15060 1.98
15060 0.35
15060 11.31
15060 7.26
15060 2.63
15060 0.08
14995 1.98
14995 0.35
14995 11.31
14995 7.26
14995 2.63
14995 0.08
14930 1.98
14930 0.35
14930 11.31
14930 7.26
14930 2.63
14930 0.08
15126 1.98
15126 0.35
15126 11.31
15126 7.26
15126 2.63
15126 0.08
14866 1.98
14866 0.35
14866 11.31
14866 7.26
14866 2.63
14866 0.08
15061 1.98
15061 0.35
15061 11.31
15061 7.26
15061 2.63
15061 0.08
14996 1.98
14996 0.35
14996 11.31
14996 7.26
14996 2.63
14996 0.08
14931 1.98
14931 0.35
14931 11.31
14931 7.26
14931 2.63
14931 0.08
15127 1.98
15127 0.35
15127 11.31
15127 7.26
15127 2.63
15127 0.08
14867 1.98
14867 0.35
14867 11.31
14867 7.26
14867 2.63
14867 0.08
15062 1.98
15062 0.35
15062 11.31
15062 7.26
15062 2.63
15062 0.08
14997 1.98
14997 0.35
14997 11.31
14997 7.26
14997 2.63
14997 0.08
14932 1.98
14932 0.35
14932 11.31
14932 7.26
14932 2.63
14932 0.08
14868 1.98
14868 0.35
14868 11.31
14868 7.26
14868 2.63
14868 0.08
15128 1.98
15128 0.35
15128 11.31
15128 7.26
15128 2.63
15128 0.08
15063 1.98
15063 0.35
15063 11.31
15063 7.26
15063 2.63
15063 0.08
14933 1.98
14933 0.35
14933 11.31
14933 7.26
14933 2.63
14933 0.08
14998 1.98
14998 0.35
14998 11.31
14998 7.26
14998 2.63
14998 0.08
15193 1.98
15193 0.35
15193 11.31
15193 7.26
15193 2.63
15193 0.08
14869 1.98
14869 0.35
14869 11.31
14869 7.26
14869 2.63
14869 0.08
15129 1.98
15129 0.35
15129 11.31
15129 7.26
15129 2.63
15129 0.08
14934 1.98
14934 0.35
14934 11.31
14934 7.26
14934 2.63
14934 0.08
15064 1.98
15064 0.35
15064 11.31
15064 7.26
15064 2.63
15064 0.08
14999 1.98
14999 0.35
14999 11.31
14999 7.26
14999 2.63
14999 0.08
15194 1.98
15194 0.35
15194 11.31
15194 7.26
15194 2.63
15194 0.08
14870 1.98
14870 0.35
14870 11.31
14870 7.26
14870 2.63
14870 0.08
15130 1.98
15130 0.35
15130 11.31
15130 7.26
15130 2.63
15130 0.08
14935 1.98
14935 0.35
14935 11.31
14935 7.26
14935 2.63
14935 0.08
15065 1.98
15065 0.35
15065 11.31
15065 7.26
15065 2.63
15065 0.08
15000 1.98
15000 0.35
15000 11.31
15000 7.26
15000 2.63
15000 0.08
15195 1.98
15195 0.35
15195 11.31
15195 7.26
15195 2.63
15195 0.08
15131 1.98
15131 0.35
15131 11.31
15131 7.26
15131 2.63
15131 0.08
14936 1.98
14936 0.35
14936 11.31
14936 7.26
14936 2.63
14936 0.08
15001 1.98
15001 0.35
15001 11.31
15001 7.26
15001 2.63
15001 0.08
15066 1.98
15066 0.35
15066 11.31
15066 7.26
15066 2.63
15066 0.08
15196 1.98
15196 0.35
15196 11.31
15196 7.26
15196 2.63
15196 0.08
14937 1.98
14937 0.35
14937 11.31
14937 7.26
14937 2.63
14937 0.08
15132 1.98
15132 0.35
15132 11.31
15132 7.26
15132 2.63
15132 0.08
15002 1.98
15002 0.35
15002 11.31
15002 7.26
15002 2.63
15002 0.08
15067 1.98
15067 0.35
15067 11.31
15067 7.26
15067 2.63
15067 0.08
15197 1.98
15197 0.35
15197 11.31
15197 7.26
15197 2.63
15197 0.08
14938 1.98
14938 0.35
14938 11.31
14938 7.26
14938 2.63
14938 0.08
15003 1.98
15003 0.35
15003 11.31
15003 7.26
15003 2.63
15003 0.08
15133 1.98
15133 0.35
15133 11.31
15133 7.26
15133 2.63
15133 0.08
15068 1.98
15068 0.35
15068 11.31
15068 7.26
15068 2.63
15068 0.08
15198 1.98
15198 0.35
15198 11.31
15198 7.26
15198 2.63
15198 0.08
14939 1.98
14939 0.35
14939 11.31
14939 7.26
14939 2.63
14939 0.08
15004 1.98
15004 0.35
15004 11.31
15004 7.26
15004 2.63
15004 0.08
15134 1.98
15134 0.35
15134 11.31
15134 7.26
15134 2.63
15134 0.08
15069 1.98
15069 0.35
15069 11.31
15069 7.26
15069 2.63
15069 0.08
15262 1.98
15262 0.35
15262 11.31
15262 7.26
15262 2.63
15262 0.08
14940 1.98
14940 0.35
14940 11.31
14940 7.26
14940 2.63
14940 0.08
15199 1.98
15199 0.35
15199 11.31
15199 7.26
15199 2.63
15199 0.08
15005 1.98
15005 0.35
15005 11.31
15005 7.26
15005 2.63
15005 0.08
15135 1.98
15135 0.35
15135 11.31
15135 7.26
15135 2.63
15135 0.08
15070 1.98
15070 0.35
15070 11.31
15070 7.26
15070 2.63
15070 0.08
15263 1.98
15263 0.35
15263 11.31
15263 7.26
15263 2.63
15263 0.08
14941 1.98
14941 0.35
14941 11.31
14941 7.26
14941 2.63
14941 0.08
15200 1.98
15200 0.35
15200 11.31
15200 7.26
15200 2.63
15200 0.08
15006 1.98
15006 0.35
15006 11.31
15006 7.26
15006 2.63
15006 0.08
15136 1.98
15136 0.35
15136 11.31
15136 7.26
15136 2.63
15136 0.08
15071 1.98
15071 0.35
15071 11.31
15071 7.26
15071 2.63
15071 0.08
15264 1.98
15264 0.35
15264 11.31
15264 7.26
15264 2.63
15264 0.08
15201 1.98
15201 0.35
15201 11.31
15201 7.26
15201 2.63
15201 0.08
15007 1.98
15007 0.35
15007 11.31
15007 7.26
15007 2.63
15007 0.08
15072 1.98
15072 0.35
15072 11.31
15072 7.26
15072 2.63
15072 0.08
15137 1.98
15137 0.35
15137 11.31
15137 7.26
15137 2.63
15137 0.08
15265 1.98
15265 0.35
15265 11.31
15265 7.26
15265 2.63
15265 0.08
15008 1.98
15008 0.35
15008 11.31
15008 7.26
15008 2.63
15008 0.08
15202 1.98
15202 0.35
15202 11.31
15202 7.26
15202 2.63
15202 0.08
15073 1.98
15073 0.35
15073 11.31
15073 7.26
15073 2.63
15073 0.08
15138 1.98
15138 0.35
15138 11.31
15138 7.26
15138 2.63
15138 0.08
15266 1.98
15266 0.35
15266 11.31
15266 7.26
15266 2.63
15266 0.08
15009 1.98
15009 0.35
15009 11.31
15009 7.26
15009 2.63
15009 0.08
15203 1.98
15203 0.35
15203 11.31
15203 7.26
15203 2.63
15203 0.08
15074 1.98
15074 0.35
15074 11.31
15074 7.26
15074 2.63
15074 0.08
15139 1.98
15139 0.35
15139 11.31
15139 7.26
15139 2.63
15139 0.08
15267 1.98
15267 0.35
15267 11.31
15267 7.26
15267 2.63
15267 0.08
15010 1.98
15010 0.35
15010 11.31
15010 7.26
15010 2.63
15010 0.08
15204 1.98
15204 0.35
15204 11.31
15204 7.26
15204 2.63
15204 0.08
15075 1.98
15075 0.35
15075 11.31
15075 7.26
15075 2.63
15075 0.08
15140 1.98
15140 0.35
15140 11.31
15140 7.26
15140 2.63
15140 0.08
15331 1.98
15331 0.35
15331 11.31
15331 7.26
15331 2.63
15331 0.08
15011 1.98
15011 0.35
15011 11.31
15011 7.26
15011 2.63
15011 0.08
15268 1.98
15268 0.35
15268 11.31
15268 7.26
15268 2.63
15268 0.08
15205 1.98
15205 0.35
15205 11.31
15205 7.26
15205 2.63
15205 0.08
15076 1.98
15076 0.35
15076 11.31
15076 7.26
15076 2.63
15076 0.08
15141 1.98
15141 0.35
15141 11.31
15141 7.26
15141 2.63
15141 0.08
15332 1.98
15332 0.35
15332 11.31
15332 7.26
15332 2.63
15332 0.08
15012 1.98
15012 0.35
15012 11.31
15012 7.26
15012 2.63
15012 0.08
15269 1.98
15269 0.35
15269 11.31
15269 7.26
15269 2.63
15269 0.08
15077 1.98
15077 0.35
15077 11.31
15077 7.26
15077 2.63
15077 0.08
15206 1.98
15206 0.35
15206 11.31
15206 7.26
15206 2.63
15206 0.08
15142 1.98
15142 0.35
15142 11.31
15142 7.26
15142 2.63
15142 0.08
15333 1.98
15333 0.35
15333 11.31
15333 7.26
15333 2.63
15333 0.08
15270 1.98
15270 0.35
15270 11.31
15270 7.26
15270 2.63
15270 0.08
15078 1.98
15078 0.35
15078 11.31
15078 7.26
15078 2.63
15078 0.08
15207 1.98
15207 0.35
15207 11.31
15207 7.26
15207 2.63
15207 0.08
15334 1.98
15334 0.35
15334 11.31
15334 7.26
15334 2.63
15334 0.08
15271 1.98
15271 0.35
15271 11.31
15271 7.26
15271 2.63
15271 0.08
15079 1.98
15079 0.35
15079 11.31
15079 7.26
15079 2.63
15079 0.08
15208 1.98
15208 0.35
15208 11.31
15208 7.26
15208 2.63
15208 0.08
15144 1.98
15144 0.35
15144 11.31
15144 7.26
15144 2.63
15144 0.08
15335 1.98
15335 0.35
15335 11.31
15335 7.26
15335 2.63
15335 0.08
15080 1.98
15080 0.35
15080 11.31
15080 7.26
15080 2.63
15080 0.08
15272 1.98
15272 0.35
15272 11.31
15272 7.26
15272 2.63
15272 0.08
15209 1.98
15209 0.35
15209 11.31
15209 7.26
15209 2.63
15209 0.08
15145 1.98
15145 0.35
15145 11.31
15145 7.26
15145 2.63
15145 0.08
15336 1.98
15336 0.35
15336 11.31
15336 7.26
15336 2.63
15336 0.08
15081 1.98
15081 0.35
15081 11.31
15081 7.26
15081 2.63
15081 0.08
15273 1.98
15273 0.35
15273 11.31
15273 7.26
15273 2.63
15273 0.08
15210 1.98
15210 0.35
15210 11.31
15210 7.26
15210 2.63
15210 0.08
15146 1.98
15146 0.35
15146 11.31
15146 7.26
15146 2.63
15146 0.08
15398 1.98
15398 0.35
15398 11.31
15398 7.26
15398 2.63
15398 0.08
15337 1.98
15337 0.35
15337 11.31
15337 7.26
15337 2.63
15337 0.08
15082 1.98
15082 0.35
15082 11.31
15082 7.26
15082 2.63
15082 0.08
15274 1.98
15274 0.35
15274 11.31
15274 7.26
15274 2.63
15274 0.08
15211 1.98
15211 0.35
15211 11.31
15211 7.26
15211 2.63
15211 0.08
15147 1.98
15147 0.35
15147 11.31
15147 7.26
15147 2.63
15147 0.08
15399 1.98
15399 0.35
15399 11.31
15399 7.26
15399 2.63
15399 0.08
15083 1.98
15083 0.35
15083 11.31
15083 7.26
15083 2.63
15083 0.08
15338 1.98
15338 0.35
15338 11.31
15338 7.26
15338 2.63
15338 0.08
15275 1.98
15275 0.35
15275 11.31
15275 7.26
15275 2.63
15275 0.08
15148 1.98
15148 0.35
15148 11.31
15148 7.26
15148 2.63
15148 0.08
15212 1.98
15212 0.35
15212 11.31
15212 7.26
15212 2.63
15212 0.08
15400 1.98
15400 0.35
15400 11.31
15400 7.26
15400 2.63
15400 0.08
15339 1.98
15339 0.35
15339 11.31
15339 7.26
15339 2.63
15339 0.08
15149 1.98
15149 0.35
15149 11.31
15149 7.26
15149 2.63
15149 0.08
15276 1.98
15276 0.35
15276 11.31
15276 7.26
15276 2.63
15276 0.08
15401 1.98
15401 0.35
15401 11.31
15401 7.26
15401 2.63
15401 0.08
15340 1.98
15340 0.35
15340 11.31
15340 7.26
15340 2.63
15340 0.08
15150 1.98
15150 0.35
15150 11.31
15150 7.26
15150 2.63
15150 0.08
15214 1.98
15214 0.35
15214 11.31
15214 7.26
15214 2.63
15214 0.08
15277 1.98
15277 0.35
15277 11.31
15277 7.26
15277 2.63
15277 0.08
15402 1.98
15402 0.35
15402 11.31
15402 7.26
15402 2.63
15402 0.08
15151 1.98
15151 0.35
15151 11.31
15151 7.26
15151 2.63
15151 0.08
15341 1.98
15341 0.35
15341 11.31
15341 7.26
15341 2.63
15341 0.08
15215 1.98
15215 0.35
15215 11.31
15215 7.26
15215 2.63
15215 0.08
15278 1.98
15278 0.35
15278 11.31
15278 7.26
15278 2.63
15278 0.08
15403 1.98
15403 0.35
15403 11.31
15403 7.26
15403 2.63
15403 0.08
15152 1.98
15152 0.35
15152 11.31
15152 7.26
15152 2.63
15152 0.08
15342 1.98
15342 0.35
15342 11.31
15342 7.26
15342 2.63
15342 0.08
15216 1.98
15216 0.35
15216 11.31
15216 7.26
15216 2.63
15216 0.08
15279 1.98
15279 0.35
15279 11.31
15279 7.26
15279 2.63
15279 0.08
15465 1.98
15465 0.35
15465 11.31
15465 7.26
15465 2.63
15465 0.08
15404 1.98
15404 0.35
15404 11.31
15404 7.26
15404 2.63
15404 0.08
15153 1.98
15153 0.35
15153 11.31
15153 7.26
15153 2.63
15153 0.08
15217 1.98
15217 0.35
15217 11.31
15217 7.26
15217 2.63
15217 0.08
15343 1.98
15343 0.35
15343 11.31
15343 7.26
15343 2.63
15343 0.08
15280 1.98
15280 0.35
15280 11.31
15280 7.26
15280 2.63
15280 0.08
15466 1.98
15466 0.35
15466 11.31
15466 7.26
15466 2.63
15466 0.08
15154 1.98
15154 0.35
15154 11.31
15154 7.26
15154 2.63
15154 0.08
15405 1.98
15405 0.35
15405 11.31
15405 7.26
15405 2.63
15405 0.08
15218 1.98
15218 0.35
15218 11.31
15218 7.26
15218 2.63
15218 0.08
15344 1.98
15344 0.35
15344 11.31
15344 7.26
15344 2.63
15344 0.08
15281 1.98
15281 0.35
15281 11.31
15281 7.26
15281 2.63
15281 0.08
15467 1.98
15467 0.35
15467 11.31
15467 7.26
15467 2.63
15467 0.08
15406 1.98
15406 0.35
15406 11.31
15406 7.26
15406 2.63
15406 0.08
15219 1.98
15219 0.35
15219 11.31
15219 7.26
15219 2.63
15219 0.08
15345 1.98
15345 0.35
15345 11.31
15345 7.26
15345 2.63
15345 0.08
15282 1.98
15282 0.35
15282 11.31
15282 7.26
15282 2.63
15282 0.08
15468 1.98
15468 0.35
15468 11.31
15468 7.26
15468 2.63
15468 0.08
15407 1.98
15407 0.35
15407 11.31
15407 7.26
15407 2.63
15407 0.08
15220 1.98
15220 0.35
15220 11.31
15220 7.26
15220 2.63
15220 0.08
15346 1.98
15346 0.35
15346 11.31
15346 7.26
15346 2.63
15346 0.08
15283 1.98
15283 0.35
15283 11.31
15283 7.26
15283 2.63
15283 0.08
15469 1.98
15469 0.35
15469 11.31
15469 7.26
15469 2.63
15469 0.08
15221 1.98
15221 0.35
15221 11.31
15221 7.26
15221 2.63
15221 0.08
15408 1.98
15408 0.35
15408 11.31
15408 7.26
15408 2.63
15408 0.08
15284 1.98
15284 0.35
15284 11.31
15284 7.26
15284 2.63
15284 0.08
15347 1.98
15347 0.35
15347 11.31
15347 7.26
15347 2.63
15347 0.08
15531 1.98
15531 0.35
15531 11.31
15531 7.26
15531 2.63
15531 0.08
15470 1.98
15470 0.35
15470 11.31
15470 7.26
15470 2.63
15470 0.08
15222 1.98
15222 0.35
15222 11.31
15222 7.26
15222 2.63
15222 0.08
15409 1.98
15409 0.35
15409 11.31
15409 7.26
15409 2.63
15409 0.08
15285 1.98
15285 0.35
15285 11.31
15285 7.26
15285 2.63
15285 0.08
15348 1.98
15348 0.35
15348 11.31
15348 7.26
15348 2.63
15348 0.08
15532 1.98
15532 0.35
15532 11.31
15532 7.26
15532 2.63
15532 0.08
15471 1.98
15471 0.35
15471 11.31
15471 7.26
15471 2.63
15471 0.08
15223 1.98
15223 0.35
15223 11.31
15223 7.26
15223 2.63
15223 0.08
15410 1.98
15410 0.35
15410 11.31
15410 7.26
15410 2.63
15410 0.08
15286 1.98
15286 0.35
15286 11.31
15286 7.26
15286 2.63
15286 0.08
15349 1.98
15349 0.35
15349 11.31
15349 7.26
15349 2.63
15349 0.08
15533 1.98
15533 0.35
15533 11.31
15533 7.26
15533 2.63
15533 0.08
15472 1.98
15472 0.35
15472 11.31
15472 7.26
15472 2.63
15472 0.08
15224 1.98
15224 0.35
15224 11.31
15224 7.26
15224 2.63
15224 0.08
15287 1.98
15287 0.35
15287 11.31
15287 7.26
15287 2.63
15287 0.08
15411 1.98
15411 0.35
15411 11.31
15411 7.26
15411 2.63
15411 0.08
15350 1.98
15350 0.35
15350 11.31
15350 7.26
15350 2.63
15350 0.08
15534 1.98
15534 0.35
15534 11.31
15534 7.26
15534 2.63
15534 0.08
15473 1.98
15473 0.35
15473 11.31
15473 7.26
15473 2.63
15473 0.08
15288 1.98
15288 0.35
15288 11.31
15288 7.26
15288 2.63
15288 0.08
15412 1.98
15412 0.35
15412 11.31
15412 7.26
15412 2.63
15412 0.08
15351 1.98
15351 0.35
15351 11.31
15351 7.26
15351 2.63
15351 0.08
15535 1.98
15535 0.35
15535 11.31
15535 7.26
15535 2.63
15535 0.08
15474 1.98
15474 0.35
15474 11.31
15474 7.26
15474 2.63
15474 0.08
15289 1.98
15289 0.35
15289 11.31
15289 7.26
15289 2.63
15289 0.08
15413 1.98
15413 0.35
15413 11.31
15413 7.26
15413 2.63
15413 0.08
15352 1.98
15352 0.35
15352 11.31
15352 7.26
15352 2.63
15352 0.08
15536 1.98
15536 0.35
15536 11.31
15536 7.26
15536 2.63
15536 0.08
15475 1.98
15475 0.35
15475 11.31
15475 7.26
15475 2.63
15475 0.08
15290 1.98
15290 0.35
15290 11.31
15290 7.26
15290 2.63
15290 0.08
15353 1.98
15353 0.35
15353 11.31
15353 7.26
15353 2.63
15353 0.08
15414 1.98
15414 0.35
15414 11.31
15414 7.26
15414 2.63
15414 0.08
15537 1.98
15537 0.35
15537 11.31
15537 7.26
15537 2.63
15537 0.08
15476 1.98
15476 0.35
15476 11.31
15476 7.26
15476 2.63
15476 0.08
15291 1.98
15291 0.35
15291 11.31
15291 7.26
15291 2.63
15291 0.08
15354 1.98
15354 0.35
15354 11.31
15354 7.26
15354 2.63
15354 0.08
15415 1.98
15415 0.35
15415 11.31
15415 7.26
15415 2.63
15415 0.08
15600 1.98
15600 0.35
15600 11.31
15600 7.26
15600 2.63
15600 0.08
15538 1.98
15538 0.35
15538 11.31
15538 7.26
15538 2.63
15538 0.08
15292 1.98
15292 0.35
15292 11.31
15292 7.26
15292 2.63
15292 0.08
15477 1.98
15477 0.35
15477 11.31
15477 7.26
15477 2.63
15477 0.08
15355 1.98
15355 0.35
15355 11.31
15355 7.26
15355 2.63
15355 0.08
15416 1.98
15416 0.35
15416 11.31
15416 7.26
15416 2.63
15416 0.08
15601 1.98
15601 0.35
15601 11.31
15601 7.26
15601 2.63
15601 0.08
15539 1.98
15539 0.35
15539 11.31
15539 7.26
15539 2.63
15539 0.08
15293 1.98
15293 0.35
15293 11.31
15293 7.26
15293 2.63
15293 0.08
15478 1.98
15478 0.35
15478 11.31
15478 7.26
15478 2.63
15478 0.08
15356 1.98
15356 0.35
15356 11.31
15356 7.26
15356 2.63
15356 0.08
15417 1.98
15417 0.35
15417 11.31
15417 7.26
15417 2.63
15417 0.08
15602 1.98
15602 0.35
15602 11.31
15602 7.26
15602 2.63
15602 0.08
15540 1.98
15540 0.35
15540 11.31
15540 7.26
15540 2.63
15540 0.08
15479 1.98
15479 0.35
15479 11.31
15479 7.26
15479 2.63
15479 0.08
15357 1.98
15357 0.35
15357 11.31
15357 7.26
15357 2.63
15357 0.08
15418 1.98
15418 0.35
15418 11.31
15418 7.26
15418 2.63
15418 0.08
15603 1.98
15603 0.35
15603 11.31
15603 7.26
15603 2.63
15603 0.08
15541 1.98
15541 0.35
15541 11.31
15541 7.26
15541 2.63
15541 0.08
15480 1.98
15480 0.35
15480 11.31
15480 7.26
15480 2.63
15480 0.08
15358 1.98
15358 0.35
15358 11.31
15358 7.26
15358 2.63
15358 0.08
15419 1.98
15419 0.35
15419 11.31
15419 7.26
15419 2.63
15419 0.08
15604 1.98
15604 0.35
15604 11.31
15604 7.26
15604 2.63
15604 0.08
15542 1.98
15542 0.35
15542 11.31
15542 7.26
15542 2.63
15542 0.08
15359 1.98
15359 0.35
15359 11.31
15359 7.26
15359 2.63
15359 0.08
15481 1.98
15481 0.35
15481 11.31
15481 7.26
15481 2.63
15481 0.08
15420 1.98
15420 0.35
15420 11.31
15420 7.26
15420 2.63
15420 0.08
15605 1.98
15605 0.35
15605 11.31
15605 7.26
15605 2.63
15605 0.08
15543 1.98
15543 0.35
15543 11.31
15543 7.26
15543 2.63
15543 0.08
15360 1.98
15360 0.35
15360 11.31
15360 7.26
15360 2.63
15360 0.08
15482 1.98
15482 0.35
15482 11.31
15482 7.26
15482 2.63
15482 0.08
15421 1.98
15421 0.35
15421 11.31
15421 7.26
15421 2.63
15421 0.08
15666 1.98
15666 0.35
15666 11.31
15666 7.26
15666 2.63
15666 0.08
15606 1.98
15606 0.35
15606 11.31
15606 7.26
15606 2.63
15606 0.08
15361 1.98
15361 0.35
15361 11.31
15361 7.26
15361 2.63
15361 0.08
15544 1.98
15544 0.35
15544 11.31
15544 7.26
15544 2.63
15544 0.08
15483 1.98
15483 0.35
15483 11.31
15483 7.26
15483 2.63
15483 0.08
15422 1.98
15422 0.35
15422 11.31
15422 7.26
15422 2.63
15422 0.08
15667 1.98
15667 0.35
15667 11.31
15667 7.26
15667 2.63
15667 0.08
15607 1.98
15607 0.35
15607 11.31
15607 7.26
15607 2.63
15607 0.08
15362 1.98
15362 0.35
15362 11.31
15362 7.26
15362 2.63
15362 0.08
15545 1.98
15545 0.35
15545 11.31
15545 7.26
15545 2.63
15545 0.08
15484 1.98
15484 0.35
15484 11.31
15484 7.26
15484 2.63
15484 0.08
15423 1.98
15423 0.35
15423 11.31
15423 7.26
15423 2.63
15423 0.08
15668 1.98
15668 0.35
15668 11.31
15668 7.26
15668 2.63
15668 0.08
15608 1.98
15608 0.35
15608 11.31
15608 7.26
15608 2.63
15608 0.08
15546 1.98
15546 0.35
15546 11.31
15546 7.26
15546 2.63
15546 0.08
15485 1.98
15485 0.35
15485 11.31
15485 7.26
15485 2.63
15485 0.08
15424 1.98
15424 0.35
15424 11.31
15424 7.26
15424 2.63
15424 0.08
15669 1.98
15669 0.35
15669 11.31
15669 7.26
15669 2.63
15669 0.08
15609 1.98
15609 0.35
15609 11.31
15609 7.26
15609 2.63
15609 0.08
15547 1.98
15547 0.35
15547 11.31
15547 7.26
15547 2.63
15547 0.08
15425 1.98
15425 0.35
15425 11.31
15425 7.26
15425 2.63
15425 0.08
15486 1.98
15486 0.35
15486 11.31
15486 7.26
15486 2.63
15486 0.08
15670 1.98
15670 0.35
15670 11.31
15670 7.26
15670 2.63
15670 0.08
15610 1.98
15610 0.35
15610 11.31
15610 7.26
15610 2.63
15610 0.08
15426 1.98
15426 0.35
15426 11.31
15426 7.26
15426 2.63
15426 0.08
15548 1.98
15548 0.35
15548 11.31
15548 7.26
15548 2.63
15548 0.08
15487 1.98
15487 0.35
15487 11.31
15487 7.26
15487 2.63
15487 0.08
15671 1.98
15671 0.35
15671 11.31
15671 7.26
15671 2.63
15671 0.08
15611 1.98
15611 0.35
15611 11.31
15611 7.26
15611 2.63
15611 0.08
15427 1.98
15427 0.35
15427 11.31
15427 7.26
15427 2.63
15427 0.08
15549 1.98
15549 0.35
15549 11.31
15549 7.26
15549 2.63
15549 0.08
15488 1.98
15488 0.35
15488 11.31
15488 7.26
15488 2.63
15488 0.08
15672 1.98
15672 0.35
15672 11.31
15672 7.26
15672 2.63
15672 0.08
15612 1.98
15612 0.35
15612 11.31
15612 7.26
15612 2.63
15612 0.08
15428 1.98
15428 0.35
15428 11.31
15428 7.26
15428 2.63
15428 0.08
15489 1.98
15489 0.35
15489 11.31
15489 7.26
15489 2.63
15489 0.08
15550 1.98
15550 0.35
15550 11.31
15550 7.26
15550 2.63
15550 0.08
15733 1.98
15733 0.35
15733 11.31
15733 7.26
15733 2.63
15733 0.08
15673 1.98
15673 0.35
15673 11.31
15673 7.26
15673 2.63
15673 0.08
15429 1.98
15429 0.35
15429 11.31
15429 7.26
15429 2.63
15429 0.08
15613 1.98
15613 0.35
15613 11.31
15613 7.26
15613 2.63
15613 0.08
15490 1.98
15490 0.35
15490 11.31
15490 7.26
15490 2.63
15490 0.08
15551 1.98
15551 0.35
15551 11.31
15551 7.26
15551 2.63
15551 0.08
15734 1.98
15734 0.35
15734 11.31
15734 7.26
15734 2.63
15734 0.08
15674 1.98
15674 0.35
15674 11.31
15674 7.26
15674 2.63
15674 0.08
15614 1.98
15614 0.35
15614 11.31
15614 7.26
15614 2.63
15614 0.08
15491 1.98
15491 0.35
15491 11.31
15491 7.26
15491 2.63
15491 0.08
15552 1.98
15552 0.35
15552 11.31
15552 7.26
15552 2.63
15552 0.08
15735 1.98
15735 0.35
15735 11.31
15735 7.26
15735 2.63
15735 0.08
15675 1.98
15675 0.35
15675 11.31
15675 7.26
15675 2.63
15675 0.08
15492 1.98
15492 0.35
15492 11.31
15492 7.26
15492 2.63
15492 0.08
15615 1.98
15615 0.35
15615 11.31
15615 7.26
15615 2.63
15615 0.08
15553 1.98
15553 0.35
15553 11.31
15553 7.26
15553 2.63
15553 0.08
15736 1.98
15736 0.35
15736 11.31
15736 7.26
15736 2.63
15736 0.08
15676 1.98
15676 0.35
15676 11.31
15676 7.26
15676 2.63
15676 0.08
15493 1.98
15493 0.35
15493 11.31
15493 7.26
15493 2.63
15493 0.08
15616 1.98
15616 0.35
15616 11.31
15616 7.26
15616 2.63
15616 0.08
15554 1.98
15554 0.35
15554 11.31
15554 7.26
15554 2.63
15554 0.08
15737 1.98
15737 0.35
15737 11.31
15737 7.26
15737 2.63
15737 0.08
15677 1.98
15677 0.35
15677 11.31
15677 7.26
15677 2.63
15677 0.08
15494 1.98
15494 0.35
15494 11.31
15494 7.26
15494 2.63
15494 0.08
15617 1.98
15617 0.35
15617 11.31
15617 7.26
15617 2.63
15617 0.08
15555 1.98
15555 0.35
15555 11.31
15555 7.26
15555 2.63
15555 0.08
15738 1.98
15738 0.35
15738 11.31
15738 7.26
15738 2.63
15738 0.08
15678 1.98
15678 0.35
15678 11.31
15678 7.26
15678 2.63
15678 0.08
15495 1.98
15495 0.35
15495 11.31
15495 7.26
15495 2.63
15495 0.08
15556 1.98
15556 0.35
15556 11.31
15556 7.26
15556 2.63
15556 0.08
15618 1.98
15618 0.35
15618 11.31
15618 7.26
15618 2.63
15618 0.08
15796 1.98
15796 0.35
15796 11.31
15796 7.26
15796 2.63
15796 0.08
15739 1.98
15739 0.35
15739 11.31
15739 7.26
15739 2.63
15739 0.08
15496 1.98
15496 0.35
15496 11.31
15496 7.26
15496 2.63
15496 0.08
15679 1.98
15679 0.35
15679 11.31
15679 7.26
15679 2.63
15679 0.08
15557 1.98
15557 0.35
15557 11.31
15557 7.26
15557 2.63
15557 0.08
15619 1.98
15619 0.35
15619 11.31
15619 7.26
15619 2.63
15619 0.08
15797 1.98
15797 0.35
15797 11.31
15797 7.26
15797 2.63
15797 0.08
15740 1.98
15740 0.35
15740 11.31
15740 7.26
15740 2.63
15740 0.08
15680 1.98
15680 0.35
15680 11.31
15680 7.26
15680 2.63
15680 0.08
15558 1.98
15558 0.35
15558 11.31
15558 7.26
15558 2.63
15558 0.08
15620 1.98
15620 0.35
15620 11.31
15620 7.26
15620 2.63
15620 0.08
15798 1.98
15798 0.35
15798 11.31
15798 7.26
15798 2.63
15798 0.08
15741 1.98
15741 0.35
15741 11.31
15741 7.26
15741 2.63
15741 0.08
15681 1.98
15681 0.35
15681 11.31
15681 7.26
15681 2.63
15681 0.08
15559 1.98
15559 0.35
15559 11.31
15559 7.26
15559 2.63
15559 0.08
15621 1.98
15621 0.35
15621 11.31
15621 7.26
15621 2.63
15621 0.08
15799 1.98
15799 0.35
15799 11.31
15799 7.26
15799 2.63
15799 0.08
15742 1.98
15742 0.35
15742 11.31
15742 7.26
15742 2.63
15742 0.08
15682 1.98
15682 0.35
15682 11.31
15682 7.26
15682 2.63
15682 0.08
15560 1.98
15560 0.35
15560 11.31
15560 7.26
15560 2.63
15560 0.08
15622 1.98
15622 0.35
15622 11.31
15622 7.26
15622 2.63
15622 0.08
15800 1.98
15800 0.35
15800 11.31
15800 7.26
15800 2.63
15800 0.08
15743 1.98
15743 0.35
15743 11.31
15743 7.26
15743 2.63
15743 0.08
15561 1.98
15561 0.35
15561 11.31
15561 7.26
15561 2.63
15561 0.08
15683 1.98
15683 0.35
15683 11.31
15683 7.26
15683 2.63
15683 0.08
15623 1.98
15623 0.35
15623 11.31
15623 7.26
15623 2.63
15623 0.08
15801 1.98
15801 0.35
15801 11.31
15801 7.26
15801 2.63
15801 0.08
15744 1.98
15744 0.35
15744 11.31
15744 7.26
15744 2.63
15744 0.08
15562 1.98
15562 0.35
15562 11.31
15562 7.26
15562 2.63
15562 0.08
15684 1.98
15684 0.35
15684 11.31
15684 7.26
15684 2.63
15684 0.08
15624 1.98
15624 0.35
15624 11.31
15624 7.26
15624 2.63
15624 0.08
15802 1.98
15802 0.35
15802 11.31
15802 7.26
15802 2.63
15802 0.08
15745 1.98
15745 0.35
15745 11.31
15745 7.26
15745 2.63
15745 0.08
15563 1.98
15563 0.35
15563 11.31
15563 7.26
15563 2.63
15563 0.08
15685 1.98
15685 0.35
15685 11.31
15685 7.26
15685 2.63
15685 0.08
15625 1.98
15625 0.35
15625 11.31
15625 7.26
15625 2.63
15625 0.08
15860 1.98
15860 0.35
15860 11.31
15860 7.26
15860 2.63
15860 0.08
15803 1.98
15803 0.35
15803 11.31
15803 7.26
15803 2.63
15803 0.08
15746 1.98
15746 0.35
15746 11.31
15746 7.26
15746 2.63
15746 0.08
15686 1.98
15686 0.35
15686 11.31
15686 7.26
15686 2.63
15686 0.08
15626 1.98
15626 0.35
15626 11.31
15626 7.26
15626 2.63
15626 0.08
15861 1.98
15861 0.35
15861 11.31
15861 7.26
15861 2.63
15861 0.08
15804 1.98
15804 0.35
15804 11.31
15804 7.26
15804 2.63
15804 0.08
15747 1.98
15747 0.35
15747 11.31
15747 7.26
15747 2.63
15747 0.08
15687 1.98
15687 0.35
15687 11.31
15687 7.26
15687 2.63
15687 0.08
15627 1.98
15627 0.35
15627 11.31
15627 7.26
15627 2.63
15627 0.08
15862 1.98
15862 0.35
15862 11.31
15862 7.26
15862 2.63
15862 0.08
15805 1.98
15805 0.35
15805 11.31
15805 7.26
15805 2.63
15805 0.08
15748 1.98
15748 0.35
15748 11.31
15748 7.26
15748 2.63
15748 0.08
15628 1.98
15628 0.35
15628 11.31
15628 7.26
15628 2.63
15628 0.08
15688 1.98
15688 0.35
15688 11.31
15688 7.26
15688 2.63
15688 0.08
15863 1.98
15863 0.35
15863 11.31
15863 7.26
15863 2.63
15863 0.08
15806 1.98
15806 0.35
15806 11.31
15806 7.26
15806 2.63
15806 0.08
15749 1.98
15749 0.35
15749 11.31
15749 7.26
15749 2.63
15749 0.08
15629 1.98
15629 0.35
15629 11.31
15629 7.26
15629 2.63
15629 0.08
15689 1.98
15689 0.35
15689 11.31
15689 7.26
15689 2.63
15689 0.08
15864 1.98
15864 0.35
15864 11.31
15864 7.26
15864 2.63
15864 0.08
15807 1.98
15807 0.35
15807 11.31
15807 7.26
15807 2.63
15807 0.08
15630 1.98
15630 0.35
15630 11.31
15630 7.26
15630 2.63
15630 0.08
15750 1.98
15750 0.35
15750 11.31
15750 7.26
15750 2.63
15750 0.08
15690 1.98
15690 0.35
15690 11.31
15690 7.26
15690 2.63
15690 0.08
15927 1.98
15927 0.35
15927 11.31
15927 7.26
15927 2.63
15927 0.08
15865 1.98
15865 0.35
15865 11.31
15865 7.26
15865 2.63
15865 0.08
15808 1.98
15808 0.35
15808 11.31
15808 7.26
15808 2.63
15808 0.08
15631 1.98
15631 0.35
15631 11.31
15631 7.26
15631 2.63
15631 0.08
15691 1.98
15691 0.35
15691 11.31
15691 7.26
15691 2.63
15691 0.08
15751 1.98
15751 0.35
15751 11.31
15751 7.26
15751 2.63
15751 0.08
15928 1.98
15928 0.35
15928 11.31
15928 7.26
15928 2.63
15928 0.08
15866 1.98
15866 0.35
15866 11.31
15866 7.26
15866 2.63
15866 0.08
15809 1.98
15809 0.35
15809 11.31
15809 7.26
15809 2.63
15809 0.08
15692 1.98
15692 0.35
15692 11.31
15692 7.26
15692 2.63
15692 0.08
15752 1.98
15752 0.35
15752 11.31
15752 7.26
15752 2.63
15752 0.08
15929 1.98
15929 0.35
15929 11.31
15929 7.26
15929 2.63
15929 0.08
15867 1.98
15867 0.35
15867 11.31
15867 7.26
15867 2.63
15867 0.08
15810 1.98
15810 0.35
15810 11.31
15810 7.26
15810 2.63
15810 0.08
15693 1.98
15693 0.35
15693 11.31
15693 7.26
15693 2.63
15693 0.08
15753 1.98
15753 0.35
15753 11.31
15753 7.26
15753 2.63
15753 0.08
15930 1.98
15930 0.35
15930 11.31
15930 7.26
15930 2.63
15930 0.08
15868 1.98
15868 0.35
15868 11.31
15868 7.26
15868 2.63
15868 0.08
15694 1.98
15694 0.35
15694 11.31
15694 7.26
15694 2.63
15694 0.08
15811 1.98
15811 0.35
15811 11.31
15811 7.26
15811 2.63
15811 0.08
15754 1.98
15754 0.35
15754 11.31
15754 7.26
15754 2.63
15754 0.08
15931 1.98
15931 0.35
15931 11.31
15931 7.26
15931 2.63
15931 0.08
15869 1.98
15869 0.35
15869 11.31
15869 7.26
15869 2.63
15869 0.08
15695 1.98
15695 0.35
15695 11.31
15695 7.26
15695 2.63
15695 0.08
15812 1.98
15812 0.35
15812 11.31
15812 7.26
15812 2.63
15812 0.08
15755 1.98
15755 0.35
15755 11.31
15755 7.26
15755 2.63
15755 0.08
15932 1.98
15932 0.35
15932 11.31
15932 7.26
15932 2.63
15932 0.08
15870 1.98
15870 0.35
15870 11.31
15870 7.26
15870 2.63
15870 0.08
15696 1.98
15696 0.35
15696 11.31
15696 7.26
15696 2.63
15696 0.08
15813 1.98
15813 0.35
15813 11.31
15813 7.26
15813 2.63
15813 0.08
15756 1.98
15756 0.35
15756 11.31
15756 7.26
15756 2.63
15756 0.08
15991 1.98
15991 0.35
15991 11.31
15991 7.26
15991 2.63
15991 0.08
15933 1.98
15933 0.35
15933 11.31
15933 7.26
15933 2.63
15933 0.08
15871 1.98
15871 0.35
15871 11.31
15871 7.26
15871 2.63
15871 0.08
15697 1.98
15697 0.35
15697 11.31
15697 7.26
15697 2.63
15697 0.08
15814 1.98
15814 0.35
15814 11.31
15814 7.26
15814 2.63
15814 0.08
15757 1.98
15757 0.35
15757 11.31
15757 7.26
15757 2.63
15757 0.08
15992 1.98
15992 0.35
15992 11.31
15992 7.26
15992 2.63
15992 0.08
15934 1.98
15934 0.35
15934 11.31
15934 7.26
15934 2.63
15934 0.08
15872 1.98
15872 0.35
15872 11.31
15872 7.26
15872 2.63
15872 0.08
15758 1.98
15758 0.35
15758 11.31
15758 7.26
15758 2.63
15758 0.08
15815 1.98
15815 0.35
15815 11.31
15815 7.26
15815 2.63
15815 0.08
15993 1.98
15993 0.35
15993 11.31
15993 7.26
15993 2.63
15993 0.08
15935 1.98
15935 0.35
15935 11.31
15935 7.26
15935 2.63
15935 0.08
15873 1.98
15873 0.35
15873 11.31
15873 7.26
15873 2.63
15873 0.08
15759 1.98
15759 0.35
15759 11.31
15759 7.26
15759 2.63
15759 0.08
15816 1.98
15816 0.35
15816 11.31
15816 7.26
15816 2.63
15816 0.08
15994 1.98
15994 0.35
15994 11.31
15994 7.26
15994 2.63
15994 0.08
15936 1.98
15936 0.35
15936 11.31
15936 7.26
15936 2.63
15936 0.08
15874 1.98
15874 0.35
15874 11.31
15874 7.26
15874 2.63
15874 0.08
15760 1.98
15760 0.35
15760 11.31
15760 7.26
15760 2.63
15760 0.08
15817 1.98
15817 0.35
15817 11.31
15817 7.26
15817 2.63
15817 0.08
15995 1.98
15995 0.35
15995 11.31
15995 7.26
15995 2.63
15995 0.08
15937 1.98
15937 0.35
15937 11.31
15937 7.26
15937 2.63
15937 0.08
15875 1.98
15875 0.35
15875 11.31
15875 7.26
15875 2.63
15875 0.08
15761 1.98
15761 0.35
15761 11.31
15761 7.26
15761 2.63
15761 0.08
15818 1.98
15818 0.35
15818 11.31
15818 7.26
15818 2.63
15818 0.08
15996 1.98
15996 0.35
15996 11.31
15996 7.26
15996 2.63
15996 0.08
15938 1.98
15938 0.35
15938 11.31
15938 7.26
15938 2.63
15938 0.08
15876 1.98
15876 0.35
15876 11.31
15876 7.26
15876 2.63
15876 0.08
15762 1.98
15762 0.35
15762 11.31
15762 7.26
15762 2.63
15762 0.08
15819 1.98
15819 0.35
15819 11.31
15819 7.26
15819 2.63
15819 0.08
15997 1.98
15997 0.35
15997 11.31
15997 7.26
15997 2.63
15997 0.08
15939 1.98
15939 0.35
15939 11.31
15939 7.26
15939 2.63
15939 0.08
15763 1.98
15763 0.35
15763 11.31
15763 7.26
15763 2.63
15763 0.08
15877 1.98
15877 0.35
15877 11.31
15877 7.26
15877 2.63
15877 0.08
15820 1.98
15820 0.35
15820 11.31
15820 7.26
15820 2.63
15820 0.08
16056 1.98
16056 0.35
16056 11.31
16056 7.26
16056 2.63
16056 0.08
15998 1.98
15998 0.35
15998 11.31
15998 7.26
15998 2.63
15998 0.08
15940 1.98
15940 0.35
15940 11.31
15940 7.26
15940 2.63
15940 0.08
15878 1.98
15878 0.35
15878 11.31
15878 7.26
15878 2.63
15878 0.08
15821 1.98
15821 0.35
15821 11.31
15821 7.26
15821 2.63
15821 0.08
16057 1.98
16057 0.35
16057 11.31
16057 7.26
16057 2.63
16057 0.08
15999 1.98
15999 0.35
15999 11.31
15999 7.26
15999 2.63
15999 0.08
15941 1.98
15941 0.35
15941 11.31
15941 7.26
15941 2.63
15941 0.08
15879 1.98
15879 0.35
15879 11.31
15879 7.26
15879 2.63
15879 0.08
15822 1.98
15822 0.35
15822 11.31
15822 7.26
15822 2.63
15822 0.08
16058 1.98
16058 0.35
16058 11.31
16058 7.26
16058 2.63
16058 0.08
16000 1.98
16000 0.35
16000 11.31
16000 7.26
16000 2.63
16000 0.08
15942 1.98
15942 0.35
15942 11.31
15942 7.26
15942 2.63
15942 0.08
15880 1.98
15880 0.35
15880 11.31
15880 7.26
15880 2.63
15880 0.08
15823 1.98
15823 0.35
15823 11.31
15823 7.26
15823 2.63
15823 0.08
16059 1.98
16059 0.35
16059 11.31
16059 7.26
16059 2.63
16059 0.08
16001 1.98
16001 0.35
16001 11.31
16001 7.26
16001 2.63
16001 0.08
15943 1.98
15943 0.35
15943 11.31
15943 7.26
15943 2.63
15943 0.08
15881 1.98
15881 0.35
15881 11.31
15881 7.26
15881 2.63
15881 0.08
15824 1.98
15824 0.35
15824 11.31
15824 7.26
15824 2.63
15824 0.08
16060 1.98
16060 0.35
16060 11.31
16060 7.26
16060 2.63
16060 0.08
16002 1.98
16002 0.35
16002 11.31
16002 7.26
16002 2.63
16002 0.08
15944 1.98
15944 0.35
15944 11.31
15944 7.26
15944 2.63
15944 0.08
15825 1.98
15825 0.35
15825 11.31
15825 7.26
15825 2.63
15825 0.08
15882 1.98
15882 0.35
15882 11.31
15882 7.26
15882 2.63
15882 0.08
16061 1.98
16061 0.35
16061 11.31
16061 7.26
16061 2.63
16061 0.08
16003 1.98
16003 0.35
16003 11.31
16003 7.26
16003 2.63
16003 0.08
15945 1.98
15945 0.35
15945 11.31
15945 7.26
15945 2.63
15945 0.08
15883 1.98
15883 0.35
15883 11.31
15883 7.26
15883 2.63
15883 0.08
16122 1.98
16122 0.35
16122 11.31
16122 7.26
16122 2.63
16122 0.08
16062 1.98
16062 0.35
16062 11.31
16062 7.26
16062 2.63
16062 0.08
16004 1.98
16004 0.35
16004 11.31
16004 7.26
16004 2.63
16004 0.08
15946 1.98
15946 0.35
15946 11.31
15946 7.26
15946 2.63
15946 0.08
15884 1.98
15884 0.35
15884 11.31
15884 7.26
15884 2.63
15884 0.08
16123 1.98
16123 0.35
16123 11.31
16123 7.26
16123 2.63
16123 0.08
16063 1.98
16063 0.35
16063 11.31
16063 7.26
16063 2.63
16063 0.08
16005 1.98
16005 0.35
16005 11.31
16005 7.26
16005 2.63
16005 0.08
15885 1.98
15885 0.35
15885 11.31
15885 7.26
15885 2.63
15885 0.08
15947 1.98
15947 0.35
15947 11.31
15947 7.26
15947 2.63
15947 0.08
16124 1.98
16124 0.35
16124 11.31
16124 7.26
16124 2.63
16124 0.08
16064 1.98
16064 0.35
16064 11.31
16064 7.26
16064 2.63
16064 0.08
16006 1.98
16006 0.35
16006 11.31
16006 7.26
16006 2.63
16006 0.08
15886 1.98
15886 0.35
15886 11.31
15886 7.26
15886 2.63
15886 0.08
15948 1.98
15948 0.35
15948 11.31
15948 7.26
15948 2.63
15948 0.08
16125 1.98
16125 0.35
16125 11.31
16125 7.26
16125 2.63
16125 0.08
16065 1.98
16065 0.35
16065 11.31
16065 7.26
16065 2.63
16065 0.08
16007 1.98
16007 0.35
16007 11.31
16007 7.26
16007 2.63
16007 0.08
15887 1.98
15887 0.35
15887 11.31
15887 7.26
15887 2.63
15887 0.08
15949 1.98
15949 0.35
15949 11.31
15949 7.26
15949 2.63
15949 0.08
16126 1.98
16126 0.35
16126 11.31
16126 7.26
16126 2.63
16126 0.08
16066 1.98
16066 0.35
16066 11.31
16066 7.26
16066 2.63
16066 0.08
15888 1.98
15888 0.35
15888 11.31
15888 7.26
15888 2.63
15888 0.08
16008 1.98
16008 0.35
16008 11.31
16008 7.26
16008 2.63
16008 0.08
15950 1.98
15950 0.35
15950 11.31
15950 7.26
15950 2.63
15950 0.08
16127 1.98
16127 0.35
16127 11.31
16127 7.26
16127 2.63
16127 0.08
16067 1.98
16067 0.35
16067 11.31
16067 7.26
16067 2.63
16067 0.08
16009 1.98
16009 0.35
16009 11.31
16009 7.26
16009 2.63
16009 0.08
15951 1.98
15951 0.35
15951 11.31
15951 7.26
15951 2.63
15951 0.08
16128 1.98
16128 0.35
16128 11.31
16128 7.26
16128 2.63
16128 0.08
16068 1.98
16068 0.35
16068 11.31
16068 7.26
16068 2.63
16068 0.08
16010 1.98
16010 0.35
16010 11.31
16010 7.26
16010 2.63
16010 0.08
15952 1.98
15952 0.35
15952 11.31
15952 7.26
15952 2.63
15952 0.08
16186 1.98
16186 0.35
16186 11.31
16186 7.26
16186 2.63
16186 0.08
16129 1.98
16129 0.35
16129 11.31
16129 7.26
16129 2.63
16129 0.08
16069 1.98
16069 0.35
16069 11.31
16069 7.26
16069 2.63
16069 0.08
16011 1.98
16011 0.35
16011 11.31
16011 7.26
16011 2.63
16011 0.08
15953 1.98
15953 0.35
15953 11.31
15953 7.26
15953 2.63
15953 0.08
16187 1.98
16187 0.35
16187 11.31
16187 7.26
16187 2.63
16187 0.08
16130 1.98
16130 0.35
16130 11.31
16130 7.26
16130 2.63
16130 0.08
16070 1.98
16070 0.35
16070 11.31
16070 7.26
16070 2.63
16070 0.08
15954 1.98
15954 0.35
15954 11.31
15954 7.26
15954 2.63
15954 0.08
16012 1.98
16012 0.35
16012 11.31
16012 7.26
16012 2.63
16012 0.08
16188 1.98
16188 0.35
16188 11.31
16188 7.26
16188 2.63
16188 0.08
16131 1.98
16131 0.35
16131 11.31
16131 7.26
16131 2.63
16131 0.08
16071 1.98
16071 0.35
16071 11.31
16071 7.26
16071 2.63
16071 0.08
15955 1.98
15955 0.35
15955 11.31
15955 7.26
15955 2.63
15955 0.08
16013 1.98
16013 0.35
16013 11.31
16013 7.26
16013 2.63
16013 0.08
16189 1.98
16189 0.35
16189 11.31
16189 7.26
16189 2.63
16189 0.08
16132 1.98
16132 0.35
16132 11.31
16132 7.26
16132 2.63
16132 0.08
15956 1.98
15956 0.35
15956 11.31
15956 7.26
15956 2.63
15956 0.08
16072 1.98
16072 0.35
16072 11.31
16072 7.26
16072 2.63
16072 0.08
16014 1.98
16014 0.35
16014 11.31
16014 7.26
16014 2.63
16014 0.08
16190 1.98
16190 0.35
16190 11.31
16190 7.26
16190 2.63
16190 0.08
16133 1.98
16133 0.35
16133 11.31
16133 7.26
16133 2.63
16133 0.08
16073 1.98
16073 0.35
16073 11.31
16073 7.26
16073 2.63
16073 0.08
16015 1.98
16015 0.35
16015 11.31
16015 7.26
16015 2.63
16015 0.08
16191 1.98
16191 0.35
16191 11.31
16191 7.26
16191 2.63
16191 0.08
16134 1.98
16134 0.35
16134 11.31
16134 7.26
16134 2.63
16134 0.08
16074 1.98
16074 0.35
16074 11.31
16074 7.26
16074 2.63
16074 0.08
16016 1.98
16016 0.35
16016 11.31
16016 7.26
16016 2.63
16016 0.08
16251 1.98
16251 0.35
16251 11.31
16251 7.26
16251 2.63
16251 0.08
16192 1.98
16192 0.35
16192 11.31
16192 7.26
16192 2.63
16192 0.08
16135 1.98
16135 0.35
16135 11.31
16135 7.26
16135 2.63
16135 0.08
16075 1.98
16075 0.35
16075 11.31
16075 7.26
16075 2.63
16075 0.08
16017 1.98
16017 0.35
16017 11.31
16017 7.26
16017 2.63
16017 0.08
16252 1.98
16252 0.35
16252 11.31
16252 7.26
16252 2.63
16252 0.08
16193 1.98
16193 0.35
16193 11.31
16193 7.26
16193 2.63
16193 0.08
16136 1.98
16136 0.35
16136 11.31
16136 7.26
16136 2.63
16136 0.08
16018 1.98
16018 0.35
16018 11.31
16018 7.26
16018 2.63
16018 0.08
16076 1.98
16076 0.35
16076 11.31
16076 7.26
16076 2.63
16076 0.08
16253 1.98
16253 0.35
16253 11.31
16253 7.26
16253 2.63
16253 0.08
16194 1.98
16194 0.35
16194 11.31
16194 7.26
16194 2.63
16194 0.08
16137 1.98
16137 0.35
16137 11.31
16137 7.26
16137 2.63
16137 0.08
16019 1.98
16019 0.35
16019 11.31
16019 7.26
16019 2.63
16019 0.08
16077 1.98
16077 0.35
16077 11.31
16077 7.26
16077 2.63
16077 0.08
16254 1.98
16254 0.35
16254 11.31
16254 7.26
16254 2.63
16254 0.08
16195 1.98
16195 0.35
16195 11.31
16195 7.26
16195 2.63
16195 0.08
16138 1.98
16138 0.35
16138 11.31
16138 7.26
16138 2.63
16138 0.08
16078 1.98
16078 0.35
16078 11.31
16078 7.26
16078 2.63
16078 0.08
16255 1.98
16255 0.35
16255 11.31
16255 7.26
16255 2.63
16255 0.08
16196 1.98
16196 0.35
16196 11.31
16196 7.26
16196 2.63
16196 0.08
16139 1.98
16139 0.35
16139 11.31
16139 7.26
16139 2.63
16139 0.08
16079 1.98
16079 0.35
16079 11.31
16079 7.26
16079 2.63
16079 0.08
16256 1.98
16256 0.35
16256 11.31
16256 7.26
16256 2.63
16256 0.08
16197 1.98
16197 0.35
16197 11.31
16197 7.26
16197 2.63
16197 0.08
16140 1.98
16140 0.35
16140 11.31
16140 7.26
16140 2.63
16140 0.08
16080 1.98
16080 0.35
16080 11.31
16080 7.26
16080 2.63
16080 0.08
16257 1.98
16257 0.35
16257 11.31
16257 7.26
16257 2.63
16257 0.08
16198 1.98
16198 0.35
16198 11.31
16198 7.26
16198 2.63
16198 0.08
16141 1.98
16141 0.35
16141 11.31
16141 7.26
16141 2.63
16141 0.08
16316 1.98
16316 0.35
16316 11.31
16316 7.26
16316 2.63
16316 0.08
16081 1.98
16081 0.35
16081 11.31
16081 7.26
16081 2.63
16081 0.08
16258 1.98
16258 0.35
16258 11.31
16258 7.26
16258 2.63
16258 0.08
16199 1.98
16199 0.35
16199 11.31
16199 7.26
16199 2.63
16199 0.08
16142 1.98
16142 0.35
16142 11.31
16142 7.26
16142 2.63
16142 0.08
16082 1.98
16082 0.35
16082 11.31
16082 7.26
16082 2.63
16082 0.08
16317 1.98
16317 0.35
16317 11.31
16317 7.26
16317 2.63
16317 0.08
16259 1.98
16259 0.35
16259 11.31
16259 7.26
16259 2.63
16259 0.08
16200 1.98
16200 0.35
16200 11.31
16200 7.26
16200 2.63
16200 0.08
16143 1.98
16143 0.35
16143 11.31
16143 7.26
16143 2.63
16143 0.08
16083 1.98
16083 0.35
16083 11.31
16083 7.26
16083 2.63
16083 0.08
16318 1.98
16318 0.35
16318 11.31
16318 7.26
16318 2.63
16318 0.08
16260 1.98
16260 0.35
16260 11.31
16260 7.26
16260 2.63
16260 0.08
16201 1.98
16201 0.35
16201 11.31
16201 7.26
16201 2.63
16201 0.08
16144 1.98
16144 0.35
16144 11.31
16144 7.26
16144 2.63
16144 0.08
16319 1.98
16319 0.35
16319 11.31
16319 7.26
16319 2.63
16319 0.08
16261 1.98
16261 0.35
16261 11.31
16261 7.26
16261 2.63
16261 0.08
16202 1.98
16202 0.35
16202 11.31
16202 7.26
16202 2.63
16202 0.08
16145 1.98
16145 0.35
16145 11.31
16145 7.26
16145 2.63
16145 0.08
16320 1.98
16320 0.35
16320 11.31
16320 7.26
16320 2.63
16320 0.08
16262 1.98
16262 0.35
16262 11.31
16262 7.26
16262 2.63
16262 0.08
16203 1.98
16203 0.35
16203 11.31
16203 7.26
16203 2.63
16203 0.08
16146 1.98
16146 0.35
16146 11.31
16146 7.26
16146 2.63
16146 0.08
16321 1.98
16321 0.35
16321 11.31
16321 7.26
16321 2.63
16321 0.08
16263 1.98
16263 0.35
16263 11.31
16263 7.26
16263 2.63
16263 0.08
16204 1.98
16204 0.35
16204 11.31
16204 7.26
16204 2.63
16204 0.08
16380 1.98
16380 0.35
16380 11.31
16380 7.26
16380 2.63
16380 0.08
16147 1.98
16147 0.35
16147 11.31
16147 7.26
16147 2.63
16147 0.08
16322 1.98
16322 0.35
16322 11.31
16322 7.26
16322 2.63
16322 0.08
16264 1.98
16264 0.35
16264 11.31
16264 7.26
16264 2.63
16264 0.08
16205 1.98
16205 0.35
16205 11.31
16205 7.26
16205 2.63
16205 0.08
16148 1.98
16148 0.35
16148 11.31
16148 7.26
16148 2.63
16148 0.08
16381 1.98
16381 0.35
16381 11.31
16381 7.26
16381 2.63
16381 0.08
16323 1.98
16323 0.35
16323 11.31
16323 7.26
16323 2.63
16323 0.08
16265 1.98
16265 0.35
16265 11.31
16265 7.26
16265 2.63
16265 0.08
16206 1.98
16206 0.35
16206 11.31
16206 7.26
16206 2.63
16206 0.08
16382 1.98
16382 0.35
16382 11.31
16382 7.26
16382 2.63
16382 0.08
16324 1.98
16324 0.35
16324 11.31
16324 7.26
16324 2.63
16324 0.08
16266 1.98
16266 0.35
16266 11.31
16266 7.26
16266 2.63
16266 0.08
16207 1.98
16207 0.35
16207 11.31
16207 7.26
16207 2.63
16207 0.08
16383 1.98
16383 0.35
16383 11.31
16383 7.26
16383 2.63
16383 0.08
16325 1.98
16325 0.35
16325 11.31
16325 7.26
16325 2.63
16325 0.08
16267 1.98
16267 0.35
16267 11.31
16267 7.26
16267 2.63
16267 0.08
16208 1.98
16208 0.35
16208 11.31
16208 7.26
16208 2.63
16208 0.08
16384 1.98
16384 0.35
16384 11.31
16384 7.26
16384 2.63
16384 0.08
16326 1.98
16326 0.35
16326 11.31
16326 7.26
16326 2.63
16326 0.08
16268 1.98
16268 0.35
16268 11.31
16268 7.26
16268 2.63
16268 0.08
16209 1.98
16209 0.35
16209 11.31
16209 7.26
16209 2.63
16209 0.08
16385 1.98
16385 0.35
16385 11.31
16385 7.26
16385 2.63
16385 0.08
16327 1.98
16327 0.35
16327 11.31
16327 7.26
16327 2.63
16327 0.08
16443 1.98
16443 0.35
16443 11.31
16443 7.26
16443 2.63
16443 0.08
16269 1.98
16269 0.35
16269 11.31
16269 7.26
16269 2.63
16269 0.08
16210 1.98
16210 0.35
16210 11.31
16210 7.26
16210 2.63
16210 0.08
16386 1.98
16386 0.35
16386 11.31
16386 7.26
16386 2.63
16386 0.08
16328 1.98
16328 0.35
16328 11.31
16328 7.26
16328 2.63
16328 0.08
16270 1.98
16270 0.35
16270 11.31
16270 7.26
16270 2.63
16270 0.08
16211 1.98
16211 0.35
16211 11.31
16211 7.26
16211 2.63
16211 0.08
16444 1.98
16444 0.35
16444 11.31
16444 7.26
16444 2.63
16444 0.08
16387 1.98
16387 0.35
16387 11.31
16387 7.26
16387 2.63
16387 0.08
16329 1.98
16329 0.35
16329 11.31
16329 7.26
16329 2.63
16329 0.08
16271 1.98
16271 0.35
16271 11.31
16271 7.26
16271 2.63
16271 0.08
16445 1.98
16445 0.35
16445 11.31
16445 7.26
16445 2.63
16445 0.08
16388 1.98
16388 0.35
16388 11.31
16388 7.26
16388 2.63
16388 0.08
16330 1.98
16330 0.35
16330 11.31
16330 7.26
16330 2.63
16330 0.08
16272 1.98
16272 0.35
16272 11.31
16272 7.26
16272 2.63
16272 0.08
16446 1.98
16446 0.35
16446 11.31
16446 7.26
16446 2.63
16446 0.08
16389 1.98
16389 0.35
16389 11.31
16389 7.26
16389 2.63
16389 0.08
16331 1.98
16331 0.35
16331 11.31
16331 7.26
16331 2.63
16331 0.08
16273 1.98
16273 0.35
16273 11.31
16273 7.26
16273 2.63
16273 0.08
16447 1.98
16447 0.35
16447 11.31
16447 7.26
16447 2.63
16447 0.08
16390 1.98
16390 0.35
16390 11.31
16390 7.26
16390 2.63
16390 0.08
16332 1.98
16332 0.35
16332 11.31
16332 7.26
16332 2.63
16332 0.08
16274 1.98
16274 0.35
16274 11.31
16274 7.26
16274 2.63
16274 0.08
16448 1.98
16448 0.35
16448 11.31
16448 7.26
16448 2.63
16448 0.08
16391 1.98
16391 0.35
16391 11.31
16391 7.26
16391 2.63
16391 0.08
16333 1.98
16333 0.35
16333 11.31
16333 7.26
16333 2.63
16333 0.08
16275 1.98
16275 0.35
16275 11.31
16275 7.26
16275 2.63
16275 0.08
16449 1.98
16449 0.35
16449 11.31
16449 7.26
16449 2.63
16449 0.08
16392 1.98
16392 0.35
16392 11.31
16392 7.26
16392 2.63
16392 0.08
16334 1.98
16334 0.35
16334 11.31
16334 7.26
16334 2.63
16334 0.08
16450 1.98
16450 0.35
16450 11.31
16450 7.26
16450 2.63
16450 0.08
16393 1.98
16393 0.35
16393 11.31
16393 7.26
16393 2.63
16393 0.08
16335 1.98
16335 0.35
16335 11.31
16335 7.26
16335 2.63
16335 0.08
16506 1.98
16506 0.35
16506 11.31
16506 7.26
16506 2.63
16506 0.08
16451 1.98
16451 0.35
16451 11.31
16451 7.26
16451 2.63
16451 0.08
16394 1.98
16394 0.35
16394 11.31
16394 7.26
16394 2.63
16394 0.08
16336 1.98
16336 0.35
16336 11.31
16336 7.26
16336 2.63
16336 0.08
16507 1.98
16507 0.35
16507 11.31
16507 7.26
16507 2.63
16507 0.08
16452 1.98
16452 0.35
16452 11.31
16452 7.26
16452 2.63
16452 0.08
16395 1.98
16395 0.35
16395 11.31
16395 7.26
16395 2.63
16395 0.08
16337 1.98
16337 0.35
16337 11.31
16337 7.26
16337 2.63
16337 0.08
16508 1.98
16508 0.35
16508 11.31
16508 7.26
16508 2.63
16508 0.08
16453 1.98
16453 0.35
16453 11.31
16453 7.26
16453 2.63
16453 0.08
16396 1.98
16396 0.35
16396 11.31
16396 7.26
16396 2.63
16396 0.08
16338 1.98
16338 0.35
16338 11.31
16338 7.26
16338 2.63
16338 0.08
16509 1.98
16509 0.35
16509 11.31
16509 7.26
16509 2.63
16509 0.08
16454 1.98
16454 0.35
16454 11.31
16454 7.26
16454 2.63
16454 0.08
16397 1.98
16397 0.35
16397 11.31
16397 7.26
16397 2.63
16397 0.08
16339 1.98
16339 0.35
16339 11.31
16339 7.26
16339 2.63
16339 0.08
16510 1.98
16510 0.35
16510 11.31
16510 7.26
16510 2.63
16510 0.08
16455 1.98
16455 0.35
16455 11.31
16455 7.26
16455 2.63
16455 0.08
16398 1.98
16398 0.35
16398 11.31
16398 7.26
16398 2.63
16398 0.08
16511 1.98
16511 0.35
16511 11.31
16511 7.26
16511 2.63
16511 0.08
16456 1.98
16456 0.35
16456 11.31
16456 7.26
16456 2.63
16456 0.08
16399 1.98
16399 0.35
16399 11.31
16399 7.26
16399 2.63
16399 0.08
16512 1.98
16512 0.35
16512 11.31
16512 7.26
16512 2.63
16512 0.08
16457 1.98
16457 0.35
16457 11.31
16457 7.26
16457 2.63
16457 0.08
16400 1.98
16400 0.35
16400 11.31
16400 7.26
16400 2.63
16400 0.08
16562 1.98
16562 0.35
16562 11.31
16562 7.26
16562 2.63
16562 0.08
16513 1.98
16513 0.35
16513 11.31
16513 7.26
16513 2.63
16513 0.08
16458 1.98
16458 0.35
16458 11.31
16458 7.26
16458 2.63
16458 0.08
16401 1.98
16401 0.35
16401 11.31
16401 7.26
16401 2.63
16401 0.08
16563 1.98
16563 0.35
16563 11.31
16563 7.26
16563 2.63
16563 0.08
16514 1.98
16514 0.35
16514 11.31
16514 7.26
16514 2.63
16514 0.08
16459 1.98
16459 0.35
16459 11.31
16459 7.26
16459 2.63
16459 0.08
16402 1.98
16402 0.35
16402 11.31
16402 7.26
16402 2.63
16402 0.08
16564 1.98
16564 0.35
16564 11.31
16564 7.26
16564 2.63
16564 0.08
16515 1.98
16515 0.35
16515 11.31
16515 7.26
16515 2.63
16515 0.08
16460 1.98
16460 0.35
16460 11.31
16460 7.26
16460 2.63
16460 0.08
16565 1.98
16565 0.35
16565 11.31
16565 7.26
16565 2.63
16565 0.08
16516 1.98
16516 0.35
16516 11.31
16516 7.26
16516 2.63
16516 0.08
16461 1.98
16461 0.35
16461 11.31
16461 7.26
16461 2.63
16461 0.08
16566 1.98
16566 0.35
16566 11.31
16566 7.26
16566 2.63
16566 0.08
16517 1.98
16517 0.35
16517 11.31
16517 7.26
16517 2.63
16517 0.08
16462 1.98
16462 0.35
16462 11.31
16462 7.26
16462 2.63
16462 0.08
16567 1.98
16567 0.35
16567 11.31
16567 7.26
16567 2.63
16567 0.08
16518 1.98
16518 0.35
16518 11.31
16518 7.26
16518 2.63
16518 0.08
16463 1.98
16463 0.35
16463 11.31
16463 7.26
16463 2.63
16463 0.08
16568 1.98
16568 0.35
16568 11.31
16568 7.26
16568 2.63
16568 0.08
16519 1.98
16519 0.35
16519 11.31
16519 7.26
16519 2.63
16519 0.08
16464 1.98
16464 0.35
16464 11.31
16464 7.26
16464 2.63
16464 0.08
16614 1.98
16614 0.35
16614 11.31
16614 7.26
16614 2.63
16614 0.08
16569 1.98
16569 0.35
16569 11.31
16569 7.26
16569 2.63
16569 0.08
16520 1.98
16520 0.35
16520 11.31
16520 7.26
16520 2.63
16520 0.08
16615 1.98
16615 0.35
16615 11.31
16615 7.26
16615 2.63
16615 0.08
16570 1.98
16570 0.35
16570 11.31
16570 7.26
16570 2.63
16570 0.08
16521 1.98
16521 0.35
16521 11.31
16521 7.26
16521 2.63
16521 0.08
16616 1.98
16616 0.35
16616 11.31
16616 7.26
16616 2.63
16616 0.08
16571 1.98
16571 0.35
16571 11.31
16571 7.26
16571 2.63
16571 0.08
16522 1.98
16522 0.35
16522 11.31
16522 7.26
16522 2.63
16522 0.08
16617 1.98
16617 0.35
16617 11.31
16617 7.26
16617 2.63
16617 0.08
16572 1.98
16572 0.35
16572 11.31
16572 7.26
16572 2.63
16572 0.08
16523 1.98
16523 0.35
16523 11.31
16523 7.26
16523 2.63
16523 0.08
16618 1.98
16618 0.35
16618 11.31
16618 7.26
16618 2.63
16618 0.08
16573 1.98
16573 0.35
16573 11.31
16573 7.26
16573 2.63
16573 0.08
16524 1.98
16524 0.35
16524 11.31
16524 7.26
16524 2.63
16524 0.08
16619 1.98
16619 0.35
16619 11.31
16619 7.26
16619 2.63
16619 0.08
16574 1.98
16574 0.35
16574 11.31
16574 7.26
16574 2.63
16574 0.08
16620 1.98
16620 0.35
16620 11.31
16620 7.26
16620 2.63
16620 0.08
16575 1.98
16575 0.35
16575 11.31
16575 7.26
16575 2.63
16575 0.08
16670 1.98
16670 0.35
16670 11.31
16670 7.26
16670 2.63
16670 0.08
16621 1.98
16621 0.35
16621 11.31
16621 7.26
16621 2.63
16621 0.08
16576 1.98
16576 0.35
16576 11.31
16576 7.26
16576 2.63
16576 0.08
16671 1.98
16671 0.35
16671 11.31
16671 7.26
16671 2.63
16671 0.08
16622 1.98
16622 0.35
16622 11.31
16622 7.26
16622 2.63
16622 0.08
16577 1.98
16577 0.35
16577 11.31
16577 7.26
16577 2.63
16577 0.08
16672 1.98
16672 0.35
16672 11.31
16672 7.26
16672 2.63
16672 0.08
16623 1.98
16623 0.35
16623 11.31
16623 7.26
16623 2.63
16623 0.08
16578 1.98
16578 0.35
16578 11.31
16578 7.26
16578 2.63
16578 0.08
16673 1.98
16673 0.35
16673 11.31
16673 7.26
16673 2.63
16673 0.08
16624 1.98
16624 0.35
16624 11.31
16624 7.26
16624 2.63
16624 0.08
16674 1.98
16674 0.35
16674 11.31
16674 7.26
16674 2.63
16674 0.08
16625 1.98
16625 0.35
16625 11.31
16625 7.26
16625 2.63
16625 0.08
16675 1.98
16675 0.35
16675 11.31
16675 7.26
16675 2.63
16675 0.08
16626 1.98
16626 0.35
16626 11.31
16626 7.26
16626 2.63
16626 0.08
16676 1.98
16676 0.35
16676 11.31
16676 7.26
16676 2.63
16676 0.08
16627 1.98
16627 0.35
16627 11.31
16627 7.26
16627 2.63
16627 0.08
16720 1.98
16720 0.35
16720 11.31
16720 7.26
16720 2.63
16720 0.08
16677 1.98
16677 0.35
16677 11.31
16677 7.26
16677 2.63
16677 0.08
16721 1.98
16721 0.35
16721 11.31
16721 7.26
16721 2.63
16721 0.08
16678 1.98
16678 0.35
16678 11.31
16678 7.26
16678 2.63
16678 0.08
16722 1.98
16722 0.35
16722 11.31
16722 7.26
16722 2.63
16722 0.08
16679 1.98
16679 0.35
16679 11.31
16679 7.26
16679 2.63
16679 0.08
16723 1.98
16723 0.35
16723 11.31
16723 7.26
16723 2.63
16723 0.08
16680 1.98
16680 0.35
16680 11.31
16680 7.26
16680 2.63
16680 0.08
16724 1.98
16724 0.35
16724 11.31
16724 7.26
16724 2.63
16724 0.08
16681 1.98
16681 0.35
16681 11.31
16681 7.26
16681 2.63
16681 0.08
16725 1.98
16725 0.35
16725 11.31
16725 7.26
16725 2.63
16725 0.08
16726 1.98
16726 0.35
16726 11.31
16726 7.26
16726 2.63
16726 0.08
16767 1.98
16767 0.35
16767 11.31
16767 7.26
16767 2.63
16767 0.08
16727 1.98
16727 0.35
16727 11.31
16727 7.26
16727 2.63
16727 0.08
16768 1.98
16768 0.35
16768 11.31
16768 7.26
16768 2.63
16768 0.08
16728 1.98
16728 0.35
16728 11.31
16728 7.26
16728 2.63
16728 0.08
16769 1.98
16769 0.35
16769 11.31
16769 7.26
16769 2.63
16769 0.08
16770 1.98
16770 0.35
16770 11.31
16770 7.26
16770 2.63
16770 0.08
16771 1.98
16771 0.35
16771 11.31
16771 7.26
16771 2.63
16771 0.08
