pt_graph cpue_kghour
13310 0.4
13310 107.6
13310 2.08
13310 16.36
13310 34.6
13310 0
13311 0.4
13311 107.6
13311 2.08
13311 16.36
13311 34.6
13311 0
13312 0.4
13312 107.6
13312 2.08
13312 16.36
13312 34.6
13312 0
13313 0.4
13313 107.6
13313 2.08
13313 16.36
13313 34.6
13313 0
13369 0.4
13369 107.6
13369 2.08
13369 16.36
13369 34.6
13369 0
13370 0.4
13370 107.6
13370 2.08
13370 16.36
13370 34.6
13370 0
13371 0.4
13371 107.6
13371 2.08
13371 16.36
13371 34.6
13371 0
13372 0.4
13372 107.6
13372 2.08
13372 16.36
13372 34.6
13372 0
13373 0.4
13373 107.6
13373 2.08
13373 16.36
13373 34.6
13373 0
13430 0.4
13430 107.6
13430 2.08
13430 16.36
13430 34.6
13430 0
13431 0.4
13431 107.6
13431 2.08
13431 16.36
13431 34.6
13431 0
13432 0.4
13432 107.6
13432 2.08
13432 16.36
13432 34.6
13432 0
13433 0.4
13433 107.6
13433 2.08
13433 16.36
13433 34.6
13433 0
13434 0.4
13434 107.6
13434 2.08
13434 16.36
13434 34.6
13434 0
13435 0.4
13435 107.6
13435 2.08
13435 16.36
13435 34.6
13435 0
13485 0.4
13485 107.6
13485 2.08
13485 16.36
13485 34.6
13485 0
13486 0.4
13486 107.6
13486 2.08
13486 16.36
13486 34.6
13486 0
13487 0.4
13487 107.6
13487 2.08
13487 16.36
13487 34.6
13487 0
13488 0.4
13488 107.6
13488 2.08
13488 16.36
13488 34.6
13488 0
13489 0.4
13489 107.6
13489 2.08
13489 16.36
13489 34.6
13489 0
13490 0.4
13490 107.6
13490 2.08
13490 16.36
13490 34.6
13490 0
13491 0.4
13491 107.6
13491 2.08
13491 16.36
13491 34.6
13491 0
13492 0.4
13492 107.6
13492 2.08
13492 16.36
13492 34.6
13492 0
13544 0.4
13544 107.6
13544 2.08
13544 16.36
13544 34.6
13544 0
13545 0.4
13545 107.6
13545 2.08
13545 16.36
13545 34.6
13545 0
13546 0.4
13546 107.6
13546 2.08
13546 16.36
13546 34.6
13546 0
13547 0.4
13547 107.6
13547 2.08
13547 16.36
13547 34.6
13547 0
13598 0.4
13598 107.6
13598 2.08
13598 16.36
13598 34.6
13598 0
13548 0.4
13548 107.6
13548 2.08
13548 16.36
13548 34.6
13548 0
13599 0.4
13599 107.6
13599 2.08
13599 16.36
13599 34.6
13599 0
13549 0.4
13549 107.6
13549 2.08
13549 16.36
13549 34.6
13549 0
13600 0.4
13600 107.6
13600 2.08
13600 16.36
13600 34.6
13600 0
13601 0.4
13601 107.6
13601 2.08
13601 16.36
13601 34.6
13601 0
13602 0.4
13602 107.6
13602 2.08
13602 16.36
13602 34.6
13602 0
13603 0.4
13603 107.6
13603 2.08
13603 16.36
13603 34.6
13603 0
13604 0.4
13604 107.6
13604 2.08
13604 16.36
13604 34.6
13604 0
13658 0.4
13658 107.6
13658 2.08
13658 16.36
13658 34.6
13658 0
13605 0.4
13605 107.6
13605 2.08
13605 16.36
13605 34.6
13605 0
13606 0.4
13606 107.6
13606 2.08
13606 16.36
13606 34.6
13606 0
13659 0.4
13659 107.6
13659 2.08
13659 16.36
13659 34.6
13659 0
13660 0.4
13660 107.6
13660 2.08
13660 16.36
13660 34.6
13660 0
13661 0.4
13661 107.6
13661 2.08
13661 16.36
13661 34.6
13661 0
13662 0.4
13662 107.6
13662 2.08
13662 16.36
13662 34.6
13662 0
13663 0.4
13663 107.6
13663 2.08
13663 16.36
13663 34.6
13663 0
13664 0.4
13664 107.6
13664 2.08
13664 16.36
13664 34.6
13664 0
13718 0.4
13718 107.6
13718 2.08
13718 16.36
13718 34.6
13718 0
13665 0.4
13665 107.6
13665 2.08
13665 16.36
13665 34.6
13665 0
13719 0.4
13719 107.6
13719 2.08
13719 16.36
13719 34.6
13719 0
13720 0.4
13720 107.6
13720 2.08
13720 16.36
13720 34.6
13720 0
13721 0.4
13721 107.6
13721 2.08
13721 16.36
13721 34.6
13721 0
13722 0.4
13722 107.6
13722 2.08
13722 16.36
13722 34.6
13722 0
13723 0.4
13723 107.6
13723 2.08
13723 16.36
13723 34.6
13723 0
13776 0.4
13776 107.6
13776 2.08
13776 16.36
13776 34.6
13776 0
13724 0.4
13724 107.6
13724 2.08
13724 16.36
13724 34.6
13724 0
13777 0.4
13777 107.6
13777 2.08
13777 16.36
13777 34.6
13777 0
13725 0.4
13725 107.6
13725 2.08
13725 16.36
13725 34.6
13725 0
13778 0.4
13778 107.6
13778 2.08
13778 16.36
13778 34.6
13778 0
13779 0.4
13779 107.6
13779 2.08
13779 16.36
13779 34.6
13779 0
13780 0.4
13780 107.6
13780 2.08
13780 16.36
13780 34.6
13780 0
13781 0.4
13781 107.6
13781 2.08
13781 16.36
13781 34.6
13781 0
13782 0.4
13782 107.6
13782 2.08
13782 16.36
13782 34.6
13782 0
13837 0.4
13837 107.6
13837 2.08
13837 16.36
13837 34.6
13837 0
13783 0.4
13783 107.6
13783 2.08
13783 16.36
13783 34.6
13783 0
13838 0.4
13838 107.6
13838 2.08
13838 16.36
13838 34.6
13838 0
13784 0.4
13784 107.6
13784 2.08
13784 16.36
13784 34.6
13784 0
13839 0.4
13839 107.6
13839 2.08
13839 16.36
13839 34.6
13839 0
13840 0.4
13840 107.6
13840 2.08
13840 16.36
13840 34.6
13840 0
13841 0.4
13841 107.6
13841 2.08
13841 16.36
13841 34.6
13841 0
13894 0.4
13894 107.6
13894 2.08
13894 16.36
13894 34.6
13894 0
13895 0.4
13895 107.6
13895 2.08
13895 16.36
13895 34.6
13895 0
13896 0.4
13896 107.6
13896 2.08
13896 16.36
13896 34.6
13896 0
13897 0.4
13897 107.6
13897 2.08
13897 16.36
13897 34.6
13897 0
13898 0.4
13898 107.6
13898 2.08
13898 16.36
13898 34.6
13898 0
13954 0.4
13954 107.6
13954 2.08
13954 16.36
13954 34.6
13954 0
13899 0.4
13899 107.6
13899 2.08
13899 16.36
13899 34.6
13899 0
13955 0.4
13955 107.6
13955 2.08
13955 16.36
13955 34.6
13955 0
13956 0.4
13956 107.6
13956 2.08
13956 16.36
13956 34.6
13956 0
13957 0.4
13957 107.6
13957 2.08
13957 16.36
13957 34.6
13957 0
13958 0.4
13958 107.6
13958 2.08
13958 16.36
13958 34.6
13958 0
13959 0.4
13959 107.6
13959 2.08
13959 16.36
13959 34.6
13959 0
14016 0.4
14016 107.6
14016 2.08
14016 16.36
14016 34.6
14016 0
13960 0.4
13960 107.6
13960 2.08
13960 16.36
13960 34.6
13960 0
14017 0.4
14017 107.6
14017 2.08
14017 16.36
14017 34.6
14017 0
14018 0.4
14018 107.6
14018 2.08
14018 16.36
14018 34.6
14018 0
14019 0.4
14019 107.6
14019 2.08
14019 16.36
14019 34.6
14019 0
14076 0.4
14076 107.6
14076 2.08
14076 16.36
14076 34.6
14076 0
14020 0.4
14020 107.6
14020 2.08
14020 16.36
14020 34.6
14020 0
14077 0.4
14077 107.6
14077 2.08
14077 16.36
14077 34.6
14077 0
14021 0.4
14021 107.6
14021 2.08
14021 16.36
14021 34.6
14021 0
14078 0.4
14078 107.6
14078 2.08
14078 16.36
14078 34.6
14078 0
14079 0.4
14079 107.6
14079 2.08
14079 16.36
14079 34.6
14079 0
14080 0.4
14080 107.6
14080 2.08
14080 16.36
14080 34.6
14080 0
14081 0.4
14081 107.6
14081 2.08
14081 16.36
14081 34.6
14081 0
14139 0.4
14139 107.6
14139 2.08
14139 16.36
14139 34.6
14139 0
14082 0.4
14082 107.6
14082 2.08
14082 16.36
14082 34.6
14082 0
14140 0.4
14140 107.6
14140 2.08
14140 16.36
14140 34.6
14140 0
14083 0.4
14083 107.6
14083 2.08
14083 16.36
14083 34.6
14083 0
14141 0.4
14141 107.6
14141 2.08
14141 16.36
14141 34.6
14141 0
14142 0.4
14142 107.6
14142 2.08
14142 16.36
14142 34.6
14142 0
14143 0.4
14143 107.6
14143 2.08
14143 16.36
14143 34.6
14143 0
14144 0.4
14144 107.6
14144 2.08
14144 16.36
14144 34.6
14144 0
14204 0.4
14204 107.6
14204 2.08
14204 16.36
14204 34.6
14204 0
14145 0.4
14145 107.6
14145 2.08
14145 16.36
14145 34.6
14145 0
14205 0.4
14205 107.6
14205 2.08
14205 16.36
14205 34.6
14205 0
14146 0.4
14146 107.6
14146 2.08
14146 16.36
14146 34.6
14146 0
14206 0.4
14206 107.6
14206 2.08
14206 16.36
14206 34.6
14206 0
14147 0.4
14147 107.6
14147 2.08
14147 16.36
14147 34.6
14147 0
14207 0.4
14207 107.6
14207 2.08
14207 16.36
14207 34.6
14207 0
14269 0.4
14269 107.6
14269 2.08
14269 16.36
14269 34.6
14269 0
14208 0.4
14208 107.6
14208 2.08
14208 16.36
14208 34.6
14208 0
14270 0.4
14270 107.6
14270 2.08
14270 16.36
14270 34.6
14270 0
14209 0.4
14209 107.6
14209 2.08
14209 16.36
14209 34.6
14209 0
14271 0.4
14271 107.6
14271 2.08
14271 16.36
14271 34.6
14271 0
14210 0.4
14210 107.6
14210 2.08
14210 16.36
14210 34.6
14210 0
14272 0.4
14272 107.6
14272 2.08
14272 16.36
14272 34.6
14272 0
14211 0.4
14211 107.6
14211 2.08
14211 16.36
14211 34.6
14211 0
14273 0.4
14273 107.6
14273 2.08
14273 16.36
14273 34.6
14273 0
14274 0.4
14274 107.6
14274 2.08
14274 16.36
14274 34.6
14274 0
14339 0.4
14339 107.6
14339 2.08
14339 16.36
14339 34.6
14339 0
14275 0.4
14275 107.6
14275 2.08
14275 16.36
14275 34.6
14275 0
14340 0.4
14340 107.6
14340 2.08
14340 16.36
14340 34.6
14340 0
14276 0.4
14276 107.6
14276 2.08
14276 16.36
14276 34.6
14276 0
14341 0.4
14341 107.6
14341 2.08
14341 16.36
14341 34.6
14341 0
14277 0.4
14277 107.6
14277 2.08
14277 16.36
14277 34.6
14277 0
14342 0.4
14342 107.6
14342 2.08
14342 16.36
14342 34.6
14342 0
14278 0.4
14278 107.6
14278 2.08
14278 16.36
14278 34.6
14278 0
14343 0.4
14343 107.6
14343 2.08
14343 16.36
14343 34.6
14343 0
14344 0.4
14344 107.6
14344 2.08
14344 16.36
14344 34.6
14344 0
14345 0.4
14345 107.6
14345 2.08
14345 16.36
14345 34.6
14345 0
14410 0.4
14410 107.6
14410 2.08
14410 16.36
14410 34.6
14410 0
14346 0.4
14346 107.6
14346 2.08
14346 16.36
14346 34.6
14346 0
14411 0.4
14411 107.6
14411 2.08
14411 16.36
14411 34.6
14411 0
14347 0.4
14347 107.6
14347 2.08
14347 16.36
14347 34.6
14347 0
14412 0.4
14412 107.6
14412 2.08
14412 16.36
14412 34.6
14412 0
14482 0.4
14482 107.6
14482 2.08
14482 16.36
14482 34.6
14482 0
14413 0.4
14413 107.6
14413 2.08
14413 16.36
14413 34.6
14413 0
14483 0.4
14483 107.6
14483 2.08
14483 16.36
14483 34.6
14483 0
14414 0.4
14414 107.6
14414 2.08
14414 16.36
14414 34.6
14414 0
14484 0.4
14484 107.6
14484 2.08
14484 16.36
14484 34.6
14484 0
14415 0.4
14415 107.6
14415 2.08
14415 16.36
14415 34.6
14415 0
14485 0.4
14485 107.6
14485 2.08
14485 16.36
14485 34.6
14485 0
14416 0.4
14416 107.6
14416 2.08
14416 16.36
14416 34.6
14416 0
14486 0.4
14486 107.6
14486 2.08
14486 16.36
14486 34.6
14486 0
14417 0.4
14417 107.6
14417 2.08
14417 16.36
14417 34.6
14417 0
14487 0.4
14487 107.6
14487 2.08
14487 16.36
14487 34.6
14487 0
14418 0.4
14418 107.6
14418 2.08
14418 16.36
14418 34.6
14418 0
14488 0.4
14488 107.6
14488 2.08
14488 16.36
14488 34.6
14488 0
14555 0.4
14555 107.6
14555 2.08
14555 16.36
14555 34.6
14555 0
14489 0.4
14489 107.6
14489 2.08
14489 16.36
14489 34.6
14489 0
14556 0.4
14556 107.6
14556 2.08
14556 16.36
14556 34.6
14556 0
14490 0.4
14490 107.6
14490 2.08
14490 16.36
14490 34.6
14490 0
14557 0.4
14557 107.6
14557 2.08
14557 16.36
14557 34.6
14557 0
14491 0.4
14491 107.6
14491 2.08
14491 16.36
14491 34.6
14491 0
14558 0.4
14558 107.6
14558 2.08
14558 16.36
14558 34.6
14558 0
14492 0.4
14492 107.6
14492 2.08
14492 16.36
14492 34.6
14492 0
14559 0.4
14559 107.6
14559 2.08
14559 16.36
14559 34.6
14559 0
14493 0.4
14493 107.6
14493 2.08
14493 16.36
14493 34.6
14493 0
14560 0.4
14560 107.6
14560 2.08
14560 16.36
14560 34.6
14560 0
14626 0.4
14626 107.6
14626 2.08
14626 16.36
14626 34.6
14626 0
14561 0.4
14561 107.6
14561 2.08
14561 16.36
14561 34.6
14561 0
14627 0.4
14627 107.6
14627 2.08
14627 16.36
14627 34.6
14627 0
14562 0.4
14562 107.6
14562 2.08
14562 16.36
14562 34.6
14562 0
14628 0.4
14628 107.6
14628 2.08
14628 16.36
14628 34.6
14628 0
14563 0.4
14563 107.6
14563 2.08
14563 16.36
14563 34.6
14563 0
14629 0.4
14629 107.6
14629 2.08
14629 16.36
14629 34.6
14629 0
14564 0.4
14564 107.6
14564 2.08
14564 16.36
14564 34.6
14564 0
14693 0.4
14693 107.6
14693 2.08
14693 16.36
14693 34.6
14693 0
14630 0.4
14630 107.6
14630 2.08
14630 16.36
14630 34.6
14630 0
14565 0.4
14565 107.6
14565 2.08
14565 16.36
14565 34.6
14565 0
14694 0.4
14694 107.6
14694 2.08
14694 16.36
14694 34.6
14694 0
14631 0.4
14631 107.6
14631 2.08
14631 16.36
14631 34.6
14631 0
14566 0.4
14566 107.6
14566 2.08
14566 16.36
14566 34.6
14566 0
14695 0.4
14695 107.6
14695 2.08
14695 16.36
14695 34.6
14695 0
14632 0.4
14632 107.6
14632 2.08
14632 16.36
14632 34.6
14632 0
14696 0.4
14696 107.6
14696 2.08
14696 16.36
14696 34.6
14696 0
14633 0.4
14633 107.6
14633 2.08
14633 16.36
14633 34.6
14633 0
14697 0.4
14697 107.6
14697 2.08
14697 16.36
14697 34.6
14697 0
14634 0.4
14634 107.6
14634 2.08
14634 16.36
14634 34.6
14634 0
14698 0.4
14698 107.6
14698 2.08
14698 16.36
14698 34.6
14698 0
14635 0.4
14635 107.6
14635 2.08
14635 16.36
14635 34.6
14635 0
14764 0.4
14764 107.6
14764 2.08
14764 16.36
14764 34.6
14764 0
14699 0.4
14699 107.6
14699 2.08
14699 16.36
14699 34.6
14699 0
14636 0.4
14636 107.6
14636 2.08
14636 16.36
14636 34.6
14636 0
14765 0.4
14765 107.6
14765 2.08
14765 16.36
14765 34.6
14765 0
14700 0.4
14700 107.6
14700 2.08
14700 16.36
14700 34.6
14700 0
14637 0.4
14637 107.6
14637 2.08
14637 16.36
14637 34.6
14637 0
14766 0.4
14766 107.6
14766 2.08
14766 16.36
14766 34.6
14766 0
14701 0.4
14701 107.6
14701 2.08
14701 16.36
14701 34.6
14701 0
14767 0.4
14767 107.6
14767 2.08
14767 16.36
14767 34.6
14767 0
14702 0.4
14702 107.6
14702 2.08
14702 16.36
14702 34.6
14702 0
14768 0.4
14768 107.6
14768 2.08
14768 16.36
14768 34.6
14768 0
14703 0.4
14703 107.6
14703 2.08
14703 16.36
14703 34.6
14703 0
14640 0.4
14640 107.6
14640 2.08
14640 16.36
14640 34.6
14640 0
14834 0.4
14834 107.6
14834 2.08
14834 16.36
14834 34.6
14834 0
14769 0.4
14769 107.6
14769 2.08
14769 16.36
14769 34.6
14769 0
14704 0.4
14704 107.6
14704 2.08
14704 16.36
14704 34.6
14704 0
14641 0.4
14641 107.6
14641 2.08
14641 16.36
14641 34.6
14641 0
14835 0.4
14835 107.6
14835 2.08
14835 16.36
14835 34.6
14835 0
14770 0.4
14770 107.6
14770 2.08
14770 16.36
14770 34.6
14770 0
14705 0.4
14705 107.6
14705 2.08
14705 16.36
14705 34.6
14705 0
14642 0.4
14642 107.6
14642 2.08
14642 16.36
14642 34.6
14642 0
14836 0.4
14836 107.6
14836 2.08
14836 16.36
14836 34.6
14836 0
14771 0.4
14771 107.6
14771 2.08
14771 16.36
14771 34.6
14771 0
14643 0.4
14643 107.6
14643 2.08
14643 16.36
14643 34.6
14643 0
14837 0.4
14837 107.6
14837 2.08
14837 16.36
14837 34.6
14837 0
14772 0.4
14772 107.6
14772 2.08
14772 16.36
14772 34.6
14772 0
14644 0.4
14644 107.6
14644 2.08
14644 16.36
14644 34.6
14644 0
14838 0.4
14838 107.6
14838 2.08
14838 16.36
14838 34.6
14838 0
14773 0.4
14773 107.6
14773 2.08
14773 16.36
14773 34.6
14773 0
14645 0.4
14645 107.6
14645 2.08
14645 16.36
14645 34.6
14645 0
14839 0.4
14839 107.6
14839 2.08
14839 16.36
14839 34.6
14839 0
14774 0.4
14774 107.6
14774 2.08
14774 16.36
14774 34.6
14774 0
14709 0.4
14709 107.6
14709 2.08
14709 16.36
14709 34.6
14709 0
14646 0.4
14646 107.6
14646 2.08
14646 16.36
14646 34.6
14646 0
14840 0.4
14840 107.6
14840 2.08
14840 16.36
14840 34.6
14840 0
14775 0.4
14775 107.6
14775 2.08
14775 16.36
14775 34.6
14775 0
14710 0.4
14710 107.6
14710 2.08
14710 16.36
14710 34.6
14710 0
14906 0.4
14906 107.6
14906 2.08
14906 16.36
14906 34.6
14906 0
14841 0.4
14841 107.6
14841 2.08
14841 16.36
14841 34.6
14841 0
14776 0.4
14776 107.6
14776 2.08
14776 16.36
14776 34.6
14776 0
14711 0.4
14711 107.6
14711 2.08
14711 16.36
14711 34.6
14711 0
14907 0.4
14907 107.6
14907 2.08
14907 16.36
14907 34.6
14907 0
14842 0.4
14842 107.6
14842 2.08
14842 16.36
14842 34.6
14842 0
14712 0.4
14712 107.6
14712 2.08
14712 16.36
14712 34.6
14712 0
14908 0.4
14908 107.6
14908 2.08
14908 16.36
14908 34.6
14908 0
14843 0.4
14843 107.6
14843 2.08
14843 16.36
14843 34.6
14843 0
14713 0.4
14713 107.6
14713 2.08
14713 16.36
14713 34.6
14713 0
14909 0.4
14909 107.6
14909 2.08
14909 16.36
14909 34.6
14909 0
14844 0.4
14844 107.6
14844 2.08
14844 16.36
14844 34.6
14844 0
14714 0.4
14714 107.6
14714 2.08
14714 16.36
14714 34.6
14714 0
14910 0.4
14910 107.6
14910 2.08
14910 16.36
14910 34.6
14910 0
14845 0.4
14845 107.6
14845 2.08
14845 16.36
14845 34.6
14845 0
14715 0.4
14715 107.6
14715 2.08
14715 16.36
14715 34.6
14715 0
14780 0.4
14780 107.6
14780 2.08
14780 16.36
14780 34.6
14780 0
14911 0.4
14911 107.6
14911 2.08
14911 16.36
14911 34.6
14911 0
14846 0.4
14846 107.6
14846 2.08
14846 16.36
14846 34.6
14846 0
14781 0.4
14781 107.6
14781 2.08
14781 16.36
14781 34.6
14781 0
14977 0.4
14977 107.6
14977 2.08
14977 16.36
14977 34.6
14977 0
14912 0.4
14912 107.6
14912 2.08
14912 16.36
14912 34.6
14912 0
14847 0.4
14847 107.6
14847 2.08
14847 16.36
14847 34.6
14847 0
14782 0.4
14782 107.6
14782 2.08
14782 16.36
14782 34.6
14782 0
14978 0.4
14978 107.6
14978 2.08
14978 16.36
14978 34.6
14978 0
14913 0.4
14913 107.6
14913 2.08
14913 16.36
14913 34.6
14913 0
14783 0.4
14783 107.6
14783 2.08
14783 16.36
14783 34.6
14783 0
14979 0.4
14979 107.6
14979 2.08
14979 16.36
14979 34.6
14979 0
14914 0.4
14914 107.6
14914 2.08
14914 16.36
14914 34.6
14914 0
14849 0.4
14849 107.6
14849 2.08
14849 16.36
14849 34.6
14849 0
14784 0.4
14784 107.6
14784 2.08
14784 16.36
14784 34.6
14784 0
14980 0.4
14980 107.6
14980 2.08
14980 16.36
14980 34.6
14980 0
14915 0.4
14915 107.6
14915 2.08
14915 16.36
14915 34.6
14915 0
14850 0.4
14850 107.6
14850 2.08
14850 16.36
14850 34.6
14850 0
14785 0.4
14785 107.6
14785 2.08
14785 16.36
14785 34.6
14785 0
14981 0.4
14981 107.6
14981 2.08
14981 16.36
14981 34.6
14981 0
14916 0.4
14916 107.6
14916 2.08
14916 16.36
14916 34.6
14916 0
14786 0.4
14786 107.6
14786 2.08
14786 16.36
14786 34.6
14786 0
14851 0.4
14851 107.6
14851 2.08
14851 16.36
14851 34.6
14851 0
14982 0.4
14982 107.6
14982 2.08
14982 16.36
14982 34.6
14982 0
14917 0.4
14917 107.6
14917 2.08
14917 16.36
14917 34.6
14917 0
14787 0.4
14787 107.6
14787 2.08
14787 16.36
14787 34.6
14787 0
14852 0.4
14852 107.6
14852 2.08
14852 16.36
14852 34.6
14852 0
14983 0.4
14983 107.6
14983 2.08
14983 16.36
14983 34.6
14983 0
14918 0.4
14918 107.6
14918 2.08
14918 16.36
14918 34.6
14918 0
14853 0.4
14853 107.6
14853 2.08
14853 16.36
14853 34.6
14853 0
15049 0.4
15049 107.6
15049 2.08
15049 16.36
15049 34.6
15049 0
14984 0.4
14984 107.6
14984 2.08
14984 16.36
14984 34.6
14984 0
14854 0.4
14854 107.6
14854 2.08
14854 16.36
14854 34.6
14854 0
15050 0.4
15050 107.6
15050 2.08
15050 16.36
15050 34.6
15050 0
14985 0.4
14985 107.6
14985 2.08
14985 16.36
14985 34.6
14985 0
14920 0.4
14920 107.6
14920 2.08
14920 16.36
14920 34.6
14920 0
14855 0.4
14855 107.6
14855 2.08
14855 16.36
14855 34.6
14855 0
15051 0.4
15051 107.6
15051 2.08
15051 16.36
15051 34.6
15051 0
14986 0.4
14986 107.6
14986 2.08
14986 16.36
14986 34.6
14986 0
14921 0.4
14921 107.6
14921 2.08
14921 16.36
14921 34.6
14921 0
14856 0.4
14856 107.6
14856 2.08
14856 16.36
14856 34.6
14856 0
15052 0.4
15052 107.6
15052 2.08
15052 16.36
15052 34.6
15052 0
14987 0.4
14987 107.6
14987 2.08
14987 16.36
14987 34.6
14987 0
14922 0.4
14922 107.6
14922 2.08
14922 16.36
14922 34.6
14922 0
14857 0.4
14857 107.6
14857 2.08
14857 16.36
14857 34.6
14857 0
15053 0.4
15053 107.6
15053 2.08
15053 16.36
15053 34.6
15053 0
14988 0.4
14988 107.6
14988 2.08
14988 16.36
14988 34.6
14988 0
14858 0.4
14858 107.6
14858 2.08
14858 16.36
14858 34.6
14858 0
14923 0.4
14923 107.6
14923 2.08
14923 16.36
14923 34.6
14923 0
15054 0.4
15054 107.6
15054 2.08
15054 16.36
15054 34.6
15054 0
14989 0.4
14989 107.6
14989 2.08
14989 16.36
14989 34.6
14989 0
14924 0.4
14924 107.6
14924 2.08
14924 16.36
14924 34.6
14924 0
15120 0.4
15120 107.6
15120 2.08
15120 16.36
15120 34.6
15120 0
15055 0.4
15055 107.6
15055 2.08
15055 16.36
15055 34.6
15055 0
14925 0.4
14925 107.6
14925 2.08
14925 16.36
14925 34.6
14925 0
15121 0.4
15121 107.6
15121 2.08
15121 16.36
15121 34.6
15121 0
15056 0.4
15056 107.6
15056 2.08
15056 16.36
15056 34.6
15056 0
14926 0.4
14926 107.6
14926 2.08
14926 16.36
14926 34.6
14926 0
15122 0.4
15122 107.6
15122 2.08
15122 16.36
15122 34.6
15122 0
15057 0.4
15057 107.6
15057 2.08
15057 16.36
15057 34.6
15057 0
14992 0.4
14992 107.6
14992 2.08
14992 16.36
14992 34.6
14992 0
14927 0.4
14927 107.6
14927 2.08
14927 16.36
14927 34.6
14927 0
15123 0.4
15123 107.6
15123 2.08
15123 16.36
15123 34.6
15123 0
15058 0.4
15058 107.6
15058 2.08
15058 16.36
15058 34.6
15058 0
14928 0.4
14928 107.6
14928 2.08
14928 16.36
14928 34.6
14928 0
15188 0.4
15188 107.6
15188 2.08
15188 16.36
15188 34.6
15188 0
15124 0.4
15124 107.6
15124 2.08
15124 16.36
15124 34.6
15124 0
15059 0.4
15059 107.6
15059 2.08
15059 16.36
15059 34.6
15059 0
15189 0.4
15189 107.6
15189 2.08
15189 16.36
15189 34.6
15189 0
15125 0.4
15125 107.6
15125 2.08
15125 16.36
15125 34.6
15125 0
15060 0.4
15060 107.6
15060 2.08
15060 16.36
15060 34.6
15060 0
15190 0.4
15190 107.6
15190 2.08
15190 16.36
15190 34.6
15190 0
15126 0.4
15126 107.6
15126 2.08
15126 16.36
15126 34.6
15126 0
15061 0.4
15061 107.6
15061 2.08
15061 16.36
15061 34.6
15061 0
15191 0.4
15191 107.6
15191 2.08
15191 16.36
15191 34.6
15191 0
15127 0.4
15127 107.6
15127 2.08
15127 16.36
15127 34.6
15127 0
15062 0.4
15062 107.6
15062 2.08
15062 16.36
15062 34.6
15062 0
15192 0.4
15192 107.6
15192 2.08
15192 16.36
15192 34.6
15192 0
15128 0.4
15128 107.6
15128 2.08
15128 16.36
15128 34.6
15128 0
15063 0.4
15063 107.6
15063 2.08
15063 16.36
15063 34.6
15063 0
15193 0.4
15193 107.6
15193 2.08
15193 16.36
15193 34.6
15193 0
15129 0.4
15129 107.6
15129 2.08
15129 16.36
15129 34.6
15129 0
15064 0.4
15064 107.6
15064 2.08
15064 16.36
15064 34.6
15064 0
14999 0.4
14999 107.6
14999 2.08
14999 16.36
14999 34.6
14999 0
15257 0.4
15257 107.6
15257 2.08
15257 16.36
15257 34.6
15257 0
15194 0.4
15194 107.6
15194 2.08
15194 16.36
15194 34.6
15194 0
15130 0.4
15130 107.6
15130 2.08
15130 16.36
15130 34.6
15130 0
15000 0.4
15000 107.6
15000 2.08
15000 16.36
15000 34.6
15000 0
15258 0.4
15258 107.6
15258 2.08
15258 16.36
15258 34.6
15258 0
15195 0.4
15195 107.6
15195 2.08
15195 16.36
15195 34.6
15195 0
15131 0.4
15131 107.6
15131 2.08
15131 16.36
15131 34.6
15131 0
15259 0.4
15259 107.6
15259 2.08
15259 16.36
15259 34.6
15259 0
15196 0.4
15196 107.6
15196 2.08
15196 16.36
15196 34.6
15196 0
15132 0.4
15132 107.6
15132 2.08
15132 16.36
15132 34.6
15132 0
15260 0.4
15260 107.6
15260 2.08
15260 16.36
15260 34.6
15260 0
15197 0.4
15197 107.6
15197 2.08
15197 16.36
15197 34.6
15197 0
15133 0.4
15133 107.6
15133 2.08
15133 16.36
15133 34.6
15133 0
15261 0.4
15261 107.6
15261 2.08
15261 16.36
15261 34.6
15261 0
15198 0.4
15198 107.6
15198 2.08
15198 16.36
15198 34.6
15198 0
15134 0.4
15134 107.6
15134 2.08
15134 16.36
15134 34.6
15134 0
15262 0.4
15262 107.6
15262 2.08
15262 16.36
15262 34.6
15262 0
15199 0.4
15199 107.6
15199 2.08
15199 16.36
15199 34.6
15199 0
15135 0.4
15135 107.6
15135 2.08
15135 16.36
15135 34.6
15135 0
15070 0.4
15070 107.6
15070 2.08
15070 16.36
15070 34.6
15070 0
15263 0.4
15263 107.6
15263 2.08
15263 16.36
15263 34.6
15263 0
15200 0.4
15200 107.6
15200 2.08
15200 16.36
15200 34.6
15200 0
15071 0.4
15071 107.6
15071 2.08
15071 16.36
15071 34.6
15071 0
15327 0.4
15327 107.6
15327 2.08
15327 16.36
15327 34.6
15327 0
15264 0.4
15264 107.6
15264 2.08
15264 16.36
15264 34.6
15264 0
15201 0.4
15201 107.6
15201 2.08
15201 16.36
15201 34.6
15201 0
15328 0.4
15328 107.6
15328 2.08
15328 16.36
15328 34.6
15328 0
15265 0.4
15265 107.6
15265 2.08
15265 16.36
15265 34.6
15265 0
15202 0.4
15202 107.6
15202 2.08
15202 16.36
15202 34.6
15202 0
15073 0.4
15073 107.6
15073 2.08
15073 16.36
15073 34.6
15073 0
15138 0.4
15138 107.6
15138 2.08
15138 16.36
15138 34.6
15138 0
15329 0.4
15329 107.6
15329 2.08
15329 16.36
15329 34.6
15329 0
15266 0.4
15266 107.6
15266 2.08
15266 16.36
15266 34.6
15266 0
15203 0.4
15203 107.6
15203 2.08
15203 16.36
15203 34.6
15203 0
15074 0.4
15074 107.6
15074 2.08
15074 16.36
15074 34.6
15074 0
15330 0.4
15330 107.6
15330 2.08
15330 16.36
15330 34.6
15330 0
15267 0.4
15267 107.6
15267 2.08
15267 16.36
15267 34.6
15267 0
15204 0.4
15204 107.6
15204 2.08
15204 16.36
15204 34.6
15204 0
15075 0.4
15075 107.6
15075 2.08
15075 16.36
15075 34.6
15075 0
15331 0.4
15331 107.6
15331 2.08
15331 16.36
15331 34.6
15331 0
15268 0.4
15268 107.6
15268 2.08
15268 16.36
15268 34.6
15268 0
15205 0.4
15205 107.6
15205 2.08
15205 16.36
15205 34.6
15205 0
15332 0.4
15332 107.6
15332 2.08
15332 16.36
15332 34.6
15332 0
15269 0.4
15269 107.6
15269 2.08
15269 16.36
15269 34.6
15269 0
15206 0.4
15206 107.6
15206 2.08
15206 16.36
15206 34.6
15206 0
15142 0.4
15142 107.6
15142 2.08
15142 16.36
15142 34.6
15142 0
15394 0.4
15394 107.6
15394 2.08
15394 16.36
15394 34.6
15394 0
15333 0.4
15333 107.6
15333 2.08
15333 16.36
15333 34.6
15333 0
15270 0.4
15270 107.6
15270 2.08
15270 16.36
15270 34.6
15270 0
15143 0.4
15143 107.6
15143 2.08
15143 16.36
15143 34.6
15143 0
15395 0.4
15395 107.6
15395 2.08
15395 16.36
15395 34.6
15395 0
15334 0.4
15334 107.6
15334 2.08
15334 16.36
15334 34.6
15334 0
15271 0.4
15271 107.6
15271 2.08
15271 16.36
15271 34.6
15271 0
15208 0.4
15208 107.6
15208 2.08
15208 16.36
15208 34.6
15208 0
15144 0.4
15144 107.6
15144 2.08
15144 16.36
15144 34.6
15144 0
15396 0.4
15396 107.6
15396 2.08
15396 16.36
15396 34.6
15396 0
15335 0.4
15335 107.6
15335 2.08
15335 16.36
15335 34.6
15335 0
15272 0.4
15272 107.6
15272 2.08
15272 16.36
15272 34.6
15272 0
15145 0.4
15145 107.6
15145 2.08
15145 16.36
15145 34.6
15145 0
15397 0.4
15397 107.6
15397 2.08
15397 16.36
15397 34.6
15397 0
15336 0.4
15336 107.6
15336 2.08
15336 16.36
15336 34.6
15336 0
15273 0.4
15273 107.6
15273 2.08
15273 16.36
15273 34.6
15273 0
15146 0.4
15146 107.6
15146 2.08
15146 16.36
15146 34.6
15146 0
15398 0.4
15398 107.6
15398 2.08
15398 16.36
15398 34.6
15398 0
15337 0.4
15337 107.6
15337 2.08
15337 16.36
15337 34.6
15337 0
15274 0.4
15274 107.6
15274 2.08
15274 16.36
15274 34.6
15274 0
15399 0.4
15399 107.6
15399 2.08
15399 16.36
15399 34.6
15399 0
15338 0.4
15338 107.6
15338 2.08
15338 16.36
15338 34.6
15338 0
15275 0.4
15275 107.6
15275 2.08
15275 16.36
15275 34.6
15275 0
15461 0.4
15461 107.6
15461 2.08
15461 16.36
15461 34.6
15461 0
15212 0.4
15212 107.6
15212 2.08
15212 16.36
15212 34.6
15212 0
15400 0.4
15400 107.6
15400 2.08
15400 16.36
15400 34.6
15400 0
15339 0.4
15339 107.6
15339 2.08
15339 16.36
15339 34.6
15339 0
15213 0.4
15213 107.6
15213 2.08
15213 16.36
15213 34.6
15213 0
15462 0.4
15462 107.6
15462 2.08
15462 16.36
15462 34.6
15462 0
15401 0.4
15401 107.6
15401 2.08
15401 16.36
15401 34.6
15401 0
15340 0.4
15340 107.6
15340 2.08
15340 16.36
15340 34.6
15340 0
15214 0.4
15214 107.6
15214 2.08
15214 16.36
15214 34.6
15214 0
15277 0.4
15277 107.6
15277 2.08
15277 16.36
15277 34.6
15277 0
15463 0.4
15463 107.6
15463 2.08
15463 16.36
15463 34.6
15463 0
15402 0.4
15402 107.6
15402 2.08
15402 16.36
15402 34.6
15402 0
15341 0.4
15341 107.6
15341 2.08
15341 16.36
15341 34.6
15341 0
15215 0.4
15215 107.6
15215 2.08
15215 16.36
15215 34.6
15215 0
15278 0.4
15278 107.6
15278 2.08
15278 16.36
15278 34.6
15278 0
15464 0.4
15464 107.6
15464 2.08
15464 16.36
15464 34.6
15464 0
15403 0.4
15403 107.6
15403 2.08
15403 16.36
15403 34.6
15403 0
15342 0.4
15342 107.6
15342 2.08
15342 16.36
15342 34.6
15342 0
15216 0.4
15216 107.6
15216 2.08
15216 16.36
15216 34.6
15216 0
15465 0.4
15465 107.6
15465 2.08
15465 16.36
15465 34.6
15465 0
15404 0.4
15404 107.6
15404 2.08
15404 16.36
15404 34.6
15404 0
15217 0.4
15217 107.6
15217 2.08
15217 16.36
15217 34.6
15217 0
15343 0.4
15343 107.6
15343 2.08
15343 16.36
15343 34.6
15343 0
15280 0.4
15280 107.6
15280 2.08
15280 16.36
15280 34.6
15280 0
15466 0.4
15466 107.6
15466 2.08
15466 16.36
15466 34.6
15466 0
15405 0.4
15405 107.6
15405 2.08
15405 16.36
15405 34.6
15405 0
15344 0.4
15344 107.6
15344 2.08
15344 16.36
15344 34.6
15344 0
15281 0.4
15281 107.6
15281 2.08
15281 16.36
15281 34.6
15281 0
15467 0.4
15467 107.6
15467 2.08
15467 16.36
15467 34.6
15467 0
15406 0.4
15406 107.6
15406 2.08
15406 16.36
15406 34.6
15406 0
15345 0.4
15345 107.6
15345 2.08
15345 16.36
15345 34.6
15345 0
15282 0.4
15282 107.6
15282 2.08
15282 16.36
15282 34.6
15282 0
15529 0.4
15529 107.6
15529 2.08
15529 16.36
15529 34.6
15529 0
15468 0.4
15468 107.6
15468 2.08
15468 16.36
15468 34.6
15468 0
15407 0.4
15407 107.6
15407 2.08
15407 16.36
15407 34.6
15407 0
15346 0.4
15346 107.6
15346 2.08
15346 16.36
15346 34.6
15346 0
15283 0.4
15283 107.6
15283 2.08
15283 16.36
15283 34.6
15283 0
15530 0.4
15530 107.6
15530 2.08
15530 16.36
15530 34.6
15530 0
15469 0.4
15469 107.6
15469 2.08
15469 16.36
15469 34.6
15469 0
15408 0.4
15408 107.6
15408 2.08
15408 16.36
15408 34.6
15408 0
15284 0.4
15284 107.6
15284 2.08
15284 16.36
15284 34.6
15284 0
15347 0.4
15347 107.6
15347 2.08
15347 16.36
15347 34.6
15347 0
15531 0.4
15531 107.6
15531 2.08
15531 16.36
15531 34.6
15531 0
15470 0.4
15470 107.6
15470 2.08
15470 16.36
15470 34.6
15470 0
15409 0.4
15409 107.6
15409 2.08
15409 16.36
15409 34.6
15409 0
15285 0.4
15285 107.6
15285 2.08
15285 16.36
15285 34.6
15285 0
15348 0.4
15348 107.6
15348 2.08
15348 16.36
15348 34.6
15348 0
15532 0.4
15532 107.6
15532 2.08
15532 16.36
15532 34.6
15532 0
15471 0.4
15471 107.6
15471 2.08
15471 16.36
15471 34.6
15471 0
15410 0.4
15410 107.6
15410 2.08
15410 16.36
15410 34.6
15410 0
15286 0.4
15286 107.6
15286 2.08
15286 16.36
15286 34.6
15286 0
15349 0.4
15349 107.6
15349 2.08
15349 16.36
15349 34.6
15349 0
15533 0.4
15533 107.6
15533 2.08
15533 16.36
15533 34.6
15533 0
15472 0.4
15472 107.6
15472 2.08
15472 16.36
15472 34.6
15472 0
15411 0.4
15411 107.6
15411 2.08
15411 16.36
15411 34.6
15411 0
15350 0.4
15350 107.6
15350 2.08
15350 16.36
15350 34.6
15350 0
15534 0.4
15534 107.6
15534 2.08
15534 16.36
15534 34.6
15534 0
15473 0.4
15473 107.6
15473 2.08
15473 16.36
15473 34.6
15473 0
15412 0.4
15412 107.6
15412 2.08
15412 16.36
15412 34.6
15412 0
15597 0.4
15597 107.6
15597 2.08
15597 16.36
15597 34.6
15597 0
15351 0.4
15351 107.6
15351 2.08
15351 16.36
15351 34.6
15351 0
15535 0.4
15535 107.6
15535 2.08
15535 16.36
15535 34.6
15535 0
15474 0.4
15474 107.6
15474 2.08
15474 16.36
15474 34.6
15474 0
15413 0.4
15413 107.6
15413 2.08
15413 16.36
15413 34.6
15413 0
15352 0.4
15352 107.6
15352 2.08
15352 16.36
15352 34.6
15352 0
15598 0.4
15598 107.6
15598 2.08
15598 16.36
15598 34.6
15598 0
15536 0.4
15536 107.6
15536 2.08
15536 16.36
15536 34.6
15536 0
15475 0.4
15475 107.6
15475 2.08
15475 16.36
15475 34.6
15475 0
15353 0.4
15353 107.6
15353 2.08
15353 16.36
15353 34.6
15353 0
15414 0.4
15414 107.6
15414 2.08
15414 16.36
15414 34.6
15414 0
15599 0.4
15599 107.6
15599 2.08
15599 16.36
15599 34.6
15599 0
15537 0.4
15537 107.6
15537 2.08
15537 16.36
15537 34.6
15537 0
15476 0.4
15476 107.6
15476 2.08
15476 16.36
15476 34.6
15476 0
15354 0.4
15354 107.6
15354 2.08
15354 16.36
15354 34.6
15354 0
15415 0.4
15415 107.6
15415 2.08
15415 16.36
15415 34.6
15415 0
15600 0.4
15600 107.6
15600 2.08
15600 16.36
15600 34.6
15600 0
15538 0.4
15538 107.6
15538 2.08
15538 16.36
15538 34.6
15538 0
15477 0.4
15477 107.6
15477 2.08
15477 16.36
15477 34.6
15477 0
15355 0.4
15355 107.6
15355 2.08
15355 16.36
15355 34.6
15355 0
15416 0.4
15416 107.6
15416 2.08
15416 16.36
15416 34.6
15416 0
15601 0.4
15601 107.6
15601 2.08
15601 16.36
15601 34.6
15601 0
15539 0.4
15539 107.6
15539 2.08
15539 16.36
15539 34.6
15539 0
15478 0.4
15478 107.6
15478 2.08
15478 16.36
15478 34.6
15478 0
15417 0.4
15417 107.6
15417 2.08
15417 16.36
15417 34.6
15417 0
15602 0.4
15602 107.6
15602 2.08
15602 16.36
15602 34.6
15602 0
15540 0.4
15540 107.6
15540 2.08
15540 16.36
15540 34.6
15540 0
15479 0.4
15479 107.6
15479 2.08
15479 16.36
15479 34.6
15479 0
15418 0.4
15418 107.6
15418 2.08
15418 16.36
15418 34.6
15418 0
15603 0.4
15603 107.6
15603 2.08
15603 16.36
15603 34.6
15603 0
15541 0.4
15541 107.6
15541 2.08
15541 16.36
15541 34.6
15541 0
15480 0.4
15480 107.6
15480 2.08
15480 16.36
15480 34.6
15480 0
15604 0.4
15604 107.6
15604 2.08
15604 16.36
15604 34.6
15604 0
15542 0.4
15542 107.6
15542 2.08
15542 16.36
15542 34.6
15542 0
15481 0.4
15481 107.6
15481 2.08
15481 16.36
15481 34.6
15481 0
15420 0.4
15420 107.6
15420 2.08
15420 16.36
15420 34.6
15420 0
15605 0.4
15605 107.6
15605 2.08
15605 16.36
15605 34.6
15605 0
15543 0.4
15543 107.6
15543 2.08
15543 16.36
15543 34.6
15543 0
15482 0.4
15482 107.6
15482 2.08
15482 16.36
15482 34.6
15482 0
15421 0.4
15421 107.6
15421 2.08
15421 16.36
15421 34.6
15421 0
15606 0.4
15606 107.6
15606 2.08
15606 16.36
15606 34.6
15606 0
15544 0.4
15544 107.6
15544 2.08
15544 16.36
15544 34.6
15544 0
15483 0.4
15483 107.6
15483 2.08
15483 16.36
15483 34.6
15483 0
15667 0.4
15667 107.6
15667 2.08
15667 16.36
15667 34.6
15667 0
15607 0.4
15607 107.6
15607 2.08
15607 16.36
15607 34.6
15607 0
15545 0.4
15545 107.6
15545 2.08
15545 16.36
15545 34.6
15545 0
15484 0.4
15484 107.6
15484 2.08
15484 16.36
15484 34.6
15484 0
15668 0.4
15668 107.6
15668 2.08
15668 16.36
15668 34.6
15668 0
15608 0.4
15608 107.6
15608 2.08
15608 16.36
15608 34.6
15608 0
15546 0.4
15546 107.6
15546 2.08
15546 16.36
15546 34.6
15546 0
15485 0.4
15485 107.6
15485 2.08
15485 16.36
15485 34.6
15485 0
15669 0.4
15669 107.6
15669 2.08
15669 16.36
15669 34.6
15669 0
15609 0.4
15609 107.6
15609 2.08
15609 16.36
15609 34.6
15609 0
15547 0.4
15547 107.6
15547 2.08
15547 16.36
15547 34.6
15547 0
15670 0.4
15670 107.6
15670 2.08
15670 16.36
15670 34.6
15670 0
15610 0.4
15610 107.6
15610 2.08
15610 16.36
15610 34.6
15610 0
15548 0.4
15548 107.6
15548 2.08
15548 16.36
15548 34.6
15548 0
15671 0.4
15671 107.6
15671 2.08
15671 16.36
15671 34.6
15671 0
15611 0.4
15611 107.6
15611 2.08
15611 16.36
15611 34.6
15611 0
15549 0.4
15549 107.6
15549 2.08
15549 16.36
15549 34.6
15549 0
15488 0.4
15488 107.6
15488 2.08
15488 16.36
15488 34.6
15488 0
15672 0.4
15672 107.6
15672 2.08
15672 16.36
15672 34.6
15672 0
15612 0.4
15612 107.6
15612 2.08
15612 16.36
15612 34.6
15612 0
15550 0.4
15550 107.6
15550 2.08
15550 16.36
15550 34.6
15550 0
15733 0.4
15733 107.6
15733 2.08
15733 16.36
15733 34.6
15733 0
15673 0.4
15673 107.6
15673 2.08
15673 16.36
15673 34.6
15673 0
15613 0.4
15613 107.6
15613 2.08
15613 16.36
15613 34.6
15613 0
15551 0.4
15551 107.6
15551 2.08
15551 16.36
15551 34.6
15551 0
15734 0.4
15734 107.6
15734 2.08
15734 16.36
15734 34.6
15734 0
15674 0.4
15674 107.6
15674 2.08
15674 16.36
15674 34.6
15674 0
15614 0.4
15614 107.6
15614 2.08
15614 16.36
15614 34.6
15614 0
15552 0.4
15552 107.6
15552 2.08
15552 16.36
15552 34.6
15552 0
15735 0.4
15735 107.6
15735 2.08
15735 16.36
15735 34.6
15735 0
15675 0.4
15675 107.6
15675 2.08
15675 16.36
15675 34.6
15675 0
15615 0.4
15615 107.6
15615 2.08
15615 16.36
15615 34.6
15615 0
15553 0.4
15553 107.6
15553 2.08
15553 16.36
15553 34.6
15553 0
15736 0.4
15736 107.6
15736 2.08
15736 16.36
15736 34.6
15736 0
15676 0.4
15676 107.6
15676 2.08
15676 16.36
15676 34.6
15676 0
15616 0.4
15616 107.6
15616 2.08
15616 16.36
15616 34.6
15616 0
15737 0.4
15737 107.6
15737 2.08
15737 16.36
15737 34.6
15737 0
15677 0.4
15677 107.6
15677 2.08
15677 16.36
15677 34.6
15677 0
15617 0.4
15617 107.6
15617 2.08
15617 16.36
15617 34.6
15617 0
15555 0.4
15555 107.6
15555 2.08
15555 16.36
15555 34.6
15555 0
15738 0.4
15738 107.6
15738 2.08
15738 16.36
15738 34.6
15738 0
15678 0.4
15678 107.6
15678 2.08
15678 16.36
15678 34.6
15678 0
15618 0.4
15618 107.6
15618 2.08
15618 16.36
15618 34.6
15618 0
15739 0.4
15739 107.6
15739 2.08
15739 16.36
15739 34.6
15739 0
15679 0.4
15679 107.6
15679 2.08
15679 16.36
15679 34.6
15679 0
15619 0.4
15619 107.6
15619 2.08
15619 16.36
15619 34.6
15619 0
15797 0.4
15797 107.6
15797 2.08
15797 16.36
15797 34.6
15797 0
15740 0.4
15740 107.6
15740 2.08
15740 16.36
15740 34.6
15740 0
15680 0.4
15680 107.6
15680 2.08
15680 16.36
15680 34.6
15680 0
15620 0.4
15620 107.6
15620 2.08
15620 16.36
15620 34.6
15620 0
15798 0.4
15798 107.6
15798 2.08
15798 16.36
15798 34.6
15798 0
15741 0.4
15741 107.6
15741 2.08
15741 16.36
15741 34.6
15741 0
15681 0.4
15681 107.6
15681 2.08
15681 16.36
15681 34.6
15681 0
15621 0.4
15621 107.6
15621 2.08
15621 16.36
15621 34.6
15621 0
15799 0.4
15799 107.6
15799 2.08
15799 16.36
15799 34.6
15799 0
15742 0.4
15742 107.6
15742 2.08
15742 16.36
15742 34.6
15742 0
15682 0.4
15682 107.6
15682 2.08
15682 16.36
15682 34.6
15682 0
15800 0.4
15800 107.6
15800 2.08
15800 16.36
15800 34.6
15800 0
15743 0.4
15743 107.6
15743 2.08
15743 16.36
15743 34.6
15743 0
15683 0.4
15683 107.6
15683 2.08
15683 16.36
15683 34.6
15683 0
15623 0.4
15623 107.6
15623 2.08
15623 16.36
15623 34.6
15623 0
15801 0.4
15801 107.6
15801 2.08
15801 16.36
15801 34.6
15801 0
15744 0.4
15744 107.6
15744 2.08
15744 16.36
15744 34.6
15744 0
15684 0.4
15684 107.6
15684 2.08
15684 16.36
15684 34.6
15684 0
15802 0.4
15802 107.6
15802 2.08
15802 16.36
15802 34.6
15802 0
15745 0.4
15745 107.6
15745 2.08
15745 16.36
15745 34.6
15745 0
15685 0.4
15685 107.6
15685 2.08
15685 16.36
15685 34.6
15685 0
15860 0.4
15860 107.6
15860 2.08
15860 16.36
15860 34.6
15860 0
15803 0.4
15803 107.6
15803 2.08
15803 16.36
15803 34.6
15803 0
15746 0.4
15746 107.6
15746 2.08
15746 16.36
15746 34.6
15746 0
15686 0.4
15686 107.6
15686 2.08
15686 16.36
15686 34.6
15686 0
15861 0.4
15861 107.6
15861 2.08
15861 16.36
15861 34.6
15861 0
15804 0.4
15804 107.6
15804 2.08
15804 16.36
15804 34.6
15804 0
15747 0.4
15747 107.6
15747 2.08
15747 16.36
15747 34.6
15747 0
15687 0.4
15687 107.6
15687 2.08
15687 16.36
15687 34.6
15687 0
15862 0.4
15862 107.6
15862 2.08
15862 16.36
15862 34.6
15862 0
15805 0.4
15805 107.6
15805 2.08
15805 16.36
15805 34.6
15805 0
15748 0.4
15748 107.6
15748 2.08
15748 16.36
15748 34.6
15748 0
15863 0.4
15863 107.6
15863 2.08
15863 16.36
15863 34.6
15863 0
15806 0.4
15806 107.6
15806 2.08
15806 16.36
15806 34.6
15806 0
15749 0.4
15749 107.6
15749 2.08
15749 16.36
15749 34.6
15749 0
15864 0.4
15864 107.6
15864 2.08
15864 16.36
15864 34.6
15864 0
15807 0.4
15807 107.6
15807 2.08
15807 16.36
15807 34.6
15807 0
15750 0.4
15750 107.6
15750 2.08
15750 16.36
15750 34.6
15750 0
15865 0.4
15865 107.6
15865 2.08
15865 16.36
15865 34.6
15865 0
15808 0.4
15808 107.6
15808 2.08
15808 16.36
15808 34.6
15808 0
15751 0.4
15751 107.6
15751 2.08
15751 16.36
15751 34.6
15751 0
15928 0.4
15928 107.6
15928 2.08
15928 16.36
15928 34.6
15928 0
15866 0.4
15866 107.6
15866 2.08
15866 16.36
15866 34.6
15866 0
15809 0.4
15809 107.6
15809 2.08
15809 16.36
15809 34.6
15809 0
15752 0.4
15752 107.6
15752 2.08
15752 16.36
15752 34.6
15752 0
15929 0.4
15929 107.6
15929 2.08
15929 16.36
15929 34.6
15929 0
15867 0.4
15867 107.6
15867 2.08
15867 16.36
15867 34.6
15867 0
15810 0.4
15810 107.6
15810 2.08
15810 16.36
15810 34.6
15810 0
15753 0.4
15753 107.6
15753 2.08
15753 16.36
15753 34.6
15753 0
15930 0.4
15930 107.6
15930 2.08
15930 16.36
15930 34.6
15930 0
15868 0.4
15868 107.6
15868 2.08
15868 16.36
15868 34.6
15868 0
15811 0.4
15811 107.6
15811 2.08
15811 16.36
15811 34.6
15811 0
15754 0.4
15754 107.6
15754 2.08
15754 16.36
15754 34.6
15754 0
15931 0.4
15931 107.6
15931 2.08
15931 16.36
15931 34.6
15931 0
15869 0.4
15869 107.6
15869 2.08
15869 16.36
15869 34.6
15869 0
15812 0.4
15812 107.6
15812 2.08
15812 16.36
15812 34.6
15812 0
15755 0.4
15755 107.6
15755 2.08
15755 16.36
15755 34.6
15755 0
15932 0.4
15932 107.6
15932 2.08
15932 16.36
15932 34.6
15932 0
15870 0.4
15870 107.6
15870 2.08
15870 16.36
15870 34.6
15870 0
15813 0.4
15813 107.6
15813 2.08
15813 16.36
15813 34.6
15813 0
15991 0.4
15991 107.6
15991 2.08
15991 16.36
15991 34.6
15991 0
15933 0.4
15933 107.6
15933 2.08
15933 16.36
15933 34.6
15933 0
15871 0.4
15871 107.6
15871 2.08
15871 16.36
15871 34.6
15871 0
15814 0.4
15814 107.6
15814 2.08
15814 16.36
15814 34.6
15814 0
15992 0.4
15992 107.6
15992 2.08
15992 16.36
15992 34.6
15992 0
15934 0.4
15934 107.6
15934 2.08
15934 16.36
15934 34.6
15934 0
15872 0.4
15872 107.6
15872 2.08
15872 16.36
15872 34.6
15872 0
15815 0.4
15815 107.6
15815 2.08
15815 16.36
15815 34.6
15815 0
15993 0.4
15993 107.6
15993 2.08
15993 16.36
15993 34.6
15993 0
15935 0.4
15935 107.6
15935 2.08
15935 16.36
15935 34.6
15935 0
15873 0.4
15873 107.6
15873 2.08
15873 16.36
15873 34.6
15873 0
15816 0.4
15816 107.6
15816 2.08
15816 16.36
15816 34.6
15816 0
15994 0.4
15994 107.6
15994 2.08
15994 16.36
15994 34.6
15994 0
15936 0.4
15936 107.6
15936 2.08
15936 16.36
15936 34.6
15936 0
15874 0.4
15874 107.6
15874 2.08
15874 16.36
15874 34.6
15874 0
15817 0.4
15817 107.6
15817 2.08
15817 16.36
15817 34.6
15817 0
15995 0.4
15995 107.6
15995 2.08
15995 16.36
15995 34.6
15995 0
15937 0.4
15937 107.6
15937 2.08
15937 16.36
15937 34.6
15937 0
15875 0.4
15875 107.6
15875 2.08
15875 16.36
15875 34.6
15875 0
15996 0.4
15996 107.6
15996 2.08
15996 16.36
15996 34.6
15996 0
15938 0.4
15938 107.6
15938 2.08
15938 16.36
15938 34.6
15938 0
15876 0.4
15876 107.6
15876 2.08
15876 16.36
15876 34.6
15876 0
15997 0.4
15997 107.6
15997 2.08
15997 16.36
15997 34.6
15997 0
15939 0.4
15939 107.6
15939 2.08
15939 16.36
15939 34.6
15939 0
15877 0.4
15877 107.6
15877 2.08
15877 16.36
15877 34.6
15877 0
16056 0.4
16056 107.6
16056 2.08
16056 16.36
16056 34.6
16056 0
15998 0.4
15998 107.6
15998 2.08
15998 16.36
15998 34.6
15998 0
15940 0.4
15940 107.6
15940 2.08
15940 16.36
15940 34.6
15940 0
15878 0.4
15878 107.6
15878 2.08
15878 16.36
15878 34.6
15878 0
16057 0.4
16057 107.6
16057 2.08
16057 16.36
16057 34.6
16057 0
15999 0.4
15999 107.6
15999 2.08
15999 16.36
15999 34.6
15999 0
15941 0.4
15941 107.6
15941 2.08
15941 16.36
15941 34.6
15941 0
15879 0.4
15879 107.6
15879 2.08
15879 16.36
15879 34.6
15879 0
16058 0.4
16058 107.6
16058 2.08
16058 16.36
16058 34.6
16058 0
16000 0.4
16000 107.6
16000 2.08
16000 16.36
16000 34.6
16000 0
15942 0.4
15942 107.6
15942 2.08
15942 16.36
15942 34.6
15942 0
15880 0.4
15880 107.6
15880 2.08
15880 16.36
15880 34.6
15880 0
16059 0.4
16059 107.6
16059 2.08
16059 16.36
16059 34.6
16059 0
16001 0.4
16001 107.6
16001 2.08
16001 16.36
16001 34.6
16001 0
15943 0.4
15943 107.6
15943 2.08
15943 16.36
15943 34.6
15943 0
16060 0.4
16060 107.6
16060 2.08
16060 16.36
16060 34.6
16060 0
16002 0.4
16002 107.6
16002 2.08
16002 16.36
16002 34.6
16002 0
15944 0.4
15944 107.6
15944 2.08
15944 16.36
15944 34.6
15944 0
16061 0.4
16061 107.6
16061 2.08
16061 16.36
16061 34.6
16061 0
16003 0.4
16003 107.6
16003 2.08
16003 16.36
16003 34.6
16003 0
15945 0.4
15945 107.6
15945 2.08
15945 16.36
15945 34.6
15945 0
16062 0.4
16062 107.6
16062 2.08
16062 16.36
16062 34.6
16062 0
16004 0.4
16004 107.6
16004 2.08
16004 16.36
16004 34.6
16004 0
15946 0.4
15946 107.6
15946 2.08
15946 16.36
15946 34.6
15946 0
16005 0.4
16005 107.6
16005 2.08
16005 16.36
16005 34.6
16005 0
15947 0.4
15947 107.6
15947 2.08
15947 16.36
15947 34.6
15947 0
16006 0.4
16006 107.6
16006 2.08
16006 16.36
16006 34.6
16006 0
15948 0.4
15948 107.6
15948 2.08
15948 16.36
15948 34.6
15948 0
16065 0.4
16065 107.6
16065 2.08
16065 16.36
16065 34.6
16065 0
16007 0.4
16007 107.6
16007 2.08
16007 16.36
16007 34.6
16007 0
16066 0.4
16066 107.6
16066 2.08
16066 16.36
16066 34.6
16066 0
16008 0.4
16008 107.6
16008 2.08
16008 16.36
16008 34.6
16008 0
16127 0.4
16127 107.6
16127 2.08
16127 16.36
16127 34.6
16127 0
16067 0.4
16067 107.6
16067 2.08
16067 16.36
16067 34.6
16067 0
16009 0.4
16009 107.6
16009 2.08
16009 16.36
16009 34.6
16009 0
16128 0.4
16128 107.6
16128 2.08
16128 16.36
16128 34.6
16128 0
16068 0.4
16068 107.6
16068 2.08
16068 16.36
16068 34.6
16068 0
16010 0.4
16010 107.6
16010 2.08
16010 16.36
16010 34.6
16010 0
16129 0.4
16129 107.6
16129 2.08
16129 16.36
16129 34.6
16129 0
16069 0.4
16069 107.6
16069 2.08
16069 16.36
16069 34.6
16069 0
16011 0.4
16011 107.6
16011 2.08
16011 16.36
16011 34.6
16011 0
16070 0.4
16070 107.6
16070 2.08
16070 16.36
16070 34.6
16070 0
16131 0.4
16131 107.6
16131 2.08
16131 16.36
16131 34.6
16131 0
16071 0.4
16071 107.6
16071 2.08
16071 16.36
16071 34.6
16071 0
16132 0.4
16132 107.6
16132 2.08
16132 16.36
16132 34.6
16132 0
16072 0.4
16072 107.6
16072 2.08
16072 16.36
16072 34.6
16072 0
16190 0.4
16190 107.6
16190 2.08
16190 16.36
16190 34.6
16190 0
16133 0.4
16133 107.6
16133 2.08
16133 16.36
16133 34.6
16133 0
16073 0.4
16073 107.6
16073 2.08
16073 16.36
16073 34.6
16073 0
16191 0.4
16191 107.6
16191 2.08
16191 16.36
16191 34.6
16191 0
16134 0.4
16134 107.6
16134 2.08
16134 16.36
16134 34.6
16134 0
16074 0.4
16074 107.6
16074 2.08
16074 16.36
16074 34.6
16074 0
16192 0.4
16192 107.6
16192 2.08
16192 16.36
16192 34.6
16192 0
16135 0.4
16135 107.6
16135 2.08
16135 16.36
16135 34.6
16135 0
16075 0.4
16075 107.6
16075 2.08
16075 16.36
16075 34.6
16075 0
16193 0.4
16193 107.6
16193 2.08
16193 16.36
16193 34.6
16193 0
16136 0.4
16136 107.6
16136 2.08
16136 16.36
16136 34.6
16136 0
16253 0.4
16253 107.6
16253 2.08
16253 16.36
16253 34.6
16253 0
16194 0.4
16194 107.6
16194 2.08
16194 16.36
16194 34.6
16194 0
16137 0.4
16137 107.6
16137 2.08
16137 16.36
16137 34.6
16137 0
16254 0.4
16254 107.6
16254 2.08
16254 16.36
16254 34.6
16254 0
16195 0.4
16195 107.6
16195 2.08
16195 16.36
16195 34.6
16195 0
16138 0.4
16138 107.6
16138 2.08
16138 16.36
16138 34.6
16138 0
16255 0.4
16255 107.6
16255 2.08
16255 16.36
16255 34.6
16255 0
16196 0.4
16196 107.6
16196 2.08
16196 16.36
16196 34.6
16196 0
16139 0.4
16139 107.6
16139 2.08
16139 16.36
16139 34.6
16139 0
16256 0.4
16256 107.6
16256 2.08
16256 16.36
16256 34.6
16256 0
16197 0.4
16197 107.6
16197 2.08
16197 16.36
16197 34.6
16197 0
16140 0.4
16140 107.6
16140 2.08
16140 16.36
16140 34.6
16140 0
16257 0.4
16257 107.6
16257 2.08
16257 16.36
16257 34.6
16257 0
16198 0.4
16198 107.6
16198 2.08
16198 16.36
16198 34.6
16198 0
16258 0.4
16258 107.6
16258 2.08
16258 16.36
16258 34.6
16258 0
16199 0.4
16199 107.6
16199 2.08
16199 16.36
16199 34.6
16199 0
16317 0.4
16317 107.6
16317 2.08
16317 16.36
16317 34.6
16317 0
16259 0.4
16259 107.6
16259 2.08
16259 16.36
16259 34.6
16259 0
16200 0.4
16200 107.6
16200 2.08
16200 16.36
16200 34.6
16200 0
16318 0.4
16318 107.6
16318 2.08
16318 16.36
16318 34.6
16318 0
16260 0.4
16260 107.6
16260 2.08
16260 16.36
16260 34.6
16260 0
16201 0.4
16201 107.6
16201 2.08
16201 16.36
16201 34.6
16201 0
16319 0.4
16319 107.6
16319 2.08
16319 16.36
16319 34.6
16319 0
16261 0.4
16261 107.6
16261 2.08
16261 16.36
16261 34.6
16261 0
16202 0.4
16202 107.6
16202 2.08
16202 16.36
16202 34.6
16202 0
16320 0.4
16320 107.6
16320 2.08
16320 16.36
16320 34.6
16320 0
16262 0.4
16262 107.6
16262 2.08
16262 16.36
16262 34.6
16262 0
16321 0.4
16321 107.6
16321 2.08
16321 16.36
16321 34.6
16321 0
16263 0.4
16263 107.6
16263 2.08
16263 16.36
16263 34.6
16263 0
16322 0.4
16322 107.6
16322 2.08
16322 16.36
16322 34.6
16322 0
16264 0.4
16264 107.6
16264 2.08
16264 16.36
16264 34.6
16264 0
16323 0.4
16323 107.6
16323 2.08
16323 16.36
16323 34.6
16323 0
16265 0.4
16265 107.6
16265 2.08
16265 16.36
16265 34.6
16265 0
16382 0.4
16382 107.6
16382 2.08
16382 16.36
16382 34.6
16382 0
16324 0.4
16324 107.6
16324 2.08
16324 16.36
16324 34.6
16324 0
16266 0.4
16266 107.6
16266 2.08
16266 16.36
16266 34.6
16266 0
16383 0.4
16383 107.6
16383 2.08
16383 16.36
16383 34.6
16383 0
16325 0.4
16325 107.6
16325 2.08
16325 16.36
16325 34.6
16325 0
16384 0.4
16384 107.6
16384 2.08
16384 16.36
16384 34.6
16384 0
16326 0.4
16326 107.6
16326 2.08
16326 16.36
16326 34.6
16326 0
16385 0.4
16385 107.6
16385 2.08
16385 16.36
16385 34.6
16385 0
16327 0.4
16327 107.6
16327 2.08
16327 16.36
16327 34.6
16327 0
16386 0.4
16386 107.6
16386 2.08
16386 16.36
16386 34.6
16386 0
16328 0.4
16328 107.6
16328 2.08
16328 16.36
16328 34.6
16328 0
16444 0.4
16444 107.6
16444 2.08
16444 16.36
16444 34.6
16444 0
16387 0.4
16387 107.6
16387 2.08
16387 16.36
16387 34.6
16387 0
16329 0.4
16329 107.6
16329 2.08
16329 16.36
16329 34.6
16329 0
16445 0.4
16445 107.6
16445 2.08
16445 16.36
16445 34.6
16445 0
16388 0.4
16388 107.6
16388 2.08
16388 16.36
16388 34.6
16388 0
16446 0.4
16446 107.6
16446 2.08
16446 16.36
16446 34.6
16446 0
16389 0.4
16389 107.6
16389 2.08
16389 16.36
16389 34.6
16389 0
16447 0.4
16447 107.6
16447 2.08
16447 16.36
16447 34.6
16447 0
16390 0.4
16390 107.6
16390 2.08
16390 16.36
16390 34.6
16390 0
16448 0.4
16448 107.6
16448 2.08
16448 16.36
16448 34.6
16448 0
16391 0.4
16391 107.6
16391 2.08
16391 16.36
16391 34.6
16391 0
16449 0.4
16449 107.6
16449 2.08
16449 16.36
16449 34.6
16449 0
16392 0.4
16392 107.6
16392 2.08
16392 16.36
16392 34.6
16392 0
16505 0.4
16505 107.6
16505 2.08
16505 16.36
16505 34.6
16505 0
16450 0.4
16450 107.6
16450 2.08
16450 16.36
16450 34.6
16450 0
16506 0.4
16506 107.6
16506 2.08
16506 16.36
16506 34.6
16506 0
16451 0.4
16451 107.6
16451 2.08
16451 16.36
16451 34.6
16451 0
16507 0.4
16507 107.6
16507 2.08
16507 16.36
16507 34.6
16507 0
16452 0.4
16452 107.6
16452 2.08
16452 16.36
16452 34.6
16452 0
16508 0.4
16508 107.6
16508 2.08
16508 16.36
16508 34.6
16508 0
16453 0.4
16453 107.6
16453 2.08
16453 16.36
16453 34.6
16453 0
16509 0.4
16509 107.6
16509 2.08
16509 16.36
16509 34.6
16509 0
16510 0.4
16510 107.6
16510 2.08
16510 16.36
16510 34.6
16510 0
16511 0.4
16511 107.6
16511 2.08
16511 16.36
16511 34.6
16511 0
16512 0.4
16512 107.6
16512 2.08
16512 16.36
16512 34.6
16512 0
16562 0.4
16562 107.6
16562 2.08
16562 16.36
16562 34.6
16562 0
16563 0.4
16563 107.6
16563 2.08
16563 16.36
16563 34.6
16563 0
16564 0.4
16564 107.6
16564 2.08
16564 16.36
16564 34.6
16564 0
