pt_graph cpue_kghour
13484 0
13484 2.96
13484 0.04
13484 1.36
13484 2.44
13484 0
13251 0
13251 2.96
13251 0.04
13251 1.36
13251 2.44
13251 0
13311 0
13311 2.96
13311 0.04
13311 1.36
13311 2.44
13311 0
13312 0
13312 2.96
13312 0.04
13312 1.36
13312 2.44
13312 0
13368 0
13368 2.96
13368 0.04
13368 1.36
13368 2.44
13368 0
13369 0
13369 2.96
13369 0.04
13369 1.36
13369 2.44
13369 0
13370 0
13370 2.96
13370 0.04
13370 1.36
13370 2.44
13370 0
13428 0
13428 2.96
13428 0.04
13428 1.36
13428 2.44
13428 0
13430 0
13430 2.96
13430 0.04
13430 1.36
13430 2.44
13430 0
13431 0
13431 2.96
13431 0.04
13431 1.36
13431 2.44
13431 0
13485 0
13485 2.96
13485 0.04
13485 1.36
13485 2.44
13485 0
13486 0
13486 2.96
13486 0.04
13486 1.36
13486 2.44
13486 0
13487 0
13487 2.96
13487 0.04
13487 1.36
13487 2.44
13487 0
13542 0
13542 2.96
13542 0.04
13542 1.36
13542 2.44
13542 0
13543 0
13543 2.96
13543 0.04
13543 1.36
13543 2.44
13543 0
13657 0
13657 2.96
13657 0.04
13657 1.36
13657 2.44
13657 0
13658 0
13658 2.96
13658 0.04
13658 1.36
13658 2.44
13658 0
13250 0
13250 2.96
13250 0.04
13250 1.36
13250 2.44
13250 0
13309 0
13309 2.96
13309 0.04
13309 1.36
13309 2.44
13309 0
13310 0
13310 2.96
13310 0.04
13310 1.36
13310 2.44
13310 0
13429 0
13429 2.96
13429 0.04
13429 1.36
13429 2.44
13429 0
