pt_graph scale
5887 14.48
5887 1.16
5887 25.44
5887 18.04
5887 2.6
5887 2.6
5970 14.48
5970 1.16
5970 25.44
5970 18.04
5970 2.6
5970 2.6
6066 14.48
6066 1.16
6066 25.44
6066 18.04
6066 2.6
6066 2.6
6165 14.48
6165 1.16
6165 25.44
6165 18.04
6165 2.6
6165 2.6
6265 14.48
6265 1.16
6265 25.44
6265 18.04
6265 2.6
6265 2.6
6067 14.48
6067 1.16
6067 25.44
6067 18.04
6067 2.6
6067 2.6
6166 14.48
6166 1.16
6166 25.44
6166 18.04
6166 2.6
6166 2.6
6266 14.48
6266 1.16
6266 25.44
6266 18.04
6266 2.6
6266 2.6
6068 14.48
6068 1.16
6068 25.44
6068 18.04
6068 2.6
6068 2.6
6167 14.48
6167 1.16
6167 25.44
6167 18.04
6167 2.6
6167 2.6
6367 14.48
6367 1.16
6367 25.44
6367 18.04
6367 2.6
6367 2.6
6267 14.48
6267 1.16
6267 25.44
6267 18.04
6267 2.6
6267 2.6
6069 14.48
6069 1.16
6069 25.44
6069 18.04
6069 2.6
6069 2.6
6168 14.48
6168 1.16
6168 25.44
6168 18.04
6168 2.6
6168 2.6
6368 14.48
6368 1.16
6368 25.44
6368 18.04
6368 2.6
6368 2.6
6268 14.48
6268 1.16
6268 25.44
6268 18.04
6268 2.6
6268 2.6
6070 14.48
6070 1.16
6070 25.44
6070 18.04
6070 2.6
6070 2.6
6369 14.48
6369 1.16
6369 25.44
6369 18.04
6369 2.6
6369 2.6
6269 14.48
6269 1.16
6269 25.44
6269 18.04
6269 2.6
6269 2.6
6071 14.48
6071 1.16
6071 25.44
6071 18.04
6071 2.6
6071 2.6
6370 14.48
6370 1.16
6370 25.44
6370 18.04
6370 2.6
6370 2.6
6270 14.48
6270 1.16
6270 25.44
6270 18.04
6270 2.6
6270 2.6
6072 14.48
6072 1.16
6072 25.44
6072 18.04
6072 2.6
6072 2.6
6371 14.48
6371 1.16
6371 25.44
6371 18.04
6371 2.6
6371 2.6
6271 14.48
6271 1.16
6271 25.44
6271 18.04
6271 2.6
6271 2.6
6073 14.48
6073 1.16
6073 25.44
6073 18.04
6073 2.6
6073 2.6
6272 14.48
6272 1.16
6272 25.44
6272 18.04
6272 2.6
6272 2.6
6372 14.48
6372 1.16
6372 25.44
6372 18.04
6372 2.6
6372 2.6
6273 14.48
6273 1.16
6273 25.44
6273 18.04
6273 2.6
6273 2.6
6373 14.48
6373 1.16
6373 25.44
6373 18.04
6373 2.6
6373 2.6
6174 14.48
6174 1.16
6174 25.44
6174 18.04
6174 2.6
6174 2.6
6274 14.48
6274 1.16
6274 25.44
6274 18.04
6274 2.6
6274 2.6
6374 14.48
6374 1.16
6374 25.44
6374 18.04
6374 2.6
6374 2.6
6175 14.48
6175 1.16
6175 25.44
6175 18.04
6175 2.6
6175 2.6
6475 14.48
6475 1.16
6475 25.44
6475 18.04
6475 2.6
6475 2.6
6275 14.48
6275 1.16
6275 25.44
6275 18.04
6275 2.6
6275 2.6
6375 14.48
6375 1.16
6375 25.44
6375 18.04
6375 2.6
6375 2.6
6176 14.48
6176 1.16
6176 25.44
6176 18.04
6176 2.6
6176 2.6
6476 14.48
6476 1.16
6476 25.44
6476 18.04
6476 2.6
6476 2.6
6276 14.48
6276 1.16
6276 25.44
6276 18.04
6276 2.6
6276 2.6
6376 14.48
6376 1.16
6376 25.44
6376 18.04
6376 2.6
6376 2.6
6177 14.48
6177 1.16
6177 25.44
6177 18.04
6177 2.6
6177 2.6
6477 14.48
6477 1.16
6477 25.44
6477 18.04
6477 2.6
6477 2.6
6377 14.48
6377 1.16
6377 25.44
6377 18.04
6377 2.6
6377 2.6
6178 14.48
6178 1.16
6178 25.44
6178 18.04
6178 2.6
6178 2.6
6478 14.48
6478 1.16
6478 25.44
6478 18.04
6478 2.6
6478 2.6
6378 14.48
6378 1.16
6378 25.44
6378 18.04
6378 2.6
6378 2.6
6179 14.48
6179 1.16
6179 25.44
6179 18.04
6179 2.6
6179 2.6
6479 14.48
6479 1.16
6479 25.44
6479 18.04
6479 2.6
6479 2.6
6379 14.48
6379 1.16
6379 25.44
6379 18.04
6379 2.6
6379 2.6
6180 14.48
6180 1.16
6180 25.44
6180 18.04
6180 2.6
6180 2.6
6480 14.48
6480 1.16
6480 25.44
6480 18.04
6480 2.6
6480 2.6
6380 14.48
6380 1.16
6380 25.44
6380 18.04
6380 2.6
6380 2.6
6281 14.48
6281 1.16
6281 25.44
6281 18.04
6281 2.6
6281 2.6
6481 14.48
6481 1.16
6481 25.44
6481 18.04
6481 2.6
6481 2.6
6381 14.48
6381 1.16
6381 25.44
6381 18.04
6381 2.6
6381 2.6
6282 14.48
6282 1.16
6282 25.44
6282 18.04
6282 2.6
6282 2.6
6582 14.48
6582 1.16
6582 25.44
6582 18.04
6582 2.6
6582 2.6
6482 14.48
6482 1.16
6482 25.44
6482 18.04
6482 2.6
6482 2.6
6382 14.48
6382 1.16
6382 25.44
6382 18.04
6382 2.6
6382 2.6
6283 14.48
6283 1.16
6283 25.44
6283 18.04
6283 2.6
6283 2.6
6583 14.48
6583 1.16
6583 25.44
6583 18.04
6583 2.6
6583 2.6
6383 14.48
6383 1.16
6383 25.44
6383 18.04
6383 2.6
6383 2.6
6483 14.48
6483 1.16
6483 25.44
6483 18.04
6483 2.6
6483 2.6
6284 14.48
6284 1.16
6284 25.44
6284 18.04
6284 2.6
6284 2.6
6584 14.48
6584 1.16
6584 25.44
6584 18.04
6584 2.6
6584 2.6
6384 14.48
6384 1.16
6384 25.44
6384 18.04
6384 2.6
6384 2.6
6484 14.48
6484 1.16
6484 25.44
6484 18.04
6484 2.6
6484 2.6
6285 14.48
6285 1.16
6285 25.44
6285 18.04
6285 2.6
6285 2.6
6585 14.48
6585 1.16
6585 25.44
6585 18.04
6585 2.6
6585 2.6
6385 14.48
6385 1.16
6385 25.44
6385 18.04
6385 2.6
6385 2.6
6485 14.48
6485 1.16
6485 25.44
6485 18.04
6485 2.6
6485 2.6
6286 14.48
6286 1.16
6286 25.44
6286 18.04
6286 2.6
6286 2.6
6386 14.48
6386 1.16
6386 25.44
6386 18.04
6386 2.6
6386 2.6
6586 14.48
6586 1.16
6586 25.44
6586 18.04
6586 2.6
6586 2.6
6486 14.48
6486 1.16
6486 25.44
6486 18.04
6486 2.6
6486 2.6
6287 14.48
6287 1.16
6287 25.44
6287 18.04
6287 2.6
6287 2.6
6387 14.48
6387 1.16
6387 25.44
6387 18.04
6387 2.6
6387 2.6
6587 14.48
6587 1.16
6587 25.44
6587 18.04
6587 2.6
6587 2.6
6487 14.48
6487 1.16
6487 25.44
6487 18.04
6487 2.6
6487 2.6
6288 14.48
6288 1.16
6288 25.44
6288 18.04
6288 2.6
6288 2.6
6388 14.48
6388 1.16
6388 25.44
6388 18.04
6388 2.6
6388 2.6
6588 14.48
6588 1.16
6588 25.44
6588 18.04
6588 2.6
6588 2.6
6488 14.48
6488 1.16
6488 25.44
6488 18.04
6488 2.6
6488 2.6
6289 14.48
6289 1.16
6289 25.44
6289 18.04
6289 2.6
6289 2.6
6389 14.48
6389 1.16
6389 25.44
6389 18.04
6389 2.6
6389 2.6
6489 14.48
6489 1.16
6489 25.44
6489 18.04
6489 2.6
6489 2.6
6589 14.48
6589 1.16
6589 25.44
6589 18.04
6589 2.6
6589 2.6
6390 14.48
6390 1.16
6390 25.44
6390 18.04
6390 2.6
6390 2.6
6490 14.48
6490 1.16
6490 25.44
6490 18.04
6490 2.6
6490 2.6
6590 14.48
6590 1.16
6590 25.44
6590 18.04
6590 2.6
6590 2.6
6391 14.48
6391 1.16
6391 25.44
6391 18.04
6391 2.6
6391 2.6
6692 14.48
6692 1.16
6692 25.44
6692 18.04
6692 2.6
6692 2.6
6491 14.48
6491 1.16
6491 25.44
6491 18.04
6491 2.6
6491 2.6
6591 14.48
6591 1.16
6591 25.44
6591 18.04
6591 2.6
6591 2.6
6392 14.48
6392 1.16
6392 25.44
6392 18.04
6392 2.6
6392 2.6
6693 14.48
6693 1.16
6693 25.44
6693 18.04
6693 2.6
6693 2.6
6492 14.48
6492 1.16
6492 25.44
6492 18.04
6492 2.6
6492 2.6
6592 14.48
6592 1.16
6592 25.44
6592 18.04
6592 2.6
6592 2.6
6393 14.48
6393 1.16
6393 25.44
6393 18.04
6393 2.6
6393 2.6
6493 14.48
6493 1.16
6493 25.44
6493 18.04
6493 2.6
6493 2.6
6694 14.48
6694 1.16
6694 25.44
6694 18.04
6694 2.6
6694 2.6
6593 14.48
6593 1.16
6593 25.44
6593 18.04
6593 2.6
6593 2.6
6394 14.48
6394 1.16
6394 25.44
6394 18.04
6394 2.6
6394 2.6
6494 14.48
6494 1.16
6494 25.44
6494 18.04
6494 2.6
6494 2.6
6695 14.48
6695 1.16
6695 25.44
6695 18.04
6695 2.6
6695 2.6
6594 14.48
6594 1.16
6594 25.44
6594 18.04
6594 2.6
6594 2.6
6395 14.48
6395 1.16
6395 25.44
6395 18.04
6395 2.6
6395 2.6
6495 14.48
6495 1.16
6495 25.44
6495 18.04
6495 2.6
6495 2.6
6696 14.48
6696 1.16
6696 25.44
6696 18.04
6696 2.6
6696 2.6
6595 14.48
6595 1.16
6595 25.44
6595 18.04
6595 2.6
6595 2.6
6396 14.48
6396 1.16
6396 25.44
6396 18.04
6396 2.6
6396 2.6
6496 14.48
6496 1.16
6496 25.44
6496 18.04
6496 2.6
6496 2.6
6697 14.48
6697 1.16
6697 25.44
6697 18.04
6697 2.6
6697 2.6
6596 14.48
6596 1.16
6596 25.44
6596 18.04
6596 2.6
6596 2.6
6397 14.48
6397 1.16
6397 25.44
6397 18.04
6397 2.6
6397 2.6
6497 14.48
6497 1.16
6497 25.44
6497 18.04
6497 2.6
6497 2.6
6597 14.48
6597 1.16
6597 25.44
6597 18.04
6597 2.6
6597 2.6
6698 14.48
6698 1.16
6698 25.44
6698 18.04
6698 2.6
6698 2.6
6498 14.48
6498 1.16
6498 25.44
6498 18.04
6498 2.6
6498 2.6
6801 14.48
6801 1.16
6801 25.44
6801 18.04
6801 2.6
6801 2.6
6598 14.48
6598 1.16
6598 25.44
6598 18.04
6598 2.6
6598 2.6
6699 14.48
6699 1.16
6699 25.44
6699 18.04
6699 2.6
6699 2.6
6499 14.48
6499 1.16
6499 25.44
6499 18.04
6499 2.6
6499 2.6
6802 14.48
6802 1.16
6802 25.44
6802 18.04
6802 2.6
6802 2.6
6599 14.48
6599 1.16
6599 25.44
6599 18.04
6599 2.6
6599 2.6
6700 14.48
6700 1.16
6700 25.44
6700 18.04
6700 2.6
6700 2.6
6500 14.48
6500 1.16
6500 25.44
6500 18.04
6500 2.6
6500 2.6
6803 14.48
6803 1.16
6803 25.44
6803 18.04
6803 2.6
6803 2.6
6600 14.48
6600 1.16
6600 25.44
6600 18.04
6600 2.6
6600 2.6
6701 14.48
6701 1.16
6701 25.44
6701 18.04
6701 2.6
6701 2.6
6501 14.48
6501 1.16
6501 25.44
6501 18.04
6501 2.6
6501 2.6
6804 14.48
6804 1.16
6804 25.44
6804 18.04
6804 2.6
6804 2.6
6601 14.48
6601 1.16
6601 25.44
6601 18.04
6601 2.6
6601 2.6
6702 14.48
6702 1.16
6702 25.44
6702 18.04
6702 2.6
6702 2.6
6502 14.48
6502 1.16
6502 25.44
6502 18.04
6502 2.6
6502 2.6
6805 14.48
6805 1.16
6805 25.44
6805 18.04
6805 2.6
6805 2.6
6602 14.48
6602 1.16
6602 25.44
6602 18.04
6602 2.6
6602 2.6
6703 14.48
6703 1.16
6703 25.44
6703 18.04
6703 2.6
6703 2.6
6503 14.48
6503 1.16
6503 25.44
6503 18.04
6503 2.6
6503 2.6
6603 14.48
6603 1.16
6603 25.44
6603 18.04
6603 2.6
6603 2.6
6806 14.48
6806 1.16
6806 25.44
6806 18.04
6806 2.6
6806 2.6
6704 14.48
6704 1.16
6704 25.44
6704 18.04
6704 2.6
6704 2.6
6504 14.48
6504 1.16
6504 25.44
6504 18.04
6504 2.6
6504 2.6
6907 14.48
6907 1.16
6907 25.44
6907 18.04
6907 2.6
6907 2.6
6604 14.48
6604 1.16
6604 25.44
6604 18.04
6604 2.6
6604 2.6
6807 14.48
6807 1.16
6807 25.44
6807 18.04
6807 2.6
6807 2.6
6705 14.48
6705 1.16
6705 25.44
6705 18.04
6705 2.6
6705 2.6
6505 14.48
6505 1.16
6505 25.44
6505 18.04
6505 2.6
6505 2.6
6908 14.48
6908 1.16
6908 25.44
6908 18.04
6908 2.6
6908 2.6
6605 14.48
6605 1.16
6605 25.44
6605 18.04
6605 2.6
6605 2.6
6808 14.48
6808 1.16
6808 25.44
6808 18.04
6808 2.6
6808 2.6
6706 14.48
6706 1.16
6706 25.44
6706 18.04
6706 2.6
6706 2.6
6909 14.48
6909 1.16
6909 25.44
6909 18.04
6909 2.6
6909 2.6
6606 14.48
6606 1.16
6606 25.44
6606 18.04
6606 2.6
6606 2.6
6809 14.48
6809 1.16
6809 25.44
6809 18.04
6809 2.6
6809 2.6
6707 14.48
6707 1.16
6707 25.44
6707 18.04
6707 2.6
6707 2.6
6607 14.48
6607 1.16
6607 25.44
6607 18.04
6607 2.6
6607 2.6
6910 14.48
6910 1.16
6910 25.44
6910 18.04
6910 2.6
6910 2.6
6810 14.48
6810 1.16
6810 25.44
6810 18.04
6810 2.6
6810 2.6
6708 14.48
6708 1.16
6708 25.44
6708 18.04
6708 2.6
6708 2.6
6608 14.48
6608 1.16
6608 25.44
6608 18.04
6608 2.6
6608 2.6
6911 14.48
6911 1.16
6911 25.44
6911 18.04
6911 2.6
6911 2.6
6811 14.48
6811 1.16
6811 25.44
6811 18.04
6811 2.6
6811 2.6
6709 14.48
6709 1.16
6709 25.44
6709 18.04
6709 2.6
6709 2.6
6609 14.48
6609 1.16
6609 25.44
6609 18.04
6609 2.6
6609 2.6
6912 14.48
6912 1.16
6912 25.44
6912 18.04
6912 2.6
6912 2.6
6812 14.48
6812 1.16
6812 25.44
6812 18.04
6812 2.6
6812 2.6
6710 14.48
6710 1.16
6710 25.44
6710 18.04
6710 2.6
6710 2.6
6610 14.48
6610 1.16
6610 25.44
6610 18.04
6610 2.6
6610 2.6
6913 14.48
6913 1.16
6913 25.44
6913 18.04
6913 2.6
6913 2.6
6711 14.48
6711 1.16
6711 25.44
6711 18.04
6711 2.6
6711 2.6
6813 14.48
6813 1.16
6813 25.44
6813 18.04
6813 2.6
6813 2.6
6611 14.48
6611 1.16
6611 25.44
6611 18.04
6611 2.6
6611 2.6
6914 14.48
6914 1.16
6914 25.44
6914 18.04
6914 2.6
6914 2.6
6712 14.48
6712 1.16
6712 25.44
6712 18.04
6712 2.6
6712 2.6
6814 14.48
6814 1.16
6814 25.44
6814 18.04
6814 2.6
6814 2.6
6612 14.48
6612 1.16
6612 25.44
6612 18.04
6612 2.6
6612 2.6
7016 14.48
7016 1.16
7016 25.44
7016 18.04
7016 2.6
7016 2.6
6713 14.48
6713 1.16
6713 25.44
6713 18.04
6713 2.6
6713 2.6
6915 14.48
6915 1.16
6915 25.44
6915 18.04
6915 2.6
6915 2.6
6815 14.48
6815 1.16
6815 25.44
6815 18.04
6815 2.6
6815 2.6
6613 14.48
6613 1.16
6613 25.44
6613 18.04
6613 2.6
6613 2.6
7017 14.48
7017 1.16
7017 25.44
7017 18.04
7017 2.6
7017 2.6
6714 14.48
6714 1.16
6714 25.44
6714 18.04
6714 2.6
6714 2.6
6916 14.48
6916 1.16
6916 25.44
6916 18.04
6916 2.6
6916 2.6
6816 14.48
6816 1.16
6816 25.44
6816 18.04
6816 2.6
6816 2.6
6614 14.48
6614 1.16
6614 25.44
6614 18.04
6614 2.6
6614 2.6
7018 14.48
7018 1.16
7018 25.44
7018 18.04
7018 2.6
7018 2.6
6715 14.48
6715 1.16
6715 25.44
6715 18.04
6715 2.6
6715 2.6
6817 14.48
6817 1.16
6817 25.44
6817 18.04
6817 2.6
6817 2.6
6917 14.48
6917 1.16
6917 25.44
6917 18.04
6917 2.6
6917 2.6
6716 14.48
6716 1.16
6716 25.44
6716 18.04
6716 2.6
6716 2.6
7019 14.48
7019 1.16
7019 25.44
7019 18.04
7019 2.6
7019 2.6
6818 14.48
6818 1.16
6818 25.44
6818 18.04
6818 2.6
6818 2.6
6918 14.48
6918 1.16
6918 25.44
6918 18.04
6918 2.6
6918 2.6
6717 14.48
6717 1.16
6717 25.44
6717 18.04
6717 2.6
6717 2.6
7020 14.48
7020 1.16
7020 25.44
7020 18.04
7020 2.6
7020 2.6
6819 14.48
6819 1.16
6819 25.44
6819 18.04
6819 2.6
6819 2.6
6919 14.48
6919 1.16
6919 25.44
6919 18.04
6919 2.6
6919 2.6
6718 14.48
6718 1.16
6718 25.44
6718 18.04
6718 2.6
6718 2.6
7021 14.48
7021 1.16
7021 25.44
7021 18.04
7021 2.6
7021 2.6
6820 14.48
6820 1.16
6820 25.44
6820 18.04
6820 2.6
6820 2.6
6920 14.48
6920 1.16
6920 25.44
6920 18.04
6920 2.6
6920 2.6
7124 14.48
7124 1.16
7124 25.44
7124 18.04
7124 2.6
7124 2.6
6719 14.48
6719 1.16
6719 25.44
6719 18.04
6719 2.6
6719 2.6
7022 14.48
7022 1.16
7022 25.44
7022 18.04
7022 2.6
7022 2.6
6821 14.48
6821 1.16
6821 25.44
6821 18.04
6821 2.6
6821 2.6
6921 14.48
6921 1.16
6921 25.44
6921 18.04
6921 2.6
6921 2.6
7125 14.48
7125 1.16
7125 25.44
7125 18.04
7125 2.6
7125 2.6
6720 14.48
6720 1.16
6720 25.44
6720 18.04
6720 2.6
6720 2.6
6822 14.48
6822 1.16
6822 25.44
6822 18.04
6822 2.6
6822 2.6
7023 14.48
7023 1.16
7023 25.44
7023 18.04
7023 2.6
7023 2.6
6721 14.48
6721 1.16
6721 25.44
6721 18.04
6721 2.6
6721 2.6
7126 14.48
7126 1.16
7126 25.44
7126 18.04
7126 2.6
7126 2.6
6823 14.48
6823 1.16
6823 25.44
6823 18.04
6823 2.6
6823 2.6
7024 14.48
7024 1.16
7024 25.44
7024 18.04
7024 2.6
7024 2.6
6722 14.48
6722 1.16
6722 25.44
6722 18.04
6722 2.6
6722 2.6
7127 14.48
7127 1.16
7127 25.44
7127 18.04
7127 2.6
7127 2.6
6824 14.48
6824 1.16
6824 25.44
6824 18.04
6824 2.6
6824 2.6
7025 14.48
7025 1.16
7025 25.44
7025 18.04
7025 2.6
7025 2.6
6723 14.48
6723 1.16
6723 25.44
6723 18.04
6723 2.6
6723 2.6
7128 14.48
7128 1.16
7128 25.44
7128 18.04
7128 2.6
7128 2.6
6825 14.48
6825 1.16
6825 25.44
6825 18.04
6825 2.6
6825 2.6
7026 14.48
7026 1.16
7026 25.44
7026 18.04
7026 2.6
7026 2.6
6925 14.48
6925 1.16
6925 25.44
6925 18.04
6925 2.6
6925 2.6
7129 14.48
7129 1.16
7129 25.44
7129 18.04
7129 2.6
7129 2.6
6826 14.48
6826 1.16
6826 25.44
6826 18.04
6826 2.6
6826 2.6
6926 14.48
6926 1.16
6926 25.44
6926 18.04
6926 2.6
6926 2.6
7027 14.48
7027 1.16
7027 25.44
7027 18.04
7027 2.6
7027 2.6
6827 14.48
6827 1.16
6827 25.44
6827 18.04
6827 2.6
6827 2.6
7130 14.48
7130 1.16
7130 25.44
7130 18.04
7130 2.6
7130 2.6
6927 14.48
6927 1.16
6927 25.44
6927 18.04
6927 2.6
6927 2.6
7028 14.48
7028 1.16
7028 25.44
7028 18.04
7028 2.6
7028 2.6
6828 14.48
6828 1.16
6828 25.44
6828 18.04
6828 2.6
6828 2.6
7131 14.48
7131 1.16
7131 25.44
7131 18.04
7131 2.6
7131 2.6
6928 14.48
6928 1.16
6928 25.44
6928 18.04
6928 2.6
6928 2.6
7029 14.48
7029 1.16
7029 25.44
7029 18.04
7029 2.6
7029 2.6
6829 14.48
6829 1.16
6829 25.44
6829 18.04
6829 2.6
6829 2.6
7132 14.48
7132 1.16
7132 25.44
7132 18.04
7132 2.6
7132 2.6
6929 14.48
6929 1.16
6929 25.44
6929 18.04
6929 2.6
6929 2.6
7030 14.48
7030 1.16
7030 25.44
7030 18.04
7030 2.6
7030 2.6
7235 14.48
7235 1.16
7235 25.44
7235 18.04
7235 2.6
7235 2.6
6830 14.48
6830 1.16
6830 25.44
6830 18.04
6830 2.6
6830 2.6
7133 14.48
7133 1.16
7133 25.44
7133 18.04
7133 2.6
7133 2.6
6930 14.48
6930 1.16
6930 25.44
6930 18.04
6930 2.6
6930 2.6
6831 14.48
6831 1.16
6831 25.44
6831 18.04
6831 2.6
6831 2.6
7236 14.48
7236 1.16
7236 25.44
7236 18.04
7236 2.6
7236 2.6
7134 14.48
7134 1.16
7134 25.44
7134 18.04
7134 2.6
7134 2.6
6931 14.48
6931 1.16
6931 25.44
6931 18.04
6931 2.6
6931 2.6
6832 14.48
6832 1.16
6832 25.44
6832 18.04
6832 2.6
6832 2.6
7237 14.48
7237 1.16
7237 25.44
7237 18.04
7237 2.6
7237 2.6
6932 14.48
6932 1.16
6932 25.44
6932 18.04
6932 2.6
6932 2.6
7135 14.48
7135 1.16
7135 25.44
7135 18.04
7135 2.6
7135 2.6
6833 14.48
6833 1.16
6833 25.44
6833 18.04
6833 2.6
6833 2.6
7238 14.48
7238 1.16
7238 25.44
7238 18.04
7238 2.6
7238 2.6
6933 14.48
6933 1.16
6933 25.44
6933 18.04
6933 2.6
6933 2.6
7136 14.48
7136 1.16
7136 25.44
7136 18.04
7136 2.6
7136 2.6
7034 14.48
7034 1.16
7034 25.44
7034 18.04
7034 2.6
7034 2.6
7239 14.48
7239 1.16
7239 25.44
7239 18.04
7239 2.6
7239 2.6
6934 14.48
6934 1.16
6934 25.44
6934 18.04
6934 2.6
6934 2.6
7137 14.48
7137 1.16
7137 25.44
7137 18.04
7137 2.6
7137 2.6
7035 14.48
7035 1.16
7035 25.44
7035 18.04
7035 2.6
7035 2.6
6935 14.48
6935 1.16
6935 25.44
6935 18.04
6935 2.6
6935 2.6
7240 14.48
7240 1.16
7240 25.44
7240 18.04
7240 2.6
7240 2.6
7138 14.48
7138 1.16
7138 25.44
7138 18.04
7138 2.6
7138 2.6
7036 14.48
7036 1.16
7036 25.44
7036 18.04
7036 2.6
7036 2.6
6936 14.48
6936 1.16
6936 25.44
6936 18.04
6936 2.6
6936 2.6
7241 14.48
7241 1.16
7241 25.44
7241 18.04
7241 2.6
7241 2.6
7139 14.48
7139 1.16
7139 25.44
7139 18.04
7139 2.6
7139 2.6
7037 14.48
7037 1.16
7037 25.44
7037 18.04
7037 2.6
7037 2.6
7341 14.48
7341 1.16
7341 25.44
7341 18.04
7341 2.6
7341 2.6
6937 14.48
6937 1.16
6937 25.44
6937 18.04
6937 2.6
6937 2.6
7242 14.48
7242 1.16
7242 25.44
7242 18.04
7242 2.6
7242 2.6
7140 14.48
7140 1.16
7140 25.44
7140 18.04
7140 2.6
7140 2.6
7038 14.48
7038 1.16
7038 25.44
7038 18.04
7038 2.6
7038 2.6
7342 14.48
7342 1.16
7342 25.44
7342 18.04
7342 2.6
7342 2.6
6938 14.48
6938 1.16
6938 25.44
6938 18.04
6938 2.6
6938 2.6
7243 14.48
7243 1.16
7243 25.44
7243 18.04
7243 2.6
7243 2.6
7039 14.48
7039 1.16
7039 25.44
7039 18.04
7039 2.6
7039 2.6
7141 14.48
7141 1.16
7141 25.44
7141 18.04
7141 2.6
7141 2.6
6939 14.48
6939 1.16
6939 25.44
6939 18.04
6939 2.6
6939 2.6
7343 14.48
7343 1.16
7343 25.44
7343 18.04
7343 2.6
7343 2.6
7244 14.48
7244 1.16
7244 25.44
7244 18.04
7244 2.6
7244 2.6
7040 14.48
7040 1.16
7040 25.44
7040 18.04
7040 2.6
7040 2.6
7142 14.48
7142 1.16
7142 25.44
7142 18.04
7142 2.6
7142 2.6
6940 14.48
6940 1.16
6940 25.44
6940 18.04
6940 2.6
6940 2.6
7344 14.48
7344 1.16
7344 25.44
7344 18.04
7344 2.6
7344 2.6
7041 14.48
7041 1.16
7041 25.44
7041 18.04
7041 2.6
7041 2.6
7245 14.48
7245 1.16
7245 25.44
7245 18.04
7245 2.6
7245 2.6
7143 14.48
7143 1.16
7143 25.44
7143 18.04
7143 2.6
7143 2.6
6941 14.48
6941 1.16
6941 25.44
6941 18.04
6941 2.6
6941 2.6
7345 14.48
7345 1.16
7345 25.44
7345 18.04
7345 2.6
7345 2.6
7042 14.48
7042 1.16
7042 25.44
7042 18.04
7042 2.6
7042 2.6
7246 14.48
7246 1.16
7246 25.44
7246 18.04
7246 2.6
7246 2.6
7144 14.48
7144 1.16
7144 25.44
7144 18.04
7144 2.6
7144 2.6
6942 14.48
6942 1.16
6942 25.44
6942 18.04
6942 2.6
6942 2.6
7346 14.48
7346 1.16
7346 25.44
7346 18.04
7346 2.6
7346 2.6
7043 14.48
7043 1.16
7043 25.44
7043 18.04
7043 2.6
7043 2.6
7247 14.48
7247 1.16
7247 25.44
7247 18.04
7247 2.6
7247 2.6
7145 14.48
7145 1.16
7145 25.44
7145 18.04
7145 2.6
7145 2.6
7347 14.48
7347 1.16
7347 25.44
7347 18.04
7347 2.6
7347 2.6
7044 14.48
7044 1.16
7044 25.44
7044 18.04
7044 2.6
7044 2.6
7146 14.48
7146 1.16
7146 25.44
7146 18.04
7146 2.6
7146 2.6
7248 14.48
7248 1.16
7248 25.44
7248 18.04
7248 2.6
7248 2.6
7045 14.48
7045 1.16
7045 25.44
7045 18.04
7045 2.6
7045 2.6
7348 14.48
7348 1.16
7348 25.44
7348 18.04
7348 2.6
7348 2.6
7147 14.48
7147 1.16
7147 25.44
7147 18.04
7147 2.6
7147 2.6
7249 14.48
7249 1.16
7249 25.44
7249 18.04
7249 2.6
7249 2.6
7448 14.48
7448 1.16
7448 25.44
7448 18.04
7448 2.6
7448 2.6
7046 14.48
7046 1.16
7046 25.44
7046 18.04
7046 2.6
7046 2.6
7349 14.48
7349 1.16
7349 25.44
7349 18.04
7349 2.6
7349 2.6
7148 14.48
7148 1.16
7148 25.44
7148 18.04
7148 2.6
7148 2.6
7250 14.48
7250 1.16
7250 25.44
7250 18.04
7250 2.6
7250 2.6
7449 14.48
7449 1.16
7449 25.44
7449 18.04
7449 2.6
7449 2.6
7047 14.48
7047 1.16
7047 25.44
7047 18.04
7047 2.6
7047 2.6
7350 14.48
7350 1.16
7350 25.44
7350 18.04
7350 2.6
7350 2.6
7149 14.48
7149 1.16
7149 25.44
7149 18.04
7149 2.6
7149 2.6
7251 14.48
7251 1.16
7251 25.44
7251 18.04
7251 2.6
7251 2.6
7450 14.48
7450 1.16
7450 25.44
7450 18.04
7450 2.6
7450 2.6
7048 14.48
7048 1.16
7048 25.44
7048 18.04
7048 2.6
7048 2.6
7150 14.48
7150 1.16
7150 25.44
7150 18.04
7150 2.6
7150 2.6
7351 14.48
7351 1.16
7351 25.44
7351 18.04
7351 2.6
7351 2.6
7252 14.48
7252 1.16
7252 25.44
7252 18.04
7252 2.6
7252 2.6
7451 14.48
7451 1.16
7451 25.44
7451 18.04
7451 2.6
7451 2.6
7049 14.48
7049 1.16
7049 25.44
7049 18.04
7049 2.6
7049 2.6
7151 14.48
7151 1.16
7151 25.44
7151 18.04
7151 2.6
7151 2.6
7352 14.48
7352 1.16
7352 25.44
7352 18.04
7352 2.6
7352 2.6
7253 14.48
7253 1.16
7253 25.44
7253 18.04
7253 2.6
7253 2.6
7050 14.48
7050 1.16
7050 25.44
7050 18.04
7050 2.6
7050 2.6
7452 14.48
7452 1.16
7452 25.44
7452 18.04
7452 2.6
7452 2.6
7152 14.48
7152 1.16
7152 25.44
7152 18.04
7152 2.6
7152 2.6
7353 14.48
7353 1.16
7353 25.44
7353 18.04
7353 2.6
7353 2.6
7254 14.48
7254 1.16
7254 25.44
7254 18.04
7254 2.6
7254 2.6
7051 14.48
7051 1.16
7051 25.44
7051 18.04
7051 2.6
7051 2.6
7453 14.48
7453 1.16
7453 25.44
7453 18.04
7453 2.6
7453 2.6
7153 14.48
7153 1.16
7153 25.44
7153 18.04
7153 2.6
7153 2.6
7354 14.48
7354 1.16
7354 25.44
7354 18.04
7354 2.6
7354 2.6
7255 14.48
7255 1.16
7255 25.44
7255 18.04
7255 2.6
7255 2.6
7554 14.48
7554 1.16
7554 25.44
7554 18.04
7554 2.6
7554 2.6
7454 14.48
7454 1.16
7454 25.44
7454 18.04
7454 2.6
7454 2.6
7154 14.48
7154 1.16
7154 25.44
7154 18.04
7154 2.6
7154 2.6
7355 14.48
7355 1.16
7355 25.44
7355 18.04
7355 2.6
7355 2.6
7256 14.48
7256 1.16
7256 25.44
7256 18.04
7256 2.6
7256 2.6
7555 14.48
7555 1.16
7555 25.44
7555 18.04
7555 2.6
7555 2.6
7155 14.48
7155 1.16
7155 25.44
7155 18.04
7155 2.6
7155 2.6
7455 14.48
7455 1.16
7455 25.44
7455 18.04
7455 2.6
7455 2.6
7257 14.48
7257 1.16
7257 25.44
7257 18.04
7257 2.6
7257 2.6
7356 14.48
7356 1.16
7356 25.44
7356 18.04
7356 2.6
7356 2.6
7556 14.48
7556 1.16
7556 25.44
7556 18.04
7556 2.6
7556 2.6
7156 14.48
7156 1.16
7156 25.44
7156 18.04
7156 2.6
7156 2.6
7456 14.48
7456 1.16
7456 25.44
7456 18.04
7456 2.6
7456 2.6
7258 14.48
7258 1.16
7258 25.44
7258 18.04
7258 2.6
7258 2.6
7357 14.48
7357 1.16
7357 25.44
7357 18.04
7357 2.6
7357 2.6
7557 14.48
7557 1.16
7557 25.44
7557 18.04
7557 2.6
7557 2.6
7157 14.48
7157 1.16
7157 25.44
7157 18.04
7157 2.6
7157 2.6
7457 14.48
7457 1.16
7457 25.44
7457 18.04
7457 2.6
7457 2.6
7259 14.48
7259 1.16
7259 25.44
7259 18.04
7259 2.6
7259 2.6
7358 14.48
7358 1.16
7358 25.44
7358 18.04
7358 2.6
7358 2.6
7558 14.48
7558 1.16
7558 25.44
7558 18.04
7558 2.6
7558 2.6
7158 14.48
7158 1.16
7158 25.44
7158 18.04
7158 2.6
7158 2.6
7458 14.48
7458 1.16
7458 25.44
7458 18.04
7458 2.6
7458 2.6
7260 14.48
7260 1.16
7260 25.44
7260 18.04
7260 2.6
7260 2.6
7359 14.48
7359 1.16
7359 25.44
7359 18.04
7359 2.6
7359 2.6
7159 14.48
7159 1.16
7159 25.44
7159 18.04
7159 2.6
7159 2.6
7559 14.48
7559 1.16
7559 25.44
7559 18.04
7559 2.6
7559 2.6
7459 14.48
7459 1.16
7459 25.44
7459 18.04
7459 2.6
7459 2.6
7261 14.48
7261 1.16
7261 25.44
7261 18.04
7261 2.6
7261 2.6
7360 14.48
7360 1.16
7360 25.44
7360 18.04
7360 2.6
7360 2.6
7160 14.48
7160 1.16
7160 25.44
7160 18.04
7160 2.6
7160 2.6
7560 14.48
7560 1.16
7560 25.44
7560 18.04
7560 2.6
7560 2.6
7262 14.48
7262 1.16
7262 25.44
7262 18.04
7262 2.6
7262 2.6
7460 14.48
7460 1.16
7460 25.44
7460 18.04
7460 2.6
7460 2.6
7361 14.48
7361 1.16
7361 25.44
7361 18.04
7361 2.6
7361 2.6
7161 14.48
7161 1.16
7161 25.44
7161 18.04
7161 2.6
7161 2.6
7561 14.48
7561 1.16
7561 25.44
7561 18.04
7561 2.6
7561 2.6
7263 14.48
7263 1.16
7263 25.44
7263 18.04
7263 2.6
7263 2.6
7461 14.48
7461 1.16
7461 25.44
7461 18.04
7461 2.6
7461 2.6
7362 14.48
7362 1.16
7362 25.44
7362 18.04
7362 2.6
7362 2.6
7562 14.48
7562 1.16
7562 25.44
7562 18.04
7562 2.6
7562 2.6
7264 14.48
7264 1.16
7264 25.44
7264 18.04
7264 2.6
7264 2.6
7462 14.48
7462 1.16
7462 25.44
7462 18.04
7462 2.6
7462 2.6
7363 14.48
7363 1.16
7363 25.44
7363 18.04
7363 2.6
7363 2.6
7664 14.48
7664 1.16
7664 25.44
7664 18.04
7664 2.6
7664 2.6
7563 14.48
7563 1.16
7563 25.44
7563 18.04
7563 2.6
7563 2.6
7265 14.48
7265 1.16
7265 25.44
7265 18.04
7265 2.6
7265 2.6
7463 14.48
7463 1.16
7463 25.44
7463 18.04
7463 2.6
7463 2.6
7364 14.48
7364 1.16
7364 25.44
7364 18.04
7364 2.6
7364 2.6
7665 14.48
7665 1.16
7665 25.44
7665 18.04
7665 2.6
7665 2.6
7266 14.48
7266 1.16
7266 25.44
7266 18.04
7266 2.6
7266 2.6
7564 14.48
7564 1.16
7564 25.44
7564 18.04
7564 2.6
7564 2.6
7464 14.48
7464 1.16
7464 25.44
7464 18.04
7464 2.6
7464 2.6
7365 14.48
7365 1.16
7365 25.44
7365 18.04
7365 2.6
7365 2.6
7666 14.48
7666 1.16
7666 25.44
7666 18.04
7666 2.6
7666 2.6
7267 14.48
7267 1.16
7267 25.44
7267 18.04
7267 2.6
7267 2.6
7565 14.48
7565 1.16
7565 25.44
7565 18.04
7565 2.6
7565 2.6
7465 14.48
7465 1.16
7465 25.44
7465 18.04
7465 2.6
7465 2.6
7366 14.48
7366 1.16
7366 25.44
7366 18.04
7366 2.6
7366 2.6
7667 14.48
7667 1.16
7667 25.44
7667 18.04
7667 2.6
7667 2.6
7268 14.48
7268 1.16
7268 25.44
7268 18.04
7268 2.6
7268 2.6
7566 14.48
7566 1.16
7566 25.44
7566 18.04
7566 2.6
7566 2.6
7466 14.48
7466 1.16
7466 25.44
7466 18.04
7466 2.6
7466 2.6
7367 14.48
7367 1.16
7367 25.44
7367 18.04
7367 2.6
7367 2.6
7668 14.48
7668 1.16
7668 25.44
7668 18.04
7668 2.6
7668 2.6
7269 14.48
7269 1.16
7269 25.44
7269 18.04
7269 2.6
7269 2.6
7567 14.48
7567 1.16
7567 25.44
7567 18.04
7567 2.6
7567 2.6
7368 14.48
7368 1.16
7368 25.44
7368 18.04
7368 2.6
7368 2.6
7467 14.48
7467 1.16
7467 25.44
7467 18.04
7467 2.6
7467 2.6
7270 14.48
7270 1.16
7270 25.44
7270 18.04
7270 2.6
7270 2.6
7669 14.48
7669 1.16
7669 25.44
7669 18.04
7669 2.6
7669 2.6
7769 14.48
7769 1.16
7769 25.44
7769 18.04
7769 2.6
7769 2.6
7568 14.48
7568 1.16
7568 25.44
7568 18.04
7568 2.6
7568 2.6
7369 14.48
7369 1.16
7369 25.44
7369 18.04
7369 2.6
7369 2.6
7468 14.48
7468 1.16
7468 25.44
7468 18.04
7468 2.6
7468 2.6
7271 14.48
7271 1.16
7271 25.44
7271 18.04
7271 2.6
7271 2.6
7670 14.48
7670 1.16
7670 25.44
7670 18.04
7670 2.6
7670 2.6
7370 14.48
7370 1.16
7370 25.44
7370 18.04
7370 2.6
7370 2.6
7770 14.48
7770 1.16
7770 25.44
7770 18.04
7770 2.6
7770 2.6
7569 14.48
7569 1.16
7569 25.44
7569 18.04
7569 2.6
7569 2.6
7469 14.48
7469 1.16
7469 25.44
7469 18.04
7469 2.6
7469 2.6
7671 14.48
7671 1.16
7671 25.44
7671 18.04
7671 2.6
7671 2.6
7371 14.48
7371 1.16
7371 25.44
7371 18.04
7371 2.6
7371 2.6
7570 14.48
7570 1.16
7570 25.44
7570 18.04
7570 2.6
7570 2.6
7771 14.48
7771 1.16
7771 25.44
7771 18.04
7771 2.6
7771 2.6
7470 14.48
7470 1.16
7470 25.44
7470 18.04
7470 2.6
7470 2.6
7672 14.48
7672 1.16
7672 25.44
7672 18.04
7672 2.6
7672 2.6
7372 14.48
7372 1.16
7372 25.44
7372 18.04
7372 2.6
7372 2.6
7571 14.48
7571 1.16
7571 25.44
7571 18.04
7571 2.6
7571 2.6
7471 14.48
7471 1.16
7471 25.44
7471 18.04
7471 2.6
7471 2.6
7772 14.48
7772 1.16
7772 25.44
7772 18.04
7772 2.6
7772 2.6
7373 14.48
7373 1.16
7373 25.44
7373 18.04
7373 2.6
7373 2.6
7673 14.48
7673 1.16
7673 25.44
7673 18.04
7673 2.6
7673 2.6
7472 14.48
7472 1.16
7472 25.44
7472 18.04
7472 2.6
7472 2.6
7572 14.48
7572 1.16
7572 25.44
7572 18.04
7572 2.6
7572 2.6
7773 14.48
7773 1.16
7773 25.44
7773 18.04
7773 2.6
7773 2.6
7374 14.48
7374 1.16
7374 25.44
7374 18.04
7374 2.6
7374 2.6
7674 14.48
7674 1.16
7674 25.44
7674 18.04
7674 2.6
7674 2.6
7473 14.48
7473 1.16
7473 25.44
7473 18.04
7473 2.6
7473 2.6
7573 14.48
7573 1.16
7573 25.44
7573 18.04
7573 2.6
7573 2.6
7774 14.48
7774 1.16
7774 25.44
7774 18.04
7774 2.6
7774 2.6
7375 14.48
7375 1.16
7375 25.44
7375 18.04
7375 2.6
7375 2.6
7675 14.48
7675 1.16
7675 25.44
7675 18.04
7675 2.6
7675 2.6
7474 14.48
7474 1.16
7474 25.44
7474 18.04
7474 2.6
7474 2.6
7574 14.48
7574 1.16
7574 25.44
7574 18.04
7574 2.6
7574 2.6
7775 14.48
7775 1.16
7775 25.44
7775 18.04
7775 2.6
7775 2.6
7376 14.48
7376 1.16
7376 25.44
7376 18.04
7376 2.6
7376 2.6
7676 14.48
7676 1.16
7676 25.44
7676 18.04
7676 2.6
7676 2.6
7475 14.48
7475 1.16
7475 25.44
7475 18.04
7475 2.6
7475 2.6
7575 14.48
7575 1.16
7575 25.44
7575 18.04
7575 2.6
7575 2.6
7776 14.48
7776 1.16
7776 25.44
7776 18.04
7776 2.6
7776 2.6
7377 14.48
7377 1.16
7377 25.44
7377 18.04
7377 2.6
7377 2.6
7876 14.48
7876 1.16
7876 25.44
7876 18.04
7876 2.6
7876 2.6
7476 14.48
7476 1.16
7476 25.44
7476 18.04
7476 2.6
7476 2.6
7677 14.48
7677 1.16
7677 25.44
7677 18.04
7677 2.6
7677 2.6
7576 14.48
7576 1.16
7576 25.44
7576 18.04
7576 2.6
7576 2.6
7378 14.48
7378 1.16
7378 25.44
7378 18.04
7378 2.6
7378 2.6
7777 14.48
7777 1.16
7777 25.44
7777 18.04
7777 2.6
7777 2.6
7477 14.48
7477 1.16
7477 25.44
7477 18.04
7477 2.6
7477 2.6
7877 14.48
7877 1.16
7877 25.44
7877 18.04
7877 2.6
7877 2.6
7678 14.48
7678 1.16
7678 25.44
7678 18.04
7678 2.6
7678 2.6
7577 14.48
7577 1.16
7577 25.44
7577 18.04
7577 2.6
7577 2.6
7379 14.48
7379 1.16
7379 25.44
7379 18.04
7379 2.6
7379 2.6
7778 14.48
7778 1.16
7778 25.44
7778 18.04
7778 2.6
7778 2.6
7478 14.48
7478 1.16
7478 25.44
7478 18.04
7478 2.6
7478 2.6
7878 14.48
7878 1.16
7878 25.44
7878 18.04
7878 2.6
7878 2.6
7679 14.48
7679 1.16
7679 25.44
7679 18.04
7679 2.6
7679 2.6
7578 14.48
7578 1.16
7578 25.44
7578 18.04
7578 2.6
7578 2.6
7779 14.48
7779 1.16
7779 25.44
7779 18.04
7779 2.6
7779 2.6
7479 14.48
7479 1.16
7479 25.44
7479 18.04
7479 2.6
7479 2.6
7680 14.48
7680 1.16
7680 25.44
7680 18.04
7680 2.6
7680 2.6
7579 14.48
7579 1.16
7579 25.44
7579 18.04
7579 2.6
7579 2.6
7879 14.48
7879 1.16
7879 25.44
7879 18.04
7879 2.6
7879 2.6
7780 14.48
7780 1.16
7780 25.44
7780 18.04
7780 2.6
7780 2.6
7480 14.48
7480 1.16
7480 25.44
7480 18.04
7480 2.6
7480 2.6
7580 14.48
7580 1.16
7580 25.44
7580 18.04
7580 2.6
7580 2.6
7681 14.48
7681 1.16
7681 25.44
7681 18.04
7681 2.6
7681 2.6
7880 14.48
7880 1.16
7880 25.44
7880 18.04
7880 2.6
7880 2.6
7481 14.48
7481 1.16
7481 25.44
7481 18.04
7481 2.6
7481 2.6
7781 14.48
7781 1.16
7781 25.44
7781 18.04
7781 2.6
7781 2.6
7581 14.48
7581 1.16
7581 25.44
7581 18.04
7581 2.6
7581 2.6
7682 14.48
7682 1.16
7682 25.44
7682 18.04
7682 2.6
7682 2.6
7881 14.48
7881 1.16
7881 25.44
7881 18.04
7881 2.6
7881 2.6
7482 14.48
7482 1.16
7482 25.44
7482 18.04
7482 2.6
7482 2.6
7782 14.48
7782 1.16
7782 25.44
7782 18.04
7782 2.6
7782 2.6
7582 14.48
7582 1.16
7582 25.44
7582 18.04
7582 2.6
7582 2.6
7683 14.48
7683 1.16
7683 25.44
7683 18.04
7683 2.6
7683 2.6
7882 14.48
7882 1.16
7882 25.44
7882 18.04
7882 2.6
7882 2.6
7483 14.48
7483 1.16
7483 25.44
7483 18.04
7483 2.6
7483 2.6
7783 14.48
7783 1.16
7783 25.44
7783 18.04
7783 2.6
7783 2.6
7583 14.48
7583 1.16
7583 25.44
7583 18.04
7583 2.6
7583 2.6
7684 14.48
7684 1.16
7684 25.44
7684 18.04
7684 2.6
7684 2.6
7883 14.48
7883 1.16
7883 25.44
7883 18.04
7883 2.6
7883 2.6
7484 14.48
7484 1.16
7484 25.44
7484 18.04
7484 2.6
7484 2.6
7982 14.48
7982 1.16
7982 25.44
7982 18.04
7982 2.6
7982 2.6
7784 14.48
7784 1.16
7784 25.44
7784 18.04
7784 2.6
7784 2.6
7584 14.48
7584 1.16
7584 25.44
7584 18.04
7584 2.6
7584 2.6
7685 14.48
7685 1.16
7685 25.44
7685 18.04
7685 2.6
7685 2.6
7884 14.48
7884 1.16
7884 25.44
7884 18.04
7884 2.6
7884 2.6
7785 14.48
7785 1.16
7785 25.44
7785 18.04
7785 2.6
7785 2.6
7585 14.48
7585 1.16
7585 25.44
7585 18.04
7585 2.6
7585 2.6
7983 14.48
7983 1.16
7983 25.44
7983 18.04
7983 2.6
7983 2.6
7686 14.48
7686 1.16
7686 25.44
7686 18.04
7686 2.6
7686 2.6
7885 14.48
7885 1.16
7885 25.44
7885 18.04
7885 2.6
7885 2.6
7586 14.48
7586 1.16
7586 25.44
7586 18.04
7586 2.6
7586 2.6
7786 14.48
7786 1.16
7786 25.44
7786 18.04
7786 2.6
7786 2.6
7984 14.48
7984 1.16
7984 25.44
7984 18.04
7984 2.6
7984 2.6
7687 14.48
7687 1.16
7687 25.44
7687 18.04
7687 2.6
7687 2.6
7886 14.48
7886 1.16
7886 25.44
7886 18.04
7886 2.6
7886 2.6
7587 14.48
7587 1.16
7587 25.44
7587 18.04
7587 2.6
7587 2.6
7787 14.48
7787 1.16
7787 25.44
7787 18.04
7787 2.6
7787 2.6
7688 14.48
7688 1.16
7688 25.44
7688 18.04
7688 2.6
7688 2.6
7985 14.48
7985 1.16
7985 25.44
7985 18.04
7985 2.6
7985 2.6
7887 14.48
7887 1.16
7887 25.44
7887 18.04
7887 2.6
7887 2.6
7588 14.48
7588 1.16
7588 25.44
7588 18.04
7588 2.6
7588 2.6
7788 14.48
7788 1.16
7788 25.44
7788 18.04
7788 2.6
7788 2.6
7689 14.48
7689 1.16
7689 25.44
7689 18.04
7689 2.6
7689 2.6
7986 14.48
7986 1.16
7986 25.44
7986 18.04
7986 2.6
7986 2.6
7888 14.48
7888 1.16
7888 25.44
7888 18.04
7888 2.6
7888 2.6
7589 14.48
7589 1.16
7589 25.44
7589 18.04
7589 2.6
7589 2.6
7789 14.48
7789 1.16
7789 25.44
7789 18.04
7789 2.6
7789 2.6
7690 14.48
7690 1.16
7690 25.44
7690 18.04
7690 2.6
7690 2.6
7987 14.48
7987 1.16
7987 25.44
7987 18.04
7987 2.6
7987 2.6
7590 14.48
7590 1.16
7590 25.44
7590 18.04
7590 2.6
7590 2.6
7889 14.48
7889 1.16
7889 25.44
7889 18.04
7889 2.6
7889 2.6
7790 14.48
7790 1.16
7790 25.44
7790 18.04
7790 2.6
7790 2.6
7691 14.48
7691 1.16
7691 25.44
7691 18.04
7691 2.6
7691 2.6
7988 14.48
7988 1.16
7988 25.44
7988 18.04
7988 2.6
7988 2.6
7591 14.48
7591 1.16
7591 25.44
7591 18.04
7591 2.6
7591 2.6
7890 14.48
7890 1.16
7890 25.44
7890 18.04
7890 2.6
7890 2.6
7791 14.48
7791 1.16
7791 25.44
7791 18.04
7791 2.6
7791 2.6
7692 14.48
7692 1.16
7692 25.44
7692 18.04
7692 2.6
7692 2.6
7989 14.48
7989 1.16
7989 25.44
7989 18.04
7989 2.6
7989 2.6
7592 14.48
7592 1.16
7592 25.44
7592 18.04
7592 2.6
7592 2.6
8087 14.48
8087 1.16
8087 25.44
8087 18.04
8087 2.6
8087 2.6
7891 14.48
7891 1.16
7891 25.44
7891 18.04
7891 2.6
7891 2.6
7693 14.48
7693 1.16
7693 25.44
7693 18.04
7693 2.6
7693 2.6
7792 14.48
7792 1.16
7792 25.44
7792 18.04
7792 2.6
7792 2.6
7990 14.48
7990 1.16
7990 25.44
7990 18.04
7990 2.6
7990 2.6
8088 14.48
8088 1.16
8088 25.44
8088 18.04
8088 2.6
8088 2.6
7892 14.48
7892 1.16
7892 25.44
7892 18.04
7892 2.6
7892 2.6
7694 14.48
7694 1.16
7694 25.44
7694 18.04
7694 2.6
7694 2.6
7793 14.48
7793 1.16
7793 25.44
7793 18.04
7793 2.6
7793 2.6
7991 14.48
7991 1.16
7991 25.44
7991 18.04
7991 2.6
7991 2.6
8089 14.48
8089 1.16
8089 25.44
8089 18.04
8089 2.6
8089 2.6
7893 14.48
7893 1.16
7893 25.44
7893 18.04
7893 2.6
7893 2.6
7695 14.48
7695 1.16
7695 25.44
7695 18.04
7695 2.6
7695 2.6
7794 14.48
7794 1.16
7794 25.44
7794 18.04
7794 2.6
7794 2.6
7992 14.48
7992 1.16
7992 25.44
7992 18.04
7992 2.6
7992 2.6
7696 14.48
7696 1.16
7696 25.44
7696 18.04
7696 2.6
7696 2.6
8090 14.48
8090 1.16
8090 25.44
8090 18.04
8090 2.6
8090 2.6
7894 14.48
7894 1.16
7894 25.44
7894 18.04
7894 2.6
7894 2.6
7795 14.48
7795 1.16
7795 25.44
7795 18.04
7795 2.6
7795 2.6
7993 14.48
7993 1.16
7993 25.44
7993 18.04
7993 2.6
7993 2.6
7697 14.48
7697 1.16
7697 25.44
7697 18.04
7697 2.6
7697 2.6
7895 14.48
7895 1.16
7895 25.44
7895 18.04
7895 2.6
7895 2.6
7796 14.48
7796 1.16
7796 25.44
7796 18.04
7796 2.6
7796 2.6
8091 14.48
8091 1.16
8091 25.44
8091 18.04
8091 2.6
8091 2.6
7994 14.48
7994 1.16
7994 25.44
7994 18.04
7994 2.6
7994 2.6
7698 14.48
7698 1.16
7698 25.44
7698 18.04
7698 2.6
7698 2.6
7797 14.48
7797 1.16
7797 25.44
7797 18.04
7797 2.6
7797 2.6
7896 14.48
7896 1.16
7896 25.44
7896 18.04
7896 2.6
7896 2.6
8092 14.48
8092 1.16
8092 25.44
8092 18.04
8092 2.6
8092 2.6
7699 14.48
7699 1.16
7699 25.44
7699 18.04
7699 2.6
7699 2.6
7995 14.48
7995 1.16
7995 25.44
7995 18.04
7995 2.6
7995 2.6
7798 14.48
7798 1.16
7798 25.44
7798 18.04
7798 2.6
7798 2.6
7897 14.48
7897 1.16
7897 25.44
7897 18.04
7897 2.6
7897 2.6
8093 14.48
8093 1.16
8093 25.44
8093 18.04
8093 2.6
8093 2.6
7700 14.48
7700 1.16
7700 25.44
7700 18.04
7700 2.6
7700 2.6
7996 14.48
7996 1.16
7996 25.44
7996 18.04
7996 2.6
7996 2.6
7799 14.48
7799 1.16
7799 25.44
7799 18.04
7799 2.6
7799 2.6
7898 14.48
7898 1.16
7898 25.44
7898 18.04
7898 2.6
7898 2.6
8094 14.48
8094 1.16
8094 25.44
8094 18.04
8094 2.6
8094 2.6
7701 14.48
7701 1.16
7701 25.44
7701 18.04
7701 2.6
7701 2.6
8191 14.48
8191 1.16
8191 25.44
8191 18.04
8191 2.6
8191 2.6
7997 14.48
7997 1.16
7997 25.44
7997 18.04
7997 2.6
7997 2.6
7800 14.48
7800 1.16
7800 25.44
7800 18.04
7800 2.6
7800 2.6
7899 14.48
7899 1.16
7899 25.44
7899 18.04
7899 2.6
7899 2.6
8095 14.48
8095 1.16
8095 25.44
8095 18.04
8095 2.6
8095 2.6
8192 14.48
8192 1.16
8192 25.44
8192 18.04
8192 2.6
8192 2.6
7801 14.48
7801 1.16
7801 25.44
7801 18.04
7801 2.6
7801 2.6
7998 14.48
7998 1.16
7998 25.44
7998 18.04
7998 2.6
7998 2.6
7900 14.48
7900 1.16
7900 25.44
7900 18.04
7900 2.6
7900 2.6
8096 14.48
8096 1.16
8096 25.44
8096 18.04
8096 2.6
8096 2.6
8193 14.48
8193 1.16
8193 25.44
8193 18.04
8193 2.6
8193 2.6
7802 14.48
7802 1.16
7802 25.44
7802 18.04
7802 2.6
7802 2.6
7999 14.48
7999 1.16
7999 25.44
7999 18.04
7999 2.6
7999 2.6
7901 14.48
7901 1.16
7901 25.44
7901 18.04
7901 2.6
7901 2.6
8097 14.48
8097 1.16
8097 25.44
8097 18.04
8097 2.6
8097 2.6
7803 14.48
7803 1.16
7803 25.44
7803 18.04
7803 2.6
7803 2.6
8194 14.48
8194 1.16
8194 25.44
8194 18.04
8194 2.6
8194 2.6
8000 14.48
8000 1.16
8000 25.44
8000 18.04
8000 2.6
8000 2.6
7902 14.48
7902 1.16
7902 25.44
7902 18.04
7902 2.6
7902 2.6
8098 14.48
8098 1.16
8098 25.44
8098 18.04
8098 2.6
8098 2.6
7804 14.48
7804 1.16
7804 25.44
7804 18.04
7804 2.6
7804 2.6
8001 14.48
8001 1.16
8001 25.44
8001 18.04
8001 2.6
8001 2.6
8195 14.48
8195 1.16
8195 25.44
8195 18.04
8195 2.6
8195 2.6
7903 14.48
7903 1.16
7903 25.44
7903 18.04
7903 2.6
7903 2.6
8099 14.48
8099 1.16
8099 25.44
8099 18.04
8099 2.6
8099 2.6
7805 14.48
7805 1.16
7805 25.44
7805 18.04
7805 2.6
7805 2.6
8002 14.48
8002 1.16
8002 25.44
8002 18.04
8002 2.6
8002 2.6
7904 14.48
7904 1.16
7904 25.44
7904 18.04
7904 2.6
7904 2.6
8196 14.48
8196 1.16
8196 25.44
8196 18.04
8196 2.6
8196 2.6
8294 14.48
8294 1.16
8294 25.44
8294 18.04
8294 2.6
8294 2.6
7806 14.48
7806 1.16
7806 25.44
7806 18.04
7806 2.6
7806 2.6
8100 14.48
8100 1.16
8100 25.44
8100 18.04
8100 2.6
8100 2.6
7905 14.48
7905 1.16
7905 25.44
7905 18.04
7905 2.6
7905 2.6
8003 14.48
8003 1.16
8003 25.44
8003 18.04
8003 2.6
8003 2.6
8197 14.48
8197 1.16
8197 25.44
8197 18.04
8197 2.6
8197 2.6
8295 14.48
8295 1.16
8295 25.44
8295 18.04
8295 2.6
8295 2.6
7807 14.48
7807 1.16
7807 25.44
7807 18.04
7807 2.6
7807 2.6
8101 14.48
8101 1.16
8101 25.44
8101 18.04
8101 2.6
8101 2.6
7906 14.48
7906 1.16
7906 25.44
7906 18.04
7906 2.6
7906 2.6
8004 14.48
8004 1.16
8004 25.44
8004 18.04
8004 2.6
8004 2.6
8198 14.48
8198 1.16
8198 25.44
8198 18.04
8198 2.6
8198 2.6
7808 14.48
7808 1.16
7808 25.44
7808 18.04
7808 2.6
7808 2.6
8296 14.48
8296 1.16
8296 25.44
8296 18.04
8296 2.6
8296 2.6
8102 14.48
8102 1.16
8102 25.44
8102 18.04
8102 2.6
8102 2.6
7907 14.48
7907 1.16
7907 25.44
7907 18.04
7907 2.6
7907 2.6
8005 14.48
8005 1.16
8005 25.44
8005 18.04
8005 2.6
8005 2.6
8199 14.48
8199 1.16
8199 25.44
8199 18.04
8199 2.6
8199 2.6
8297 14.48
8297 1.16
8297 25.44
8297 18.04
8297 2.6
8297 2.6
8103 14.48
8103 1.16
8103 25.44
8103 18.04
8103 2.6
8103 2.6
7908 14.48
7908 1.16
7908 25.44
7908 18.04
7908 2.6
7908 2.6
8006 14.48
8006 1.16
8006 25.44
8006 18.04
8006 2.6
8006 2.6
8200 14.48
8200 1.16
8200 25.44
8200 18.04
8200 2.6
8200 2.6
8298 14.48
8298 1.16
8298 25.44
8298 18.04
8298 2.6
8298 2.6
8104 14.48
8104 1.16
8104 25.44
8104 18.04
8104 2.6
8104 2.6
7909 14.48
7909 1.16
7909 25.44
7909 18.04
7909 2.6
7909 2.6
8007 14.48
8007 1.16
8007 25.44
8007 18.04
8007 2.6
8007 2.6
8201 14.48
8201 1.16
8201 25.44
8201 18.04
8201 2.6
8201 2.6
7910 14.48
7910 1.16
7910 25.44
7910 18.04
7910 2.6
7910 2.6
8105 14.48
8105 1.16
8105 25.44
8105 18.04
8105 2.6
8105 2.6
8299 14.48
8299 1.16
8299 25.44
8299 18.04
8299 2.6
8299 2.6
8008 14.48
8008 1.16
8008 25.44
8008 18.04
8008 2.6
8008 2.6
8202 14.48
8202 1.16
8202 25.44
8202 18.04
8202 2.6
8202 2.6
7911 14.48
7911 1.16
7911 25.44
7911 18.04
7911 2.6
7911 2.6
8106 14.48
8106 1.16
8106 25.44
8106 18.04
8106 2.6
8106 2.6
8300 14.48
8300 1.16
8300 25.44
8300 18.04
8300 2.6
8300 2.6
8009 14.48
8009 1.16
8009 25.44
8009 18.04
8009 2.6
8009 2.6
8203 14.48
8203 1.16
8203 25.44
8203 18.04
8203 2.6
8203 2.6
7912 14.48
7912 1.16
7912 25.44
7912 18.04
7912 2.6
7912 2.6
8107 14.48
8107 1.16
8107 25.44
8107 18.04
8107 2.6
8107 2.6
8010 14.48
8010 1.16
8010 25.44
8010 18.04
8010 2.6
8010 2.6
8301 14.48
8301 1.16
8301 25.44
8301 18.04
8301 2.6
8301 2.6
8399 14.48
8399 1.16
8399 25.44
8399 18.04
8399 2.6
8399 2.6
8204 14.48
8204 1.16
8204 25.44
8204 18.04
8204 2.6
8204 2.6
7913 14.48
7913 1.16
7913 25.44
7913 18.04
7913 2.6
7913 2.6
8108 14.48
8108 1.16
8108 25.44
8108 18.04
8108 2.6
8108 2.6
8011 14.48
8011 1.16
8011 25.44
8011 18.04
8011 2.6
8011 2.6
8302 14.48
8302 1.16
8302 25.44
8302 18.04
8302 2.6
8302 2.6
8400 14.48
8400 1.16
8400 25.44
8400 18.04
8400 2.6
8400 2.6
7914 14.48
7914 1.16
7914 25.44
7914 18.04
7914 2.6
7914 2.6
8205 14.48
8205 1.16
8205 25.44
8205 18.04
8205 2.6
8205 2.6
8109 14.48
8109 1.16
8109 25.44
8109 18.04
8109 2.6
8109 2.6
8012 14.48
8012 1.16
8012 25.44
8012 18.04
8012 2.6
8012 2.6
8303 14.48
8303 1.16
8303 25.44
8303 18.04
8303 2.6
8303 2.6
8401 14.48
8401 1.16
8401 25.44
8401 18.04
8401 2.6
8401 2.6
7915 14.48
7915 1.16
7915 25.44
7915 18.04
7915 2.6
7915 2.6
8206 14.48
8206 1.16
8206 25.44
8206 18.04
8206 2.6
8206 2.6
8110 14.48
8110 1.16
8110 25.44
8110 18.04
8110 2.6
8110 2.6
8013 14.48
8013 1.16
8013 25.44
8013 18.04
8013 2.6
8013 2.6
8304 14.48
8304 1.16
8304 25.44
8304 18.04
8304 2.6
8304 2.6
8402 14.48
8402 1.16
8402 25.44
8402 18.04
8402 2.6
8402 2.6
8207 14.48
8207 1.16
8207 25.44
8207 18.04
8207 2.6
8207 2.6
8111 14.48
8111 1.16
8111 25.44
8111 18.04
8111 2.6
8111 2.6
8014 14.48
8014 1.16
8014 25.44
8014 18.04
8014 2.6
8014 2.6
8305 14.48
8305 1.16
8305 25.44
8305 18.04
8305 2.6
8305 2.6
8403 14.48
8403 1.16
8403 25.44
8403 18.04
8403 2.6
8403 2.6
8208 14.48
8208 1.16
8208 25.44
8208 18.04
8208 2.6
8208 2.6
8015 14.48
8015 1.16
8015 25.44
8015 18.04
8015 2.6
8015 2.6
8112 14.48
8112 1.16
8112 25.44
8112 18.04
8112 2.6
8112 2.6
8306 14.48
8306 1.16
8306 25.44
8306 18.04
8306 2.6
8306 2.6
8404 14.48
8404 1.16
8404 25.44
8404 18.04
8404 2.6
8404 2.6
8209 14.48
8209 1.16
8209 25.44
8209 18.04
8209 2.6
8209 2.6
8016 14.48
8016 1.16
8016 25.44
8016 18.04
8016 2.6
8016 2.6
8113 14.48
8113 1.16
8113 25.44
8113 18.04
8113 2.6
8113 2.6
8307 14.48
8307 1.16
8307 25.44
8307 18.04
8307 2.6
8307 2.6
8405 14.48
8405 1.16
8405 25.44
8405 18.04
8405 2.6
8405 2.6
8017 14.48
8017 1.16
8017 25.44
8017 18.04
8017 2.6
8017 2.6
8210 14.48
8210 1.16
8210 25.44
8210 18.04
8210 2.6
8210 2.6
8114 14.48
8114 1.16
8114 25.44
8114 18.04
8114 2.6
8114 2.6
8308 14.48
8308 1.16
8308 25.44
8308 18.04
8308 2.6
8308 2.6
8018 14.48
8018 1.16
8018 25.44
8018 18.04
8018 2.6
8018 2.6
8406 14.48
8406 1.16
8406 25.44
8406 18.04
8406 2.6
8406 2.6
8211 14.48
8211 1.16
8211 25.44
8211 18.04
8211 2.6
8211 2.6
8115 14.48
8115 1.16
8115 25.44
8115 18.04
8115 2.6
8115 2.6
8504 14.48
8504 1.16
8504 25.44
8504 18.04
8504 2.6
8504 2.6
8309 14.48
8309 1.16
8309 25.44
8309 18.04
8309 2.6
8309 2.6
8019 14.48
8019 1.16
8019 25.44
8019 18.04
8019 2.6
8019 2.6
8212 14.48
8212 1.16
8212 25.44
8212 18.04
8212 2.6
8212 2.6
8116 14.48
8116 1.16
8116 25.44
8116 18.04
8116 2.6
8116 2.6
8407 14.48
8407 1.16
8407 25.44
8407 18.04
8407 2.6
8407 2.6
8505 14.48
8505 1.16
8505 25.44
8505 18.04
8505 2.6
8505 2.6
8310 14.48
8310 1.16
8310 25.44
8310 18.04
8310 2.6
8310 2.6
8020 14.48
8020 1.16
8020 25.44
8020 18.04
8020 2.6
8020 2.6
8117 14.48
8117 1.16
8117 25.44
8117 18.04
8117 2.6
8117 2.6
8213 14.48
8213 1.16
8213 25.44
8213 18.04
8213 2.6
8213 2.6
8408 14.48
8408 1.16
8408 25.44
8408 18.04
8408 2.6
8408 2.6
8506 14.48
8506 1.16
8506 25.44
8506 18.04
8506 2.6
8506 2.6
8021 14.48
8021 1.16
8021 25.44
8021 18.04
8021 2.6
8021 2.6
8311 14.48
8311 1.16
8311 25.44
8311 18.04
8311 2.6
8311 2.6
8118 14.48
8118 1.16
8118 25.44
8118 18.04
8118 2.6
8118 2.6
8214 14.48
8214 1.16
8214 25.44
8214 18.04
8214 2.6
8214 2.6
8409 14.48
8409 1.16
8409 25.44
8409 18.04
8409 2.6
8409 2.6
8507 14.48
8507 1.16
8507 25.44
8507 18.04
8507 2.6
8507 2.6
8312 14.48
8312 1.16
8312 25.44
8312 18.04
8312 2.6
8312 2.6
8119 14.48
8119 1.16
8119 25.44
8119 18.04
8119 2.6
8119 2.6
8215 14.48
8215 1.16
8215 25.44
8215 18.04
8215 2.6
8215 2.6
8410 14.48
8410 1.16
8410 25.44
8410 18.04
8410 2.6
8410 2.6
8508 14.48
8508 1.16
8508 25.44
8508 18.04
8508 2.6
8508 2.6
8313 14.48
8313 1.16
8313 25.44
8313 18.04
8313 2.6
8313 2.6
8120 14.48
8120 1.16
8120 25.44
8120 18.04
8120 2.6
8120 2.6
8216 14.48
8216 1.16
8216 25.44
8216 18.04
8216 2.6
8216 2.6
8411 14.48
8411 1.16
8411 25.44
8411 18.04
8411 2.6
8411 2.6
8509 14.48
8509 1.16
8509 25.44
8509 18.04
8509 2.6
8509 2.6
8121 14.48
8121 1.16
8121 25.44
8121 18.04
8121 2.6
8121 2.6
8314 14.48
8314 1.16
8314 25.44
8314 18.04
8314 2.6
8314 2.6
8217 14.48
8217 1.16
8217 25.44
8217 18.04
8217 2.6
8217 2.6
8412 14.48
8412 1.16
8412 25.44
8412 18.04
8412 2.6
8412 2.6
8122 14.48
8122 1.16
8122 25.44
8122 18.04
8122 2.6
8122 2.6
8510 14.48
8510 1.16
8510 25.44
8510 18.04
8510 2.6
8510 2.6
8315 14.48
8315 1.16
8315 25.44
8315 18.04
8315 2.6
8315 2.6
8218 14.48
8218 1.16
8218 25.44
8218 18.04
8218 2.6
8218 2.6
8413 14.48
8413 1.16
8413 25.44
8413 18.04
8413 2.6
8413 2.6
8123 14.48
8123 1.16
8123 25.44
8123 18.04
8123 2.6
8123 2.6
8511 14.48
8511 1.16
8511 25.44
8511 18.04
8511 2.6
8511 2.6
8316 14.48
8316 1.16
8316 25.44
8316 18.04
8316 2.6
8316 2.6
8219 14.48
8219 1.16
8219 25.44
8219 18.04
8219 2.6
8219 2.6
8608 14.48
8608 1.16
8608 25.44
8608 18.04
8608 2.6
8608 2.6
8414 14.48
8414 1.16
8414 25.44
8414 18.04
8414 2.6
8414 2.6
8124 14.48
8124 1.16
8124 25.44
8124 18.04
8124 2.6
8124 2.6
8317 14.48
8317 1.16
8317 25.44
8317 18.04
8317 2.6
8317 2.6
8220 14.48
8220 1.16
8220 25.44
8220 18.04
8220 2.6
8220 2.6
8512 14.48
8512 1.16
8512 25.44
8512 18.04
8512 2.6
8512 2.6
8609 14.48
8609 1.16
8609 25.44
8609 18.04
8609 2.6
8609 2.6
8415 14.48
8415 1.16
8415 25.44
8415 18.04
8415 2.6
8415 2.6
8125 14.48
8125 1.16
8125 25.44
8125 18.04
8125 2.6
8125 2.6
8318 14.48
8318 1.16
8318 25.44
8318 18.04
8318 2.6
8318 2.6
8221 14.48
8221 1.16
8221 25.44
8221 18.04
8221 2.6
8221 2.6
8513 14.48
8513 1.16
8513 25.44
8513 18.04
8513 2.6
8513 2.6
8610 14.48
8610 1.16
8610 25.44
8610 18.04
8610 2.6
8610 2.6
8126 14.48
8126 1.16
8126 25.44
8126 18.04
8126 2.6
8126 2.6
8416 14.48
8416 1.16
8416 25.44
8416 18.04
8416 2.6
8416 2.6
8222 14.48
8222 1.16
8222 25.44
8222 18.04
8222 2.6
8222 2.6
8319 14.48
8319 1.16
8319 25.44
8319 18.04
8319 2.6
8319 2.6
8514 14.48
8514 1.16
8514 25.44
8514 18.04
8514 2.6
8514 2.6
8611 14.48
8611 1.16
8611 25.44
8611 18.04
8611 2.6
8611 2.6
8127 14.48
8127 1.16
8127 25.44
8127 18.04
8127 2.6
8127 2.6
8417 14.48
8417 1.16
8417 25.44
8417 18.04
8417 2.6
8417 2.6
8223 14.48
8223 1.16
8223 25.44
8223 18.04
8223 2.6
8223 2.6
8320 14.48
8320 1.16
8320 25.44
8320 18.04
8320 2.6
8320 2.6
8515 14.48
8515 1.16
8515 25.44
8515 18.04
8515 2.6
8515 2.6
8612 14.48
8612 1.16
8612 25.44
8612 18.04
8612 2.6
8612 2.6
8418 14.48
8418 1.16
8418 25.44
8418 18.04
8418 2.6
8418 2.6
8224 14.48
8224 1.16
8224 25.44
8224 18.04
8224 2.6
8224 2.6
8321 14.48
8321 1.16
8321 25.44
8321 18.04
8321 2.6
8321 2.6
8516 14.48
8516 1.16
8516 25.44
8516 18.04
8516 2.6
8516 2.6
8613 14.48
8613 1.16
8613 25.44
8613 18.04
8613 2.6
8613 2.6
8419 14.48
8419 1.16
8419 25.44
8419 18.04
8419 2.6
8419 2.6
8225 14.48
8225 1.16
8225 25.44
8225 18.04
8225 2.6
8225 2.6
8322 14.48
8322 1.16
8322 25.44
8322 18.04
8322 2.6
8322 2.6
8517 14.48
8517 1.16
8517 25.44
8517 18.04
8517 2.6
8517 2.6
8614 14.48
8614 1.16
8614 25.44
8614 18.04
8614 2.6
8614 2.6
8420 14.48
8420 1.16
8420 25.44
8420 18.04
8420 2.6
8420 2.6
8226 14.48
8226 1.16
8226 25.44
8226 18.04
8226 2.6
8226 2.6
8710 14.48
8710 1.16
8710 25.44
8710 18.04
8710 2.6
8710 2.6
8323 14.48
8323 1.16
8323 25.44
8323 18.04
8323 2.6
8323 2.6
8518 14.48
8518 1.16
8518 25.44
8518 18.04
8518 2.6
8518 2.6
8227 14.48
8227 1.16
8227 25.44
8227 18.04
8227 2.6
8227 2.6
8421 14.48
8421 1.16
8421 25.44
8421 18.04
8421 2.6
8421 2.6
8615 14.48
8615 1.16
8615 25.44
8615 18.04
8615 2.6
8615 2.6
8324 14.48
8324 1.16
8324 25.44
8324 18.04
8324 2.6
8324 2.6
8711 14.48
8711 1.16
8711 25.44
8711 18.04
8711 2.6
8711 2.6
8519 14.48
8519 1.16
8519 25.44
8519 18.04
8519 2.6
8519 2.6
8228 14.48
8228 1.16
8228 25.44
8228 18.04
8228 2.6
8228 2.6
8422 14.48
8422 1.16
8422 25.44
8422 18.04
8422 2.6
8422 2.6
8616 14.48
8616 1.16
8616 25.44
8616 18.04
8616 2.6
8616 2.6
8325 14.48
8325 1.16
8325 25.44
8325 18.04
8325 2.6
8325 2.6
8712 14.48
8712 1.16
8712 25.44
8712 18.04
8712 2.6
8712 2.6
8520 14.48
8520 1.16
8520 25.44
8520 18.04
8520 2.6
8520 2.6
8229 14.48
8229 1.16
8229 25.44
8229 18.04
8229 2.6
8229 2.6
8423 14.48
8423 1.16
8423 25.44
8423 18.04
8423 2.6
8423 2.6
8326 14.48
8326 1.16
8326 25.44
8326 18.04
8326 2.6
8326 2.6
8617 14.48
8617 1.16
8617 25.44
8617 18.04
8617 2.6
8617 2.6
8713 14.48
8713 1.16
8713 25.44
8713 18.04
8713 2.6
8713 2.6
8521 14.48
8521 1.16
8521 25.44
8521 18.04
8521 2.6
8521 2.6
8230 14.48
8230 1.16
8230 25.44
8230 18.04
8230 2.6
8230 2.6
8424 14.48
8424 1.16
8424 25.44
8424 18.04
8424 2.6
8424 2.6
8327 14.48
8327 1.16
8327 25.44
8327 18.04
8327 2.6
8327 2.6
8618 14.48
8618 1.16
8618 25.44
8618 18.04
8618 2.6
8618 2.6
8714 14.48
8714 1.16
8714 25.44
8714 18.04
8714 2.6
8714 2.6
8231 14.48
8231 1.16
8231 25.44
8231 18.04
8231 2.6
8231 2.6
8522 14.48
8522 1.16
8522 25.44
8522 18.04
8522 2.6
8522 2.6
8425 14.48
8425 1.16
8425 25.44
8425 18.04
8425 2.6
8425 2.6
8328 14.48
8328 1.16
8328 25.44
8328 18.04
8328 2.6
8328 2.6
8619 14.48
8619 1.16
8619 25.44
8619 18.04
8619 2.6
8619 2.6
8715 14.48
8715 1.16
8715 25.44
8715 18.04
8715 2.6
8715 2.6
8523 14.48
8523 1.16
8523 25.44
8523 18.04
8523 2.6
8523 2.6
8426 14.48
8426 1.16
8426 25.44
8426 18.04
8426 2.6
8426 2.6
8329 14.48
8329 1.16
8329 25.44
8329 18.04
8329 2.6
8329 2.6
8620 14.48
8620 1.16
8620 25.44
8620 18.04
8620 2.6
8620 2.6
8716 14.48
8716 1.16
8716 25.44
8716 18.04
8716 2.6
8716 2.6
8524 14.48
8524 1.16
8524 25.44
8524 18.04
8524 2.6
8524 2.6
8330 14.48
8330 1.16
8330 25.44
8330 18.04
8330 2.6
8330 2.6
8427 14.48
8427 1.16
8427 25.44
8427 18.04
8427 2.6
8427 2.6
8621 14.48
8621 1.16
8621 25.44
8621 18.04
8621 2.6
8621 2.6
8717 14.48
8717 1.16
8717 25.44
8717 18.04
8717 2.6
8717 2.6
8525 14.48
8525 1.16
8525 25.44
8525 18.04
8525 2.6
8525 2.6
8331 14.48
8331 1.16
8331 25.44
8331 18.04
8331 2.6
8331 2.6
8428 14.48
8428 1.16
8428 25.44
8428 18.04
8428 2.6
8428 2.6
8622 14.48
8622 1.16
8622 25.44
8622 18.04
8622 2.6
8622 2.6
8526 14.48
8526 1.16
8526 25.44
8526 18.04
8526 2.6
8526 2.6
8332 14.48
8332 1.16
8332 25.44
8332 18.04
8332 2.6
8332 2.6
8718 14.48
8718 1.16
8718 25.44
8718 18.04
8718 2.6
8718 2.6
8429 14.48
8429 1.16
8429 25.44
8429 18.04
8429 2.6
8429 2.6
8814 14.48
8814 1.16
8814 25.44
8814 18.04
8814 2.6
8814 2.6
8623 14.48
8623 1.16
8623 25.44
8623 18.04
8623 2.6
8623 2.6
8333 14.48
8333 1.16
8333 25.44
8333 18.04
8333 2.6
8333 2.6
8527 14.48
8527 1.16
8527 25.44
8527 18.04
8527 2.6
8527 2.6
8430 14.48
8430 1.16
8430 25.44
8430 18.04
8430 2.6
8430 2.6
8719 14.48
8719 1.16
8719 25.44
8719 18.04
8719 2.6
8719 2.6
8815 14.48
8815 1.16
8815 25.44
8815 18.04
8815 2.6
8815 2.6
8624 14.48
8624 1.16
8624 25.44
8624 18.04
8624 2.6
8624 2.6
8334 14.48
8334 1.16
8334 25.44
8334 18.04
8334 2.6
8334 2.6
8528 14.48
8528 1.16
8528 25.44
8528 18.04
8528 2.6
8528 2.6
8431 14.48
8431 1.16
8431 25.44
8431 18.04
8431 2.6
8431 2.6
8720 14.48
8720 1.16
8720 25.44
8720 18.04
8720 2.6
8720 2.6
8816 14.48
8816 1.16
8816 25.44
8816 18.04
8816 2.6
8816 2.6
8625 14.48
8625 1.16
8625 25.44
8625 18.04
8625 2.6
8625 2.6
8335 14.48
8335 1.16
8335 25.44
8335 18.04
8335 2.6
8335 2.6
8432 14.48
8432 1.16
8432 25.44
8432 18.04
8432 2.6
8432 2.6
8529 14.48
8529 1.16
8529 25.44
8529 18.04
8529 2.6
8529 2.6
8721 14.48
8721 1.16
8721 25.44
8721 18.04
8721 2.6
8721 2.6
8817 14.48
8817 1.16
8817 25.44
8817 18.04
8817 2.6
8817 2.6
8336 14.48
8336 1.16
8336 25.44
8336 18.04
8336 2.6
8336 2.6
8626 14.48
8626 1.16
8626 25.44
8626 18.04
8626 2.6
8626 2.6
8433 14.48
8433 1.16
8433 25.44
8433 18.04
8433 2.6
8433 2.6
8530 14.48
8530 1.16
8530 25.44
8530 18.04
8530 2.6
8530 2.6
8722 14.48
8722 1.16
8722 25.44
8722 18.04
8722 2.6
8722 2.6
8818 14.48
8818 1.16
8818 25.44
8818 18.04
8818 2.6
8818 2.6
8337 14.48
8337 1.16
8337 25.44
8337 18.04
8337 2.6
8337 2.6
8627 14.48
8627 1.16
8627 25.44
8627 18.04
8627 2.6
8627 2.6
8434 14.48
8434 1.16
8434 25.44
8434 18.04
8434 2.6
8434 2.6
8531 14.48
8531 1.16
8531 25.44
8531 18.04
8531 2.6
8531 2.6
8723 14.48
8723 1.16
8723 25.44
8723 18.04
8723 2.6
8723 2.6
8819 14.48
8819 1.16
8819 25.44
8819 18.04
8819 2.6
8819 2.6
8914 14.48
8914 1.16
8914 25.44
8914 18.04
8914 2.6
8914 2.6
8628 14.48
8628 1.16
8628 25.44
8628 18.04
8628 2.6
8628 2.6
8435 14.48
8435 1.16
8435 25.44
8435 18.04
8435 2.6
8435 2.6
8532 14.48
8532 1.16
8532 25.44
8532 18.04
8532 2.6
8532 2.6
8724 14.48
8724 1.16
8724 25.44
8724 18.04
8724 2.6
8724 2.6
8820 14.48
8820 1.16
8820 25.44
8820 18.04
8820 2.6
8820 2.6
8915 14.48
8915 1.16
8915 25.44
8915 18.04
8915 2.6
8915 2.6
8436 14.48
8436 1.16
8436 25.44
8436 18.04
8436 2.6
8436 2.6
8629 14.48
8629 1.16
8629 25.44
8629 18.04
8629 2.6
8629 2.6
8533 14.48
8533 1.16
8533 25.44
8533 18.04
8533 2.6
8533 2.6
8725 14.48
8725 1.16
8725 25.44
8725 18.04
8725 2.6
8725 2.6
8821 14.48
8821 1.16
8821 25.44
8821 18.04
8821 2.6
8821 2.6
8437 14.48
8437 1.16
8437 25.44
8437 18.04
8437 2.6
8437 2.6
8630 14.48
8630 1.16
8630 25.44
8630 18.04
8630 2.6
8630 2.6
8916 14.48
8916 1.16
8916 25.44
8916 18.04
8916 2.6
8916 2.6
8534 14.48
8534 1.16
8534 25.44
8534 18.04
8534 2.6
8534 2.6
8726 14.48
8726 1.16
8726 25.44
8726 18.04
8726 2.6
8726 2.6
8438 14.48
8438 1.16
8438 25.44
8438 18.04
8438 2.6
8438 2.6
8822 14.48
8822 1.16
8822 25.44
8822 18.04
8822 2.6
8822 2.6
8631 14.48
8631 1.16
8631 25.44
8631 18.04
8631 2.6
8631 2.6
8535 14.48
8535 1.16
8535 25.44
8535 18.04
8535 2.6
8535 2.6
8917 14.48
8917 1.16
8917 25.44
8917 18.04
8917 2.6
8917 2.6
8727 14.48
8727 1.16
8727 25.44
8727 18.04
8727 2.6
8727 2.6
8439 14.48
8439 1.16
8439 25.44
8439 18.04
8439 2.6
8439 2.6
8823 14.48
8823 1.16
8823 25.44
8823 18.04
8823 2.6
8823 2.6
8632 14.48
8632 1.16
8632 25.44
8632 18.04
8632 2.6
8632 2.6
8536 14.48
8536 1.16
8536 25.44
8536 18.04
8536 2.6
8536 2.6
8918 14.48
8918 1.16
8918 25.44
8918 18.04
8918 2.6
8918 2.6
8728 14.48
8728 1.16
8728 25.44
8728 18.04
8728 2.6
8728 2.6
8440 14.48
8440 1.16
8440 25.44
8440 18.04
8440 2.6
8440 2.6
8633 14.48
8633 1.16
8633 25.44
8633 18.04
8633 2.6
8633 2.6
8537 14.48
8537 1.16
8537 25.44
8537 18.04
8537 2.6
8537 2.6
8824 14.48
8824 1.16
8824 25.44
8824 18.04
8824 2.6
8824 2.6
8919 14.48
8919 1.16
8919 25.44
8919 18.04
8919 2.6
8919 2.6
8441 14.48
8441 1.16
8441 25.44
8441 18.04
8441 2.6
8441 2.6
8729 14.48
8729 1.16
8729 25.44
8729 18.04
8729 2.6
8729 2.6
8538 14.48
8538 1.16
8538 25.44
8538 18.04
8538 2.6
8538 2.6
8634 14.48
8634 1.16
8634 25.44
8634 18.04
8634 2.6
8634 2.6
8825 14.48
8825 1.16
8825 25.44
8825 18.04
8825 2.6
8825 2.6
8920 14.48
8920 1.16
8920 25.44
8920 18.04
8920 2.6
8920 2.6
8442 14.48
8442 1.16
8442 25.44
8442 18.04
8442 2.6
8442 2.6
8730 14.48
8730 1.16
8730 25.44
8730 18.04
8730 2.6
8730 2.6
8539 14.48
8539 1.16
8539 25.44
8539 18.04
8539 2.6
8539 2.6
8635 14.48
8635 1.16
8635 25.44
8635 18.04
8635 2.6
8635 2.6
8826 14.48
8826 1.16
8826 25.44
8826 18.04
8826 2.6
8826 2.6
8921 14.48
8921 1.16
8921 25.44
8921 18.04
8921 2.6
8921 2.6
9014 14.48
9014 1.16
9014 25.44
9014 18.04
9014 2.6
9014 2.6
8731 14.48
8731 1.16
8731 25.44
8731 18.04
8731 2.6
8731 2.6
8540 14.48
8540 1.16
8540 25.44
8540 18.04
8540 2.6
8540 2.6
8636 14.48
8636 1.16
8636 25.44
8636 18.04
8636 2.6
8636 2.6
8827 14.48
8827 1.16
8827 25.44
8827 18.04
8827 2.6
8827 2.6
8922 14.48
8922 1.16
8922 25.44
8922 18.04
8922 2.6
8922 2.6
9015 14.48
9015 1.16
9015 25.44
9015 18.04
9015 2.6
9015 2.6
8732 14.48
8732 1.16
8732 25.44
8732 18.04
8732 2.6
8732 2.6
8541 14.48
8541 1.16
8541 25.44
8541 18.04
8541 2.6
8541 2.6
8637 14.48
8637 1.16
8637 25.44
8637 18.04
8637 2.6
8637 2.6
8828 14.48
8828 1.16
8828 25.44
8828 18.04
8828 2.6
8828 2.6
8923 14.48
8923 1.16
8923 25.44
8923 18.04
8923 2.6
8923 2.6
8542 14.48
8542 1.16
8542 25.44
8542 18.04
8542 2.6
8542 2.6
9016 14.48
9016 1.16
9016 25.44
9016 18.04
9016 2.6
9016 2.6
8733 14.48
8733 1.16
8733 25.44
8733 18.04
8733 2.6
8733 2.6
8638 14.48
8638 1.16
8638 25.44
8638 18.04
8638 2.6
8638 2.6
8829 14.48
8829 1.16
8829 25.44
8829 18.04
8829 2.6
8829 2.6
8543 14.48
8543 1.16
8543 25.44
8543 18.04
8543 2.6
8543 2.6
8924 14.48
8924 1.16
8924 25.44
8924 18.04
8924 2.6
8924 2.6
8734 14.48
8734 1.16
8734 25.44
8734 18.04
8734 2.6
8734 2.6
9017 14.48
9017 1.16
9017 25.44
9017 18.04
9017 2.6
9017 2.6
8639 14.48
8639 1.16
8639 25.44
8639 18.04
8639 2.6
8639 2.6
8830 14.48
8830 1.16
8830 25.44
8830 18.04
8830 2.6
8830 2.6
8544 14.48
8544 1.16
8544 25.44
8544 18.04
8544 2.6
8544 2.6
8925 14.48
8925 1.16
8925 25.44
8925 18.04
8925 2.6
8925 2.6
8735 14.48
8735 1.16
8735 25.44
8735 18.04
8735 2.6
8735 2.6
8640 14.48
8640 1.16
8640 25.44
8640 18.04
8640 2.6
8640 2.6
9018 14.48
9018 1.16
9018 25.44
9018 18.04
9018 2.6
9018 2.6
8831 14.48
8831 1.16
8831 25.44
8831 18.04
8831 2.6
8831 2.6
8545 14.48
8545 1.16
8545 25.44
8545 18.04
8545 2.6
8545 2.6
8736 14.48
8736 1.16
8736 25.44
8736 18.04
8736 2.6
8736 2.6
8641 14.48
8641 1.16
8641 25.44
8641 18.04
8641 2.6
8641 2.6
8926 14.48
8926 1.16
8926 25.44
8926 18.04
8926 2.6
8926 2.6
9019 14.48
9019 1.16
9019 25.44
9019 18.04
9019 2.6
9019 2.6
8832 14.48
8832 1.16
8832 25.44
8832 18.04
8832 2.6
8832 2.6
8546 14.48
8546 1.16
8546 25.44
8546 18.04
8546 2.6
8546 2.6
8737 14.48
8737 1.16
8737 25.44
8737 18.04
8737 2.6
8737 2.6
8642 14.48
8642 1.16
8642 25.44
8642 18.04
8642 2.6
8642 2.6
8927 14.48
8927 1.16
8927 25.44
8927 18.04
8927 2.6
8927 2.6
9113 14.48
9113 1.16
9113 25.44
9113 18.04
9113 2.6
9113 2.6
9020 14.48
9020 1.16
9020 25.44
9020 18.04
9020 2.6
9020 2.6
8547 14.48
8547 1.16
8547 25.44
8547 18.04
8547 2.6
8547 2.6
8833 14.48
8833 1.16
8833 25.44
8833 18.04
8833 2.6
8833 2.6
8643 14.48
8643 1.16
8643 25.44
8643 18.04
8643 2.6
8643 2.6
8738 14.48
8738 1.16
8738 25.44
8738 18.04
8738 2.6
8738 2.6
8928 14.48
8928 1.16
8928 25.44
8928 18.04
8928 2.6
8928 2.6
9114 14.48
9114 1.16
9114 25.44
9114 18.04
9114 2.6
9114 2.6
9021 14.48
9021 1.16
9021 25.44
9021 18.04
9021 2.6
9021 2.6
8834 14.48
8834 1.16
8834 25.44
8834 18.04
8834 2.6
8834 2.6
8644 14.48
8644 1.16
8644 25.44
8644 18.04
8644 2.6
8644 2.6
8739 14.48
8739 1.16
8739 25.44
8739 18.04
8739 2.6
8739 2.6
8929 14.48
8929 1.16
8929 25.44
8929 18.04
8929 2.6
8929 2.6
9115 14.48
9115 1.16
9115 25.44
9115 18.04
9115 2.6
9115 2.6
9022 14.48
9022 1.16
9022 25.44
9022 18.04
9022 2.6
9022 2.6
8835 14.48
8835 1.16
8835 25.44
8835 18.04
8835 2.6
8835 2.6
8645 14.48
8645 1.16
8645 25.44
8645 18.04
8645 2.6
8645 2.6
8740 14.48
8740 1.16
8740 25.44
8740 18.04
8740 2.6
8740 2.6
8930 14.48
8930 1.16
8930 25.44
8930 18.04
8930 2.6
8930 2.6
9116 14.48
9116 1.16
9116 25.44
9116 18.04
9116 2.6
9116 2.6
9023 14.48
9023 1.16
9023 25.44
9023 18.04
9023 2.6
9023 2.6
8836 14.48
8836 1.16
8836 25.44
8836 18.04
8836 2.6
8836 2.6
8646 14.48
8646 1.16
8646 25.44
8646 18.04
8646 2.6
8646 2.6
8741 14.48
8741 1.16
8741 25.44
8741 18.04
8741 2.6
8741 2.6
8931 14.48
8931 1.16
8931 25.44
8931 18.04
8931 2.6
8931 2.6
9024 14.48
9024 1.16
9024 25.44
9024 18.04
9024 2.6
9024 2.6
8837 14.48
8837 1.16
8837 25.44
8837 18.04
8837 2.6
8837 2.6
9117 14.48
9117 1.16
9117 25.44
9117 18.04
9117 2.6
9117 2.6
8647 14.48
8647 1.16
8647 25.44
8647 18.04
8647 2.6
8647 2.6
8742 14.48
8742 1.16
8742 25.44
8742 18.04
8742 2.6
8742 2.6
8932 14.48
8932 1.16
8932 25.44
8932 18.04
8932 2.6
8932 2.6
8648 14.48
8648 1.16
8648 25.44
8648 18.04
8648 2.6
8648 2.6
8838 14.48
8838 1.16
8838 25.44
8838 18.04
8838 2.6
8838 2.6
9025 14.48
9025 1.16
9025 25.44
9025 18.04
9025 2.6
9025 2.6
9118 14.48
9118 1.16
9118 25.44
9118 18.04
9118 2.6
9118 2.6
8743 14.48
8743 1.16
8743 25.44
8743 18.04
8743 2.6
8743 2.6
8933 14.48
8933 1.16
8933 25.44
8933 18.04
8933 2.6
8933 2.6
8649 14.48
8649 1.16
8649 25.44
8649 18.04
8649 2.6
8649 2.6
8839 14.48
8839 1.16
8839 25.44
8839 18.04
8839 2.6
8839 2.6
9026 14.48
9026 1.16
9026 25.44
9026 18.04
9026 2.6
9026 2.6
8744 14.48
8744 1.16
8744 25.44
8744 18.04
8744 2.6
8744 2.6
9119 14.48
9119 1.16
9119 25.44
9119 18.04
9119 2.6
9119 2.6
8934 14.48
8934 1.16
8934 25.44
8934 18.04
8934 2.6
8934 2.6
8650 14.48
8650 1.16
8650 25.44
8650 18.04
8650 2.6
8650 2.6
8840 14.48
8840 1.16
8840 25.44
8840 18.04
8840 2.6
8840 2.6
8745 14.48
8745 1.16
8745 25.44
8745 18.04
8745 2.6
8745 2.6
9027 14.48
9027 1.16
9027 25.44
9027 18.04
9027 2.6
9027 2.6
9120 14.48
9120 1.16
9120 25.44
9120 18.04
9120 2.6
9120 2.6
8935 14.48
8935 1.16
8935 25.44
8935 18.04
8935 2.6
8935 2.6
8651 14.48
8651 1.16
8651 25.44
8651 18.04
8651 2.6
8651 2.6
8841 14.48
8841 1.16
8841 25.44
8841 18.04
8841 2.6
8841 2.6
8746 14.48
8746 1.16
8746 25.44
8746 18.04
8746 2.6
8746 2.6
9028 14.48
9028 1.16
9028 25.44
9028 18.04
9028 2.6
9028 2.6
9121 14.48
9121 1.16
9121 25.44
9121 18.04
9121 2.6
9121 2.6
9211 14.48
9211 1.16
9211 25.44
9211 18.04
9211 2.6
9211 2.6
8936 14.48
8936 1.16
8936 25.44
8936 18.04
8936 2.6
8936 2.6
8842 14.48
8842 1.16
8842 25.44
8842 18.04
8842 2.6
8842 2.6
8747 14.48
8747 1.16
8747 25.44
8747 18.04
8747 2.6
8747 2.6
9029 14.48
9029 1.16
9029 25.44
9029 18.04
9029 2.6
9029 2.6
9122 14.48
9122 1.16
9122 25.44
9122 18.04
9122 2.6
9122 2.6
9212 14.48
9212 1.16
9212 25.44
9212 18.04
9212 2.6
9212 2.6
8937 14.48
8937 1.16
8937 25.44
8937 18.04
8937 2.6
8937 2.6
8843 14.48
8843 1.16
8843 25.44
8843 18.04
8843 2.6
8843 2.6
8748 14.48
8748 1.16
8748 25.44
8748 18.04
8748 2.6
8748 2.6
9030 14.48
9030 1.16
9030 25.44
9030 18.04
9030 2.6
9030 2.6
9123 14.48
9123 1.16
9123 25.44
9123 18.04
9123 2.6
9123 2.6
9213 14.48
9213 1.16
9213 25.44
9213 18.04
9213 2.6
9213 2.6
8938 14.48
8938 1.16
8938 25.44
8938 18.04
8938 2.6
8938 2.6
8749 14.48
8749 1.16
8749 25.44
8749 18.04
8749 2.6
8749 2.6
8844 14.48
8844 1.16
8844 25.44
8844 18.04
8844 2.6
8844 2.6
9031 14.48
9031 1.16
9031 25.44
9031 18.04
9031 2.6
9031 2.6
9124 14.48
9124 1.16
9124 25.44
9124 18.04
9124 2.6
9124 2.6
9214 14.48
9214 1.16
9214 25.44
9214 18.04
9214 2.6
9214 2.6
8939 14.48
8939 1.16
8939 25.44
8939 18.04
8939 2.6
8939 2.6
8750 14.48
8750 1.16
8750 25.44
8750 18.04
8750 2.6
8750 2.6
8845 14.48
8845 1.16
8845 25.44
8845 18.04
8845 2.6
8845 2.6
9032 14.48
9032 1.16
9032 25.44
9032 18.04
9032 2.6
9032 2.6
9125 14.48
9125 1.16
9125 25.44
9125 18.04
9125 2.6
9125 2.6
8940 14.48
8940 1.16
8940 25.44
8940 18.04
8940 2.6
8940 2.6
8751 14.48
8751 1.16
8751 25.44
8751 18.04
8751 2.6
8751 2.6
9215 14.48
9215 1.16
9215 25.44
9215 18.04
9215 2.6
9215 2.6
8846 14.48
8846 1.16
8846 25.44
8846 18.04
8846 2.6
8846 2.6
9033 14.48
9033 1.16
9033 25.44
9033 18.04
9033 2.6
9033 2.6
8752 14.48
8752 1.16
8752 25.44
8752 18.04
8752 2.6
8752 2.6
9126 14.48
9126 1.16
9126 25.44
9126 18.04
9126 2.6
9126 2.6
8941 14.48
8941 1.16
8941 25.44
8941 18.04
8941 2.6
8941 2.6
8847 14.48
8847 1.16
8847 25.44
8847 18.04
8847 2.6
8847 2.6
9216 14.48
9216 1.16
9216 25.44
9216 18.04
9216 2.6
9216 2.6
9034 14.48
9034 1.16
9034 25.44
9034 18.04
9034 2.6
9034 2.6
8753 14.48
8753 1.16
8753 25.44
8753 18.04
8753 2.6
8753 2.6
8942 14.48
8942 1.16
8942 25.44
8942 18.04
8942 2.6
8942 2.6
9127 14.48
9127 1.16
9127 25.44
9127 18.04
9127 2.6
9127 2.6
8848 14.48
8848 1.16
8848 25.44
8848 18.04
8848 2.6
8848 2.6
9217 14.48
9217 1.16
9217 25.44
9217 18.04
9217 2.6
9217 2.6
9035 14.48
9035 1.16
9035 25.44
9035 18.04
9035 2.6
9035 2.6
8754 14.48
8754 1.16
8754 25.44
8754 18.04
8754 2.6
8754 2.6
8849 14.48
8849 1.16
8849 25.44
8849 18.04
8849 2.6
8849 2.6
8943 14.48
8943 1.16
8943 25.44
8943 18.04
8943 2.6
8943 2.6
9128 14.48
9128 1.16
9128 25.44
9128 18.04
9128 2.6
9128 2.6
9218 14.48
9218 1.16
9218 25.44
9218 18.04
9218 2.6
9218 2.6
9310 14.48
9310 1.16
9310 25.44
9310 18.04
9310 2.6
9310 2.6
9036 14.48
9036 1.16
9036 25.44
9036 18.04
9036 2.6
9036 2.6
8850 14.48
8850 1.16
8850 25.44
8850 18.04
8850 2.6
8850 2.6
8944 14.48
8944 1.16
8944 25.44
8944 18.04
8944 2.6
8944 2.6
9129 14.48
9129 1.16
9129 25.44
9129 18.04
9129 2.6
9129 2.6
9219 14.48
9219 1.16
9219 25.44
9219 18.04
9219 2.6
9219 2.6
9311 14.48
9311 1.16
9311 25.44
9311 18.04
9311 2.6
9311 2.6
9037 14.48
9037 1.16
9037 25.44
9037 18.04
9037 2.6
9037 2.6
8851 14.48
8851 1.16
8851 25.44
8851 18.04
8851 2.6
8851 2.6
8945 14.48
8945 1.16
8945 25.44
8945 18.04
8945 2.6
8945 2.6
9130 14.48
9130 1.16
9130 25.44
9130 18.04
9130 2.6
9130 2.6
9220 14.48
9220 1.16
9220 25.44
9220 18.04
9220 2.6
9220 2.6
9312 14.48
9312 1.16
9312 25.44
9312 18.04
9312 2.6
9312 2.6
9038 14.48
9038 1.16
9038 25.44
9038 18.04
9038 2.6
9038 2.6
8852 14.48
8852 1.16
8852 25.44
8852 18.04
8852 2.6
8852 2.6
8946 14.48
8946 1.16
8946 25.44
8946 18.04
8946 2.6
8946 2.6
9131 14.48
9131 1.16
9131 25.44
9131 18.04
9131 2.6
9131 2.6
9221 14.48
9221 1.16
9221 25.44
9221 18.04
9221 2.6
9221 2.6
9313 14.48
9313 1.16
9313 25.44
9313 18.04
9313 2.6
9313 2.6
8853 14.48
8853 1.16
8853 25.44
8853 18.04
8853 2.6
8853 2.6
9039 14.48
9039 1.16
9039 25.44
9039 18.04
9039 2.6
9039 2.6
8947 14.48
8947 1.16
8947 25.44
8947 18.04
8947 2.6
8947 2.6
9132 14.48
9132 1.16
9132 25.44
9132 18.04
9132 2.6
9132 2.6
9222 14.48
9222 1.16
9222 25.44
9222 18.04
9222 2.6
9222 2.6
8854 14.48
8854 1.16
8854 25.44
8854 18.04
8854 2.6
8854 2.6
9040 14.48
9040 1.16
9040 25.44
9040 18.04
9040 2.6
9040 2.6
9314 14.48
9314 1.16
9314 25.44
9314 18.04
9314 2.6
9314 2.6
8948 14.48
8948 1.16
8948 25.44
8948 18.04
8948 2.6
8948 2.6
9133 14.48
9133 1.16
9133 25.44
9133 18.04
9133 2.6
9133 2.6
8855 14.48
8855 1.16
8855 25.44
8855 18.04
8855 2.6
8855 2.6
9223 14.48
9223 1.16
9223 25.44
9223 18.04
9223 2.6
9223 2.6
9041 14.48
9041 1.16
9041 25.44
9041 18.04
9041 2.6
9041 2.6
8949 14.48
8949 1.16
8949 25.44
8949 18.04
8949 2.6
8949 2.6
9315 14.48
9315 1.16
9315 25.44
9315 18.04
9315 2.6
9315 2.6
9134 14.48
9134 1.16
9134 25.44
9134 18.04
9134 2.6
9134 2.6
8856 14.48
8856 1.16
8856 25.44
8856 18.04
8856 2.6
8856 2.6
9224 14.48
9224 1.16
9224 25.44
9224 18.04
9224 2.6
9224 2.6
9042 14.48
9042 1.16
9042 25.44
9042 18.04
9042 2.6
9042 2.6
8950 14.48
8950 1.16
8950 25.44
8950 18.04
8950 2.6
8950 2.6
9402 14.48
9402 1.16
9402 25.44
9402 18.04
9402 2.6
9402 2.6
9316 14.48
9316 1.16
9316 25.44
9316 18.04
9316 2.6
9316 2.6
9135 14.48
9135 1.16
9135 25.44
9135 18.04
9135 2.6
9135 2.6
8857 14.48
8857 1.16
8857 25.44
8857 18.04
8857 2.6
8857 2.6
9043 14.48
9043 1.16
9043 25.44
9043 18.04
9043 2.6
9043 2.6
8951 14.48
8951 1.16
8951 25.44
8951 18.04
8951 2.6
8951 2.6
9225 14.48
9225 1.16
9225 25.44
9225 18.04
9225 2.6
9225 2.6
9403 14.48
9403 1.16
9403 25.44
9403 18.04
9403 2.6
9403 2.6
9317 14.48
9317 1.16
9317 25.44
9317 18.04
9317 2.6
9317 2.6
9136 14.48
9136 1.16
9136 25.44
9136 18.04
9136 2.6
9136 2.6
8952 14.48
8952 1.16
8952 25.44
8952 18.04
8952 2.6
8952 2.6
9044 14.48
9044 1.16
9044 25.44
9044 18.04
9044 2.6
9044 2.6
9226 14.48
9226 1.16
9226 25.44
9226 18.04
9226 2.6
9226 2.6
9404 14.48
9404 1.16
9404 25.44
9404 18.04
9404 2.6
9404 2.6
9318 14.48
9318 1.16
9318 25.44
9318 18.04
9318 2.6
9318 2.6
9137 14.48
9137 1.16
9137 25.44
9137 18.04
9137 2.6
9137 2.6
8953 14.48
8953 1.16
8953 25.44
8953 18.04
8953 2.6
8953 2.6
9045 14.48
9045 1.16
9045 25.44
9045 18.04
9045 2.6
9045 2.6
9227 14.48
9227 1.16
9227 25.44
9227 18.04
9227 2.6
9227 2.6
9405 14.48
9405 1.16
9405 25.44
9405 18.04
9405 2.6
9405 2.6
9319 14.48
9319 1.16
9319 25.44
9319 18.04
9319 2.6
9319 2.6
9138 14.48
9138 1.16
9138 25.44
9138 18.04
9138 2.6
9138 2.6
8954 14.48
8954 1.16
8954 25.44
8954 18.04
8954 2.6
8954 2.6
9046 14.48
9046 1.16
9046 25.44
9046 18.04
9046 2.6
9046 2.6
9228 14.48
9228 1.16
9228 25.44
9228 18.04
9228 2.6
9228 2.6
9406 14.48
9406 1.16
9406 25.44
9406 18.04
9406 2.6
9406 2.6
9320 14.48
9320 1.16
9320 25.44
9320 18.04
9320 2.6
9320 2.6
9139 14.48
9139 1.16
9139 25.44
9139 18.04
9139 2.6
9139 2.6
8955 14.48
8955 1.16
8955 25.44
8955 18.04
8955 2.6
8955 2.6
9047 14.48
9047 1.16
9047 25.44
9047 18.04
9047 2.6
9047 2.6
9229 14.48
9229 1.16
9229 25.44
9229 18.04
9229 2.6
9229 2.6
9321 14.48
9321 1.16
9321 25.44
9321 18.04
9321 2.6
9321 2.6
9407 14.48
9407 1.16
9407 25.44
9407 18.04
9407 2.6
9407 2.6
9140 14.48
9140 1.16
9140 25.44
9140 18.04
9140 2.6
9140 2.6
8956 14.48
8956 1.16
8956 25.44
8956 18.04
8956 2.6
8956 2.6
9048 14.48
9048 1.16
9048 25.44
9048 18.04
9048 2.6
9048 2.6
9230 14.48
9230 1.16
9230 25.44
9230 18.04
9230 2.6
9230 2.6
9141 14.48
9141 1.16
9141 25.44
9141 18.04
9141 2.6
9141 2.6
8957 14.48
8957 1.16
8957 25.44
8957 18.04
8957 2.6
8957 2.6
9322 14.48
9322 1.16
9322 25.44
9322 18.04
9322 2.6
9322 2.6
9408 14.48
9408 1.16
9408 25.44
9408 18.04
9408 2.6
9408 2.6
9049 14.48
9049 1.16
9049 25.44
9049 18.04
9049 2.6
9049 2.6
9231 14.48
9231 1.16
9231 25.44
9231 18.04
9231 2.6
9231 2.6
8958 14.48
8958 1.16
8958 25.44
8958 18.04
8958 2.6
8958 2.6
9142 14.48
9142 1.16
9142 25.44
9142 18.04
9142 2.6
9142 2.6
9323 14.48
9323 1.16
9323 25.44
9323 18.04
9323 2.6
9323 2.6
9409 14.48
9409 1.16
9409 25.44
9409 18.04
9409 2.6
9409 2.6
9050 14.48
9050 1.16
9050 25.44
9050 18.04
9050 2.6
9050 2.6
9232 14.48
9232 1.16
9232 25.44
9232 18.04
9232 2.6
9232 2.6
9143 14.48
9143 1.16
9143 25.44
9143 18.04
9143 2.6
9143 2.6
9324 14.48
9324 1.16
9324 25.44
9324 18.04
9324 2.6
9324 2.6
9051 14.48
9051 1.16
9051 25.44
9051 18.04
9051 2.6
9051 2.6
9495 14.48
9495 1.16
9495 25.44
9495 18.04
9495 2.6
9495 2.6
9410 14.48
9410 1.16
9410 25.44
9410 18.04
9410 2.6
9410 2.6
9233 14.48
9233 1.16
9233 25.44
9233 18.04
9233 2.6
9233 2.6
9144 14.48
9144 1.16
9144 25.44
9144 18.04
9144 2.6
9144 2.6
9052 14.48
9052 1.16
9052 25.44
9052 18.04
9052 2.6
9052 2.6
9325 14.48
9325 1.16
9325 25.44
9325 18.04
9325 2.6
9325 2.6
9411 14.48
9411 1.16
9411 25.44
9411 18.04
9411 2.6
9411 2.6
9496 14.48
9496 1.16
9496 25.44
9496 18.04
9496 2.6
9496 2.6
9234 14.48
9234 1.16
9234 25.44
9234 18.04
9234 2.6
9234 2.6
9145 14.48
9145 1.16
9145 25.44
9145 18.04
9145 2.6
9145 2.6
9053 14.48
9053 1.16
9053 25.44
9053 18.04
9053 2.6
9053 2.6
9326 14.48
9326 1.16
9326 25.44
9326 18.04
9326 2.6
9326 2.6
9412 14.48
9412 1.16
9412 25.44
9412 18.04
9412 2.6
9412 2.6
9497 14.48
9497 1.16
9497 25.44
9497 18.04
9497 2.6
9497 2.6
9235 14.48
9235 1.16
9235 25.44
9235 18.04
9235 2.6
9235 2.6
9146 14.48
9146 1.16
9146 25.44
9146 18.04
9146 2.6
9146 2.6
9054 14.48
9054 1.16
9054 25.44
9054 18.04
9054 2.6
9054 2.6
9327 14.48
9327 1.16
9327 25.44
9327 18.04
9327 2.6
9327 2.6
9413 14.48
9413 1.16
9413 25.44
9413 18.04
9413 2.6
9413 2.6
9498 14.48
9498 1.16
9498 25.44
9498 18.04
9498 2.6
9498 2.6
9236 14.48
9236 1.16
9236 25.44
9236 18.04
9236 2.6
9236 2.6
9147 14.48
9147 1.16
9147 25.44
9147 18.04
9147 2.6
9147 2.6
9055 14.48
9055 1.16
9055 25.44
9055 18.04
9055 2.6
9055 2.6
9328 14.48
9328 1.16
9328 25.44
9328 18.04
9328 2.6
9328 2.6
9414 14.48
9414 1.16
9414 25.44
9414 18.04
9414 2.6
9414 2.6
9499 14.48
9499 1.16
9499 25.44
9499 18.04
9499 2.6
9499 2.6
9237 14.48
9237 1.16
9237 25.44
9237 18.04
9237 2.6
9237 2.6
9056 14.48
9056 1.16
9056 25.44
9056 18.04
9056 2.6
9056 2.6
9148 14.48
9148 1.16
9148 25.44
9148 18.04
9148 2.6
9148 2.6
9329 14.48
9329 1.16
9329 25.44
9329 18.04
9329 2.6
9329 2.6
9415 14.48
9415 1.16
9415 25.44
9415 18.04
9415 2.6
9415 2.6
9500 14.48
9500 1.16
9500 25.44
9500 18.04
9500 2.6
9500 2.6
9238 14.48
9238 1.16
9238 25.44
9238 18.04
9238 2.6
9238 2.6
9057 14.48
9057 1.16
9057 25.44
9057 18.04
9057 2.6
9057 2.6
9149 14.48
9149 1.16
9149 25.44
9149 18.04
9149 2.6
9149 2.6
9330 14.48
9330 1.16
9330 25.44
9330 18.04
9330 2.6
9330 2.6
9416 14.48
9416 1.16
9416 25.44
9416 18.04
9416 2.6
9416 2.6
9058 14.48
9058 1.16
9058 25.44
9058 18.04
9058 2.6
9058 2.6
9239 14.48
9239 1.16
9239 25.44
9239 18.04
9239 2.6
9239 2.6
9590 14.48
9590 1.16
9590 25.44
9590 18.04
9590 2.6
9590 2.6
9150 14.48
9150 1.16
9150 25.44
9150 18.04
9150 2.6
9150 2.6
9501 14.48
9501 1.16
9501 25.44
9501 18.04
9501 2.6
9501 2.6
9331 14.48
9331 1.16
9331 25.44
9331 18.04
9331 2.6
9331 2.6
9417 14.48
9417 1.16
9417 25.44
9417 18.04
9417 2.6
9417 2.6
9240 14.48
9240 1.16
9240 25.44
9240 18.04
9240 2.6
9240 2.6
9151 14.48
9151 1.16
9151 25.44
9151 18.04
9151 2.6
9151 2.6
9591 14.48
9591 1.16
9591 25.44
9591 18.04
9591 2.6
9591 2.6
9502 14.48
9502 1.16
9502 25.44
9502 18.04
9502 2.6
9502 2.6
9332 14.48
9332 1.16
9332 25.44
9332 18.04
9332 2.6
9332 2.6
9241 14.48
9241 1.16
9241 25.44
9241 18.04
9241 2.6
9241 2.6
9152 14.48
9152 1.16
9152 25.44
9152 18.04
9152 2.6
9152 2.6
9418 14.48
9418 1.16
9418 25.44
9418 18.04
9418 2.6
9418 2.6
9503 14.48
9503 1.16
9503 25.44
9503 18.04
9503 2.6
9503 2.6
9592 14.48
9592 1.16
9592 25.44
9592 18.04
9592 2.6
9592 2.6
9333 14.48
9333 1.16
9333 25.44
9333 18.04
9333 2.6
9333 2.6
9153 14.48
9153 1.16
9153 25.44
9153 18.04
9153 2.6
9153 2.6
9242 14.48
9242 1.16
9242 25.44
9242 18.04
9242 2.6
9242 2.6
9419 14.48
9419 1.16
9419 25.44
9419 18.04
9419 2.6
9419 2.6
9504 14.48
9504 1.16
9504 25.44
9504 18.04
9504 2.6
9504 2.6
9593 14.48
9593 1.16
9593 25.44
9593 18.04
9593 2.6
9593 2.6
9334 14.48
9334 1.16
9334 25.44
9334 18.04
9334 2.6
9334 2.6
9154 14.48
9154 1.16
9154 25.44
9154 18.04
9154 2.6
9154 2.6
9243 14.48
9243 1.16
9243 25.44
9243 18.04
9243 2.6
9243 2.6
9420 14.48
9420 1.16
9420 25.44
9420 18.04
9420 2.6
9420 2.6
9505 14.48
9505 1.16
9505 25.44
9505 18.04
9505 2.6
9505 2.6
9594 14.48
9594 1.16
9594 25.44
9594 18.04
9594 2.6
9594 2.6
9335 14.48
9335 1.16
9335 25.44
9335 18.04
9335 2.6
9335 2.6
9155 14.48
9155 1.16
9155 25.44
9155 18.04
9155 2.6
9155 2.6
9244 14.48
9244 1.16
9244 25.44
9244 18.04
9244 2.6
9244 2.6
9421 14.48
9421 1.16
9421 25.44
9421 18.04
9421 2.6
9421 2.6
9506 14.48
9506 1.16
9506 25.44
9506 18.04
9506 2.6
9506 2.6
9595 14.48
9595 1.16
9595 25.44
9595 18.04
9595 2.6
9595 2.6
9336 14.48
9336 1.16
9336 25.44
9336 18.04
9336 2.6
9336 2.6
9156 14.48
9156 1.16
9156 25.44
9156 18.04
9156 2.6
9156 2.6
9245 14.48
9245 1.16
9245 25.44
9245 18.04
9245 2.6
9245 2.6
9422 14.48
9422 1.16
9422 25.44
9422 18.04
9422 2.6
9422 2.6
9507 14.48
9507 1.16
9507 25.44
9507 18.04
9507 2.6
9507 2.6
9596 14.48
9596 1.16
9596 25.44
9596 18.04
9596 2.6
9596 2.6
9157 14.48
9157 1.16
9157 25.44
9157 18.04
9157 2.6
9157 2.6
9337 14.48
9337 1.16
9337 25.44
9337 18.04
9337 2.6
9337 2.6
9246 14.48
9246 1.16
9246 25.44
9246 18.04
9246 2.6
9246 2.6
9423 14.48
9423 1.16
9423 25.44
9423 18.04
9423 2.6
9423 2.6
9685 14.48
9685 1.16
9685 25.44
9685 18.04
9685 2.6
9685 2.6
9508 14.48
9508 1.16
9508 25.44
9508 18.04
9508 2.6
9508 2.6
9158 14.48
9158 1.16
9158 25.44
9158 18.04
9158 2.6
9158 2.6
9338 14.48
9338 1.16
9338 25.44
9338 18.04
9338 2.6
9338 2.6
9597 14.48
9597 1.16
9597 25.44
9597 18.04
9597 2.6
9597 2.6
9247 14.48
9247 1.16
9247 25.44
9247 18.04
9247 2.6
9247 2.6
9424 14.48
9424 1.16
9424 25.44
9424 18.04
9424 2.6
9424 2.6
9509 14.48
9509 1.16
9509 25.44
9509 18.04
9509 2.6
9509 2.6
9686 14.48
9686 1.16
9686 25.44
9686 18.04
9686 2.6
9686 2.6
9339 14.48
9339 1.16
9339 25.44
9339 18.04
9339 2.6
9339 2.6
9248 14.48
9248 1.16
9248 25.44
9248 18.04
9248 2.6
9248 2.6
9598 14.48
9598 1.16
9598 25.44
9598 18.04
9598 2.6
9598 2.6
9425 14.48
9425 1.16
9425 25.44
9425 18.04
9425 2.6
9425 2.6
9340 14.48
9340 1.16
9340 25.44
9340 18.04
9340 2.6
9340 2.6
9510 14.48
9510 1.16
9510 25.44
9510 18.04
9510 2.6
9510 2.6
9249 14.48
9249 1.16
9249 25.44
9249 18.04
9249 2.6
9249 2.6
9687 14.48
9687 1.16
9687 25.44
9687 18.04
9687 2.6
9687 2.6
9599 14.48
9599 1.16
9599 25.44
9599 18.04
9599 2.6
9599 2.6
9426 14.48
9426 1.16
9426 25.44
9426 18.04
9426 2.6
9426 2.6
9341 14.48
9341 1.16
9341 25.44
9341 18.04
9341 2.6
9341 2.6
9250 14.48
9250 1.16
9250 25.44
9250 18.04
9250 2.6
9250 2.6
9511 14.48
9511 1.16
9511 25.44
9511 18.04
9511 2.6
9511 2.6
9688 14.48
9688 1.16
9688 25.44
9688 18.04
9688 2.6
9688 2.6
9600 14.48
9600 1.16
9600 25.44
9600 18.04
9600 2.6
9600 2.6
9427 14.48
9427 1.16
9427 25.44
9427 18.04
9427 2.6
9427 2.6
9251 14.48
9251 1.16
9251 25.44
9251 18.04
9251 2.6
9251 2.6
9342 14.48
9342 1.16
9342 25.44
9342 18.04
9342 2.6
9342 2.6
9512 14.48
9512 1.16
9512 25.44
9512 18.04
9512 2.6
9512 2.6
9689 14.48
9689 1.16
9689 25.44
9689 18.04
9689 2.6
9689 2.6
9601 14.48
9601 1.16
9601 25.44
9601 18.04
9601 2.6
9601 2.6
9428 14.48
9428 1.16
9428 25.44
9428 18.04
9428 2.6
9428 2.6
9252 14.48
9252 1.16
9252 25.44
9252 18.04
9252 2.6
9252 2.6
9343 14.48
9343 1.16
9343 25.44
9343 18.04
9343 2.6
9343 2.6
9513 14.48
9513 1.16
9513 25.44
9513 18.04
9513 2.6
9513 2.6
9690 14.48
9690 1.16
9690 25.44
9690 18.04
9690 2.6
9690 2.6
9602 14.48
9602 1.16
9602 25.44
9602 18.04
9602 2.6
9602 2.6
9429 14.48
9429 1.16
9429 25.44
9429 18.04
9429 2.6
9429 2.6
9253 14.48
9253 1.16
9253 25.44
9253 18.04
9253 2.6
9253 2.6
9344 14.48
9344 1.16
9344 25.44
9344 18.04
9344 2.6
9344 2.6
9514 14.48
9514 1.16
9514 25.44
9514 18.04
9514 2.6
9514 2.6
9603 14.48
9603 1.16
9603 25.44
9603 18.04
9603 2.6
9603 2.6
9691 14.48
9691 1.16
9691 25.44
9691 18.04
9691 2.6
9691 2.6
9430 14.48
9430 1.16
9430 25.44
9430 18.04
9430 2.6
9430 2.6
9254 14.48
9254 1.16
9254 25.44
9254 18.04
9254 2.6
9254 2.6
9345 14.48
9345 1.16
9345 25.44
9345 18.04
9345 2.6
9345 2.6
9515 14.48
9515 1.16
9515 25.44
9515 18.04
9515 2.6
9515 2.6
9604 14.48
9604 1.16
9604 25.44
9604 18.04
9604 2.6
9604 2.6
9692 14.48
9692 1.16
9692 25.44
9692 18.04
9692 2.6
9692 2.6
9431 14.48
9431 1.16
9431 25.44
9431 18.04
9431 2.6
9431 2.6
9346 14.48
9346 1.16
9346 25.44
9346 18.04
9346 2.6
9346 2.6
9516 14.48
9516 1.16
9516 25.44
9516 18.04
9516 2.6
9516 2.6
9432 14.48
9432 1.16
9432 25.44
9432 18.04
9432 2.6
9432 2.6
9780 14.48
9780 1.16
9780 25.44
9780 18.04
9780 2.6
9780 2.6
9605 14.48
9605 1.16
9605 25.44
9605 18.04
9605 2.6
9605 2.6
9693 14.48
9693 1.16
9693 25.44
9693 18.04
9693 2.6
9693 2.6
9347 14.48
9347 1.16
9347 25.44
9347 18.04
9347 2.6
9347 2.6
9517 14.48
9517 1.16
9517 25.44
9517 18.04
9517 2.6
9517 2.6
9433 14.48
9433 1.16
9433 25.44
9433 18.04
9433 2.6
9433 2.6
9606 14.48
9606 1.16
9606 25.44
9606 18.04
9606 2.6
9606 2.6
9781 14.48
9781 1.16
9781 25.44
9781 18.04
9781 2.6
9781 2.6
9348 14.48
9348 1.16
9348 25.44
9348 18.04
9348 2.6
9348 2.6
9694 14.48
9694 1.16
9694 25.44
9694 18.04
9694 2.6
9694 2.6
9518 14.48
9518 1.16
9518 25.44
9518 18.04
9518 2.6
9518 2.6
9434 14.48
9434 1.16
9434 25.44
9434 18.04
9434 2.6
9434 2.6
9349 14.48
9349 1.16
9349 25.44
9349 18.04
9349 2.6
9349 2.6
9607 14.48
9607 1.16
9607 25.44
9607 18.04
9607 2.6
9607 2.6
9695 14.48
9695 1.16
9695 25.44
9695 18.04
9695 2.6
9695 2.6
9782 14.48
9782 1.16
9782 25.44
9782 18.04
9782 2.6
9782 2.6
9519 14.48
9519 1.16
9519 25.44
9519 18.04
9519 2.6
9519 2.6
9435 14.48
9435 1.16
9435 25.44
9435 18.04
9435 2.6
9435 2.6
9350 14.48
9350 1.16
9350 25.44
9350 18.04
9350 2.6
9350 2.6
9608 14.48
9608 1.16
9608 25.44
9608 18.04
9608 2.6
9608 2.6
9696 14.48
9696 1.16
9696 25.44
9696 18.04
9696 2.6
9696 2.6
9783 14.48
9783 1.16
9783 25.44
9783 18.04
9783 2.6
9783 2.6
9520 14.48
9520 1.16
9520 25.44
9520 18.04
9520 2.6
9520 2.6
9436 14.48
9436 1.16
9436 25.44
9436 18.04
9436 2.6
9436 2.6
9351 14.48
9351 1.16
9351 25.44
9351 18.04
9351 2.6
9351 2.6
9609 14.48
9609 1.16
9609 25.44
9609 18.04
9609 2.6
9609 2.6
9697 14.48
9697 1.16
9697 25.44
9697 18.04
9697 2.6
9697 2.6
9784 14.48
9784 1.16
9784 25.44
9784 18.04
9784 2.6
9784 2.6
9521 14.48
9521 1.16
9521 25.44
9521 18.04
9521 2.6
9521 2.6
9437 14.48
9437 1.16
9437 25.44
9437 18.04
9437 2.6
9437 2.6
9352 14.48
9352 1.16
9352 25.44
9352 18.04
9352 2.6
9352 2.6
9610 14.48
9610 1.16
9610 25.44
9610 18.04
9610 2.6
9610 2.6
9698 14.48
9698 1.16
9698 25.44
9698 18.04
9698 2.6
9698 2.6
9785 14.48
9785 1.16
9785 25.44
9785 18.04
9785 2.6
9785 2.6
9522 14.48
9522 1.16
9522 25.44
9522 18.04
9522 2.6
9522 2.6
9438 14.48
9438 1.16
9438 25.44
9438 18.04
9438 2.6
9438 2.6
9353 14.48
9353 1.16
9353 25.44
9353 18.04
9353 2.6
9353 2.6
9611 14.48
9611 1.16
9611 25.44
9611 18.04
9611 2.6
9611 2.6
9699 14.48
9699 1.16
9699 25.44
9699 18.04
9699 2.6
9699 2.6
9786 14.48
9786 1.16
9786 25.44
9786 18.04
9786 2.6
9786 2.6
9523 14.48
9523 1.16
9523 25.44
9523 18.04
9523 2.6
9523 2.6
9439 14.48
9439 1.16
9439 25.44
9439 18.04
9439 2.6
9439 2.6
9612 14.48
9612 1.16
9612 25.44
9612 18.04
9612 2.6
9612 2.6
9700 14.48
9700 1.16
9700 25.44
9700 18.04
9700 2.6
9700 2.6
9524 14.48
9524 1.16
9524 25.44
9524 18.04
9524 2.6
9524 2.6
9787 14.48
9787 1.16
9787 25.44
9787 18.04
9787 2.6
9787 2.6
9440 14.48
9440 1.16
9440 25.44
9440 18.04
9440 2.6
9440 2.6
9613 14.48
9613 1.16
9613 25.44
9613 18.04
9613 2.6
9613 2.6
9701 14.48
9701 1.16
9701 25.44
9701 18.04
9701 2.6
9701 2.6
9525 14.48
9525 1.16
9525 25.44
9525 18.04
9525 2.6
9525 2.6
9441 14.48
9441 1.16
9441 25.44
9441 18.04
9441 2.6
9441 2.6
9788 14.48
9788 1.16
9788 25.44
9788 18.04
9788 2.6
9788 2.6
9614 14.48
9614 1.16
9614 25.44
9614 18.04
9614 2.6
9614 2.6
9702 14.48
9702 1.16
9702 25.44
9702 18.04
9702 2.6
9702 2.6
9526 14.48
9526 1.16
9526 25.44
9526 18.04
9526 2.6
9526 2.6
9442 14.48
9442 1.16
9442 25.44
9442 18.04
9442 2.6
9442 2.6
9877 14.48
9877 1.16
9877 25.44
9877 18.04
9877 2.6
9877 2.6
9789 14.48
9789 1.16
9789 25.44
9789 18.04
9789 2.6
9789 2.6
9615 14.48
9615 1.16
9615 25.44
9615 18.04
9615 2.6
9615 2.6
9527 14.48
9527 1.16
9527 25.44
9527 18.04
9527 2.6
9527 2.6
9443 14.48
9443 1.16
9443 25.44
9443 18.04
9443 2.6
9443 2.6
9703 14.48
9703 1.16
9703 25.44
9703 18.04
9703 2.6
9703 2.6
9878 14.48
9878 1.16
9878 25.44
9878 18.04
9878 2.6
9878 2.6
9790 14.48
9790 1.16
9790 25.44
9790 18.04
9790 2.6
9790 2.6
9616 14.48
9616 1.16
9616 25.44
9616 18.04
9616 2.6
9616 2.6
9444 14.48
9444 1.16
9444 25.44
9444 18.04
9444 2.6
9444 2.6
9528 14.48
9528 1.16
9528 25.44
9528 18.04
9528 2.6
9528 2.6
9704 14.48
9704 1.16
9704 25.44
9704 18.04
9704 2.6
9704 2.6
9791 14.48
9791 1.16
9791 25.44
9791 18.04
9791 2.6
9791 2.6
9879 14.48
9879 1.16
9879 25.44
9879 18.04
9879 2.6
9879 2.6
9617 14.48
9617 1.16
9617 25.44
9617 18.04
9617 2.6
9617 2.6
9445 14.48
9445 1.16
9445 25.44
9445 18.04
9445 2.6
9445 2.6
9529 14.48
9529 1.16
9529 25.44
9529 18.04
9529 2.6
9529 2.6
9705 14.48
9705 1.16
9705 25.44
9705 18.04
9705 2.6
9705 2.6
9792 14.48
9792 1.16
9792 25.44
9792 18.04
9792 2.6
9792 2.6
9880 14.48
9880 1.16
9880 25.44
9880 18.04
9880 2.6
9880 2.6
9618 14.48
9618 1.16
9618 25.44
9618 18.04
9618 2.6
9618 2.6
9446 14.48
9446 1.16
9446 25.44
9446 18.04
9446 2.6
9446 2.6
9530 14.48
9530 1.16
9530 25.44
9530 18.04
9530 2.6
9530 2.6
9706 14.48
9706 1.16
9706 25.44
9706 18.04
9706 2.6
9706 2.6
9793 14.48
9793 1.16
9793 25.44
9793 18.04
9793 2.6
9793 2.6
9881 14.48
9881 1.16
9881 25.44
9881 18.04
9881 2.6
9881 2.6
9619 14.48
9619 1.16
9619 25.44
9619 18.04
9619 2.6
9619 2.6
9531 14.48
9531 1.16
9531 25.44
9531 18.04
9531 2.6
9531 2.6
9707 14.48
9707 1.16
9707 25.44
9707 18.04
9707 2.6
9707 2.6
9794 14.48
9794 1.16
9794 25.44
9794 18.04
9794 2.6
9794 2.6
9882 14.48
9882 1.16
9882 25.44
9882 18.04
9882 2.6
9882 2.6
9620 14.48
9620 1.16
9620 25.44
9620 18.04
9620 2.6
9620 2.6
9532 14.48
9532 1.16
9532 25.44
9532 18.04
9532 2.6
9532 2.6
9708 14.48
9708 1.16
9708 25.44
9708 18.04
9708 2.6
9708 2.6
9795 14.48
9795 1.16
9795 25.44
9795 18.04
9795 2.6
9795 2.6
9621 14.48
9621 1.16
9621 25.44
9621 18.04
9621 2.6
9621 2.6
9883 14.48
9883 1.16
9883 25.44
9883 18.04
9883 2.6
9883 2.6
9533 14.48
9533 1.16
9533 25.44
9533 18.04
9533 2.6
9533 2.6
9709 14.48
9709 1.16
9709 25.44
9709 18.04
9709 2.6
9709 2.6
9796 14.48
9796 1.16
9796 25.44
9796 18.04
9796 2.6
9796 2.6
9622 14.48
9622 1.16
9622 25.44
9622 18.04
9622 2.6
9622 2.6
9534 14.48
9534 1.16
9534 25.44
9534 18.04
9534 2.6
9534 2.6
9884 14.48
9884 1.16
9884 25.44
9884 18.04
9884 2.6
9884 2.6
9710 14.48
9710 1.16
9710 25.44
9710 18.04
9710 2.6
9710 2.6
9623 14.48
9623 1.16
9623 25.44
9623 18.04
9623 2.6
9623 2.6
9535 14.48
9535 1.16
9535 25.44
9535 18.04
9535 2.6
9535 2.6
9797 14.48
9797 1.16
9797 25.44
9797 18.04
9797 2.6
9797 2.6
9885 14.48
9885 1.16
9885 25.44
9885 18.04
9885 2.6
9885 2.6
9711 14.48
9711 1.16
9711 25.44
9711 18.04
9711 2.6
9711 2.6
9536 14.48
9536 1.16
9536 25.44
9536 18.04
9536 2.6
9536 2.6
9624 14.48
9624 1.16
9624 25.44
9624 18.04
9624 2.6
9624 2.6
9798 14.48
9798 1.16
9798 25.44
9798 18.04
9798 2.6
9798 2.6
9972 14.48
9972 1.16
9972 25.44
9972 18.04
9972 2.6
9972 2.6
9886 14.48
9886 1.16
9886 25.44
9886 18.04
9886 2.6
9886 2.6
9712 14.48
9712 1.16
9712 25.44
9712 18.04
9712 2.6
9712 2.6
9537 14.48
9537 1.16
9537 25.44
9537 18.04
9537 2.6
9537 2.6
9625 14.48
9625 1.16
9625 25.44
9625 18.04
9625 2.6
9625 2.6
9799 14.48
9799 1.16
9799 25.44
9799 18.04
9799 2.6
9799 2.6
9973 14.48
9973 1.16
9973 25.44
9973 18.04
9973 2.6
9973 2.6
9887 14.48
9887 1.16
9887 25.44
9887 18.04
9887 2.6
9887 2.6
9713 14.48
9713 1.16
9713 25.44
9713 18.04
9713 2.6
9713 2.6
9626 14.48
9626 1.16
9626 25.44
9626 18.04
9626 2.6
9626 2.6
9800 14.48
9800 1.16
9800 25.44
9800 18.04
9800 2.6
9800 2.6
9974 14.48
9974 1.16
9974 25.44
9974 18.04
9974 2.6
9974 2.6
9888 14.48
9888 1.16
9888 25.44
9888 18.04
9888 2.6
9888 2.6
9714 14.48
9714 1.16
9714 25.44
9714 18.04
9714 2.6
9714 2.6
9627 14.48
9627 1.16
9627 25.44
9627 18.04
9627 2.6
9627 2.6
9801 14.48
9801 1.16
9801 25.44
9801 18.04
9801 2.6
9801 2.6
9975 14.48
9975 1.16
9975 25.44
9975 18.04
9975 2.6
9975 2.6
9889 14.48
9889 1.16
9889 25.44
9889 18.04
9889 2.6
9889 2.6
9715 14.48
9715 1.16
9715 25.44
9715 18.04
9715 2.6
9715 2.6
9628 14.48
9628 1.16
9628 25.44
9628 18.04
9628 2.6
9628 2.6
9802 14.48
9802 1.16
9802 25.44
9802 18.04
9802 2.6
9802 2.6
9890 14.48
9890 1.16
9890 25.44
9890 18.04
9890 2.6
9890 2.6
9716 14.48
9716 1.16
9716 25.44
9716 18.04
9716 2.6
9716 2.6
9976 14.48
9976 1.16
9976 25.44
9976 18.04
9976 2.6
9976 2.6
9629 14.48
9629 1.16
9629 25.44
9629 18.04
9629 2.6
9629 2.6
9803 14.48
9803 1.16
9803 25.44
9803 18.04
9803 2.6
9803 2.6
9717 14.48
9717 1.16
9717 25.44
9717 18.04
9717 2.6
9717 2.6
9891 14.48
9891 1.16
9891 25.44
9891 18.04
9891 2.6
9891 2.6
9977 14.48
9977 1.16
9977 25.44
9977 18.04
9977 2.6
9977 2.6
9630 14.48
9630 1.16
9630 25.44
9630 18.04
9630 2.6
9630 2.6
9804 14.48
9804 1.16
9804 25.44
9804 18.04
9804 2.6
9804 2.6
9718 14.48
9718 1.16
9718 25.44
9718 18.04
9718 2.6
9718 2.6
9892 14.48
9892 1.16
9892 25.44
9892 18.04
9892 2.6
9892 2.6
9631 14.48
9631 1.16
9631 25.44
9631 18.04
9631 2.6
9631 2.6
9978 14.48
9978 1.16
9978 25.44
9978 18.04
9978 2.6
9978 2.6
9805 14.48
9805 1.16
9805 25.44
9805 18.04
9805 2.6
9805 2.6
9719 14.48
9719 1.16
9719 25.44
9719 18.04
9719 2.6
9719 2.6
9632 14.48
9632 1.16
9632 25.44
9632 18.04
9632 2.6
9632 2.6
9893 14.48
9893 1.16
9893 25.44
9893 18.04
9893 2.6
9893 2.6
9979 14.48
9979 1.16
9979 25.44
9979 18.04
9979 2.6
9979 2.6
9806 14.48
9806 1.16
9806 25.44
9806 18.04
9806 2.6
9806 2.6
9720 14.48
9720 1.16
9720 25.44
9720 18.04
9720 2.6
9720 2.6
9894 14.48
9894 1.16
9894 25.44
9894 18.04
9894 2.6
9894 2.6
9980 14.48
9980 1.16
9980 25.44
9980 18.04
9980 2.6
9980 2.6
10060 14.48
10060 1.16
10060 25.44
10060 18.04
10060 2.6
10060 2.6
9807 14.48
9807 1.16
9807 25.44
9807 18.04
9807 2.6
9807 2.6
9721 14.48
9721 1.16
9721 25.44
9721 18.04
9721 2.6
9721 2.6
9895 14.48
9895 1.16
9895 25.44
9895 18.04
9895 2.6
9895 2.6
9981 14.48
9981 1.16
9981 25.44
9981 18.04
9981 2.6
9981 2.6
10061 14.48
10061 1.16
10061 25.44
10061 18.04
10061 2.6
10061 2.6
9808 14.48
9808 1.16
9808 25.44
9808 18.04
9808 2.6
9808 2.6
9722 14.48
9722 1.16
9722 25.44
9722 18.04
9722 2.6
9722 2.6
9896 14.48
9896 1.16
9896 25.44
9896 18.04
9896 2.6
9896 2.6
9982 14.48
9982 1.16
9982 25.44
9982 18.04
9982 2.6
9982 2.6
10062 14.48
10062 1.16
10062 25.44
10062 18.04
10062 2.6
10062 2.6
9809 14.48
9809 1.16
9809 25.44
9809 18.04
9809 2.6
9809 2.6
9723 14.48
9723 1.16
9723 25.44
9723 18.04
9723 2.6
9723 2.6
9897 14.48
9897 1.16
9897 25.44
9897 18.04
9897 2.6
9897 2.6
9983 14.48
9983 1.16
9983 25.44
9983 18.04
9983 2.6
9983 2.6
10063 14.48
10063 1.16
10063 25.44
10063 18.04
10063 2.6
10063 2.6
9810 14.48
9810 1.16
9810 25.44
9810 18.04
9810 2.6
9810 2.6
9724 14.48
9724 1.16
9724 25.44
9724 18.04
9724 2.6
9724 2.6
9898 14.48
9898 1.16
9898 25.44
9898 18.04
9898 2.6
9898 2.6
9984 14.48
9984 1.16
9984 25.44
9984 18.04
9984 2.6
9984 2.6
9811 14.48
9811 1.16
9811 25.44
9811 18.04
9811 2.6
9811 2.6
10064 14.48
10064 1.16
10064 25.44
10064 18.04
10064 2.6
10064 2.6
9725 14.48
9725 1.16
9725 25.44
9725 18.04
9725 2.6
9725 2.6
9899 14.48
9899 1.16
9899 25.44
9899 18.04
9899 2.6
9899 2.6
9985 14.48
9985 1.16
9985 25.44
9985 18.04
9985 2.6
9985 2.6
9812 14.48
9812 1.16
9812 25.44
9812 18.04
9812 2.6
9812 2.6
9726 14.48
9726 1.16
9726 25.44
9726 18.04
9726 2.6
9726 2.6
10065 14.48
10065 1.16
10065 25.44
10065 18.04
10065 2.6
10065 2.6
9900 14.48
9900 1.16
9900 25.44
9900 18.04
9900 2.6
9900 2.6
9813 14.48
9813 1.16
9813 25.44
9813 18.04
9813 2.6
9813 2.6
9727 14.48
9727 1.16
9727 25.44
9727 18.04
9727 2.6
9727 2.6
9986 14.48
9986 1.16
9986 25.44
9986 18.04
9986 2.6
9986 2.6
10066 14.48
10066 1.16
10066 25.44
10066 18.04
10066 2.6
10066 2.6
9901 14.48
9901 1.16
9901 25.44
9901 18.04
9901 2.6
9901 2.6
9814 14.48
9814 1.16
9814 25.44
9814 18.04
9814 2.6
9814 2.6
9987 14.48
9987 1.16
9987 25.44
9987 18.04
9987 2.6
9987 2.6
10067 14.48
10067 1.16
10067 25.44
10067 18.04
10067 2.6
10067 2.6
9902 14.48
9902 1.16
9902 25.44
9902 18.04
9902 2.6
9902 2.6
9815 14.48
9815 1.16
9815 25.44
9815 18.04
9815 2.6
9815 2.6
9988 14.48
9988 1.16
9988 25.44
9988 18.04
9988 2.6
9988 2.6
10068 14.48
10068 1.16
10068 25.44
10068 18.04
10068 2.6
10068 2.6
9903 14.48
9903 1.16
9903 25.44
9903 18.04
9903 2.6
9903 2.6
9816 14.48
9816 1.16
9816 25.44
9816 18.04
9816 2.6
9816 2.6
9989 14.48
9989 1.16
9989 25.44
9989 18.04
9989 2.6
9989 2.6
10069 14.48
10069 1.16
10069 25.44
10069 18.04
10069 2.6
10069 2.6
10141 14.48
10141 1.16
10141 25.44
10141 18.04
10141 2.6
10141 2.6
9904 14.48
9904 1.16
9904 25.44
9904 18.04
9904 2.6
9904 2.6
9817 14.48
9817 1.16
9817 25.44
9817 18.04
9817 2.6
9817 2.6
9990 14.48
9990 1.16
9990 25.44
9990 18.04
9990 2.6
9990 2.6
10070 14.48
10070 1.16
10070 25.44
10070 18.04
10070 2.6
10070 2.6
10142 14.48
10142 1.16
10142 25.44
10142 18.04
10142 2.6
10142 2.6
9905 14.48
9905 1.16
9905 25.44
9905 18.04
9905 2.6
9905 2.6
9818 14.48
9818 1.16
9818 25.44
9818 18.04
9818 2.6
9818 2.6
9991 14.48
9991 1.16
9991 25.44
9991 18.04
9991 2.6
9991 2.6
10071 14.48
10071 1.16
10071 25.44
10071 18.04
10071 2.6
10071 2.6
9906 14.48
9906 1.16
9906 25.44
9906 18.04
9906 2.6
9906 2.6
10143 14.48
10143 1.16
10143 25.44
10143 18.04
10143 2.6
10143 2.6
9819 14.48
9819 1.16
9819 25.44
9819 18.04
9819 2.6
9819 2.6
9992 14.48
9992 1.16
9992 25.44
9992 18.04
9992 2.6
9992 2.6
10072 14.48
10072 1.16
10072 25.44
10072 18.04
10072 2.6
10072 2.6
9907 14.48
9907 1.16
9907 25.44
9907 18.04
9907 2.6
9907 2.6
9820 14.48
9820 1.16
9820 25.44
9820 18.04
9820 2.6
9820 2.6
10144 14.48
10144 1.16
10144 25.44
10144 18.04
10144 2.6
10144 2.6
9993 14.48
9993 1.16
9993 25.44
9993 18.04
9993 2.6
9993 2.6
10073 14.48
10073 1.16
10073 25.44
10073 18.04
10073 2.6
10073 2.6
9908 14.48
9908 1.16
9908 25.44
9908 18.04
9908 2.6
9908 2.6
10145 14.48
10145 1.16
10145 25.44
10145 18.04
10145 2.6
10145 2.6
9994 14.48
9994 1.16
9994 25.44
9994 18.04
9994 2.6
9994 2.6
9909 14.48
9909 1.16
9909 25.44
9909 18.04
9909 2.6
9909 2.6
10074 14.48
10074 1.16
10074 25.44
10074 18.04
10074 2.6
10074 2.6
10146 14.48
10146 1.16
10146 25.44
10146 18.04
10146 2.6
10146 2.6
9995 14.48
9995 1.16
9995 25.44
9995 18.04
9995 2.6
9995 2.6
9910 14.48
9910 1.16
9910 25.44
9910 18.04
9910 2.6
9910 2.6
10075 14.48
10075 1.16
10075 25.44
10075 18.04
10075 2.6
10075 2.6
10147 14.48
10147 1.16
10147 25.44
10147 18.04
10147 2.6
10147 2.6
9996 14.48
9996 1.16
9996 25.44
9996 18.04
9996 2.6
9996 2.6
9911 14.48
9911 1.16
9911 25.44
9911 18.04
9911 2.6
9911 2.6
10076 14.48
10076 1.16
10076 25.44
10076 18.04
10076 2.6
10076 2.6
10148 14.48
10148 1.16
10148 25.44
10148 18.04
10148 2.6
10148 2.6
9997 14.48
9997 1.16
9997 25.44
9997 18.04
9997 2.6
9997 2.6
9912 14.48
9912 1.16
9912 25.44
9912 18.04
9912 2.6
9912 2.6
10077 14.48
10077 1.16
10077 25.44
10077 18.04
10077 2.6
10077 2.6
10149 14.48
10149 1.16
10149 25.44
10149 18.04
10149 2.6
10149 2.6
9998 14.48
9998 1.16
9998 25.44
9998 18.04
9998 2.6
9998 2.6
9913 14.48
9913 1.16
9913 25.44
9913 18.04
9913 2.6
9913 2.6
10078 14.48
10078 1.16
10078 25.44
10078 18.04
10078 2.6
10078 2.6
10150 14.48
10150 1.16
10150 25.44
10150 18.04
10150 2.6
10150 2.6
9999 14.48
9999 1.16
9999 25.44
9999 18.04
9999 2.6
9999 2.6
9914 14.48
9914 1.16
9914 25.44
9914 18.04
9914 2.6
9914 2.6
10079 14.48
10079 1.16
10079 25.44
10079 18.04
10079 2.6
10079 2.6
10000 14.48
10000 1.16
10000 25.44
10000 18.04
10000 2.6
10000 2.6
10151 14.48
10151 1.16
10151 25.44
10151 18.04
10151 2.6
10151 2.6
10224 14.48
10224 1.16
10224 25.44
10224 18.04
10224 2.6
10224 2.6
10080 14.48
10080 1.16
10080 25.44
10080 18.04
10080 2.6
10080 2.6
10001 14.48
10001 1.16
10001 25.44
10001 18.04
10001 2.6
10001 2.6
10152 14.48
10152 1.16
10152 25.44
10152 18.04
10152 2.6
10152 2.6
10225 14.48
10225 1.16
10225 25.44
10225 18.04
10225 2.6
10225 2.6
10081 14.48
10081 1.16
10081 25.44
10081 18.04
10081 2.6
10081 2.6
10002 14.48
10002 1.16
10002 25.44
10002 18.04
10002 2.6
10002 2.6
10153 14.48
10153 1.16
10153 25.44
10153 18.04
10153 2.6
10153 2.6
10226 14.48
10226 1.16
10226 25.44
10226 18.04
10226 2.6
10226 2.6
10082 14.48
10082 1.16
10082 25.44
10082 18.04
10082 2.6
10082 2.6
10003 14.48
10003 1.16
10003 25.44
10003 18.04
10003 2.6
10003 2.6
10154 14.48
10154 1.16
10154 25.44
10154 18.04
10154 2.6
10154 2.6
10227 14.48
10227 1.16
10227 25.44
10227 18.04
10227 2.6
10227 2.6
10083 14.48
10083 1.16
10083 25.44
10083 18.04
10083 2.6
10083 2.6
10004 14.48
10004 1.16
10004 25.44
10004 18.04
10004 2.6
10004 2.6
10155 14.48
10155 1.16
10155 25.44
10155 18.04
10155 2.6
10155 2.6
10228 14.48
10228 1.16
10228 25.44
10228 18.04
10228 2.6
10228 2.6
10084 14.48
10084 1.16
10084 25.44
10084 18.04
10084 2.6
10084 2.6
10005 14.48
10005 1.16
10005 25.44
10005 18.04
10005 2.6
10005 2.6
10156 14.48
10156 1.16
10156 25.44
10156 18.04
10156 2.6
10156 2.6
10229 14.48
10229 1.16
10229 25.44
10229 18.04
10229 2.6
10229 2.6
10085 14.48
10085 1.16
10085 25.44
10085 18.04
10085 2.6
10085 2.6
10006 14.48
10006 1.16
10006 25.44
10006 18.04
10006 2.6
10006 2.6
10157 14.48
10157 1.16
10157 25.44
10157 18.04
10157 2.6
10157 2.6
10230 14.48
10230 1.16
10230 25.44
10230 18.04
10230 2.6
10230 2.6
10086 14.48
10086 1.16
10086 25.44
10086 18.04
10086 2.6
10086 2.6
10158 14.48
10158 1.16
10158 25.44
10158 18.04
10158 2.6
10158 2.6
10231 14.48
10231 1.16
10231 25.44
10231 18.04
10231 2.6
10231 2.6
10087 14.48
10087 1.16
10087 25.44
10087 18.04
10087 2.6
10087 2.6
10159 14.48
10159 1.16
10159 25.44
10159 18.04
10159 2.6
10159 2.6
10232 14.48
10232 1.16
10232 25.44
10232 18.04
10232 2.6
10232 2.6
10088 14.48
10088 1.16
10088 25.44
10088 18.04
10088 2.6
10088 2.6
10160 14.48
10160 1.16
10160 25.44
10160 18.04
10160 2.6
10160 2.6
10233 14.48
10233 1.16
10233 25.44
10233 18.04
10233 2.6
10233 2.6
10089 14.48
10089 1.16
10089 25.44
10089 18.04
10089 2.6
10089 2.6
10311 14.48
10311 1.16
10311 25.44
10311 18.04
10311 2.6
10311 2.6
10161 14.48
10161 1.16
10161 25.44
10161 18.04
10161 2.6
10161 2.6
10090 14.48
10090 1.16
10090 25.44
10090 18.04
10090 2.6
10090 2.6
10234 14.48
10234 1.16
10234 25.44
10234 18.04
10234 2.6
10234 2.6
10312 14.48
10312 1.16
10312 25.44
10312 18.04
10312 2.6
10312 2.6
10162 14.48
10162 1.16
10162 25.44
10162 18.04
10162 2.6
10162 2.6
10091 14.48
10091 1.16
10091 25.44
10091 18.04
10091 2.6
10091 2.6
10235 14.48
10235 1.16
10235 25.44
10235 18.04
10235 2.6
10235 2.6
10313 14.48
10313 1.16
10313 25.44
10313 18.04
10313 2.6
10313 2.6
10163 14.48
10163 1.16
10163 25.44
10163 18.04
10163 2.6
10163 2.6
10092 14.48
10092 1.16
10092 25.44
10092 18.04
10092 2.6
10092 2.6
10236 14.48
10236 1.16
10236 25.44
10236 18.04
10236 2.6
10236 2.6
10314 14.48
10314 1.16
10314 25.44
10314 18.04
10314 2.6
10314 2.6
10164 14.48
10164 1.16
10164 25.44
10164 18.04
10164 2.6
10164 2.6
10237 14.48
10237 1.16
10237 25.44
10237 18.04
10237 2.6
10237 2.6
10315 14.48
10315 1.16
10315 25.44
10315 18.04
10315 2.6
10315 2.6
10165 14.48
10165 1.16
10165 25.44
10165 18.04
10165 2.6
10165 2.6
10238 14.48
10238 1.16
10238 25.44
10238 18.04
10238 2.6
10238 2.6
10316 14.48
10316 1.16
10316 25.44
10316 18.04
10316 2.6
10316 2.6
10166 14.48
10166 1.16
10166 25.44
10166 18.04
10166 2.6
10166 2.6
10239 14.48
10239 1.16
10239 25.44
10239 18.04
10239 2.6
10239 2.6
10317 14.48
10317 1.16
10317 25.44
10317 18.04
10317 2.6
10317 2.6
10167 14.48
10167 1.16
10167 25.44
10167 18.04
10167 2.6
10167 2.6
10240 14.48
10240 1.16
10240 25.44
10240 18.04
10240 2.6
10240 2.6
10318 14.48
10318 1.16
10318 25.44
10318 18.04
10318 2.6
10318 2.6
10168 14.48
10168 1.16
10168 25.44
10168 18.04
10168 2.6
10168 2.6
10241 14.48
10241 1.16
10241 25.44
10241 18.04
10241 2.6
10241 2.6
10169 14.48
10169 1.16
10169 25.44
10169 18.04
10169 2.6
10169 2.6
10319 14.48
10319 1.16
10319 25.44
10319 18.04
10319 2.6
10319 2.6
10242 14.48
10242 1.16
10242 25.44
10242 18.04
10242 2.6
10242 2.6
10170 14.48
10170 1.16
10170 25.44
10170 18.04
10170 2.6
10170 2.6
10320 14.48
10320 1.16
10320 25.44
10320 18.04
10320 2.6
10320 2.6
10243 14.48
10243 1.16
10243 25.44
10243 18.04
10243 2.6
10243 2.6
10321 14.48
10321 1.16
10321 25.44
10321 18.04
10321 2.6
10321 2.6
10400 14.48
10400 1.16
10400 25.44
10400 18.04
10400 2.6
10400 2.6
10244 14.48
10244 1.16
10244 25.44
10244 18.04
10244 2.6
10244 2.6
10322 14.48
10322 1.16
10322 25.44
10322 18.04
10322 2.6
10322 2.6
10401 14.48
10401 1.16
10401 25.44
10401 18.04
10401 2.6
10401 2.6
10245 14.48
10245 1.16
10245 25.44
10245 18.04
10245 2.6
10245 2.6
10323 14.48
10323 1.16
10323 25.44
10323 18.04
10323 2.6
10323 2.6
10402 14.48
10402 1.16
10402 25.44
10402 18.04
10402 2.6
10402 2.6
10246 14.48
10246 1.16
10246 25.44
10246 18.04
10246 2.6
10246 2.6
10324 14.48
10324 1.16
10324 25.44
10324 18.04
10324 2.6
10324 2.6
10403 14.48
10403 1.16
10403 25.44
10403 18.04
10403 2.6
10403 2.6
10247 14.48
10247 1.16
10247 25.44
10247 18.04
10247 2.6
10247 2.6
10325 14.48
10325 1.16
10325 25.44
10325 18.04
10325 2.6
10325 2.6
10248 14.48
10248 1.16
10248 25.44
10248 18.04
10248 2.6
10248 2.6
10404 14.48
10404 1.16
10404 25.44
10404 18.04
10404 2.6
10404 2.6
10326 14.48
10326 1.16
10326 25.44
10326 18.04
10326 2.6
10326 2.6
10405 14.48
10405 1.16
10405 25.44
10405 18.04
10405 2.6
10405 2.6
10327 14.48
10327 1.16
10327 25.44
10327 18.04
10327 2.6
10327 2.6
10406 14.48
10406 1.16
10406 25.44
10406 18.04
10406 2.6
10406 2.6
10328 14.48
10328 1.16
10328 25.44
10328 18.04
10328 2.6
10328 2.6
10407 14.48
10407 1.16
10407 25.44
10407 18.04
10407 2.6
10407 2.6
10329 14.48
10329 1.16
10329 25.44
10329 18.04
10329 2.6
10329 2.6
10408 14.48
10408 1.16
10408 25.44
10408 18.04
10408 2.6
10408 2.6
10330 14.48
10330 1.16
10330 25.44
10330 18.04
10330 2.6
10330 2.6
10409 14.48
10409 1.16
10409 25.44
10409 18.04
10409 2.6
10409 2.6
10331 14.48
10331 1.16
10331 25.44
10331 18.04
10331 2.6
10331 2.6
10410 14.48
10410 1.16
10410 25.44
10410 18.04
10410 2.6
10410 2.6
10411 14.48
10411 1.16
10411 25.44
10411 18.04
10411 2.6
10411 2.6
10412 14.48
10412 1.16
10412 25.44
10412 18.04
10412 2.6
10412 2.6
10413 14.48
10413 1.16
10413 25.44
10413 18.04
10413 2.6
10413 2.6
10414 14.48
10414 1.16
10414 25.44
10414 18.04
10414 2.6
10414 2.6
10500 14.48
10500 1.16
10500 25.44
10500 18.04
10500 2.6
10500 2.6
