pt_graph scale
16280 0.4
16280 1.36
16280 13.8
16280 8.92
16280 32.8
16280 0.2
16281 0.4
16281 1.36
16281 13.8
16281 8.92
16281 32.8
16281 0.2
16342 0.4
16342 1.36
16342 13.8
16342 8.92
16342 32.8
16342 0.2
16343 0.4
16343 1.36
16343 13.8
16343 8.92
16343 32.8
16343 0.2
16344 0.4
16344 1.36
16344 13.8
16344 8.92
16344 32.8
16344 0.2
16345 0.4
16345 1.36
16345 13.8
16345 8.92
16345 32.8
16345 0.2
16346 0.4
16346 1.36
16346 13.8
16346 8.92
16346 32.8
16346 0.2
16405 0.4
16405 1.36
16405 13.8
16405 8.92
16405 32.8
16405 0.2
16406 0.4
16406 1.36
16406 13.8
16406 8.92
16406 32.8
16406 0.2
16407 0.4
16407 1.36
16407 13.8
16407 8.92
16407 32.8
16407 0.2
16408 0.4
16408 1.36
16408 13.8
16408 8.92
16408 32.8
16408 0.2
16409 0.4
16409 1.36
16409 13.8
16409 8.92
16409 32.8
16409 0.2
16466 0.4
16466 1.36
16466 13.8
16466 8.92
16466 32.8
16466 0.2
16467 0.4
16467 1.36
16467 13.8
16467 8.92
16467 32.8
16467 0.2
16468 0.4
16468 1.36
16468 13.8
16468 8.92
16468 32.8
16468 0.2
16469 0.4
16469 1.36
16469 13.8
16469 8.92
16469 32.8
16469 0.2
16470 0.4
16470 1.36
16470 13.8
16470 8.92
16470 32.8
16470 0.2
16471 0.4
16471 1.36
16471 13.8
16471 8.92
16471 32.8
16471 0.2
16526 0.4
16526 1.36
16526 13.8
16526 8.92
16526 32.8
16526 0.2
16472 0.4
16472 1.36
16472 13.8
16472 8.92
16472 32.8
16472 0.2
16527 0.4
16527 1.36
16527 13.8
16527 8.92
16527 32.8
16527 0.2
16473 0.4
16473 1.36
16473 13.8
16473 8.92
16473 32.8
16473 0.2
16528 0.4
16528 1.36
16528 13.8
16528 8.92
16528 32.8
16528 0.2
16529 0.4
16529 1.36
16529 13.8
16529 8.92
16529 32.8
16529 0.2
16530 0.4
16530 1.36
16530 13.8
16530 8.92
16530 32.8
16530 0.2
16580 0.4
16580 1.36
16580 13.8
16580 8.92
16580 32.8
16580 0.2
16531 0.4
16531 1.36
16531 13.8
16531 8.92
16531 32.8
16531 0.2
16581 0.4
16581 1.36
16581 13.8
16581 8.92
16581 32.8
16581 0.2
16532 0.4
16532 1.36
16532 13.8
16532 8.92
16532 32.8
16532 0.2
16582 0.4
16582 1.36
16582 13.8
16582 8.92
16582 32.8
16582 0.2
16533 0.4
16533 1.36
16533 13.8
16533 8.92
16533 32.8
16533 0.2
16583 0.4
16583 1.36
16583 13.8
16583 8.92
16583 32.8
16583 0.2
16584 0.4
16584 1.36
16584 13.8
16584 8.92
16584 32.8
16584 0.2
16630 0.4
16630 1.36
16630 13.8
16630 8.92
16630 32.8
16630 0.2
16585 0.4
16585 1.36
16585 13.8
16585 8.92
16585 32.8
16585 0.2
16631 0.4
16631 1.36
16631 13.8
16631 8.92
16631 32.8
16631 0.2
16586 0.4
16586 1.36
16586 13.8
16586 8.92
16586 32.8
16586 0.2
16632 0.4
16632 1.36
16632 13.8
16632 8.92
16632 32.8
16632 0.2
16587 0.4
16587 1.36
16587 13.8
16587 8.92
16587 32.8
16587 0.2
16633 0.4
16633 1.36
16633 13.8
16633 8.92
16633 32.8
16633 0.2
16588 0.4
16588 1.36
16588 13.8
16588 8.92
16588 32.8
16588 0.2
16634 0.4
16634 1.36
16634 13.8
16634 8.92
16634 32.8
16634 0.2
16635 0.4
16635 1.36
16635 13.8
16635 8.92
16635 32.8
16635 0.2
16685 0.4
16685 1.36
16685 13.8
16685 8.92
16685 32.8
16685 0.2
16636 0.4
16636 1.36
16636 13.8
16636 8.92
16636 32.8
16636 0.2
16686 0.4
16686 1.36
16686 13.8
16686 8.92
16686 32.8
16686 0.2
16637 0.4
16637 1.36
16637 13.8
16637 8.92
16637 32.8
16637 0.2
16687 0.4
16687 1.36
16687 13.8
16687 8.92
16687 32.8
16687 0.2
16638 0.4
16638 1.36
16638 13.8
16638 8.92
16638 32.8
16638 0.2
16688 0.4
16688 1.36
16688 13.8
16688 8.92
16688 32.8
16688 0.2
16639 0.4
16639 1.36
16639 13.8
16639 8.92
16639 32.8
16639 0.2
16689 0.4
16689 1.36
16689 13.8
16689 8.92
16689 32.8
16689 0.2
16733 0.4
16733 1.36
16733 13.8
16733 8.92
16733 32.8
16733 0.2
16690 0.4
16690 1.36
16690 13.8
16690 8.92
16690 32.8
16690 0.2
16734 0.4
16734 1.36
16734 13.8
16734 8.92
16734 32.8
16734 0.2
16691 0.4
16691 1.36
16691 13.8
16691 8.92
16691 32.8
16691 0.2
16735 0.4
16735 1.36
16735 13.8
16735 8.92
16735 32.8
16735 0.2
16692 0.4
16692 1.36
16692 13.8
16692 8.92
16692 32.8
16692 0.2
16736 0.4
16736 1.36
16736 13.8
16736 8.92
16736 32.8
16736 0.2
16693 0.4
16693 1.36
16693 13.8
16693 8.92
16693 32.8
16693 0.2
16737 0.4
16737 1.36
16737 13.8
16737 8.92
16737 32.8
16737 0.2
16694 0.4
16694 1.36
16694 13.8
16694 8.92
16694 32.8
16694 0.2
16738 0.4
16738 1.36
16738 13.8
16738 8.92
16738 32.8
16738 0.2
16779 0.4
16779 1.36
16779 13.8
16779 8.92
16779 32.8
16779 0.2
16739 0.4
16739 1.36
16739 13.8
16739 8.92
16739 32.8
16739 0.2
16780 0.4
16780 1.36
16780 13.8
16780 8.92
16780 32.8
16780 0.2
16740 0.4
16740 1.36
16740 13.8
16740 8.92
16740 32.8
16740 0.2
16781 0.4
16781 1.36
16781 13.8
16781 8.92
16781 32.8
16781 0.2
16741 0.4
16741 1.36
16741 13.8
16741 8.92
16741 32.8
16741 0.2
16782 0.4
16782 1.36
16782 13.8
16782 8.92
16782 32.8
16782 0.2
16742 0.4
16742 1.36
16742 13.8
16742 8.92
16742 32.8
16742 0.2
16783 0.4
16783 1.36
16783 13.8
16783 8.92
16783 32.8
16783 0.2
16824 0.4
16824 1.36
16824 13.8
16824 8.92
16824 32.8
16824 0.2
16784 0.4
16784 1.36
16784 13.8
16784 8.92
16784 32.8
16784 0.2
16825 0.4
16825 1.36
16825 13.8
16825 8.92
16825 32.8
16825 0.2
16785 0.4
16785 1.36
16785 13.8
16785 8.92
16785 32.8
16785 0.2
16826 0.4
16826 1.36
16826 13.8
16826 8.92
16826 32.8
16826 0.2
16786 0.4
16786 1.36
16786 13.8
16786 8.92
16786 32.8
16786 0.2
16827 0.4
16827 1.36
16827 13.8
16827 8.92
16827 32.8
16827 0.2
16787 0.4
16787 1.36
16787 13.8
16787 8.92
16787 32.8
16787 0.2
16828 0.4
16828 1.36
16828 13.8
16828 8.92
16828 32.8
16828 0.2
16788 0.4
16788 1.36
16788 13.8
16788 8.92
16788 32.8
16788 0.2
16865 0.4
16865 1.36
16865 13.8
16865 8.92
16865 32.8
16865 0.2
16829 0.4
16829 1.36
16829 13.8
16829 8.92
16829 32.8
16829 0.2
16789 0.4
16789 1.36
16789 13.8
16789 8.92
16789 32.8
16789 0.2
16866 0.4
16866 1.36
16866 13.8
16866 8.92
16866 32.8
16866 0.2
16830 0.4
16830 1.36
16830 13.8
16830 8.92
16830 32.8
16830 0.2
16867 0.4
16867 1.36
16867 13.8
16867 8.92
16867 32.8
16867 0.2
16831 0.4
16831 1.36
16831 13.8
16831 8.92
16831 32.8
16831 0.2
16868 0.4
16868 1.36
16868 13.8
16868 8.92
16868 32.8
16868 0.2
16832 0.4
16832 1.36
16832 13.8
16832 8.92
16832 32.8
16832 0.2
16869 0.4
16869 1.36
16869 13.8
16869 8.92
16869 32.8
16869 0.2
16833 0.4
16833 1.36
16833 13.8
16833 8.92
16833 32.8
16833 0.2
16870 0.4
16870 1.36
16870 13.8
16870 8.92
16870 32.8
16870 0.2
16834 0.4
16834 1.36
16834 13.8
16834 8.92
16834 32.8
16834 0.2
16904 0.4
16904 1.36
16904 13.8
16904 8.92
16904 32.8
16904 0.2
16871 0.4
16871 1.36
16871 13.8
16871 8.92
16871 32.8
16871 0.2
16905 0.4
16905 1.36
16905 13.8
16905 8.92
16905 32.8
16905 0.2
16872 0.4
16872 1.36
16872 13.8
16872 8.92
16872 32.8
16872 0.2
16906 0.4
16906 1.36
16906 13.8
16906 8.92
16906 32.8
16906 0.2
16873 0.4
16873 1.36
16873 13.8
16873 8.92
16873 32.8
16873 0.2
16907 0.4
16907 1.36
16907 13.8
16907 8.92
16907 32.8
16907 0.2
16874 0.4
16874 1.36
16874 13.8
16874 8.92
16874 32.8
16874 0.2
16908 0.4
16908 1.36
16908 13.8
16908 8.92
16908 32.8
16908 0.2
16875 0.4
16875 1.36
16875 13.8
16875 8.92
16875 32.8
16875 0.2
16909 0.4
16909 1.36
16909 13.8
16909 8.92
16909 32.8
16909 0.2
16876 0.4
16876 1.36
16876 13.8
16876 8.92
16876 32.8
16876 0.2
16944 0.4
16944 1.36
16944 13.8
16944 8.92
16944 32.8
16944 0.2
16910 0.4
16910 1.36
16910 13.8
16910 8.92
16910 32.8
16910 0.2
16945 0.4
16945 1.36
16945 13.8
16945 8.92
16945 32.8
16945 0.2
16911 0.4
16911 1.36
16911 13.8
16911 8.92
16911 32.8
16911 0.2
16946 0.4
16946 1.36
16946 13.8
16946 8.92
16946 32.8
16946 0.2
16912 0.4
16912 1.36
16912 13.8
16912 8.92
16912 32.8
16912 0.2
16947 0.4
16947 1.36
16947 13.8
16947 8.92
16947 32.8
16947 0.2
16913 0.4
16913 1.36
16913 13.8
16913 8.92
16913 32.8
16913 0.2
16948 0.4
16948 1.36
16948 13.8
16948 8.92
16948 32.8
16948 0.2
16914 0.4
16914 1.36
16914 13.8
16914 8.92
16914 32.8
16914 0.2
16980 0.4
16980 1.36
16980 13.8
16980 8.92
16980 32.8
16980 0.2
16949 0.4
16949 1.36
16949 13.8
16949 8.92
16949 32.8
16949 0.2
16915 0.4
16915 1.36
16915 13.8
16915 8.92
16915 32.8
16915 0.2
16981 0.4
16981 1.36
16981 13.8
16981 8.92
16981 32.8
16981 0.2
16950 0.4
16950 1.36
16950 13.8
16950 8.92
16950 32.8
16950 0.2
16916 0.4
16916 1.36
16916 13.8
16916 8.92
16916 32.8
16916 0.2
16982 0.4
16982 1.36
16982 13.8
16982 8.92
16982 32.8
16982 0.2
16951 0.4
16951 1.36
16951 13.8
16951 8.92
16951 32.8
16951 0.2
16983 0.4
16983 1.36
16983 13.8
16983 8.92
16983 32.8
16983 0.2
16952 0.4
16952 1.36
16952 13.8
16952 8.92
16952 32.8
16952 0.2
16984 0.4
16984 1.36
16984 13.8
16984 8.92
16984 32.8
16984 0.2
16953 0.4
16953 1.36
16953 13.8
16953 8.92
16953 32.8
16953 0.2
16985 0.4
16985 1.36
16985 13.8
16985 8.92
16985 32.8
16985 0.2
16954 0.4
16954 1.36
16954 13.8
16954 8.92
16954 32.8
16954 0.2
17021 0.4
17021 1.36
17021 13.8
17021 8.92
17021 32.8
17021 0.2
16986 0.4
16986 1.36
16986 13.8
16986 8.92
16986 32.8
16986 0.2
16955 0.4
16955 1.36
16955 13.8
16955 8.92
16955 32.8
16955 0.2
17022 0.4
17022 1.36
17022 13.8
17022 8.92
17022 32.8
17022 0.2
16987 0.4
16987 1.36
16987 13.8
16987 8.92
16987 32.8
16987 0.2
16956 0.4
16956 1.36
16956 13.8
16956 8.92
16956 32.8
16956 0.2
17023 0.4
17023 1.36
17023 13.8
17023 8.92
17023 32.8
17023 0.2
16988 0.4
16988 1.36
16988 13.8
16988 8.92
16988 32.8
16988 0.2
17024 0.4
17024 1.36
17024 13.8
17024 8.92
17024 32.8
17024 0.2
16989 0.4
16989 1.36
16989 13.8
16989 8.92
16989 32.8
16989 0.2
17025 0.4
17025 1.36
17025 13.8
17025 8.92
17025 32.8
17025 0.2
16990 0.4
16990 1.36
16990 13.8
16990 8.92
16990 32.8
16990 0.2
17026 0.4
17026 1.36
17026 13.8
17026 8.92
17026 32.8
17026 0.2
16991 0.4
16991 1.36
16991 13.8
16991 8.92
16991 32.8
16991 0.2
17064 0.4
17064 1.36
17064 13.8
17064 8.92
17064 32.8
17064 0.2
17027 0.4
17027 1.36
17027 13.8
17027 8.92
17027 32.8
17027 0.2
16992 0.4
16992 1.36
16992 13.8
16992 8.92
16992 32.8
16992 0.2
17065 0.4
17065 1.36
17065 13.8
17065 8.92
17065 32.8
17065 0.2
17028 0.4
17028 1.36
17028 13.8
17028 8.92
17028 32.8
17028 0.2
16993 0.4
16993 1.36
16993 13.8
16993 8.92
16993 32.8
16993 0.2
17066 0.4
17066 1.36
17066 13.8
17066 8.92
17066 32.8
17066 0.2
17029 0.4
17029 1.36
17029 13.8
17029 8.92
17029 32.8
17029 0.2
16994 0.4
16994 1.36
16994 13.8
16994 8.92
16994 32.8
16994 0.2
17067 0.4
17067 1.36
17067 13.8
17067 8.92
17067 32.8
17067 0.2
17030 0.4
17030 1.36
17030 13.8
17030 8.92
17030 32.8
17030 0.2
17068 0.4
17068 1.36
17068 13.8
17068 8.92
17068 32.8
17068 0.2
17031 0.4
17031 1.36
17031 13.8
17031 8.92
17031 32.8
17031 0.2
17069 0.4
17069 1.36
17069 13.8
17069 8.92
17069 32.8
17069 0.2
17032 0.4
17032 1.36
17032 13.8
17032 8.92
17032 32.8
17032 0.2
17106 0.4
17106 1.36
17106 13.8
17106 8.92
17106 32.8
17106 0.2
17070 0.4
17070 1.36
17070 13.8
17070 8.92
17070 32.8
17070 0.2
17033 0.4
17033 1.36
17033 13.8
17033 8.92
17033 32.8
17033 0.2
17107 0.4
17107 1.36
17107 13.8
17107 8.92
17107 32.8
17107 0.2
17071 0.4
17071 1.36
17071 13.8
17071 8.92
17071 32.8
17071 0.2
17034 0.4
17034 1.36
17034 13.8
17034 8.92
17034 32.8
17034 0.2
17108 0.4
17108 1.36
17108 13.8
17108 8.92
17108 32.8
17108 0.2
17072 0.4
17072 1.36
17072 13.8
17072 8.92
17072 32.8
17072 0.2
17035 0.4
17035 1.36
17035 13.8
17035 8.92
17035 32.8
17035 0.2
17109 0.4
17109 1.36
17109 13.8
17109 8.92
17109 32.8
17109 0.2
17073 0.4
17073 1.36
17073 13.8
17073 8.92
17073 32.8
17073 0.2
17110 0.4
17110 1.36
17110 13.8
17110 8.92
17110 32.8
17110 0.2
17074 0.4
17074 1.36
17074 13.8
17074 8.92
17074 32.8
17074 0.2
17145 0.4
17145 1.36
17145 13.8
17145 8.92
17145 32.8
17145 0.2
17111 0.4
17111 1.36
17111 13.8
17111 8.92
17111 32.8
17111 0.2
17075 0.4
17075 1.36
17075 13.8
17075 8.92
17075 32.8
17075 0.2
17146 0.4
17146 1.36
17146 13.8
17146 8.92
17146 32.8
17146 0.2
17112 0.4
17112 1.36
17112 13.8
17112 8.92
17112 32.8
17112 0.2
17076 0.4
17076 1.36
17076 13.8
17076 8.92
17076 32.8
17076 0.2
17147 0.4
17147 1.36
17147 13.8
17147 8.92
17147 32.8
17147 0.2
17113 0.4
17113 1.36
17113 13.8
17113 8.92
17113 32.8
17113 0.2
17077 0.4
17077 1.36
17077 13.8
17077 8.92
17077 32.8
17077 0.2
17148 0.4
17148 1.36
17148 13.8
17148 8.92
17148 32.8
17148 0.2
17114 0.4
17114 1.36
17114 13.8
17114 8.92
17114 32.8
17114 0.2
17078 0.4
17078 1.36
17078 13.8
17078 8.92
17078 32.8
17078 0.2
17149 0.4
17149 1.36
17149 13.8
17149 8.92
17149 32.8
17149 0.2
17115 0.4
17115 1.36
17115 13.8
17115 8.92
17115 32.8
17115 0.2
17079 0.4
17079 1.36
17079 13.8
17079 8.92
17079 32.8
17079 0.2
17150 0.4
17150 1.36
17150 13.8
17150 8.92
17150 32.8
17150 0.2
17116 0.4
17116 1.36
17116 13.8
17116 8.92
17116 32.8
17116 0.2
17185 0.4
17185 1.36
17185 13.8
17185 8.92
17185 32.8
17185 0.2
17151 0.4
17151 1.36
17151 13.8
17151 8.92
17151 32.8
17151 0.2
17117 0.4
17117 1.36
17117 13.8
17117 8.92
17117 32.8
17117 0.2
17186 0.4
17186 1.36
17186 13.8
17186 8.92
17186 32.8
17186 0.2
17152 0.4
17152 1.36
17152 13.8
17152 8.92
17152 32.8
17152 0.2
17118 0.4
17118 1.36
17118 13.8
17118 8.92
17118 32.8
17118 0.2
17187 0.4
17187 1.36
17187 13.8
17187 8.92
17187 32.8
17187 0.2
17153 0.4
17153 1.36
17153 13.8
17153 8.92
17153 32.8
17153 0.2
17119 0.4
17119 1.36
17119 13.8
17119 8.92
17119 32.8
17119 0.2
17188 0.4
17188 1.36
17188 13.8
17188 8.92
17188 32.8
17188 0.2
17154 0.4
17154 1.36
17154 13.8
17154 8.92
17154 32.8
17154 0.2
17120 0.4
17120 1.36
17120 13.8
17120 8.92
17120 32.8
17120 0.2
17189 0.4
17189 1.36
17189 13.8
17189 8.92
17189 32.8
17189 0.2
17155 0.4
17155 1.36
17155 13.8
17155 8.92
17155 32.8
17155 0.2
17121 0.4
17121 1.36
17121 13.8
17121 8.92
17121 32.8
17121 0.2
17190 0.4
17190 1.36
17190 13.8
17190 8.92
17190 32.8
17190 0.2
17156 0.4
17156 1.36
17156 13.8
17156 8.92
17156 32.8
17156 0.2
17226 0.4
17226 1.36
17226 13.8
17226 8.92
17226 32.8
17226 0.2
17191 0.4
17191 1.36
17191 13.8
17191 8.92
17191 32.8
17191 0.2
17157 0.4
17157 1.36
17157 13.8
17157 8.92
17157 32.8
17157 0.2
17227 0.4
17227 1.36
17227 13.8
17227 8.92
17227 32.8
17227 0.2
17192 0.4
17192 1.36
17192 13.8
17192 8.92
17192 32.8
17192 0.2
17158 0.4
17158 1.36
17158 13.8
17158 8.92
17158 32.8
17158 0.2
17228 0.4
17228 1.36
17228 13.8
17228 8.92
17228 32.8
17228 0.2
17193 0.4
17193 1.36
17193 13.8
17193 8.92
17193 32.8
17193 0.2
17159 0.4
17159 1.36
17159 13.8
17159 8.92
17159 32.8
17159 0.2
17229 0.4
17229 1.36
17229 13.8
17229 8.92
17229 32.8
17229 0.2
17194 0.4
17194 1.36
17194 13.8
17194 8.92
17194 32.8
17194 0.2
17160 0.4
17160 1.36
17160 13.8
17160 8.92
17160 32.8
17160 0.2
17230 0.4
17230 1.36
17230 13.8
17230 8.92
17230 32.8
17230 0.2
17195 0.4
17195 1.36
17195 13.8
17195 8.92
17195 32.8
17195 0.2
17231 0.4
17231 1.36
17231 13.8
17231 8.92
17231 32.8
17231 0.2
17196 0.4
17196 1.36
17196 13.8
17196 8.92
17196 32.8
17196 0.2
17263 0.4
17263 1.36
17263 13.8
17263 8.92
17263 32.8
17263 0.2
17232 0.4
17232 1.36
17232 13.8
17232 8.92
17232 32.8
17232 0.2
17197 0.4
17197 1.36
17197 13.8
17197 8.92
17197 32.8
17197 0.2
17264 0.4
17264 1.36
17264 13.8
17264 8.92
17264 32.8
17264 0.2
17233 0.4
17233 1.36
17233 13.8
17233 8.92
17233 32.8
17233 0.2
17198 0.4
17198 1.36
17198 13.8
17198 8.92
17198 32.8
17198 0.2
17265 0.4
17265 1.36
17265 13.8
17265 8.92
17265 32.8
17265 0.2
17234 0.4
17234 1.36
17234 13.8
17234 8.92
17234 32.8
17234 0.2
17199 0.4
17199 1.36
17199 13.8
17199 8.92
17199 32.8
17199 0.2
17266 0.4
17266 1.36
17266 13.8
17266 8.92
17266 32.8
17266 0.2
17235 0.4
17235 1.36
17235 13.8
17235 8.92
17235 32.8
17235 0.2
17200 0.4
17200 1.36
17200 13.8
17200 8.92
17200 32.8
17200 0.2
17267 0.4
17267 1.36
17267 13.8
17267 8.92
17267 32.8
17267 0.2
17236 0.4
17236 1.36
17236 13.8
17236 8.92
17236 32.8
17236 0.2
17201 0.4
17201 1.36
17201 13.8
17201 8.92
17201 32.8
17201 0.2
17268 0.4
17268 1.36
17268 13.8
17268 8.92
17268 32.8
17268 0.2
17237 0.4
17237 1.36
17237 13.8
17237 8.92
17237 32.8
17237 0.2
17296 0.4
17296 1.36
17296 13.8
17296 8.92
17296 32.8
17296 0.2
17269 0.4
17269 1.36
17269 13.8
17269 8.92
17269 32.8
17269 0.2
17238 0.4
17238 1.36
17238 13.8
17238 8.92
17238 32.8
17238 0.2
17297 0.4
17297 1.36
17297 13.8
17297 8.92
17297 32.8
17297 0.2
17270 0.4
17270 1.36
17270 13.8
17270 8.92
17270 32.8
17270 0.2
17239 0.4
17239 1.36
17239 13.8
17239 8.92
17239 32.8
17239 0.2
17298 0.4
17298 1.36
17298 13.8
17298 8.92
17298 32.8
17298 0.2
17271 0.4
17271 1.36
17271 13.8
17271 8.92
17271 32.8
17271 0.2
17240 0.4
17240 1.36
17240 13.8
17240 8.92
17240 32.8
17240 0.2
17299 0.4
17299 1.36
17299 13.8
17299 8.92
17299 32.8
17299 0.2
17272 0.4
17272 1.36
17272 13.8
17272 8.92
17272 32.8
17272 0.2
17241 0.4
17241 1.36
17241 13.8
17241 8.92
17241 32.8
17241 0.2
17300 0.4
17300 1.36
17300 13.8
17300 8.92
17300 32.8
17300 0.2
17273 0.4
17273 1.36
17273 13.8
17273 8.92
17273 32.8
17273 0.2
17242 0.4
17242 1.36
17242 13.8
17242 8.92
17242 32.8
17242 0.2
17301 0.4
17301 1.36
17301 13.8
17301 8.92
17301 32.8
17301 0.2
17274 0.4
17274 1.36
17274 13.8
17274 8.92
17274 32.8
17274 0.2
17330 0.4
17330 1.36
17330 13.8
17330 8.92
17330 32.8
17330 0.2
17302 0.4
17302 1.36
17302 13.8
17302 8.92
17302 32.8
17302 0.2
17275 0.4
17275 1.36
17275 13.8
17275 8.92
17275 32.8
17275 0.2
17331 0.4
17331 1.36
17331 13.8
17331 8.92
17331 32.8
17331 0.2
17303 0.4
17303 1.36
17303 13.8
17303 8.92
17303 32.8
17303 0.2
17276 0.4
17276 1.36
17276 13.8
17276 8.92
17276 32.8
17276 0.2
17245 0.4
17245 1.36
17245 13.8
17245 8.92
17245 32.8
17245 0.2
17332 0.4
17332 1.36
17332 13.8
17332 8.92
17332 32.8
17332 0.2
17304 0.4
17304 1.36
17304 13.8
17304 8.92
17304 32.8
17304 0.2
17277 0.4
17277 1.36
17277 13.8
17277 8.92
17277 32.8
17277 0.2
17246 0.4
17246 1.36
17246 13.8
17246 8.92
17246 32.8
17246 0.2
17333 0.4
17333 1.36
17333 13.8
17333 8.92
17333 32.8
17333 0.2
17305 0.4
17305 1.36
17305 13.8
17305 8.92
17305 32.8
17305 0.2
17278 0.4
17278 1.36
17278 13.8
17278 8.92
17278 32.8
17278 0.2
17334 0.4
17334 1.36
17334 13.8
17334 8.92
17334 32.8
17334 0.2
17306 0.4
17306 1.36
17306 13.8
17306 8.92
17306 32.8
17306 0.2
17279 0.4
17279 1.36
17279 13.8
17279 8.92
17279 32.8
17279 0.2
17335 0.4
17335 1.36
17335 13.8
17335 8.92
17335 32.8
17335 0.2
17307 0.4
17307 1.36
17307 13.8
17307 8.92
17307 32.8
17307 0.2
17365 0.4
17365 1.36
17365 13.8
17365 8.92
17365 32.8
17365 0.2
17336 0.4
17336 1.36
17336 13.8
17336 8.92
17336 32.8
17336 0.2
17308 0.4
17308 1.36
17308 13.8
17308 8.92
17308 32.8
17308 0.2
17366 0.4
17366 1.36
17366 13.8
17366 8.92
17366 32.8
17366 0.2
17337 0.4
17337 1.36
17337 13.8
17337 8.92
17337 32.8
17337 0.2
17309 0.4
17309 1.36
17309 13.8
17309 8.92
17309 32.8
17309 0.2
17367 0.4
17367 1.36
17367 13.8
17367 8.92
17367 32.8
17367 0.2
17338 0.4
17338 1.36
17338 13.8
17338 8.92
17338 32.8
17338 0.2
17310 0.4
17310 1.36
17310 13.8
17310 8.92
17310 32.8
17310 0.2
17368 0.4
17368 1.36
17368 13.8
17368 8.92
17368 32.8
17368 0.2
17339 0.4
17339 1.36
17339 13.8
17339 8.92
17339 32.8
17339 0.2
17311 0.4
17311 1.36
17311 13.8
17311 8.92
17311 32.8
17311 0.2
17369 0.4
17369 1.36
17369 13.8
17369 8.92
17369 32.8
17369 0.2
17340 0.4
17340 1.36
17340 13.8
17340 8.92
17340 32.8
17340 0.2
17312 0.4
17312 1.36
17312 13.8
17312 8.92
17312 32.8
17312 0.2
17370 0.4
17370 1.36
17370 13.8
17370 8.92
17370 32.8
17370 0.2
17341 0.4
17341 1.36
17341 13.8
17341 8.92
17341 32.8
17341 0.2
17313 0.4
17313 1.36
17313 13.8
17313 8.92
17313 32.8
17313 0.2
17400 0.4
17400 1.36
17400 13.8
17400 8.92
17400 32.8
17400 0.2
17371 0.4
17371 1.36
17371 13.8
17371 8.92
17371 32.8
17371 0.2
17342 0.4
17342 1.36
17342 13.8
17342 8.92
17342 32.8
17342 0.2
17401 0.4
17401 1.36
17401 13.8
17401 8.92
17401 32.8
17401 0.2
17372 0.4
17372 1.36
17372 13.8
17372 8.92
17372 32.8
17372 0.2
17343 0.4
17343 1.36
17343 13.8
17343 8.92
17343 32.8
17343 0.2
17402 0.4
17402 1.36
17402 13.8
17402 8.92
17402 32.8
17402 0.2
17373 0.4
17373 1.36
17373 13.8
17373 8.92
17373 32.8
17373 0.2
17344 0.4
17344 1.36
17344 13.8
17344 8.92
17344 32.8
17344 0.2
17403 0.4
17403 1.36
17403 13.8
17403 8.92
17403 32.8
17403 0.2
17374 0.4
17374 1.36
17374 13.8
17374 8.92
17374 32.8
17374 0.2
17345 0.4
17345 1.36
17345 13.8
17345 8.92
17345 32.8
17345 0.2
17404 0.4
17404 1.36
17404 13.8
17404 8.92
17404 32.8
17404 0.2
17375 0.4
17375 1.36
17375 13.8
17375 8.92
17375 32.8
17375 0.2
17346 0.4
17346 1.36
17346 13.8
17346 8.92
17346 32.8
17346 0.2
17405 0.4
17405 1.36
17405 13.8
17405 8.92
17405 32.8
17405 0.2
17376 0.4
17376 1.36
17376 13.8
17376 8.92
17376 32.8
17376 0.2
17347 0.4
17347 1.36
17347 13.8
17347 8.92
17347 32.8
17347 0.2
17434 0.4
17434 1.36
17434 13.8
17434 8.92
17434 32.8
17434 0.2
17406 0.4
17406 1.36
17406 13.8
17406 8.92
17406 32.8
17406 0.2
17377 0.4
17377 1.36
17377 13.8
17377 8.92
17377 32.8
17377 0.2
17435 0.4
17435 1.36
17435 13.8
17435 8.92
17435 32.8
17435 0.2
17407 0.4
17407 1.36
17407 13.8
17407 8.92
17407 32.8
17407 0.2
17378 0.4
17378 1.36
17378 13.8
17378 8.92
17378 32.8
17378 0.2
17436 0.4
17436 1.36
17436 13.8
17436 8.92
17436 32.8
17436 0.2
17408 0.4
17408 1.36
17408 13.8
17408 8.92
17408 32.8
17408 0.2
17379 0.4
17379 1.36
17379 13.8
17379 8.92
17379 32.8
17379 0.2
17437 0.4
17437 1.36
17437 13.8
17437 8.92
17437 32.8
17437 0.2
17409 0.4
17409 1.36
17409 13.8
17409 8.92
17409 32.8
17409 0.2
17380 0.4
17380 1.36
17380 13.8
17380 8.92
17380 32.8
17380 0.2
17438 0.4
17438 1.36
17438 13.8
17438 8.92
17438 32.8
17438 0.2
17410 0.4
17410 1.36
17410 13.8
17410 8.92
17410 32.8
17410 0.2
17381 0.4
17381 1.36
17381 13.8
17381 8.92
17381 32.8
17381 0.2
17439 0.4
17439 1.36
17439 13.8
17439 8.92
17439 32.8
17439 0.2
17411 0.4
17411 1.36
17411 13.8
17411 8.92
17411 32.8
17411 0.2
17382 0.4
17382 1.36
17382 13.8
17382 8.92
17382 32.8
17382 0.2
17470 0.4
17470 1.36
17470 13.8
17470 8.92
17470 32.8
17470 0.2
17440 0.4
17440 1.36
17440 13.8
17440 8.92
17440 32.8
17440 0.2
17412 0.4
17412 1.36
17412 13.8
17412 8.92
17412 32.8
17412 0.2
17383 0.4
17383 1.36
17383 13.8
17383 8.92
17383 32.8
17383 0.2
17471 0.4
17471 1.36
17471 13.8
17471 8.92
17471 32.8
17471 0.2
17441 0.4
17441 1.36
17441 13.8
17441 8.92
17441 32.8
17441 0.2
17413 0.4
17413 1.36
17413 13.8
17413 8.92
17413 32.8
17413 0.2
17472 0.4
17472 1.36
17472 13.8
17472 8.92
17472 32.8
17472 0.2
17442 0.4
17442 1.36
17442 13.8
17442 8.92
17442 32.8
17442 0.2
17414 0.4
17414 1.36
17414 13.8
17414 8.92
17414 32.8
17414 0.2
17473 0.4
17473 1.36
17473 13.8
17473 8.92
17473 32.8
17473 0.2
17443 0.4
17443 1.36
17443 13.8
17443 8.92
17443 32.8
17443 0.2
17415 0.4
17415 1.36
17415 13.8
17415 8.92
17415 32.8
17415 0.2
17474 0.4
17474 1.36
17474 13.8
17474 8.92
17474 32.8
17474 0.2
17444 0.4
17444 1.36
17444 13.8
17444 8.92
17444 32.8
17444 0.2
17416 0.4
17416 1.36
17416 13.8
17416 8.92
17416 32.8
17416 0.2
17475 0.4
17475 1.36
17475 13.8
17475 8.92
17475 32.8
17475 0.2
17445 0.4
17445 1.36
17445 13.8
17445 8.92
17445 32.8
17445 0.2
17417 0.4
17417 1.36
17417 13.8
17417 8.92
17417 32.8
17417 0.2
17506 0.4
17506 1.36
17506 13.8
17506 8.92
17506 32.8
17506 0.2
17476 0.4
17476 1.36
17476 13.8
17476 8.92
17476 32.8
17476 0.2
17446 0.4
17446 1.36
17446 13.8
17446 8.92
17446 32.8
17446 0.2
17418 0.4
17418 1.36
17418 13.8
17418 8.92
17418 32.8
17418 0.2
17507 0.4
17507 1.36
17507 13.8
17507 8.92
17507 32.8
17507 0.2
17477 0.4
17477 1.36
17477 13.8
17477 8.92
17477 32.8
17477 0.2
17447 0.4
17447 1.36
17447 13.8
17447 8.92
17447 32.8
17447 0.2
17508 0.4
17508 1.36
17508 13.8
17508 8.92
17508 32.8
17508 0.2
17478 0.4
17478 1.36
17478 13.8
17478 8.92
17478 32.8
17478 0.2
17448 0.4
17448 1.36
17448 13.8
17448 8.92
17448 32.8
17448 0.2
17509 0.4
17509 1.36
17509 13.8
17509 8.92
17509 32.8
17509 0.2
17479 0.4
17479 1.36
17479 13.8
17479 8.92
17479 32.8
17479 0.2
17449 0.4
17449 1.36
17449 13.8
17449 8.92
17449 32.8
17449 0.2
17510 0.4
17510 1.36
17510 13.8
17510 8.92
17510 32.8
17510 0.2
17480 0.4
17480 1.36
17480 13.8
17480 8.92
17480 32.8
17480 0.2
17450 0.4
17450 1.36
17450 13.8
17450 8.92
17450 32.8
17450 0.2
17511 0.4
17511 1.36
17511 13.8
17511 8.92
17511 32.8
17511 0.2
17481 0.4
17481 1.36
17481 13.8
17481 8.92
17481 32.8
17481 0.2
17451 0.4
17451 1.36
17451 13.8
17451 8.92
17451 32.8
17451 0.2
17512 0.4
17512 1.36
17512 13.8
17512 8.92
17512 32.8
17512 0.2
17482 0.4
17482 1.36
17482 13.8
17482 8.92
17482 32.8
17482 0.2
17452 0.4
17452 1.36
17452 13.8
17452 8.92
17452 32.8
17452 0.2
17513 0.4
17513 1.36
17513 13.8
17513 8.92
17513 32.8
17513 0.2
17483 0.4
17483 1.36
17483 13.8
17483 8.92
17483 32.8
17483 0.2
17514 0.4
17514 1.36
17514 13.8
17514 8.92
17514 32.8
17514 0.2
17484 0.4
17484 1.36
17484 13.8
17484 8.92
17484 32.8
17484 0.2
17515 0.4
17515 1.36
17515 13.8
17515 8.92
17515 32.8
17515 0.2
17485 0.4
17485 1.36
17485 13.8
17485 8.92
17485 32.8
17485 0.2
17545 0.4
17545 1.36
17545 13.8
17545 8.92
17545 32.8
17545 0.2
17516 0.4
17516 1.36
17516 13.8
17516 8.92
17516 32.8
17516 0.2
17486 0.4
17486 1.36
17486 13.8
17486 8.92
17486 32.8
17486 0.2
17546 0.4
17546 1.36
17546 13.8
17546 8.92
17546 32.8
17546 0.2
17517 0.4
17517 1.36
17517 13.8
17517 8.92
17517 32.8
17517 0.2
17487 0.4
17487 1.36
17487 13.8
17487 8.92
17487 32.8
17487 0.2
17547 0.4
17547 1.36
17547 13.8
17547 8.92
17547 32.8
17547 0.2
17518 0.4
17518 1.36
17518 13.8
17518 8.92
17518 32.8
17518 0.2
17488 0.4
17488 1.36
17488 13.8
17488 8.92
17488 32.8
17488 0.2
17548 0.4
17548 1.36
17548 13.8
17548 8.92
17548 32.8
17548 0.2
17519 0.4
17519 1.36
17519 13.8
17519 8.92
17519 32.8
17519 0.2
17549 0.4
17549 1.36
17549 13.8
17549 8.92
17549 32.8
17549 0.2
17520 0.4
17520 1.36
17520 13.8
17520 8.92
17520 32.8
17520 0.2
17550 0.4
17550 1.36
17550 13.8
17550 8.92
17550 32.8
17550 0.2
17521 0.4
17521 1.36
17521 13.8
17521 8.92
17521 32.8
17521 0.2
17579 0.4
17579 1.36
17579 13.8
17579 8.92
17579 32.8
17579 0.2
17551 0.4
17551 1.36
17551 13.8
17551 8.92
17551 32.8
17551 0.2
17522 0.4
17522 1.36
17522 13.8
17522 8.92
17522 32.8
17522 0.2
17580 0.4
17580 1.36
17580 13.8
17580 8.92
17580 32.8
17580 0.2
17552 0.4
17552 1.36
17552 13.8
17552 8.92
17552 32.8
17552 0.2
17523 0.4
17523 1.36
17523 13.8
17523 8.92
17523 32.8
17523 0.2
17581 0.4
17581 1.36
17581 13.8
17581 8.92
17581 32.8
17581 0.2
17553 0.4
17553 1.36
17553 13.8
17553 8.92
17553 32.8
17553 0.2
17582 0.4
17582 1.36
17582 13.8
17582 8.92
17582 32.8
17582 0.2
17554 0.4
17554 1.36
17554 13.8
17554 8.92
17554 32.8
17554 0.2
17583 0.4
17583 1.36
17583 13.8
17583 8.92
17583 32.8
17583 0.2
17555 0.4
17555 1.36
17555 13.8
17555 8.92
17555 32.8
17555 0.2
17584 0.4
17584 1.36
17584 13.8
17584 8.92
17584 32.8
17584 0.2
17556 0.4
17556 1.36
17556 13.8
17556 8.92
17556 32.8
17556 0.2
17614 0.4
17614 1.36
17614 13.8
17614 8.92
17614 32.8
17614 0.2
17585 0.4
17585 1.36
17585 13.8
17585 8.92
17585 32.8
17585 0.2
17557 0.4
17557 1.36
17557 13.8
17557 8.92
17557 32.8
17557 0.2
17615 0.4
17615 1.36
17615 13.8
17615 8.92
17615 32.8
17615 0.2
17586 0.4
17586 1.36
17586 13.8
17586 8.92
17586 32.8
17586 0.2
17558 0.4
17558 1.36
17558 13.8
17558 8.92
17558 32.8
17558 0.2
17616 0.4
17616 1.36
17616 13.8
17616 8.92
17616 32.8
17616 0.2
17587 0.4
17587 1.36
17587 13.8
17587 8.92
17587 32.8
17587 0.2
17559 0.4
17559 1.36
17559 13.8
17559 8.92
17559 32.8
17559 0.2
17617 0.4
17617 1.36
17617 13.8
17617 8.92
17617 32.8
17617 0.2
17588 0.4
17588 1.36
17588 13.8
17588 8.92
17588 32.8
17588 0.2
17618 0.4
17618 1.36
17618 13.8
17618 8.92
17618 32.8
17618 0.2
17589 0.4
17589 1.36
17589 13.8
17589 8.92
17589 32.8
17589 0.2
17619 0.4
17619 1.36
17619 13.8
17619 8.92
17619 32.8
17619 0.2
17590 0.4
17590 1.36
17590 13.8
17590 8.92
17590 32.8
17590 0.2
17649 0.4
17649 1.36
17649 13.8
17649 8.92
17649 32.8
17649 0.2
17620 0.4
17620 1.36
17620 13.8
17620 8.92
17620 32.8
17620 0.2
17591 0.4
17591 1.36
17591 13.8
17591 8.92
17591 32.8
17591 0.2
17650 0.4
17650 1.36
17650 13.8
17650 8.92
17650 32.8
17650 0.2
17621 0.4
17621 1.36
17621 13.8
17621 8.92
17621 32.8
17621 0.2
17592 0.4
17592 1.36
17592 13.8
17592 8.92
17592 32.8
17592 0.2
17651 0.4
17651 1.36
17651 13.8
17651 8.92
17651 32.8
17651 0.2
17622 0.4
17622 1.36
17622 13.8
17622 8.92
17622 32.8
17622 0.2
17593 0.4
17593 1.36
17593 13.8
17593 8.92
17593 32.8
17593 0.2
17652 0.4
17652 1.36
17652 13.8
17652 8.92
17652 32.8
17652 0.2
17623 0.4
17623 1.36
17623 13.8
17623 8.92
17623 32.8
17623 0.2
17594 0.4
17594 1.36
17594 13.8
17594 8.92
17594 32.8
17594 0.2
17653 0.4
17653 1.36
17653 13.8
17653 8.92
17653 32.8
17653 0.2
17624 0.4
17624 1.36
17624 13.8
17624 8.92
17624 32.8
17624 0.2
17654 0.4
17654 1.36
17654 13.8
17654 8.92
17654 32.8
17654 0.2
17625 0.4
17625 1.36
17625 13.8
17625 8.92
17625 32.8
17625 0.2
17655 0.4
17655 1.36
17655 13.8
17655 8.92
17655 32.8
17655 0.2
17626 0.4
17626 1.36
17626 13.8
17626 8.92
17626 32.8
17626 0.2
17682 0.4
17682 1.36
17682 13.8
17682 8.92
17682 32.8
17682 0.2
17656 0.4
17656 1.36
17656 13.8
17656 8.92
17656 32.8
17656 0.2
17627 0.4
17627 1.36
17627 13.8
17627 8.92
17627 32.8
17627 0.2
17683 0.4
17683 1.36
17683 13.8
17683 8.92
17683 32.8
17683 0.2
17657 0.4
17657 1.36
17657 13.8
17657 8.92
17657 32.8
17657 0.2
17628 0.4
17628 1.36
17628 13.8
17628 8.92
17628 32.8
17628 0.2
17684 0.4
17684 1.36
17684 13.8
17684 8.92
17684 32.8
17684 0.2
17658 0.4
17658 1.36
17658 13.8
17658 8.92
17658 32.8
17658 0.2
17629 0.4
17629 1.36
17629 13.8
17629 8.92
17629 32.8
17629 0.2
17685 0.4
17685 1.36
17685 13.8
17685 8.92
17685 32.8
17685 0.2
17659 0.4
17659 1.36
17659 13.8
17659 8.92
17659 32.8
17659 0.2
17630 0.4
17630 1.36
17630 13.8
17630 8.92
17630 32.8
17630 0.2
17686 0.4
17686 1.36
17686 13.8
17686 8.92
17686 32.8
17686 0.2
17660 0.4
17660 1.36
17660 13.8
17660 8.92
17660 32.8
17660 0.2
17687 0.4
17687 1.36
17687 13.8
17687 8.92
17687 32.8
17687 0.2
17661 0.4
17661 1.36
17661 13.8
17661 8.92
17661 32.8
17661 0.2
17688 0.4
17688 1.36
17688 13.8
17688 8.92
17688 32.8
17688 0.2
17662 0.4
17662 1.36
17662 13.8
17662 8.92
17662 32.8
17662 0.2
17689 0.4
17689 1.36
17689 13.8
17689 8.92
17689 32.8
17689 0.2
17663 0.4
17663 1.36
17663 13.8
17663 8.92
17663 32.8
17663 0.2
17690 0.4
17690 1.36
17690 13.8
17690 8.92
17690 32.8
17690 0.2
17664 0.4
17664 1.36
17664 13.8
17664 8.92
17664 32.8
17664 0.2
17691 0.4
17691 1.36
17691 13.8
17691 8.92
17691 32.8
17691 0.2
17665 0.4
17665 1.36
17665 13.8
17665 8.92
17665 32.8
17665 0.2
17720 0.4
17720 1.36
17720 13.8
17720 8.92
17720 32.8
17720 0.2
17692 0.4
17692 1.36
17692 13.8
17692 8.92
17692 32.8
17692 0.2
17666 0.4
17666 1.36
17666 13.8
17666 8.92
17666 32.8
17666 0.2
17721 0.4
17721 1.36
17721 13.8
17721 8.92
17721 32.8
17721 0.2
17693 0.4
17693 1.36
17693 13.8
17693 8.92
17693 32.8
17693 0.2
17722 0.4
17722 1.36
17722 13.8
17722 8.92
17722 32.8
17722 0.2
17694 0.4
17694 1.36
17694 13.8
17694 8.92
17694 32.8
17694 0.2
17723 0.4
17723 1.36
17723 13.8
17723 8.92
17723 32.8
17723 0.2
17695 0.4
17695 1.36
17695 13.8
17695 8.92
17695 32.8
17695 0.2
17724 0.4
17724 1.36
17724 13.8
17724 8.92
17724 32.8
17724 0.2
17696 0.4
17696 1.36
17696 13.8
17696 8.92
17696 32.8
17696 0.2
17725 0.4
17725 1.36
17725 13.8
17725 8.92
17725 32.8
17725 0.2
17697 0.4
17697 1.36
17697 13.8
17697 8.92
17697 32.8
17697 0.2
17755 0.4
17755 1.36
17755 13.8
17755 8.92
17755 32.8
17755 0.2
17726 0.4
17726 1.36
17726 13.8
17726 8.92
17726 32.8
17726 0.2
17698 0.4
17698 1.36
17698 13.8
17698 8.92
17698 32.8
17698 0.2
17756 0.4
17756 1.36
17756 13.8
17756 8.92
17756 32.8
17756 0.2
17727 0.4
17727 1.36
17727 13.8
17727 8.92
17727 32.8
17727 0.2
17699 0.4
17699 1.36
17699 13.8
17699 8.92
17699 32.8
17699 0.2
17700 0.4
17700 1.36
17700 13.8
17700 8.92
17700 32.8
17700 0.2
17729 0.4
17729 1.36
17729 13.8
17729 8.92
17729 32.8
17729 0.2
17701 0.4
17701 1.36
17701 13.8
17701 8.92
17701 32.8
17701 0.2
17730 0.4
17730 1.36
17730 13.8
17730 8.92
17730 32.8
17730 0.2
17731 0.4
17731 1.36
17731 13.8
17731 8.92
17731 32.8
17731 0.2
17732 0.4
17732 1.36
17732 13.8
17732 8.92
17732 32.8
17732 0.2
17733 0.4
17733 1.36
17733 13.8
17733 8.92
17733 32.8
17733 0.2
17734 0.4
17734 1.36
17734 13.8
17734 8.92
17734 32.8
17734 0.2
17735 0.4
17735 1.36
17735 13.8
17735 8.92
17735 32.8
17735 0.2
17765 0.4
17765 1.36
17765 13.8
17765 8.92
17765 32.8
17765 0.2
17736 0.4
17736 1.36
17736 13.8
17736 8.92
17736 32.8
17736 0.2
17766 0.4
17766 1.36
17766 13.8
17766 8.92
17766 32.8
17766 0.2
17767 0.4
17767 1.36
17767 13.8
17767 8.92
17767 32.8
17767 0.2
17768 0.4
17768 1.36
17768 13.8
17768 8.92
17768 32.8
17768 0.2
17740 0.4
17740 1.36
17740 13.8
17740 8.92
17740 32.8
17740 0.2
17741 0.4
17741 1.36
17741 13.8
17741 8.92
17741 32.8
17741 0.2
17742 0.4
17742 1.36
17742 13.8
17742 8.92
17742 32.8
17742 0.2
17771 0.4
17771 1.36
17771 13.8
17771 8.92
17771 32.8
17771 0.2
17743 0.4
17743 1.36
17743 13.8
17743 8.92
17743 32.8
17743 0.2
17772 0.4
17772 1.36
17772 13.8
17772 8.92
17772 32.8
17772 0.2
17744 0.4
17744 1.36
17744 13.8
17744 8.92
17744 32.8
17744 0.2
17773 0.4
17773 1.36
17773 13.8
17773 8.92
17773 32.8
17773 0.2
17774 0.4
17774 1.36
17774 13.8
17774 8.92
17774 32.8
17774 0.2
17775 0.4
17775 1.36
17775 13.8
17775 8.92
17775 32.8
17775 0.2
17776 0.4
17776 1.36
17776 13.8
17776 8.92
17776 32.8
17776 0.2
17804 0.4
17804 1.36
17804 13.8
17804 8.92
17804 32.8
17804 0.2
17777 0.4
17777 1.36
17777 13.8
17777 8.92
17777 32.8
17777 0.2
17805 0.4
17805 1.36
17805 13.8
17805 8.92
17805 32.8
17805 0.2
17778 0.4
17778 1.36
17778 13.8
17778 8.92
17778 32.8
17778 0.2
17806 0.4
17806 1.36
17806 13.8
17806 8.92
17806 32.8
17806 0.2
17779 0.4
17779 1.36
17779 13.8
17779 8.92
17779 32.8
17779 0.2
17807 0.4
17807 1.36
17807 13.8
17807 8.92
17807 32.8
17807 0.2
17808 0.4
17808 1.36
17808 13.8
17808 8.92
17808 32.8
17808 0.2
17809 0.4
17809 1.36
17809 13.8
17809 8.92
17809 32.8
17809 0.2
17810 0.4
17810 1.36
17810 13.8
17810 8.92
17810 32.8
17810 0.2
17811 0.4
17811 1.36
17811 13.8
17811 8.92
17811 32.8
17811 0.2
17812 0.4
17812 1.36
17812 13.8
17812 8.92
17812 32.8
17812 0.2
17813 0.4
17813 1.36
17813 13.8
17813 8.92
17813 32.8
17813 0.2
17837 0.4
17837 1.36
17837 13.8
17837 8.92
17837 32.8
17837 0.2
17838 0.4
17838 1.36
17838 13.8
17838 8.92
17838 32.8
17838 0.2
17839 0.4
17839 1.36
17839 13.8
17839 8.92
17839 32.8
17839 0.2
17840 0.4
17840 1.36
17840 13.8
17840 8.92
17840 32.8
17840 0.2
17841 0.4
17841 1.36
17841 13.8
17841 8.92
17841 32.8
17841 0.2
17842 0.4
17842 1.36
17842 13.8
17842 8.92
17842 32.8
17842 0.2
17843 0.4
17843 1.36
17843 13.8
17843 8.92
17843 32.8
17843 0.2
17862 0.4
17862 1.36
17862 13.8
17862 8.92
17862 32.8
17862 0.2
17864 0.4
17864 1.36
17864 13.8
17864 8.92
17864 32.8
17864 0.2
17865 0.4
17865 1.36
17865 13.8
17865 8.92
17865 32.8
17865 0.2
17866 0.4
17866 1.36
17866 13.8
17866 8.92
17866 32.8
17866 0.2
17867 0.4
17867 1.36
17867 13.8
17867 8.92
17867 32.8
17867 0.2
17868 0.4
17868 1.36
17868 13.8
17868 8.92
17868 32.8
17868 0.2
17881 0.4
17881 1.36
17881 13.8
17881 8.92
17881 32.8
17881 0.2
17882 0.4
17882 1.36
17882 13.8
17882 8.92
17882 32.8
17882 0.2
17883 0.4
17883 1.36
17883 13.8
17883 8.92
17883 32.8
17883 0.2
17884 0.4
17884 1.36
17884 13.8
17884 8.92
17884 32.8
17884 0.2
17885 0.4
17885 1.36
17885 13.8
17885 8.92
17885 32.8
17885 0.2
