ITAANCON103RP1|2|4790|5|27.9|587|1500|26|2000|14000|300000|4|4|4|85.84
ITAANCON103RP2|2|4790|5|27.9|587|1500|26|2000|14000|300000|4|4|4|85.84
ITAANCON103RP3|2|4790|5|27.9|587|1500|26|2000|14000|300000|4|4|4|85.84
ITAANCON25NT1|2|4790|5|27.9|587|1500|26|2000|14000|300000|4|4|4|19.68
ITAANCON25NT2|2|4790|5|27.9|587|1500|26|2000|14000|300000|4|4|4|19.68
ITAANCON25NT3|2|4790|5|27.9|587|1500|26|2000|14000|300000|4|4|4|19.68
ITAANCON25NT4|2|4790|5|27.9|587|1500|26|2000|14000|300000|4|4|4|19.68
ITAANCON25NT5|2|4790|5|27.9|587|1500|26|2000|14000|300000|4|4|4|19.68
ITAANCON25NT6|2|4790|5|27.9|587|1500|26|2000|14000|300000|4|4|4|19.68
ITAANCON25NT7|2|4790|5|27.9|587|1500|26|2000|14000|300000|4|4|4|19.68
ITAANCON25NT8|2|4790|5|27.9|587|1500|26|2000|14000|300000|4|4|4|19.68
ITAANCON25NT9|2|4790|5|27.9|587|1500|26|2000|14000|300000|4|4|4|19.68
ITAANCON25NT10|2|4790|5|27.9|587|1500|26|2000|14000|300000|4|4|4|19.68
ITAANCON25NT11|2|4790|5|27.9|587|1500|26|2000|14000|300000|4|4|4|19.68
ITAANCON25NT12|2|4790|5|27.9|587|1500|26|2000|14000|300000|4|4|4|19.68
ITAANCON25NT13|2|4790|5|27.9|587|1500|26|2000|14000|300000|4|4|4|19.68
ITAANCON77OT1|2|4790|5|27.9|587|1500|26|2000|14000|300000|4|4|4|85.84
ITAANCON77OT2|2|4790|5|27.9|587|1500|26|2000|14000|300000|4|4|4|85.84
ITAANCON77OT3|2|4790|5|27.9|587|1500|26|2000|14000|300000|4|4|4|85.84
ITAANCON77OT4|2|4790|5|27.9|587|1500|26|2000|14000|300000|4|4|4|85.84
ITAANCON77OT5|2|4790|5|27.9|587|1500|26|2000|14000|300000|4|4|4|85.84
ITAANCON77OT6|2|4790|5|27.9|587|1500|26|2000|14000|300000|4|4|4|85.84
ITAANCON77OT7|2|4790|5|27.9|587|1500|26|2000|14000|300000|4|4|4|85.84
ITAANCON77OT8|2|4790|5|27.9|587|1500|26|2000|14000|300000|4|4|4|85.84
ITAANCON77OT9|2|4790|5|27.9|587|1500|26|2000|14000|300000|4|4|4|85.84
ITAANCON77OT10|2|4790|5|27.9|587|1500|26|2000|14000|300000|4|4|4|85.84
ITAANCON77OT11|2|4790|5|27.9|587|1500|26|2000|14000|300000|4|4|4|85.84
ITAANCON77OT12|2|4790|5|27.9|587|1500|26|2000|14000|300000|4|4|4|85.84
ITAANCON77OT13|2|4790|5|27.9|587|1500|26|2000|14000|300000|4|4|4|85.84
ITAANCON77OT14|2|4790|5|27.9|587|1500|26|2000|14000|300000|4|4|4|85.84
ITABELLA10NT1|2|4790|5|27.9|587|1500|26|2000|14000|300000|4|4|4|23.44
ITABELLA10NT2|2|4790|5|27.9|587|1500|26|2000|14000|300000|4|4|4|23.44
ITABELLA10NT3|2|4790|5|27.9|587|1500|26|2000|14000|300000|4|4|4|23.44
ITABELLA10NT4|2|4790|5|27.9|587|1500|26|2000|14000|300000|4|4|4|23.44
ITABELLA10NT5|2|4790|5|27.9|587|1500|26|2000|14000|300000|4|4|4|23.44
ITABELLA10NT6|2|4790|5|27.9|587|1500|26|2000|14000|300000|4|4|4|23.44
ITABELLA10NT7|2|4790|5|27.9|587|1500|26|2000|14000|300000|4|4|4|23.44
ITABELLA63OT1|2|4790|5|27.9|587|1500|26|2000|14000|300000|4|4|4|53.28
ITABELLA63OT2|2|4790|5|27.9|587|1500|26|2000|14000|300000|4|4|4|53.28
ITABELLA63OT3|2|4790|5|27.9|587|1500|26|2000|14000|300000|4|4|4|53.28
ITABURAN44NT1|2|4790|5|27.9|587|1500|26|2000|14000|300000|4|4|4|32.56
ITABURAN44NT2|2|4790|5|27.9|587|1500|26|2000|14000|300000|4|4|4|32.56
ITABURAN44NT3|2|4790|5|27.9|587|1500|26|2000|14000|300000|4|4|4|32.56
ITABURAN93OT1|2|4790|5|27.9|58.7|1500|26|2000|2800|150000|4|4|4|10.61
ITABURAN93OT2|2|4790|5|27.9|58.7|1500|26|2000|2800|150000|4|4|4|10.61
ITABURAN93OT3|2|4790|5|27.9|58.7|1500|26|2000|2800|150000|4|4|4|10.61
ITABURAN93OT4|2|4790|5|27.9|58.7|1500|26|2000|2800|150000|4|4|4|10.61
ITACAORL45NT1|2|4790|5|27.9|587|1500|26|2000|14000|300000|4|4|4|27.12
ITACAORL45NT2|2|4790|5|27.9|587|1500|26|2000|14000|300000|4|4|4|27.12
ITACAORL45NT3|2|4790|5|27.9|587|1500|26|2000|14000|300000|4|4|4|27.12
ITACAORL45NT4|2|4790|5|27.9|587|1500|26|2000|14000|300000|4|4|4|27.12
ITACAORL45NT5|2|4790|5|27.9|587|1500|26|2000|14000|300000|4|4|4|27.12
ITACAORL45NT6|2|4790|5|27.9|587|1500|26|2000|14000|300000|4|4|4|27.12
ITACAORL45NT7|2|4790|5|27.9|587|1500|26|2000|14000|300000|4|4|4|27.12
ITACAORL45NT8|2|4790|5|27.9|587|1500|26|2000|14000|300000|4|4|4|27.12
ITACAORL45NT9|2|4790|5|27.9|587|1500|26|2000|14000|300000|4|4|4|27.12
ITACAORL94OT1|2|4790|5|27.9|587|1500|26|2000|14000|300000|4|4|4|54.24
ITACAORL94OT2|2|4790|5|27.9|587|1500|26|2000|14000|300000|4|4|4|54.24
ITACAORL94OT3|2|4790|5|27.9|587|1500|26|2000|14000|300000|4|4|4|54.24
ITACAORL94OT4|2|4790|5|27.9|587|1500|26|2000|14000|300000|4|4|4|54.24
ITACAORL94OT5|2|4790|5|27.9|587|1500|26|2000|14000|300000|4|4|4|54.24
ITACAORL94OT6|2|4790|5|27.9|587|1500|26|2000|14000|300000|4|4|4|54.24
ITACAORL94OT7|2|4790|5|27.9|587|1500|26|2000|14000|300000|4|4|4|54.24
ITACAORL94OT8|2|4790|5|27.9|587|1500|26|2000|14000|300000|4|4|4|54.24
ITACAORL94OT9|2|4790|5|27.9|587|1500|26|2000|14000|300000|4|4|4|54.24
ITACAORL94OT10|2|4790|5|27.9|587|1500|26|2000|14000|300000|4|4|4|54.24
ITACAORL94OT11|2|4790|5|27.9|587|1500|26|2000|14000|300000|4|4|4|54.24
ITACATTO11NT1|2|4790|5|27.9|587|1500|26|2000|14000|300000|4|4|4|29.76
ITACATTO11NT2|2|4790|5|27.9|587|1500|26|2000|14000|300000|4|4|4|29.76
ITACATTO11NT3|2|4790|5|27.9|587|1500|26|2000|14000|300000|4|4|4|29.76
ITACATTO12NL1|2|4790|5|27.9|587|1500|26|2000|14000|300000|4|4|4|21
ITACATTO64OT1|2|4790|5|27.9|587|1500|26|2000|14000|300000|4|4|4|65
ITACATTO64OT2|2|4790|5|27.9|587|1500|26|2000|14000|300000|4|4|4|65
ITACERVI13NT1|2|4790|5|27.9|587|1500|26|2000|14000|300000|4|4|4|29.04
ITACERVI13NT2|2|4790|5|27.9|587|1500|26|2000|14000|300000|4|4|4|29.04
ITACERVI13NT3|2|4790|5|27.9|587|1500|26|2000|14000|300000|4|4|4|29.04
ITACERVI13NT4|2|4790|5|27.9|587|1500|26|2000|14000|300000|4|4|4|29.04
ITACERVI65OT1|2|4790|5|27.9|587|1500|26|2000|14000|300000|4|4|4|51.4
ITACERVI65OT2|2|4790|5|27.9|587|1500|26|2000|14000|300000|4|4|4|51.4
ITACESEN14NT1|2|4790|5|27.9|587|1500|26|2000|14000|300000|4|4|4|26.76
ITACESEN14NT2|2|4790|5|27.9|587|1500|26|2000|14000|300000|4|4|4|26.76
ITACESEN66OT1|2|4790|5|27.9|587|1500|26|2000|14000|300000|4|4|4|61.2
ITACESEN66OT2|2|4790|5|27.9|587|1500|26|2000|14000|300000|4|4|4|61.2
ITACESEN66OT3|2|4790|5|27.9|587|1500|26|2000|14000|300000|4|4|4|61.2
ITACESEN66OT4|2|4790|5|27.9|587|1500|26|2000|14000|300000|4|4|4|61.2
ITACESEN66OT5|2|4790|5|27.9|587|1500|26|2000|14000|300000|4|4|4|61.2
ITACESEN66OT6|2|4790|5|27.9|587|1500|26|2000|14000|300000|4|4|4|61.2
ITACESEN66OT7|2|4790|5|27.9|587|1500|26|2000|14000|300000|4|4|4|61.2
ITACESEN66OT8|2|4790|5|27.9|587|1500|26|2000|14000|300000|4|4|4|61.2
ITACESEN66OT9|2|4790|5|27.9|587|1500|26|2000|14000|300000|4|4|4|61.2
ITACESEN66OT10|2|4790|5|27.9|587|1500|26|2000|14000|300000|4|4|4|61.2
ITACHIOG106RP1|2|4790|5|27.9|587|1500|26|2000|14000|300000|4|4|4|74.28
ITACHIOG106RP2|2|4790|5|27.9|587|1500|26|2000|14000|300000|4|4|4|74.28
ITACHIOG106RP3|2|4790|5|27.9|587|1500|26|2000|14000|300000|4|4|4|74.28
ITACHIOG106RP4|2|4790|5|27.9|587|1500|26|2000|14000|300000|4|4|4|74.28
ITACHIOG106RP5|2|4790|5|27.9|587|1500|26|2000|14000|300000|4|4|4|74.28
ITACHIOG106RP6|2|4790|5|27.9|587|1500|26|2000|14000|300000|4|4|4|74.28
ITACHIOG106RP7|2|4790|5|27.9|587|1500|26|2000|14000|300000|4|4|4|74.28
ITACHIOG106RP8|2|4790|5|27.9|587|1500|26|2000|14000|300000|4|4|4|74.28
ITACHIOG46NT1|2|4790|5|27.9|587|1500|26|2000|14000|300000|4|4|4|31.16
ITACHIOG46NT2|2|4790|5|27.9|587|1500|26|2000|14000|300000|4|4|4|31.16
ITACHIOG46NT3|2|4790|5|27.9|587|1500|26|2000|14000|300000|4|4|4|31.16
ITACHIOG46NT4|2|4790|5|27.9|587|1500|26|2000|14000|300000|4|4|4|31.16
ITACHIOG46NT5|2|4790|5|27.9|587|1500|26|2000|14000|300000|4|4|4|31.16
ITACHIOG46NT6|2|4790|5|27.9|587|1500|26|2000|14000|300000|4|4|4|31.16
ITACHIOG46NT7|2|4790|5|27.9|587|1500|26|2000|14000|300000|4|4|4|31.16
ITACHIOG46NT8|2|4790|5|27.9|587|1500|26|2000|14000|300000|4|4|4|31.16
ITACHIOG46NT9|2|4790|5|27.9|587|1500|26|2000|14000|300000|4|4|4|31.16
ITACHIOG46NT10|2|4790|5|27.9|587|1500|26|2000|14000|300000|4|4|4|31.16
ITACHIOG95OT1|2|4790|5|27.9|587|1500|26|2000|14000|300000|4|4|4|74.28
ITACHIOG95OT2|2|4790|5|27.9|587|1500|26|2000|14000|300000|4|4|4|74.28
ITACHIOG95OT3|2|4790|5|27.9|587|1500|26|2000|14000|300000|4|4|4|74.28
ITACHIOG95OT4|2|4790|5|27.9|587|1500|26|2000|14000|300000|4|4|4|74.28
ITACHIOG95OT5|2|4790|5|27.9|587|1500|26|2000|14000|300000|4|4|4|74.28
ITACHIOG95OT6|2|4790|5|27.9|587|1500|26|2000|14000|300000|4|4|4|74.28
ITACHIOG95OT7|2|4790|5|27.9|587|1500|26|2000|14000|300000|4|4|4|74.28
ITACHIOG95OT8|2|4790|5|27.9|587|1500|26|2000|14000|300000|4|4|4|74.28
ITACHIOG95OT9|2|4790|5|27.9|587|1500|26|2000|14000|300000|4|4|4|74.28
ITACHIOG95OT10|2|4790|5|27.9|587|1500|26|2000|14000|300000|4|4|4|74.28
ITACHIOG95OT11|2|4790|5|27.9|587|1500|26|2000|14000|300000|4|4|4|74.28
ITACHIOG95OT12|2|4790|5|27.9|587|1500|26|2000|14000|300000|4|4|4|74.28
ITACHIOG95OT13|2|4790|5|27.9|587|1500|26|2000|14000|300000|4|4|4|74.28
ITACHIOG95OT14|2|4790|5|27.9|587|1500|26|2000|14000|300000|4|4|4|74.28
ITACHIOG95OT15|2|4790|5|27.9|587|1500|26|2000|14000|300000|4|4|4|74.28
ITACHIOG95OT16|2|4790|5|27.9|587|1500|26|2000|14000|300000|4|4|4|74.28
ITACHIOG95OT17|2|4790|5|27.9|587|1500|26|2000|14000|300000|4|4|4|74.28
ITACHIOG95OT18|2|4790|5|27.9|587|1500|26|2000|14000|300000|4|4|4|74.28
ITACHIOG95OT19|2|4790|5|27.9|587|1500|26|2000|14000|300000|4|4|4|74.28
ITACHIOG95OT20|2|4790|5|27.9|587|1500|26|2000|14000|300000|4|4|4|74.28
ITACHIOG95OT21|2|4790|5|27.9|587|1500|26|2000|14000|300000|4|4|4|74.28
ITACHIOG95OT22|2|4790|5|27.9|587|1500|26|2000|14000|300000|4|4|4|74.28
ITACHIOG95OT23|2|4790|5|27.9|587|1500|26|2000|14000|300000|4|4|4|74.28
ITACHIOG95OT24|2|4790|5|27.9|587|1500|26|2000|14000|300000|4|4|4|74.28
ITACHIOG95OT25|2|4790|5|27.9|587|1500|26|2000|14000|300000|4|4|4|74.28
ITACIVIT104RP1|2|4790|5|27.9|587|1500|26|2000|14000|300000|4|4|4|76.64
ITACIVIT104RP2|2|4790|5|27.9|587|1500|26|2000|14000|300000|4|4|4|76.64
ITACIVIT26NT1|2|4790|5|27.9|587|1500|26|2000|14000|300000|4|4|4|22.96
ITACIVIT26NT2|2|4790|5|27.9|587|1500|26|2000|14000|300000|4|4|4|22.96
ITACIVIT26NT3|2|4790|5|27.9|587|1500|26|2000|14000|300000|4|4|4|22.96
ITACIVIT26NT4|2|4790|5|27.9|587|1500|26|2000|14000|300000|4|4|4|22.96
ITACIVIT26NT5|2|4790|5|27.9|587|1500|26|2000|14000|300000|4|4|4|22.96
ITACIVIT26NT6|2|4790|5|27.9|587|1500|26|2000|14000|300000|4|4|4|22.96
ITACIVIT26NT7|2|4790|5|27.9|587|1500|26|2000|14000|300000|4|4|4|22.96
ITACIVIT26NT8|2|4790|5|27.9|587|1500|26|2000|14000|300000|4|4|4|22.96
ITACIVIT78OT1|2|4790|5|27.9|587|1500|26|2000|14000|300000|4|4|4|76.64
ITACIVIT78OT2|2|4790|5|27.9|587|1500|26|2000|14000|300000|4|4|4|76.64
ITACIVIT78OT3|2|4790|5|27.9|587|1500|26|2000|14000|300000|4|4|4|76.64
ITACIVIT78OT4|2|4790|5|27.9|587|1500|26|2000|14000|300000|4|4|4|76.64
ITACIVIT78OT5|2|4790|5|27.9|587|1500|26|2000|14000|300000|4|4|4|76.64
ITACIVIT78OT6|2|4790|5|27.9|587|1500|26|2000|14000|300000|4|4|4|76.64
ITACIVIT78OT7|2|4790|5|27.9|587|1500|26|2000|14000|300000|4|4|4|76.64
ITACIVIT78OT8|2|4790|5|27.9|587|1500|26|2000|14000|300000|4|4|4|76.64
ITACIVIT78OT9|2|4790|5|27.9|587|1500|26|2000|14000|300000|4|4|4|76.64
ITACIVIT78OT10|2|4790|5|27.9|587|1500|26|2000|14000|300000|4|4|4|76.64
ITACIVIT78OT11|2|4790|5|27.9|587|1500|26|2000|14000|300000|4|4|4|76.64
ITACIVIT78OT12|2|4790|5|27.9|587|1500|26|2000|14000|300000|4|4|4|76.64
ITACUPRA27NT1|2|4790|5|27.9|587|1500|26|2000|14000|300000|4|4|4|22.84
ITACUPRA27NT2|2|4790|5|27.9|587|1500|26|2000|14000|300000|4|4|4|22.84
ITACUPRA27NT3|2|4790|5|27.9|587|1500|26|2000|14000|300000|4|4|4|22.84
ITACUPRA27NT4|2|4790|5|27.9|587|1500|26|2000|14000|300000|4|4|4|22.84
ITACUPRA79OT1|2|4790|5|27.9|117.4|1500|26|2000|4200|180000|4|4|4|15.63
ITAFANO28NT1|2|4790|5|27.9|587|1500|26|2000|14000|300000|4|4|4|25.16
ITAFANO28NT2|2|4790|5|27.9|587|1500|26|2000|14000|300000|4|4|4|25.16
ITAFANO28NT3|2|4790|5|27.9|587|1500|26|2000|14000|300000|4|4|4|25.16
ITAFANO28NT4|2|4790|5|27.9|587|1500|26|2000|14000|300000|4|4|4|25.16
ITAFANO28NT5|2|4790|5|27.9|587|1500|26|2000|14000|300000|4|4|4|25.16
ITAFANO28NT6|2|4790|5|27.9|587|1500|26|2000|14000|300000|4|4|4|25.16
ITAFANO29NL1|2|4790|5|27.9|587|1500|26|2000|14000|300000|4|4|4|15
ITAFANO80OT1|2|4790|5|27.9|587|1500|26|2000|14000|300000|4|4|4|80.6
ITAFANO80OT2|2|4790|5|27.9|587|1500|26|2000|14000|300000|4|4|4|80.6
ITAFANO80OT3|2|4790|5|27.9|587|1500|26|2000|14000|300000|4|4|4|80.6
ITAFANO80OT4|2|4790|5|27.9|587|1500|26|2000|14000|300000|4|4|4|80.6
ITAFANO80OT5|2|4790|5|27.9|587|1500|26|2000|14000|300000|4|4|4|80.6
ITAFANO80OT6|2|4790|5|27.9|587|1500|26|2000|14000|300000|4|4|4|80.6
ITAGABIC30NT1|2|4790|5|27.9|587|1500|26|2000|14000|300000|4|4|4|29.72
ITAGABIC30NT2|2|4790|5|27.9|587|1500|26|2000|14000|300000|4|4|4|29.72
ITAGABIC30NT3|2|4790|5|27.9|587|1500|26|2000|14000|300000|4|4|4|29.72
ITAGABIC81OT1|2|4790|5|27.9|58.7|1500|26|2000|2800|150000|4|4|4|10.55
ITAGABIC81OT2|2|4790|5|27.9|58.7|1500|26|2000|2800|150000|4|4|4|10.55
ITAGIULI1NT1|2|4790|5|27.9|587|1500|26|2000|14000|300000|4|4|4|22.92
ITAGIULI1NT2|2|4790|5|27.9|587|1500|26|2000|14000|300000|4|4|4|22.92
ITAGIULI1NT3|2|4790|5|27.9|587|1500|26|2000|14000|300000|4|4|4|22.92
ITAGIULI1NT4|2|4790|5|27.9|587|1500|26|2000|14000|300000|4|4|4|22.92
ITAGIULI1NT5|2|4790|5|27.9|587|1500|26|2000|14000|300000|4|4|4|22.92
ITAGIULI55OT1|2|4790|5|27.9|587|1500|26|2000|14000|300000|4|4|4|89.48
ITAGIULI55OT2|2|4790|5|27.9|587|1500|26|2000|14000|300000|4|4|4|89.48
ITAGIULI55OT3|2|4790|5|27.9|587|1500|26|2000|14000|300000|4|4|4|89.48
ITAGIULI55OT4|2|4790|5|27.9|587|1500|26|2000|14000|300000|4|4|4|89.48
ITAGORO15NT1|2|4790|5|27.9|587|1500|26|2000|14000|300000|4|4|4|27.48
ITAGORO15NT2|2|4790|5|27.9|587|1500|26|2000|14000|300000|4|4|4|27.48
ITAGORO15NT3|2|4790|5|27.9|587|1500|26|2000|14000|300000|4|4|4|27.48
ITAGORO15NT4|2|4790|5|27.9|587|1500|26|2000|14000|300000|4|4|4|27.48
ITAGORO15NT5|2|4790|5|27.9|587|1500|26|2000|14000|300000|4|4|4|27.48
ITAGORO15NT6|2|4790|5|27.9|587|1500|26|2000|14000|300000|4|4|4|27.48
ITAGORO15NT7|2|4790|5|27.9|587|1500|26|2000|14000|300000|4|4|4|27.48
ITAGORO15NT8|2|4790|5|27.9|587|1500|26|2000|14000|300000|4|4|4|27.48
ITAGORO15NT9|2|4790|5|27.9|587|1500|26|2000|14000|300000|4|4|4|27.48
ITAGORO15NT10|2|4790|5|27.9|587|1500|26|2000|14000|300000|4|4|4|27.48
ITAGORO15NT11|2|4790|5|27.9|587|1500|26|2000|14000|300000|4|4|4|27.48
ITAGORO15NT12|2|4790|5|27.9|587|1500|26|2000|14000|300000|4|4|4|27.48
ITAGORO15NT13|2|4790|5|27.9|587|1500|26|2000|14000|300000|4|4|4|27.48
ITAGORO15NT14|2|4790|5|27.9|587|1500|26|2000|14000|300000|4|4|4|27.48
ITAGORO15NT15|2|4790|5|27.9|587|1500|26|2000|14000|300000|4|4|4|27.48
ITAGORO15NT16|2|4790|5|27.9|587|1500|26|2000|14000|300000|4|4|4|27.48
ITAGORO15NT17|2|4790|5|27.9|587|1500|26|2000|14000|300000|4|4|4|27.48
ITAGORO15NT18|2|4790|5|27.9|587|1500|26|2000|14000|300000|4|4|4|27.48
ITAGORO15NT19|2|4790|5|27.9|587|1500|26|2000|14000|300000|4|4|4|27.48
ITAGORO15NT20|2|4790|5|27.9|587|1500|26|2000|14000|300000|4|4|4|27.48
ITAGORO15NT21|2|4790|5|27.9|587|1500|26|2000|14000|300000|4|4|4|27.48
ITAGORO15NT22|2|4790|5|27.9|587|1500|26|2000|14000|300000|4|4|4|27.48
ITAGORO15NT23|2|4790|5|27.9|587|1500|26|2000|14000|300000|4|4|4|27.48
ITAGORO15NT24|2|4790|5|27.9|587|1500|26|2000|14000|300000|4|4|4|27.48
ITAGORO15NT25|2|4790|5|27.9|587|1500|26|2000|14000|300000|4|4|4|27.48
ITAGORO15NT26|2|4790|5|27.9|587|1500|26|2000|14000|300000|4|4|4|27.48
ITAGORO15NT27|2|4790|5|27.9|587|1500|26|2000|14000|300000|4|4|4|27.48
ITAGORO15NT28|2|4790|5|27.9|587|1500|26|2000|14000|300000|4|4|4|27.48
ITAGORO15NT29|2|4790|5|27.9|587|1500|26|2000|14000|300000|4|4|4|27.48
ITAGORO15NT30|2|4790|5|27.9|587|1500|26|2000|14000|300000|4|4|4|27.48
ITAGORO15NT31|2|4790|5|27.9|587|1500|26|2000|14000|300000|4|4|4|27.48
ITAGORO15NT32|2|4790|5|27.9|587|1500|26|2000|14000|300000|4|4|4|27.48
ITAGORO15NT33|2|4790|5|27.9|587|1500|26|2000|14000|300000|4|4|4|27.48
ITAGORO15NT34|2|4790|5|27.9|587|1500|26|2000|14000|300000|4|4|4|27.48
ITAGORO67OT1|2|4790|5|27.9|587|1500|26|2000|14000|300000|4|4|4|45.2
ITAGORO67OT2|2|4790|5|27.9|587|1500|26|2000|14000|300000|4|4|4|45.2
ITAGORO67OT3|2|4790|5|27.9|587|1500|26|2000|14000|300000|4|4|4|45.2
ITAGORO67OT4|2|4790|5|27.9|587|1500|26|2000|14000|300000|4|4|4|45.2
ITAGORO67OT5|2|4790|5|27.9|587|1500|26|2000|14000|300000|4|4|4|45.2
ITAGORO67OT6|2|4790|5|27.9|587|1500|26|2000|14000|300000|4|4|4|45.2
ITAGORO67OT7|2|4790|5|27.9|587|1500|26|2000|14000|300000|4|4|4|45.2
ITAGORO67OT8|2|4790|5|27.9|587|1500|26|2000|14000|300000|4|4|4|45.2
ITAGORO67OT9|2|4790|5|27.9|587|1500|26|2000|14000|300000|4|4|4|45.2
ITAGORO67OT10|2|4790|5|27.9|587|1500|26|2000|14000|300000|4|4|4|45.2
ITAGORO67OT11|2|4790|5|27.9|587|1500|26|2000|14000|300000|4|4|4|45.2
ITAGORO67OT12|2|4790|5|27.9|587|1500|26|2000|14000|300000|4|4|4|45.2
ITAGORO67OT13|2|4790|5|27.9|587|1500|26|2000|14000|300000|4|4|4|45.2
ITAGORO67OT14|2|4790|5|27.9|587|1500|26|2000|14000|300000|4|4|4|45.2
ITAGORO67OT15|2|4790|5|27.9|587|1500|26|2000|14000|300000|4|4|4|45.2
ITAGORO67OT16|2|4790|5|27.9|587|1500|26|2000|14000|300000|4|4|4|45.2
ITAGORO67OT17|2|4790|5|27.9|587|1500|26|2000|14000|300000|4|4|4|45.2
ITAGORO67OT18|2|4790|5|27.9|587|1500|26|2000|14000|300000|4|4|4|45.2
ITAGORO67OT19|2|4790|5|27.9|587|1500|26|2000|14000|300000|4|4|4|45.2
ITAGORO67OT20|2|4790|5|27.9|587|1500|26|2000|14000|300000|4|4|4|45.2
ITAGORO67OT21|2|4790|5|27.9|587|1500|26|2000|14000|300000|4|4|4|45.2
ITAGORO67OT22|2|4790|5|27.9|587|1500|26|2000|14000|300000|4|4|4|45.2
ITAGORO67OT23|2|4790|5|27.9|587|1500|26|2000|14000|300000|4|4|4|45.2
ITAGORO67OT24|2|4790|5|27.9|587|1500|26|2000|14000|300000|4|4|4|45.2
ITAGORO67OT25|2|4790|5|27.9|587|1500|26|2000|14000|300000|4|4|4|45.2
ITAGORO67OT26|2|4790|5|27.9|587|1500|26|2000|14000|300000|4|4|4|45.2
ITAGORO67OT27|2|4790|5|27.9|587|1500|26|2000|14000|300000|4|4|4|45.2
ITAGORO67OT28|2|4790|5|27.9|587|1500|26|2000|14000|300000|4|4|4|45.2
ITAGORO67OT29|2|4790|5|27.9|587|1500|26|2000|14000|300000|4|4|4|45.2
ITAGORO67OT30|2|4790|5|27.9|587|1500|26|2000|14000|300000|4|4|4|45.2
ITAGORO67OT31|2|4790|5|27.9|587|1500|26|2000|14000|300000|4|4|4|45.2
ITAGORO67OT32|2|4790|5|27.9|587|1500|26|2000|14000|300000|4|4|4|45.2
ITAGRADO20NT1|2|4790|5|27.9|587|1500|26|2000|14000|300000|4|4|4|24.84
ITAGRADO20NT2|2|4790|5|27.9|587|1500|26|2000|14000|300000|4|4|4|24.84
ITAGRADO72OT1|2|4790|5|27.9|587|1500|26|2000|14000|300000|4|4|4|53.08
ITAGRADO72OT2|2|4790|5|27.9|587|1500|26|2000|14000|300000|4|4|4|53.08
ITAGRADO72OT3|2|4790|5|27.9|587|1500|26|2000|14000|300000|4|4|4|53.08
ITAGRADO72OT4|2|4790|5|27.9|587|1500|26|2000|14000|300000|4|4|4|53.08
ITAGRADO72OT5|2|4790|5|27.9|587|1500|26|2000|14000|300000|4|4|4|53.08
ITAGRADO72OT6|2|4790|5|27.9|587|1500|26|2000|14000|300000|4|4|4|53.08
ITAGROTT31NT1|2|4790|5|27.9|58.7|1500|26|2000|2800|150000|4|4|4|5.55
HRVHRCRA109OT1|2|4790|5|27.9|58.7|1500|26|2000|2800|150000|4|4|4|14.80128
HRVHRCRS110OT1|2|4790|5|27.9|58.7|1500|26|2000|2800|150000|4|4|4|14.80128
HRVHRCRS153NT1|2|4790|5|27.9|58.7|1500|26|2000|2800|150000|4|4|4|6.588654
HRVHRCVT111OT1|2|4790|5|27.9|58.7|1500|26|2000|2800|150000|4|4|4|14.80128
HRVHRDBV112OT1|2|4790|5|27.9|587|1500|26|2000|14000|300000|4|4|4|59.20511
HRVHRDBV112OT2|2|4790|5|27.9|587|1500|26|2000|14000|300000|4|4|4|59.20511
HRVHRDBV138OT1|2|4790|5|27.9|587|1500|26|2000|14000|300000|4|4|4|59.20511
HRVHRDBV138OT2|2|4790|5|27.9|587|1500|26|2000|14000|300000|4|4|4|59.20511
HRVHRDBV138OT3|2|4790|5|27.9|587|1500|26|2000|14000|300000|4|4|4|59.20511
HRVHRDBV167NT1|2|4790|5|27.9|58.7|1500|26|2000|2800|150000|4|4|4|6.588654
HRVHRDBV167NT2|2|4790|5|27.9|58.7|1500|26|2000|2800|150000|4|4|4|6.588654
HRVHRJSA139OT1|2|4790|5|27.9|58.7|1500|26|2000|2800|150000|4|4|4|14.80128
HRVHRKRA173NT1|2|4790|5|27.9|58.7|1500|26|2000|2800|150000|4|4|4|6.588654
HRVHRKRK113OT1|2|4790|5|27.9|58.7|1500|26|2000|2800|150000|4|4|4|14.80128
HRVHRKRK154NT1|2|4790|5|27.9|58.7|1500|26|2000|2800|150000|4|4|4|6.588654
HRVHRMAK114OT1|2|4790|5|27.9|587|1500|26|2000|14000|300000|4|4|4|59.20511
HRVHRMAK114OT2|2|4790|5|27.9|587|1500|26|2000|14000|300000|4|4|4|59.20511
HRVHRMAK114OT3|2|4790|5|27.9|587|1500|26|2000|14000|300000|4|4|4|59.20511
HRVHRMAK140OT1|2|4790|5|27.9|58.7|1500|26|2000|2800|150000|4|4|4|14.80128
HRVHRMAK140OT2|2|4790|5|27.9|58.7|1500|26|2000|2800|150000|4|4|4|14.80128
HRVHRMAL115OT1|2|4790|5|27.9|58.7|1500|26|2000|2800|150000|4|4|4|14.80128
HRVHRMUR116OT1|2|4790|5|27.9|587|1500|26|2000|14000|300000|4|4|4|59.20511
HRVHRMUR116OT2|2|4790|5|27.9|587|1500|26|2000|14000|300000|4|4|4|59.20511
HRVHRMUR116OT3|2|4790|5|27.9|587|1500|26|2000|14000|300000|4|4|4|59.20511
HRVHRMUR116OT4|2|4790|5|27.9|587|1500|26|2000|14000|300000|4|4|4|59.20511
HRVHRMUR141OT1|2|4790|5|27.9|58.7|1500|26|2000|2800|150000|4|4|4|14.80128
HRVHRNVG107OT1|2|4790|5|27.9|58.7|1500|26|2000|2800|150000|4|4|4|14.80128
HRVHRNVG107OT2|2|4790|5|27.9|58.7|1500|26|2000|2800|150000|4|4|4|14.80128
HRVHRNVG107OT3|2|4790|5|27.9|58.7|1500|26|2000|2800|150000|4|4|4|14.80128
HRVHRNVG117OT1|2|4790|5|27.9|587|1500|26|2000|14000|300000|4|4|4|59.20511
HRVHRNVG117OT2|2|4790|5|27.9|587|1500|26|2000|14000|300000|4|4|4|59.20511
HRVHRNVG117OT3|2|4790|5|27.9|587|1500|26|2000|14000|300000|4|4|4|59.20511
HRVHRNVL118OT1|2|4790|5|27.9|587|1500|26|2000|14000|300000|4|4|4|59.20511
HRVHRNVL118OT2|2|4790|5|27.9|587|1500|26|2000|14000|300000|4|4|4|59.20511
HRVHRNVL155NT1|2|4790|5|27.9|58.7|1500|26|2000|2800|150000|4|4|4|6.588654
HRVHRPNT119OT1|2|4790|5|27.9|58.7|1500|26|2000|2800|150000|4|4|4|14.80128
HRVHRPNT119OT2|2|4790|5|27.9|58.7|1500|26|2000|2800|150000|4|4|4|14.80128
HRVHRPRE120OT1|2|4790|5|27.9|58.7|1500|26|2000|2800|150000|4|4|4|14.80128
HRVHRPRE120OT2|2|4790|5|27.9|58.7|1500|26|2000|2800|150000|4|4|4|14.80128
HRVHRPRE120OT3|2|4790|5|27.9|58.7|1500|26|2000|2800|150000|4|4|4|14.80128
HRVHRPRE120OT4|2|4790|5|27.9|58.7|1500|26|2000|2800|150000|4|4|4|14.80128
HRVHRPRE142OT1|2|4790|5|27.9|58.7|1500|26|2000|2800|150000|4|4|4|14.80128
HRVHRPRE142OT2|2|4790|5|27.9|58.7|1500|26|2000|2800|150000|4|4|4|14.80128
HRVHRPRE142OT3|2|4790|5|27.9|58.7|1500|26|2000|2800|150000|4|4|4|14.80128
HRVHRPUY121OT1|2|4790|5|27.9|587|1500|26|2000|14000|300000|4|4|4|59.20511
HRVHRPUY121OT2|2|4790|5|27.9|587|1500|26|2000|14000|300000|4|4|4|59.20511
HRVHRPUY121OT3|2|4790|5|27.9|587|1500|26|2000|14000|300000|4|4|4|59.20511
HRVHRPUY121OT4|2|4790|5|27.9|587|1500|26|2000|14000|300000|4|4|4|59.20511
HRVHRPUY121OT5|2|4790|5|27.9|587|1500|26|2000|14000|300000|4|4|4|59.20511
HRVHRPUY121OT6|2|4790|5|27.9|587|1500|26|2000|14000|300000|4|4|4|59.20511
HRVHRPUY121OT7|2|4790|5|27.9|587|1500|26|2000|14000|300000|4|4|4|59.20511
HRVHRPUY121OT8|2|4790|5|27.9|587|1500|26|2000|14000|300000|4|4|4|59.20511
HRVHRPUY121OT9|2|4790|5|27.9|587|1500|26|2000|14000|300000|4|4|4|59.20511
HRVHRPUY121OT10|2|4790|5|27.9|587|1500|26|2000|14000|300000|4|4|4|59.20511
HRVHRPUY121OT11|2|4790|5|27.9|587|1500|26|2000|14000|300000|4|4|4|59.20511
HRVHRPUY143OT1|2|4790|5|27.9|587|1500|26|2000|14000|300000|4|4|4|59.20511
HRVHRPUY143OT2|2|4790|5|27.9|587|1500|26|2000|14000|300000|4|4|4|59.20511
HRVHRPUY143OT3|2|4790|5|27.9|587|1500|26|2000|14000|300000|4|4|4|59.20511
HRVHRPUY143OT4|2|4790|5|27.9|587|1500|26|2000|14000|300000|4|4|4|59.20511
HRVHRPUY143OT5|2|4790|5|27.9|587|1500|26|2000|14000|300000|4|4|4|59.20511
HRVHRPUY152NT1|2|4790|5|27.9|58.7|1500|26|2000|2800|150000|4|4|4|6.588654
HRVHRPUY156NT1|2|4790|5|27.9|58.7|1500|26|2000|2800|150000|4|4|4|6.588654
HRVHRPUY156NT2|2|4790|5|27.9|58.7|1500|26|2000|2800|150000|4|4|4|6.588654
HRVHRPUY160NT1|2|4790|5|27.9|587|1500|26|2000|14000|300000|4|4|4|26.35462
HRVHRPUY160NT2|2|4790|5|27.9|587|1500|26|2000|14000|300000|4|4|4|26.35462
HRVHRPUY160NT3|2|4790|5|27.9|587|1500|26|2000|14000|300000|4|4|4|26.35462
HRVHRRAB122OT1|2|4790|5|27.9|587|1500|26|2000|14000|300000|4|4|4|59.20511
HRVHRRAB122OT2|2|4790|5|27.9|587|1500|26|2000|14000|300000|4|4|4|59.20511
HRVHRRBC123OT1|2|4790|5|27.9|58.7|1500|26|2000|2800|150000|4|4|4|14.80128
HRVHRRBC123OT2|2|4790|5|27.9|58.7|1500|26|2000|2800|150000|4|4|4|14.80128
HRVHRRBC123OT3|2|4790|5|27.9|58.7|1500|26|2000|2800|150000|4|4|4|14.80128
HRVHRRBC123OT4|2|4790|5|27.9|58.7|1500|26|2000|2800|150000|4|4|4|14.80128
HRVHRRBC157NT1|2|4790|5|27.9|58.7|1500|26|2000|2800|150000|4|4|4|6.588654
HRVHRRGN124OT1|2|4790|5|27.9|58.7|1500|26|2000|2800|150000|4|4|4|14.80128
HRVHRRGN124OT2|2|4790|5|27.9|58.7|1500|26|2000|2800|150000|4|4|4|14.80128
HRVHRRGN124OT3|2|4790|5|27.9|58.7|1500|26|2000|2800|150000|4|4|4|14.80128
HRVHRRJK125OT1|2|4790|5|27.9|587|1500|26|2000|14000|300000|4|4|4|59.20511
HRVHRRJK125OT2|2|4790|5|27.9|587|1500|26|2000|14000|300000|4|4|4|59.20511
HRVHRRJK125OT3|2|4790|5|27.9|587|1500|26|2000|14000|300000|4|4|4|59.20511
HRVHRRJK125OT4|2|4790|5|27.9|587|1500|26|2000|14000|300000|4|4|4|59.20511
HRVHRRJK125OT5|2|4790|5|27.9|587|1500|26|2000|14000|300000|4|4|4|59.20511
HRVHRRJK125OT6|2|4790|5|27.9|587|1500|26|2000|14000|300000|4|4|4|59.20511
HRVHRRJK125OT7|2|4790|5|27.9|587|1500|26|2000|14000|300000|4|4|4|59.20511
HRVHRRJK125OT8|2|4790|5|27.9|587|1500|26|2000|14000|300000|4|4|4|59.20511
HRVHRRJK144OT1|2|4790|5|27.9|587|1500|26|2000|14000|300000|4|4|4|59.20511
HRVHRRJK144OT2|2|4790|5|27.9|587|1500|26|2000|14000|300000|4|4|4|59.20511
HRVHRRJK144OT3|2|4790|5|27.9|587|1500|26|2000|14000|300000|4|4|4|59.20511
HRVHRRJK144OT4|2|4790|5|27.9|587|1500|26|2000|14000|300000|4|4|4|59.20511
HRVHRRJK144OT5|2|4790|5|27.9|587|1500|26|2000|14000|300000|4|4|4|59.20511
HRVHRRJK144OT6|2|4790|5|27.9|587|1500|26|2000|14000|300000|4|4|4|59.20511
HRVHRRJK161NT1|2|4790|5|27.9|58.7|1500|26|2000|2800|150000|4|4|4|6.588654
HRVHRRJK171NT1|2|4790|5|27.9|58.7|1500|26|2000|2800|150000|4|4|4|6.588654
HRVHRRJK175NT1|2|4790|5|27.9|58.7|1500|26|2000|2800|150000|4|4|4|6.588654
HRVHRROV126OT1|2|4790|5|27.9|58.7|1500|26|2000|2800|150000|4|4|4|14.80128
HRVHRROV126OT2|2|4790|5|27.9|58.7|1500|26|2000|2800|150000|4|4|4|14.80128
HRVHRROV162NT1|2|4790|5|27.9|58.7|1500|26|2000|2800|150000|4|4|4|6.588654
HRVHRROV168NT1|2|4790|5|27.9|58.7|1500|26|2000|2800|150000|4|4|4|6.588654
HRVHRSAL127OT1|2|4790|5|27.9|58.7|1500|26|2000|2800|150000|4|4|4|14.80128
HRVHRSEN128OT1|2|4790|5|27.9|58.7|1500|26|2000|2800|150000|4|4|4|14.80128
HRVHRSPU129OT1|2|4790|5|27.9|587|1500|26|2000|14000|300000|4|4|4|59.20511
HRVHRSPU129OT2|2|4790|5|27.9|587|1500|26|2000|14000|300000|4|4|4|59.20511
HRVHRSPU129OT3|2|4790|5|27.9|587|1500|26|2000|14000|300000|4|4|4|59.20511
HRVHRSPU129OT4|2|4790|5|27.9|587|1500|26|2000|14000|300000|4|4|4|59.20511
HRVHRSPU129OT5|2|4790|5|27.9|587|1500|26|2000|14000|300000|4|4|4|59.20511
HRVHRSPU129OT6|2|4790|5|27.9|587|1500|26|2000|14000|300000|4|4|4|59.20511
HRVHRSPU129OT7|2|4790|5|27.9|587|1500|26|2000|14000|300000|4|4|4|59.20511
HRVHRSPU129OT8|2|4790|5|27.9|587|1500|26|2000|14000|300000|4|4|4|59.20511
HRVHRSPU129OT9|2|4790|5|27.9|587|1500|26|2000|14000|300000|4|4|4|59.20511
HRVHRSPU129OT10|2|4790|5|27.9|587|1500|26|2000|14000|300000|4|4|4|59.20511
HRVHRSPU129OT11|2|4790|5|27.9|587|1500|26|2000|14000|300000|4|4|4|59.20511
HRVHRSPU129OT12|2|4790|5|27.9|587|1500|26|2000|14000|300000|4|4|4|59.20511
HRVHRSPU129OT13|2|4790|5|27.9|587|1500|26|2000|14000|300000|4|4|4|59.20511
HRVHRSPU129OT14|2|4790|5|27.9|587|1500|26|2000|14000|300000|4|4|4|59.20511
HRVHRSPU145OT1|2|4790|5|27.9|587|1500|26|2000|14000|300000|4|4|4|59.20511
HRVHRSPU145OT2|2|4790|5|27.9|587|1500|26|2000|14000|300000|4|4|4|59.20511
HRVHRSPU145OT3|2|4790|5|27.9|587|1500|26|2000|14000|300000|4|4|4|59.20511
HRVHRSPU145OT4|2|4790|5|27.9|587|1500|26|2000|14000|300000|4|4|4|59.20511
HRVHRSPU145OT5|2|4790|5|27.9|587|1500|26|2000|14000|300000|4|4|4|59.20511
HRVHRSPU145OT6|2|4790|5|27.9|587|1500|26|2000|14000|300000|4|4|4|59.20511
HRVHRSPU145OT7|2|4790|5|27.9|587|1500|26|2000|14000|300000|4|4|4|59.20511
HRVHRSPU145OT8|2|4790|5|27.9|587|1500|26|2000|14000|300000|4|4|4|59.20511
HRVHRSPU145OT9|2|4790|5|27.9|587|1500|26|2000|14000|300000|4|4|4|59.20511
HRVHRSPU145OT10|2|4790|5|27.9|587|1500|26|2000|14000|300000|4|4|4|59.20511
HRVHRSPU158NT1|2|4790|5|27.9|58.7|1500|26|2000|2800|150000|4|4|4|6.588654
HRVHRSPU158NT2|2|4790|5|27.9|58.7|1500|26|2000|2800|150000|4|4|4|6.588654
HRVHRSPU163NT1|2|4790|5|27.9|58.7|1500|26|2000|2800|150000|4|4|4|6.588654
HRVHRSPU169NT1|2|4790|5|27.9|58.7|1500|26|2000|2800|150000|4|4|4|6.588654
HRVHRSPU172NT1|2|4790|5|27.9|58.7|1500|26|2000|2800|150000|4|4|4|6.588654
HRVHRSPU174NT1|2|4790|5|27.9|58.7|1500|26|2000|2800|150000|4|4|4|6.588654
HRVHRTKN130OT1|2|4790|5|27.9|58.7|1500|26|2000|2800|150000|4|4|4|14.80128
HRVHRTKN130OT2|2|4790|5|27.9|58.7|1500|26|2000|2800|150000|4|4|4|14.80128
HRVHRTRO131OT1|2|4790|5|27.9|58.7|1500|26|2000|2800|150000|4|4|4|14.80128
HRVHRTRO131OT2|2|4790|5|27.9|58.7|1500|26|2000|2800|150000|4|4|4|14.80128
HRVHRUMG108OT1|2|4790|5|27.9|58.7|1500|26|2000|2800|150000|4|4|4|14.80128
HRVHRUMG108OT2|2|4790|5|27.9|58.7|1500|26|2000|2800|150000|4|4|4|14.80128
HRVHRUMG132OT1|2|4790|5|27.9|587|1500|26|2000|14000|300000|4|4|4|59.20511
HRVHRUMG132OT2|2|4790|5|27.9|587|1500|26|2000|14000|300000|4|4|4|59.20511
HRVHRUMG132OT3|2|4790|5|27.9|587|1500|26|2000|14000|300000|4|4|4|59.20511
HRVHRUMG146OT1|2|4790|5|27.9|58.7|1500|26|2000|2800|150000|4|4|4|14.80128
HRVHRUMG164NT1|2|4790|5|27.9|587|1500|26|2000|14000|300000|4|4|4|26.35462
HRVHRUMG164NT2|2|4790|5|27.9|587|1500|26|2000|14000|300000|4|4|4|26.35462
HRVHRUMG166NT1|2|4790|5|27.9|58.7|1500|26|2000|2800|150000|4|4|4|6.588654
HRVHRVDC133OT1|2|4790|5|27.9|58.7|1500|26|2000|2800|150000|4|4|4|14.80128
HRVHRVDC133OT2|2|4790|5|27.9|58.7|1500|26|2000|2800|150000|4|4|4|14.80128
HRVHRVDC133OT3|2|4790|5|27.9|58.7|1500|26|2000|2800|150000|4|4|4|14.80128
HRVHRVDC133OT4|2|4790|5|27.9|58.7|1500|26|2000|2800|150000|4|4|4|14.80128
HRVHRVDC147OT1|2|4790|5|27.9|587|1500|26|2000|14000|300000|4|4|4|59.20511
HRVHRVDC147OT2|2|4790|5|27.9|587|1500|26|2000|14000|300000|4|4|4|59.20511
HRVHRVDC170NT1|2|4790|5|27.9|58.7|1500|26|2000|2800|150000|4|4|4|6.588654
HRVHRVIS134OT1|2|4790|5|27.9|58.7|1500|26|2000|2800|150000|4|4|4|14.80128
HRVHRVIS148OT1|2|4790|5|27.9|58.7|1500|26|2000|2800|150000|4|4|4|14.80128
HRVHRVLK135OT1|2|4790|5|27.9|58.7|1500|26|2000|2800|150000|4|4|4|14.80128
HRVHRVLK149OT1|2|4790|5|27.9|58.7|1500|26|2000|2800|150000|4|4|4|14.80128
HRVHRVRS136OT1|2|4790|5|27.9|587|1500|26|2000|14000|300000|4|4|4|59.20511
HRVHRVRS136OT2|2|4790|5|27.9|587|1500|26|2000|14000|300000|4|4|4|59.20511
HRVHRVRS150OT1|2|4790|5|27.9|58.7|1500|26|2000|2800|150000|4|4|4|14.80128
HRVHRZAD137OT1|2|4790|5|27.9|587|1500|26|2000|14000|300000|4|4|4|59.20511
HRVHRZAD137OT2|2|4790|5|27.9|587|1500|26|2000|14000|300000|4|4|4|59.20511
HRVHRZAD137OT3|2|4790|5|27.9|587|1500|26|2000|14000|300000|4|4|4|59.20511
HRVHRZAD137OT4|2|4790|5|27.9|587|1500|26|2000|14000|300000|4|4|4|59.20511
HRVHRZAD137OT5|2|4790|5|27.9|587|1500|26|2000|14000|300000|4|4|4|59.20511
HRVHRZAD137OT6|2|4790|5|27.9|587|1500|26|2000|14000|300000|4|4|4|59.20511
HRVHRZAD151OT1|2|4790|5|27.9|587|1500|26|2000|14000|300000|4|4|4|59.20511
HRVHRZAD151OT2|2|4790|5|27.9|587|1500|26|2000|14000|300000|4|4|4|59.20511
HRVHRZAD151OT3|2|4790|5|27.9|587|1500|26|2000|14000|300000|4|4|4|59.20511
HRVHRZAD151OT4|2|4790|5|27.9|587|1500|26|2000|14000|300000|4|4|4|59.20511
HRVHRZAD151OT5|2|4790|5|27.9|587|1500|26|2000|14000|300000|4|4|4|59.20511
HRVHRZAD151OT6|2|4790|5|27.9|587|1500|26|2000|14000|300000|4|4|4|59.20511
HRVHRZAD151OT7|2|4790|5|27.9|587|1500|26|2000|14000|300000|4|4|4|59.20511
HRVHRZAD151OT8|2|4790|5|27.9|587|1500|26|2000|14000|300000|4|4|4|59.20511
HRVHRZAD151OT9|2|4790|5|27.9|587|1500|26|2000|14000|300000|4|4|4|59.20511
HRVHRZAD151OT10|2|4790|5|27.9|587|1500|26|2000|14000|300000|4|4|4|59.20511
HRVHRZAD151OT11|2|4790|5|27.9|587|1500|26|2000|14000|300000|4|4|4|59.20511
HRVHRZAD151OT12|2|4790|5|27.9|587|1500|26|2000|14000|300000|4|4|4|59.20511
HRVHRZAD151OT13|2|4790|5|27.9|587|1500|26|2000|14000|300000|4|4|4|59.20511
HRVHRZAD151OT14|2|4790|5|27.9|587|1500|26|2000|14000|300000|4|4|4|59.20511
HRVHRZAD151OT15|2|4790|5|27.9|587|1500|26|2000|14000|300000|4|4|4|59.20511
HRVHRZAD151OT16|2|4790|5|27.9|587|1500|26|2000|14000|300000|4|4|4|59.20511
HRVHRZAD151OT17|2|4790|5|27.9|587|1500|26|2000|14000|300000|4|4|4|59.20511
HRVHRZAD151OT18|2|4790|5|27.9|587|1500|26|2000|14000|300000|4|4|4|59.20511
HRVHRZAD159NT1|2|4790|5|27.9|58.7|1500|26|2000|2800|150000|4|4|4|6.588654
HRVHRZAD165NT1|2|4790|5|27.9|58.7|1500|26|2000|2800|150000|4|4|4|6.588654
HRVHRZAD176NT1|2|4790|5|27.9|58.7|1500|26|2000|2800|150000|4|4|4|6.588654
HRVHRZAD177NT1|2|4790|5|27.9|58.7|1500|26|2000|2800|150000|4|4|4|6.588654
ITAIESOL47NT1|2|4790|5|27.9|587|1500|26|2000|14000|300000|4|4|4|25.32
ITAIESOL47NT2|2|4790|5|27.9|587|1500|26|2000|14000|300000|4|4|4|25.32
ITAIESOL47NT3|2|4790|5|27.9|587|1500|26|2000|14000|300000|4|4|4|25.32
ITAIESOL47NT4|2|4790|5|27.9|587|1500|26|2000|14000|300000|4|4|4|25.32
ITAIESOL96OT1|2|4790|5|27.9|58.7|1500|26|2000|2800|150000|4|4|4|13.51
ITALESIN40NT1|2|4790|5|27.9|587|1500|26|2000|14000|300000|4|4|4|25.16
ITALESIN40NT2|2|4790|5|27.9|587|1500|26|2000|14000|300000|4|4|4|25.16
ITALESIN40NT3|2|4790|5|27.9|587|1500|26|2000|14000|300000|4|4|4|25.16
ITALESIN40NT4|2|4790|5|27.9|587|1500|26|2000|14000|300000|4|4|4|25.16
ITALESIN40NT5|2|4790|5|27.9|587|1500|26|2000|14000|300000|4|4|4|25.16
ITALESIN40NT6|2|4790|5|27.9|587|1500|26|2000|14000|300000|4|4|4|25.16
ITALIGNA48NT1|2|4790|5|27.9|58.7|1500|26|2000|2800|150000|4|4|4|4.5
ITAMARAN49NT1|2|4790|5|27.9|587|1500|26|2000|14000|300000|4|4|4|29.52
ITAMARAN49NT2|2|4790|5|27.9|587|1500|26|2000|14000|300000|4|4|4|29.52
ITAMARAN49NT3|2|4790|5|27.9|587|1500|26|2000|14000|300000|4|4|4|29.52
ITAMARAN97OT1|2|4790|5|27.9|587|1500|26|2000|14000|300000|4|4|4|57.08
ITAMARAN97OT2|2|4790|5|27.9|587|1500|26|2000|14000|300000|4|4|4|57.08
ITAMARAN97OT3|2|4790|5|27.9|587|1500|26|2000|14000|300000|4|4|4|57.08
ITAMARAN97OT4|2|4790|5|27.9|587|1500|26|2000|14000|300000|4|4|4|57.08
ITAMARAN97OT5|2|4790|5|27.9|587|1500|26|2000|14000|300000|4|4|4|57.08
ITAMARAN97OT6|2|4790|5|27.9|587|1500|26|2000|14000|300000|4|4|4|57.08
ITAMARAN97OT7|2|4790|5|27.9|587|1500|26|2000|14000|300000|4|4|4|57.08
ITAMARGH41NT1|2|4790|5|27.9|587|1500|26|2000|14000|300000|4|4|4|27.92
ITAMARGH41NT2|2|4790|5|27.9|587|1500|26|2000|14000|300000|4|4|4|27.92
ITAMARGH41NT3|2|4790|5|27.9|587|1500|26|2000|14000|300000|4|4|4|27.92
ITAMARGH41NT4|2|4790|5|27.9|587|1500|26|2000|14000|300000|4|4|4|27.92
ITAMARGH90OT1|2|4790|5|27.9|587|1500|26|2000|14000|300000|4|4|4|49.72
ITAMARGH90OT2|2|4790|5|27.9|587|1500|26|2000|14000|300000|4|4|4|49.72
ITAMARGH90OT3|2|4790|5|27.9|587|1500|26|2000|14000|300000|4|4|4|49.72
ITAMARGH90OT4|2|4790|5|27.9|587|1500|26|2000|14000|300000|4|4|4|49.72
ITAMARIN2NT1|2|4790|5|27.9|587|1500|26|2000|14000|300000|4|4|4|18.6
ITAMARIN2NT2|2|4790|5|27.9|587|1500|26|2000|14000|300000|4|4|4|18.6
ITAMAROT32NT1|2|4790|5|27.9|587|1500|26|2000|14000|300000|4|4|4|22.68
ITAMAROT32NT2|2|4790|5|27.9|587|1500|26|2000|14000|300000|4|4|4|22.68
ITAMAROT32NT3|2|4790|5|27.9|587|1500|26|2000|14000|300000|4|4|4|22.68
ITAMAROT32NT4|2|4790|5|27.9|587|1500|26|2000|14000|300000|4|4|4|22.68
ITAMAROT82OT1|2|4790|5|27.9|58.7|1500|26|2000|2800|150000|4|4|4|7.26
ITAMARTI3NT1|2|4790|5|27.9|587|1500|26|2000|14000|300000|4|4|4|23.6
ITAMARTI3NT2|2|4790|5|27.9|587|1500|26|2000|14000|300000|4|4|4|23.6
ITAMARTI3NT3|2|4790|5|27.9|587|1500|26|2000|14000|300000|4|4|4|23.6
ITAMARTI3NT4|2|4790|5|27.9|587|1500|26|2000|14000|300000|4|4|4|23.6
ITAMARTI3NT5|2|4790|5|27.9|587|1500|26|2000|14000|300000|4|4|4|23.6
ITAMARTI3NT6|2|4790|5|27.9|587|1500|26|2000|14000|300000|4|4|4|23.6
ITAMARTI56OT1|2|4790|5|27.9|587|1500|26|2000|14000|300000|4|4|4|92.68
ITAMARTI56OT2|2|4790|5|27.9|587|1500|26|2000|14000|300000|4|4|4|92.68
ITAMARTI56OT3|2|4790|5|27.9|587|1500|26|2000|14000|300000|4|4|4|92.68
ITAMONFA21NT1|2|4790|5|27.9|587|1500|26|2000|14000|300000|4|4|4|27.08
ITAMONFA21NT2|2|4790|5|27.9|587|1500|26|2000|14000|300000|4|4|4|27.08
ITAMONFA73OT1|2|4790|5|27.9|58.7|1500|26|2000|2800|150000|4|4|4|9.76
ITAMUGGI22NT1|2|4790|5|27.9|58.7|1500|26|2000|2800|150000|4|4|4|9.12
ITAMUGGI22NT2|2|4790|5|27.9|58.7|1500|26|2000|2800|150000|4|4|4|9.12
ITAMUGGI74OT1|2|4790|5|27.9|58.7|1500|26|2000|2800|150000|4|4|4|11.38
ITANUMAN33NT1|2|4790|5|27.9|587|1500|26|2000|14000|300000|4|4|4|24.44
ITANUMAN33NT2|2|4790|5|27.9|587|1500|26|2000|14000|300000|4|4|4|24.44
ITANUMAN33NT3|2|4790|5|27.9|587|1500|26|2000|14000|300000|4|4|4|24.44
ITANUMAN33NT4|2|4790|5|27.9|587|1500|26|2000|14000|300000|4|4|4|24.44
ITANUMAN83OT1|2|4790|5|27.9|58.7|1500|26|2000|2800|150000|4|4|4|8.2
ITAORTON4NT1|2|4790|5|27.9|587|1500|26|2000|14000|300000|4|4|4|21.92
ITAORTON4NT2|2|4790|5|27.9|587|1500|26|2000|14000|300000|4|4|4|21.92
ITAORTON4NT3|2|4790|5|27.9|587|1500|26|2000|14000|300000|4|4|4|21.92
ITAORTON4NT4|2|4790|5|27.9|587|1500|26|2000|14000|300000|4|4|4|21.92
ITAORTON4NT5|2|4790|5|27.9|587|1500|26|2000|14000|300000|4|4|4|21.92
ITAORTON4NT6|2|4790|5|27.9|587|1500|26|2000|14000|300000|4|4|4|21.92
ITAORTON4NT7|2|4790|5|27.9|587|1500|26|2000|14000|300000|4|4|4|21.92
ITAORTON4NT8|2|4790|5|27.9|587|1500|26|2000|14000|300000|4|4|4|21.92
ITAORTON4NT9|2|4790|5|27.9|587|1500|26|2000|14000|300000|4|4|4|21.92
ITAORTON4NT10|2|4790|5|27.9|587|1500|26|2000|14000|300000|4|4|4|21.92
ITAORTON4NT11|2|4790|5|27.9|587|1500|26|2000|14000|300000|4|4|4|21.92
ITAORTON4NT12|2|4790|5|27.9|587|1500|26|2000|14000|300000|4|4|4|21.92
ITAORTON4NT13|2|4790|5|27.9|587|1500|26|2000|14000|300000|4|4|4|21.92
ITAORTON4NT14|2|4790|5|27.9|587|1500|26|2000|14000|300000|4|4|4|21.92
ITAORTON4NT15|2|4790|5|27.9|587|1500|26|2000|14000|300000|4|4|4|21.92
ITAORTON4NT16|2|4790|5|27.9|587|1500|26|2000|14000|300000|4|4|4|21.92
ITAORTON4NT17|2|4790|5|27.9|587|1500|26|2000|14000|300000|4|4|4|21.92
ITAORTON4NT18|2|4790|5|27.9|587|1500|26|2000|14000|300000|4|4|4|21.92
ITAORTON57OT1|2|4790|5|27.9|587|1500|26|2000|14000|300000|4|4|4|66.4
ITAORTON57OT2|2|4790|5|27.9|587|1500|26|2000|14000|300000|4|4|4|66.4
ITAORTON57OT3|2|4790|5|27.9|587|1500|26|2000|14000|300000|4|4|4|66.4
ITAORTON57OT4|2|4790|5|27.9|587|1500|26|2000|14000|300000|4|4|4|66.4
ITAORTON57OT5|2|4790|5|27.9|587|1500|26|2000|14000|300000|4|4|4|66.4
ITAPELLE50NT1|2|4790|5|27.9|587|1500|26|2000|14000|300000|4|4|4|39.96
ITAPELLE50NT2|2|4790|5|27.9|587|1500|26|2000|14000|300000|4|4|4|39.96
ITAPELLE50NT3|2|4790|5|27.9|587|1500|26|2000|14000|300000|4|4|4|39.96
ITAPELLE50NT4|2|4790|5|27.9|587|1500|26|2000|14000|300000|4|4|4|39.96
ITAPELLE98OT1|2|4790|5|27.9|587|1500|26|2000|14000|300000|4|4|4|47.92
ITAPELLE98OT2|2|4790|5|27.9|587|1500|26|2000|14000|300000|4|4|4|47.92
ITAPESAR34NT1|2|4790|5|27.9|587|1500|26|2000|14000|300000|4|4|4|24.44
ITAPESAR34NT2|2|4790|5|27.9|587|1500|26|2000|14000|300000|4|4|4|24.44
ITAPESAR84OT1|2|4790|5|27.9|58.7|1500|26|2000|2800|150000|4|4|4|12.01
ITAPESAR84OT2|2|4790|5|27.9|58.7|1500|26|2000|2800|150000|4|4|4|12.01
ITAPESAR84OT3|2|4790|5|27.9|58.7|1500|26|2000|2800|150000|4|4|4|12.01
ITAPESCA5NT1|2|4790|5|27.9|587|1500|26|2000|14000|300000|4|4|4|22.28
ITAPESCA5NT2|2|4790|5|27.9|587|1500|26|2000|14000|300000|4|4|4|22.28
ITAPESCA5NT3|2|4790|5|27.9|587|1500|26|2000|14000|300000|4|4|4|22.28
ITAPESCA5NT4|2|4790|5|27.9|587|1500|26|2000|14000|300000|4|4|4|22.28
ITAPESCA5NT5|2|4790|5|27.9|587|1500|26|2000|14000|300000|4|4|4|22.28
ITAPESCA58OT1|2|4790|5|27.9|587|1500|26|2000|14000|300000|4|4|4|79.88
ITAPESCA58OT2|2|4790|5|27.9|587|1500|26|2000|14000|300000|4|4|4|79.88
ITAPESCA58OT3|2|4790|5|27.9|587|1500|26|2000|14000|300000|4|4|4|79.88
ITAPESCA58OT4|2|4790|5|27.9|587|1500|26|2000|14000|300000|4|4|4|79.88
ITAPESCA58OT5|2|4790|5|27.9|587|1500|26|2000|14000|300000|4|4|4|79.88
ITAPESCA58OT6|2|4790|5|27.9|587|1500|26|2000|14000|300000|4|4|4|79.88
ITAPESCA58OT7|2|4790|5|27.9|587|1500|26|2000|14000|300000|4|4|4|79.88
ITAPESCA58OT8|2|4790|5|27.9|587|1500|26|2000|14000|300000|4|4|4|79.88
ITAPESCA58OT9|2|4790|5|27.9|587|1500|26|2000|14000|300000|4|4|4|79.88
ITAPESCA58OT10|2|4790|5|27.9|587|1500|26|2000|14000|300000|4|4|4|79.88
ITAPESCA58OT11|2|4790|5|27.9|587|1500|26|2000|14000|300000|4|4|4|79.88
ITAPESCA58OT12|2|4790|5|27.9|587|1500|26|2000|14000|300000|4|4|4|79.88
ITAPESCA58OT13|2|4790|5|27.9|587|1500|26|2000|14000|300000|4|4|4|79.88
ITAPESCA58OT14|2|4790|5|27.9|587|1500|26|2000|14000|300000|4|4|4|79.88
ITAPESCA58OT15|2|4790|5|27.9|587|1500|26|2000|14000|300000|4|4|4|79.88
ITAPORTO16NT1|2|4790|5|27.9|587|1500|26|2000|14000|300000|4|4|4|39.52
ITAPORTO16NT2|2|4790|5|27.9|587|1500|26|2000|14000|300000|4|4|4|39.52
ITAPORTO16NT3|2|4790|5|27.9|587|1500|26|2000|14000|300000|4|4|4|39.52
ITAPORTO16NT4|2|4790|5|27.9|587|1500|26|2000|14000|300000|4|4|4|39.52
ITAPORTO35NT1|2|4790|5|27.9|587|1500|26|2000|14000|300000|4|4|4|23.2
ITAPORTO35NT2|2|4790|5|27.9|587|1500|26|2000|14000|300000|4|4|4|23.2
ITAPORTO35NT3|2|4790|5|27.9|587|1500|26|2000|14000|300000|4|4|4|23.2
ITAPORTO35NT4|2|4790|5|27.9|587|1500|26|2000|14000|300000|4|4|4|23.2
ITAPORTO35NT5|2|4790|5|27.9|587|1500|26|2000|14000|300000|4|4|4|23.2
ITAPORTO36NT1|2|4790|5|27.9|587|1500|26|2000|14000|300000|4|4|4|22.48
ITAPORTO36NT2|2|4790|5|27.9|587|1500|26|2000|14000|300000|4|4|4|22.48
ITAPORTO36NT3|2|4790|5|27.9|587|1500|26|2000|14000|300000|4|4|4|22.48
ITAPORTO36NT4|2|4790|5|27.9|587|1500|26|2000|14000|300000|4|4|4|22.48
ITAPORTO36NT5|2|4790|5|27.9|587|1500|26|2000|14000|300000|4|4|4|22.48
ITAPORTO36NT6|2|4790|5|27.9|587|1500|26|2000|14000|300000|4|4|4|22.48
ITAPORTO36NT7|2|4790|5|27.9|587|1500|26|2000|14000|300000|4|4|4|22.48
ITAPORTO36NT8|2|4790|5|27.9|587|1500|26|2000|14000|300000|4|4|4|22.48
ITAPORTO36NT9|2|4790|5|27.9|587|1500|26|2000|14000|300000|4|4|4|22.48
ITAPORTO51NT1|2|4790|5|27.9|587|1500|26|2000|14000|300000|4|4|4|25.32
ITAPORTO51NT2|2|4790|5|27.9|587|1500|26|2000|14000|300000|4|4|4|25.32
ITAPORTO52NT1|2|4790|5|27.9|587|1500|26|2000|14000|300000|4|4|4|24.4
ITAPORTO52NT2|2|4790|5|27.9|587|1500|26|2000|14000|300000|4|4|4|24.4
ITAPORTO52NT3|2|4790|5|27.9|587|1500|26|2000|14000|300000|4|4|4|24.4
ITAPORTO52NT4|2|4790|5|27.9|587|1500|26|2000|14000|300000|4|4|4|24.4
ITAPORTO52NT5|2|4790|5|27.9|587|1500|26|2000|14000|300000|4|4|4|24.4
ITAPORTO52NT6|2|4790|5|27.9|587|1500|26|2000|14000|300000|4|4|4|24.4
ITAPORTO68OT1|2|4790|5|27.9|587|1500|26|2000|14000|300000|4|4|4|60.56
ITAPORTO68OT2|2|4790|5|27.9|587|1500|26|2000|14000|300000|4|4|4|60.56
ITAPORTO68OT3|2|4790|5|27.9|587|1500|26|2000|14000|300000|4|4|4|60.56
ITAPORTO68OT4|2|4790|5|27.9|587|1500|26|2000|14000|300000|4|4|4|60.56
ITAPORTO68OT5|2|4790|5|27.9|587|1500|26|2000|14000|300000|4|4|4|60.56
ITAPORTO68OT6|2|4790|5|27.9|587|1500|26|2000|14000|300000|4|4|4|60.56
ITAPORTO68OT7|2|4790|5|27.9|587|1500|26|2000|14000|300000|4|4|4|60.56
ITAPORTO68OT8|2|4790|5|27.9|587|1500|26|2000|14000|300000|4|4|4|60.56
ITAPORTO68OT9|2|4790|5|27.9|587|1500|26|2000|14000|300000|4|4|4|60.56
ITAPORTO68OT10|2|4790|5|27.9|587|1500|26|2000|14000|300000|4|4|4|60.56
ITAPORTO68OT11|2|4790|5|27.9|587|1500|26|2000|14000|300000|4|4|4|60.56
ITAPORTO68OT12|2|4790|5|27.9|587|1500|26|2000|14000|300000|4|4|4|60.56
ITAPORTO68OT13|2|4790|5|27.9|587|1500|26|2000|14000|300000|4|4|4|60.56
ITAPORTO68OT14|2|4790|5|27.9|587|1500|26|2000|14000|300000|4|4|4|60.56
ITAPORTO68OT15|2|4790|5|27.9|587|1500|26|2000|14000|300000|4|4|4|60.56
ITAPORTO85OT1|2|4790|5|27.9|58.7|1500|26|2000|2800|150000|4|4|4|8.44
ITAPORTO86OT1|2|4790|5|27.9|587|1500|26|2000|14000|300000|4|4|4|69.6
ITAPORTO86OT2|2|4790|5|27.9|587|1500|26|2000|14000|300000|4|4|4|69.6
ITAPORTO86OT3|2|4790|5|27.9|587|1500|26|2000|14000|300000|4|4|4|69.6
ITAPORTO99OT1|2|4790|5|27.9|587|1500|26|2000|14000|300000|4|4|4|64.72
ITAPORTO99OT2|2|4790|5|27.9|587|1500|26|2000|14000|300000|4|4|4|64.72
ITAPORTO99OT3|2|4790|5|27.9|587|1500|26|2000|14000|300000|4|4|4|64.72
ITAPORTO99OT4|2|4790|5|27.9|587|1500|26|2000|14000|300000|4|4|4|64.72
ITAPORTO99OT5|2|4790|5|27.9|587|1500|26|2000|14000|300000|4|4|4|64.72
ITAPORTO99OT6|2|4790|5|27.9|587|1500|26|2000|14000|300000|4|4|4|64.72
ITAPORTO99OT7|2|4790|5|27.9|587|1500|26|2000|14000|300000|4|4|4|64.72
ITAPORTO99OT8|2|4790|5|27.9|587|1500|26|2000|14000|300000|4|4|4|64.72
ITAPORTO99OT9|2|4790|5|27.9|587|1500|26|2000|14000|300000|4|4|4|64.72
ITAPORTO99OT10|2|4790|5|27.9|587|1500|26|2000|14000|300000|4|4|4|64.72
ITAPORTO99OT11|2|4790|5|27.9|587|1500|26|2000|14000|300000|4|4|4|64.72
ITARAVEN17NT1|2|4790|5|27.9|587|1500|26|2000|14000|300000|4|4|4|30.36
ITARAVEN17NT2|2|4790|5|27.9|587|1500|26|2000|14000|300000|4|4|4|30.36
ITARAVEN17NT3|2|4790|5|27.9|587|1500|26|2000|14000|300000|4|4|4|30.36
ITARAVEN69OT1|2|4790|5|27.9|587|1500|26|2000|14000|300000|4|4|4|69.16
ITARAVEN69OT2|2|4790|5|27.9|587|1500|26|2000|14000|300000|4|4|4|69.16
ITARICCI18NT1|2|4790|5|27.9|587|1500|26|2000|14000|300000|4|4|4|23.88
ITARICCI18NT2|2|4790|5|27.9|587|1500|26|2000|14000|300000|4|4|4|23.88
ITARICCI18NT3|2|4790|5|27.9|587|1500|26|2000|14000|300000|4|4|4|23.88
ITARICCI70OT1|2|4790|5|27.9|58.7|1500|26|2000|2800|150000|4|4|4|8.52
ITARICCI70OT2|2|4790|5|27.9|58.7|1500|26|2000|2800|150000|4|4|4|8.52
ITARIMIN102RP1|2|4790|5|27.9|587|1500|26|2000|14000|300000|4|4|4|80.28
ITARIMIN102RP2|2|4790|5|27.9|587|1500|26|2000|14000|300000|4|4|4|80.28
ITARIMIN102RP3|2|4790|5|27.9|587|1500|26|2000|14000|300000|4|4|4|80.28
ITARIMIN19NT1|2|4790|5|27.9|587|1500|26|2000|14000|300000|4|4|4|25.8
ITARIMIN19NT2|2|4790|5|27.9|587|1500|26|2000|14000|300000|4|4|4|25.8
ITARIMIN71OT1|2|4790|5|27.9|587|1500|26|2000|14000|300000|4|4|4|80.28
ITARIMIN71OT2|2|4790|5|27.9|587|1500|26|2000|14000|300000|4|4|4|80.28
ITARIMIN71OT3|2|4790|5|27.9|587|1500|26|2000|14000|300000|4|4|4|80.28
ITARIMIN71OT4|2|4790|5|27.9|587|1500|26|2000|14000|300000|4|4|4|80.28
ITARIMIN71OT5|2|4790|5|27.9|587|1500|26|2000|14000|300000|4|4|4|80.28
ITARIMIN71OT6|2|4790|5|27.9|587|1500|26|2000|14000|300000|4|4|4|80.28
ITARIMIN71OT7|2|4790|5|27.9|587|1500|26|2000|14000|300000|4|4|4|80.28
ITARIMIN71OT8|2|4790|5|27.9|587|1500|26|2000|14000|300000|4|4|4|80.28
ITARIMIN71OT9|2|4790|5|27.9|587|1500|26|2000|14000|300000|4|4|4|80.28
ITARODI_42NT1|2|4790|5|27.9|587|1500|26|2000|14000|300000|4|4|4|30.48
ITARODI_42NT2|2|4790|5|27.9|587|1500|26|2000|14000|300000|4|4|4|30.48
ITARODI_42NT3|2|4790|5|27.9|587|1500|26|2000|14000|300000|4|4|4|30.48
ITARODI_42NT4|2|4790|5|27.9|587|1500|26|2000|14000|300000|4|4|4|30.48
ITARODI_42NT5|2|4790|5|27.9|587|1500|26|2000|14000|300000|4|4|4|30.48
ITARODI_42NT6|2|4790|5|27.9|587|1500|26|2000|14000|300000|4|4|4|30.48
ITARODI_42NT7|2|4790|5|27.9|587|1500|26|2000|14000|300000|4|4|4|30.48
ITARODI_42NT8|2|4790|5|27.9|587|1500|26|2000|14000|300000|4|4|4|30.48
ITARODI_42NT9|2|4790|5|27.9|587|1500|26|2000|14000|300000|4|4|4|30.48
ITARODI_42NT10|2|4790|5|27.9|587|1500|26|2000|14000|300000|4|4|4|30.48
ITARODI_42NT11|2|4790|5|27.9|587|1500|26|2000|14000|300000|4|4|4|30.48
ITARODI_42NT12|2|4790|5|27.9|587|1500|26|2000|14000|300000|4|4|4|30.48
ITARODI_42NT13|2|4790|5|27.9|587|1500|26|2000|14000|300000|4|4|4|30.48
ITARODI_42NT14|2|4790|5|27.9|587|1500|26|2000|14000|300000|4|4|4|30.48
ITARODI_42NT15|2|4790|5|27.9|587|1500|26|2000|14000|300000|4|4|4|30.48
ITARODI_42NT16|2|4790|5|27.9|587|1500|26|2000|14000|300000|4|4|4|30.48
ITARODI_42NT17|2|4790|5|27.9|587|1500|26|2000|14000|300000|4|4|4|30.48
ITARODI_42NT18|2|4790|5|27.9|587|1500|26|2000|14000|300000|4|4|4|30.48
ITARODI_42NT19|2|4790|5|27.9|587|1500|26|2000|14000|300000|4|4|4|30.48
ITARODI_42NT20|2|4790|5|27.9|587|1500|26|2000|14000|300000|4|4|4|30.48
ITARODI_91OT1|2|4790|5|27.9|587|1500|26|2000|14000|300000|4|4|4|54.96
ITARODI_91OT2|2|4790|5|27.9|587|1500|26|2000|14000|300000|4|4|4|54.96
ITAROSET59OT1|2|4790|5|27.9|58.7|1500|26|2000|2800|150000|4|4|4|12.23
ITAROSET59OT2|2|4790|5|27.9|58.7|1500|26|2000|2800|150000|4|4|4|12.23
ITAROSET6NT1|2|4790|5|27.9|587|1500|26|2000|14000|300000|4|4|4|21.2
ITAROSET6NT2|2|4790|5|27.9|587|1500|26|2000|14000|300000|4|4|4|21.2
ITAROSET6NT3|2|4790|5|27.9|587|1500|26|2000|14000|300000|4|4|4|21.2
ITAROSET6NT4|2|4790|5|27.9|587|1500|26|2000|14000|300000|4|4|4|21.2
ITAROSET6NT5|2|4790|5|27.9|587|1500|26|2000|14000|300000|4|4|4|21.2
ITAROSET6NT6|2|4790|5|27.9|587|1500|26|2000|14000|300000|4|4|4|21.2
ITASAN_B105RP1|2|4790|5|27.9|587|1500|26|2000|14000|300000|4|4|4|73.48
ITASAN_B105RP2|2|4790|5|27.9|587|1500|26|2000|14000|300000|4|4|4|73.48
ITASAN_B105RP3|2|4790|5|27.9|587|1500|26|2000|14000|300000|4|4|4|73.48
ITASAN_B37NT1|2|4790|5|27.9|587|1500|26|2000|14000|300000|4|4|4|21.68
ITASAN_B37NT2|2|4790|5|27.9|587|1500|26|2000|14000|300000|4|4|4|21.68
ITASAN_B37NT3|2|4790|5|27.9|587|1500|26|2000|14000|300000|4|4|4|21.68
ITASAN_B37NT4|2|4790|5|27.9|587|1500|26|2000|14000|300000|4|4|4|21.68
ITASAN_B37NT5|2|4790|5|27.9|587|1500|26|2000|14000|300000|4|4|4|21.68
ITASAN_B37NT6|2|4790|5|27.9|587|1500|26|2000|14000|300000|4|4|4|21.68
ITASAN_B37NT7|2|4790|5|27.9|587|1500|26|2000|14000|300000|4|4|4|21.68
ITASAN_B87OT1|2|4790|5|27.9|587|1500|26|2000|14000|300000|4|4|4|73.48
ITASAN_B87OT2|2|4790|5|27.9|587|1500|26|2000|14000|300000|4|4|4|73.48
ITASAN_B87OT3|2|4790|5|27.9|587|1500|26|2000|14000|300000|4|4|4|73.48
ITASAN_B87OT4|2|4790|5|27.9|587|1500|26|2000|14000|300000|4|4|4|73.48
ITASAN_B87OT5|2|4790|5|27.9|587|1500|26|2000|14000|300000|4|4|4|73.48
ITASAN_B87OT6|2|4790|5|27.9|587|1500|26|2000|14000|300000|4|4|4|73.48
ITASAN_B87OT7|2|4790|5|27.9|587|1500|26|2000|14000|300000|4|4|4|73.48
ITASAN_B87OT8|2|4790|5|27.9|587|1500|26|2000|14000|300000|4|4|4|73.48
ITASAN_B87OT9|2|4790|5|27.9|587|1500|26|2000|14000|300000|4|4|4|73.48
ITASAN_B87OT10|2|4790|5|27.9|587|1500|26|2000|14000|300000|4|4|4|73.48
ITASAN_B87OT11|2|4790|5|27.9|587|1500|26|2000|14000|300000|4|4|4|73.48
ITASAN_B87OT12|2|4790|5|27.9|587|1500|26|2000|14000|300000|4|4|4|73.48
ITASAN_B87OT13|2|4790|5|27.9|587|1500|26|2000|14000|300000|4|4|4|73.48
ITASAN_B87OT14|2|4790|5|27.9|587|1500|26|2000|14000|300000|4|4|4|73.48
ITASAN_B87OT15|2|4790|5|27.9|587|1500|26|2000|14000|300000|4|4|4|73.48
ITASAN_B87OT16|2|4790|5|27.9|587|1500|26|2000|14000|300000|4|4|4|73.48
ITASCARD100OT1|2|4790|5|27.9|587|1500|26|2000|14000|300000|4|4|4|47.24
ITASCARD100OT2|2|4790|5|27.9|587|1500|26|2000|14000|300000|4|4|4|47.24
ITASCARD100OT3|2|4790|5|27.9|587|1500|26|2000|14000|300000|4|4|4|47.24
ITASCARD100OT4|2|4790|5|27.9|587|1500|26|2000|14000|300000|4|4|4|47.24
ITASCARD53NT1|2|4790|5|27.9|587|1500|26|2000|14000|300000|4|4|4|26.16
ITASCARD53NT2|2|4790|5|27.9|587|1500|26|2000|14000|300000|4|4|4|26.16
ITASCARD53NT3|2|4790|5|27.9|587|1500|26|2000|14000|300000|4|4|4|26.16
ITASCARD53NT4|2|4790|5|27.9|587|1500|26|2000|14000|300000|4|4|4|26.16
ITASCARD53NT5|2|4790|5|27.9|587|1500|26|2000|14000|300000|4|4|4|26.16
ITASCARD53NT6|2|4790|5|27.9|587|1500|26|2000|14000|300000|4|4|4|26.16
ITASCARD53NT7|2|4790|5|27.9|587|1500|26|2000|14000|300000|4|4|4|26.16
ITASCARD53NT8|2|4790|5|27.9|587|1500|26|2000|14000|300000|4|4|4|26.16
ITASCARD53NT9|2|4790|5|27.9|587|1500|26|2000|14000|300000|4|4|4|26.16
ITASCARD53NT10|2|4790|5|27.9|587|1500|26|2000|14000|300000|4|4|4|26.16
ITASCARD53NT11|2|4790|5|27.9|587|1500|26|2000|14000|300000|4|4|4|26.16
ITASCARD53NT12|2|4790|5|27.9|587|1500|26|2000|14000|300000|4|4|4|26.16
ITASENIG38NT1|2|4790|5|27.9|587|1500|26|2000|14000|300000|4|4|4|21.8
ITASENIG38NT2|2|4790|5|27.9|587|1500|26|2000|14000|300000|4|4|4|21.8
ITASENIG38NT3|2|4790|5|27.9|587|1500|26|2000|14000|300000|4|4|4|21.8
ITASENIG38NT4|2|4790|5|27.9|587|1500|26|2000|14000|300000|4|4|4|21.8
ITASENIG38NT5|2|4790|5|27.9|587|1500|26|2000|14000|300000|4|4|4|21.8
ITASENIG38NT6|2|4790|5|27.9|587|1500|26|2000|14000|300000|4|4|4|21.8
ITASENIG38NT7|2|4790|5|27.9|587|1500|26|2000|14000|300000|4|4|4|21.8
ITASENIG38NT8|2|4790|5|27.9|587|1500|26|2000|14000|300000|4|4|4|21.8
ITASENIG88OT1|2|4790|5|27.9|587|1500|26|2000|14000|300000|4|4|4|48.16
ITASENIG88OT2|2|4790|5|27.9|587|1500|26|2000|14000|300000|4|4|4|48.16
ITASILVI60OT1|2|4790|5|27.9|58.7|1500|26|2000|2800|150000|4|4|4|10.7
ITASILVI60OT2|2|4790|5|27.9|58.7|1500|26|2000|2800|150000|4|4|4|10.7
ITASILVI60OT3|2|4790|5|27.9|58.7|1500|26|2000|2800|150000|4|4|4|10.7
ITASILVI60OT4|2|4790|5|27.9|58.7|1500|26|2000|2800|150000|4|4|4|10.7
ITASILVI7NT1|2|4790|5|27.9|587|1500|26|2000|14000|300000|4|4|4|22.4
ITASILVI7NT2|2|4790|5|27.9|587|1500|26|2000|14000|300000|4|4|4|22.4
ITASILVI7NT3|2|4790|5|27.9|587|1500|26|2000|14000|300000|4|4|4|22.4
ITASILVI7NT4|2|4790|5|27.9|587|1500|26|2000|14000|300000|4|4|4|22.4
ITASILVI7NT5|2|4790|5|27.9|587|1500|26|2000|14000|300000|4|4|4|22.4
ITASILVI7NT6|2|4790|5|27.9|587|1500|26|2000|14000|300000|4|4|4|22.4
ITASILVI7NT7|2|4790|5|27.9|587|1500|26|2000|14000|300000|4|4|4|22.4
ITASISTI23NT1|2|4790|5|27.9|58.7|1500|26|2000|2800|150000|4|4|4|8.77
ITASISTI23NT2|2|4790|5|27.9|58.7|1500|26|2000|2800|150000|4|4|4|8.77
ITASISTI75OT1|2|4790|5|27.9|58.7|1500|26|2000|2800|150000|4|4|4|14
ITATERMO39NT1|2|4790|5|27.9|587|1500|26|2000|14000|300000|4|4|4|25.12
ITATERMO39NT2|2|4790|5|27.9|587|1500|26|2000|14000|300000|4|4|4|25.12
ITATERMO39NT3|2|4790|5|27.9|587|1500|26|2000|14000|300000|4|4|4|25.12
ITATERMO39NT4|2|4790|5|27.9|587|1500|26|2000|14000|300000|4|4|4|25.12
ITATERMO39NT5|2|4790|5|27.9|587|1500|26|2000|14000|300000|4|4|4|25.12
ITATERMO39NT6|2|4790|5|27.9|587|1500|26|2000|14000|300000|4|4|4|25.12
ITATERMO39NT7|2|4790|5|27.9|587|1500|26|2000|14000|300000|4|4|4|25.12
ITATERMO39NT8|2|4790|5|27.9|587|1500|26|2000|14000|300000|4|4|4|25.12
ITATERMO39NT9|2|4790|5|27.9|587|1500|26|2000|14000|300000|4|4|4|25.12
ITATERMO89OT1|2|4790|5|27.9|587|1500|26|2000|14000|300000|4|4|4|80.72
ITATERMO89OT2|2|4790|5|27.9|587|1500|26|2000|14000|300000|4|4|4|80.72
ITATERMO89OT3|2|4790|5|27.9|587|1500|26|2000|14000|300000|4|4|4|80.72
ITATERMO89OT4|2|4790|5|27.9|587|1500|26|2000|14000|300000|4|4|4|80.72
ITATERMO89OT5|2|4790|5|27.9|587|1500|26|2000|14000|300000|4|4|4|80.72
ITATERMO89OT6|2|4790|5|27.9|587|1500|26|2000|14000|300000|4|4|4|80.72
ITATERMO89OT7|2|4790|5|27.9|587|1500|26|2000|14000|300000|4|4|4|80.72
ITATERMO89OT8|2|4790|5|27.9|587|1500|26|2000|14000|300000|4|4|4|80.72
ITATERMO89OT9|2|4790|5|27.9|587|1500|26|2000|14000|300000|4|4|4|80.72
ITATORTO61OT1|2|4790|5|27.9|587|1500|26|2000|14000|300000|4|4|4|21.95
ITATORTO61OT2|2|4790|5|27.9|587|1500|26|2000|14000|300000|4|4|4|21.95
ITATORTO61OT3|2|4790|5|27.9|587|1500|26|2000|14000|300000|4|4|4|21.95
ITATORTO8NT1|2|4790|5|27.9|587|1500|26|2000|14000|300000|4|4|4|21.6
ITATORTO8NT2|2|4790|5|27.9|587|1500|26|2000|14000|300000|4|4|4|21.6
ITATORTO8NT3|2|4790|5|27.9|587|1500|26|2000|14000|300000|4|4|4|21.6
ITATORTO8NT4|2|4790|5|27.9|587|1500|26|2000|14000|300000|4|4|4|21.6
ITATORTO8NT5|2|4790|5|27.9|587|1500|26|2000|14000|300000|4|4|4|21.6
ITATORTO8NT6|2|4790|5|27.9|587|1500|26|2000|14000|300000|4|4|4|21.6
ITATRIES24NT1|2|4790|5|27.9|587|1500|26|2000|14000|300000|4|4|4|31.36
ITATRIES24NT2|2|4790|5|27.9|587|1500|26|2000|14000|300000|4|4|4|31.36
ITATRIES76OT1|2|4790|5|27.9|587|1500|26|2000|14000|300000|4|4|4|55.52
ITATRIES76OT2|2|4790|5|27.9|587|1500|26|2000|14000|300000|4|4|4|55.52
ITAVASTO62OT1|2|4790|5|27.9|587|1500|26|2000|14000|300000|4|4|4|69.52
ITAVASTO62OT2|2|4790|5|27.9|587|1500|26|2000|14000|300000|4|4|4|69.52
ITAVASTO62OT3|2|4790|5|27.9|587|1500|26|2000|14000|300000|4|4|4|69.52
ITAVASTO9NT1|2|4790|5|27.9|587|1500|26|2000|14000|300000|4|4|4|20.72
ITAVASTO9NT2|2|4790|5|27.9|587|1500|26|2000|14000|300000|4|4|4|20.72
ITAVASTO9NT3|2|4790|5|27.9|587|1500|26|2000|14000|300000|4|4|4|20.72
ITAVASTO9NT4|2|4790|5|27.9|587|1500|26|2000|14000|300000|4|4|4|20.72
ITAVASTO9NT5|2|4790|5|27.9|587|1500|26|2000|14000|300000|4|4|4|20.72
ITAVASTO9NT6|2|4790|5|27.9|587|1500|26|2000|14000|300000|4|4|4|20.72
ITAVASTO9NT7|2|4790|5|27.9|587|1500|26|2000|14000|300000|4|4|4|20.72
ITAVASTO9NT8|2|4790|5|27.9|587|1500|26|2000|14000|300000|4|4|4|20.72
ITAVASTO9NT9|2|4790|5|27.9|587|1500|26|2000|14000|300000|4|4|4|20.72
ITAVASTO9NT10|2|4790|5|27.9|587|1500|26|2000|14000|300000|4|4|4|20.72
ITAVASTO9NT11|2|4790|5|27.9|587|1500|26|2000|14000|300000|4|4|4|20.72
ITAVENEZ101OT1|2|4790|5|27.9|587|1500|26|2000|14000|300000|4|4|4|51.24
ITAVENEZ101OT2|2|4790|5|27.9|587|1500|26|2000|14000|300000|4|4|4|51.24
ITAVENEZ101OT3|2|4790|5|27.9|587|1500|26|2000|14000|300000|4|4|4|51.24
ITAVENEZ101OT4|2|4790|5|27.9|587|1500|26|2000|14000|300000|4|4|4|51.24
ITAVENEZ54NT1|2|4790|5|27.9|587|1500|26|2000|14000|300000|4|4|4|44.56
ITAVENEZ54NT2|2|4790|5|27.9|587|1500|26|2000|14000|300000|4|4|4|44.56
ITAVENEZ54NT3|2|4790|5|27.9|587|1500|26|2000|14000|300000|4|4|4|44.56
ITAVENEZ54NT4|2|4790|5|27.9|587|1500|26|2000|14000|300000|4|4|4|44.56
ITAVENEZ54NT5|2|4790|5|27.9|587|1500|26|2000|14000|300000|4|4|4|44.56
ITAVENEZ54NT6|2|4790|5|27.9|587|1500|26|2000|14000|300000|4|4|4|44.56
ITAVENEZ54NT7|2|4790|5|27.9|587|1500|26|2000|14000|300000|4|4|4|44.56
ITAVENEZ54NT8|2|4790|5|27.9|587|1500|26|2000|14000|300000|4|4|4|44.56
ITAVIEST43NT1|2|4790|5|27.9|587|1500|26|2000|14000|300000|4|4|4|28.28
ITAVIEST43NT2|2|4790|5|27.9|587|1500|26|2000|14000|300000|4|4|4|28.28
ITAVIEST43NT3|2|4790|5|27.9|587|1500|26|2000|14000|300000|4|4|4|28.28
ITAVIEST43NT4|2|4790|5|27.9|587|1500|26|2000|14000|300000|4|4|4|28.28
ITAVIEST92OT1|2|4790|5|27.9|587|1500|26|2000|14000|300000|4|4|4|74.56
ITAVIEST92OT2|2|4790|5|27.9|587|1500|26|2000|14000|300000|4|4|4|74.56
