ITA_ANC101_RAP1|1|10|280|85.84|1184.72|6000|100000|10|0.4485|336.7618|20|1|1|1|0.15|4|6|4|22|101|1
ITA_ANC101_RAP2|1|10|280|85.84|1184.72|6000|100000|10|0.4485|336.7618|20|1|1|1|0.15|4|6|4|22|101|1
ITA_ANC24_NET1|1|18|120|19.68|45.44|800|1600|10|0.4485|336.7618|12|1|0|1.1|0.15|4|6|4|22|24|1
ITA_ANC24_NET2|1|18|120|19.68|45.44|800|1600|10|0.4485|336.7618|12|1|0|1.1|0.15|4|6|4|22|24|1
ITA_ANC24_NET3|1|18|120|19.68|45.44|800|1600|10|0.4485|336.7618|12|1|0|1.1|0.15|4|6|4|22|24|1
ITA_ANC24_NET4|1|18|120|19.68|45.44|800|1600|10|0.4485|336.7618|12|1|0|1.1|0.15|4|6|4|22|24|1
ITA_ANC24_NET5|1|18|120|19.68|45.44|800|1600|10|0.4485|336.7618|12|1|0|1.1|0.15|4|6|4|22|24|1
ITA_ANC24_NET6|1|18|120|19.68|45.44|800|1600|10|0.4485|336.7618|12|1|0|1.1|0.15|4|6|4|22|24|1
ITA_ANC24_NET7|1|18|120|19.68|45.44|800|1600|10|0.4485|336.7618|12|1|0|1.1|0.15|4|6|4|22|24|1
ITA_ANC24_NET8|1|18|120|19.68|45.44|800|1600|10|0.4485|336.7618|12|1|0|1.1|0.15|4|6|4|22|24|1
ITA_ANC24_NET9|1|18|120|19.68|45.44|800|1600|10|0.4485|336.7618|12|1|0|1.1|0.15|4|6|4|22|24|1
ITA_ANC24_NET10|1|18|120|19.68|45.44|800|1600|10|0.4485|336.7618|12|1|0|1.1|0.15|4|6|4|22|24|1
ITA_ANC24_NET11|1|18|120|19.68|45.44|800|1600|10|0.4485|336.7618|12|1|0|1.1|0.15|4|6|4|22|24|1
ITA_ANC24_NET12|1|18|120|19.68|45.44|800|1600|10|0.4485|336.7618|12|1|0|1.1|0.15|4|6|4|22|24|1
ITA_ANC75_OTB1|1|10|280|85.84|1184.72|6000|100000|10|0.4485|336.7618|20|1|0.9|1|0.15|4|6|4|22|75|1
ITA_ANC75_OTB2|1|10|280|85.84|1184.72|6000|100000|10|0.4485|336.7618|20|1|0.9|1|0.15|4|6|4|22|75|1
ITA_ANC75_OTB3|1|10|280|85.84|1184.72|6000|100000|10|0.4485|336.7618|20|1|0.9|1|0.15|4|6|4|22|75|1
ITA_ANC75_OTB4|1|10|280|85.84|1184.72|6000|100000|10|0.4485|336.7618|20|1|0.9|1|0.15|4|6|4|22|75|1
ITA_ANC75_OTB5|1|10|280|85.84|1184.72|6000|100000|10|0.4485|336.7618|20|1|0.9|1|0.15|4|6|4|22|75|1
ITA_ANC75_OTB6|1|10|280|85.84|1184.72|6000|100000|10|0.4485|336.7618|20|1|0.9|1|0.15|4|6|4|22|75|1
ITA_ANC75_OTB7|1|10|280|85.84|1184.72|6000|100000|10|0.4485|336.7618|20|1|0.9|1|0.15|4|6|4|22|75|1
ITA_ANC75_OTB8|1|10|280|85.84|1184.72|6000|100000|10|0.4485|336.7618|20|1|0.9|1|0.15|4|6|4|22|75|1
ITA_ANC75_OTB9|1|10|280|85.84|1184.72|6000|100000|10|0.4485|336.7618|20|1|0.9|1|0.15|4|6|4|22|75|1
ITA_ANC75_OTB10|1|10|280|85.84|1184.72|6000|100000|10|0.4485|336.7618|20|1|0.9|1|0.15|4|6|4|22|75|1
ITA_ANC75_OTB11|1|10|280|85.84|1184.72|6000|100000|10|0.4485|336.7618|20|1|0.9|1|0.15|4|6|4|22|75|1
ITA_ANC75_OTB12|1|10|280|85.84|1184.72|6000|100000|10|0.4485|336.7618|20|1|0.9|1|0.15|4|6|4|22|75|1
ITA_ANC75_OTB13|1|10|280|85.84|1184.72|6000|100000|10|0.4485|336.7618|20|1|0.9|1|0.15|4|6|4|22|75|1
ITA_ANC75_OTB14|1|10|280|85.84|1184.72|6000|100000|10|0.4485|336.7618|20|1|0.9|1|0.15|4|6|4|22|75|1
ITA_BEL10_NET1|1|18|120|23.44|103.76|800|1600|10|0.4485|336.7618|12|1|0|1.1|0.15|4|6|4|22|10|1
ITA_BEL10_NET2|1|18|120|23.44|103.76|800|1600|10|0.4485|336.7618|12|1|0|1.1|0.15|4|6|4|22|10|1
ITA_BEL10_NET3|1|18|120|23.44|103.76|800|1600|10|0.4485|336.7618|12|1|0|1.1|0.15|4|6|4|22|10|1
ITA_BEL10_NET4|1|18|120|23.44|103.76|800|1600|10|0.4485|336.7618|12|1|0|1.1|0.15|4|6|4|22|10|1
ITA_BEL10_NET5|1|18|120|23.44|103.76|800|1600|10|0.4485|336.7618|12|1|0|1.1|0.15|4|6|4|22|10|1
ITA_BEL10_NET6|1|18|120|23.44|103.76|800|1600|10|0.4485|336.7618|12|1|0|1.1|0.15|4|6|4|22|10|1
ITA_BEL61_OTB1|1|10|280|53.28|595.2|6000|100000|10|0.4485|336.7618|20|1|0.9|1|0.15|4|6|4|22|61|1
ITA_BEL61_OTB2|1|10|280|53.28|595.2|6000|100000|10|0.4485|336.7618|20|1|0.9|1|0.15|4|6|4|22|61|1
ITA_BUR42_NET1|1|18|120|32.56|113.24|800|1600|10|0.4485|336.7618|12|1|0|1.1|0.15|4|6|4|22|42|1
ITA_BUR42_NET2|1|18|120|32.56|113.24|800|1600|10|0.4485|336.7618|12|1|0|1.1|0.15|4|6|4|22|42|1
ITA_BUR91_OTB1|1|10|280|42.44|310.52|6000|100000|10|0.4485|336.7618|20|1|0.9|1|0.15|4|6|4|22|91|1
ITA_CAO43_NET1|1|18|120|27.12|95.88|800|1600|10|0.4485|336.7618|12|1|0|1.1|0.15|4|6|4|22|43|1
ITA_CAO43_NET2|1|18|120|27.12|95.88|800|1600|10|0.4485|336.7618|12|1|0|1.1|0.15|4|6|4|22|43|1
ITA_CAO43_NET3|1|18|120|27.12|95.88|800|1600|10|0.4485|336.7618|12|1|0|1.1|0.15|4|6|4|22|43|1
ITA_CAO43_NET4|1|18|120|27.12|95.88|800|1600|10|0.4485|336.7618|12|1|0|1.1|0.15|4|6|4|22|43|1
ITA_CAO43_NET5|1|18|120|27.12|95.88|800|1600|10|0.4485|336.7618|12|1|0|1.1|0.15|4|6|4|22|43|1
ITA_CAO43_NET6|1|18|120|27.12|95.88|800|1600|10|0.4485|336.7618|12|1|0|1.1|0.15|4|6|4|22|43|1
ITA_CAO43_NET7|1|18|120|27.12|95.88|800|1600|10|0.4485|336.7618|12|1|0|1.1|0.15|4|6|4|22|43|1
ITA_CAO43_NET8|1|18|120|27.12|95.88|800|1600|10|0.4485|336.7618|12|1|0|1.1|0.15|4|6|4|22|43|1
ITA_CAO92_OTB1|1|10|280|54.24|607.96|6000|100000|10|0.4485|336.7618|20|1|0.9|1|0.15|4|6|4|22|92|1
ITA_CAO92_OTB2|1|10|280|54.24|607.96|6000|100000|10|0.4485|336.7618|20|1|0.9|1|0.15|4|6|4|22|92|1
ITA_CAO92_OTB3|1|10|280|54.24|607.96|6000|100000|10|0.4485|336.7618|20|1|0.9|1|0.15|4|6|4|22|92|1
ITA_CAO92_OTB4|1|10|280|54.24|607.96|6000|100000|10|0.4485|336.7618|20|1|0.9|1|0.15|4|6|4|22|92|1
ITA_CAO92_OTB5|1|10|280|54.24|607.96|6000|100000|10|0.4485|336.7618|20|1|0.9|1|0.15|4|6|4|22|92|1
ITA_CAO92_OTB6|1|10|280|54.24|607.96|6000|100000|10|0.4485|336.7618|20|1|0.9|1|0.15|4|6|4|22|92|1
ITA_CAO92_OTB7|1|10|280|54.24|607.96|6000|100000|10|0.4485|336.7618|20|1|0.9|1|0.15|4|6|4|22|92|1
ITA_CAO92_OTB8|1|10|280|54.24|607.96|6000|100000|10|0.4485|336.7618|20|1|0.9|1|0.15|4|6|4|22|92|1
ITA_CAO92_OTB9|1|10|280|54.24|607.96|6000|100000|10|0.4485|336.7618|20|1|0.9|1|0.15|4|6|4|22|92|1
ITA_CAO92_OTB10|1|10|280|54.24|607.96|6000|100000|10|0.4485|336.7618|20|1|0.9|1|0.15|4|6|4|22|92|1
ITA_CAT11_NET1|1|18|120|29.76|198.72|800|1600|10|0.4485|336.7618|12|1|0|1.1|0.15|4|6|4|22|11|1
ITA_CAT11_NET2|1|18|120|29.76|198.72|800|1600|10|0.4485|336.7618|12|1|0|1.1|0.15|4|6|4|22|11|1
ITA_CAT62_OTB1|1|10|280|65|569|6000|100000|10|0.4485|336.7618|20|1|0.9|1|0.15|4|6|4|22|62|1
ITA_CAT62_OTB2|1|10|280|65|569|6000|100000|10|0.4485|336.7618|20|1|0.9|1|0.15|4|6|4|22|62|1
ITA_CER12_NET1|1|18|120|29.04|208.48|800|1600|10|0.4485|336.7618|12|1|0|1.1|0.15|4|6|4|22|12|1
ITA_CER12_NET2|1|18|120|29.04|208.48|800|1600|10|0.4485|336.7618|12|1|0|1.1|0.15|4|6|4|22|12|1
ITA_CER12_NET3|1|18|120|29.04|208.48|800|1600|10|0.4485|336.7618|12|1|0|1.1|0.15|4|6|4|22|12|1
ITA_CER63_OTB1|1|10|280|51.4|511.28|6000|100000|10|0.4485|336.7618|20|1|0.9|1|0.15|4|6|4|22|63|1
ITA_CES13_NET1|1|18|120|26.76|212.84|800|1600|10|0.4485|336.7618|12|1|0|1.1|0.15|4|6|4|22|13|1
ITA_CES64_OTB1|1|10|280|61.2|759.68|6000|100000|10|0.4485|336.7618|20|1|0.9|1|0.15|4|6|4|22|64|1
ITA_CES64_OTB2|1|10|280|61.2|759.68|6000|100000|10|0.4485|336.7618|20|1|0.9|1|0.15|4|6|4|22|64|1
ITA_CES64_OTB3|1|10|280|61.2|759.68|6000|100000|10|0.4485|336.7618|20|1|0.9|1|0.15|4|6|4|22|64|1
ITA_CES64_OTB4|1|10|280|61.2|759.68|6000|100000|10|0.4485|336.7618|20|1|0.9|1|0.15|4|6|4|22|64|1
ITA_CES64_OTB5|1|10|280|61.2|759.68|6000|100000|10|0.4485|336.7618|20|1|0.9|1|0.15|4|6|4|22|64|1
ITA_CES64_OTB6|1|10|280|61.2|759.68|6000|100000|10|0.4485|336.7618|20|1|0.9|1|0.15|4|6|4|22|64|1
ITA_CES64_OTB7|1|10|280|61.2|759.68|6000|100000|10|0.4485|336.7618|20|1|0.9|1|0.15|4|6|4|22|64|1
ITA_CES64_OTB8|1|10|280|61.2|759.68|6000|100000|10|0.4485|336.7618|20|1|0.9|1|0.15|4|6|4|22|64|1
ITA_CES64_OTB9|1|10|280|61.2|759.68|6000|100000|10|0.4485|336.7618|20|1|0.9|1|0.15|4|6|4|22|64|1
ITA_CHI104_RAP1|1|10|280|74.28|1134.76|6000|100000|10|0.4485|336.7618|20|1|1|1|0.15|4|6|4|22|104|1
ITA_CHI104_RAP2|1|10|280|74.28|1134.76|6000|100000|10|0.4485|336.7618|20|1|1|1|0.15|4|6|4|22|104|1
ITA_CHI104_RAP3|1|10|280|74.28|1134.76|6000|100000|10|0.4485|336.7618|20|1|1|1|0.15|4|6|4|22|104|1
ITA_CHI104_RAP4|1|10|280|74.28|1134.76|6000|100000|10|0.4485|336.7618|20|1|1|1|0.15|4|6|4|22|104|1
ITA_CHI104_RAP5|1|10|280|74.28|1134.76|6000|100000|10|0.4485|336.7618|20|1|1|1|0.15|4|6|4|22|104|1
ITA_CHI104_RAP6|1|10|280|74.28|1134.76|6000|100000|10|0.4485|336.7618|20|1|1|1|0.15|4|6|4|22|104|1
ITA_CHI104_RAP7|1|10|280|74.28|1134.76|6000|100000|10|0.4485|336.7618|20|1|1|1|0.15|4|6|4|22|104|1
ITA_CHI44_NET1|1|18|120|31.16|112.56|800|1600|10|0.4485|336.7618|12|1|0|1.1|0.15|4|6|4|22|44|1
ITA_CHI44_NET2|1|18|120|31.16|112.56|800|1600|10|0.4485|336.7618|12|1|0|1.1|0.15|4|6|4|22|44|1
ITA_CHI44_NET3|1|18|120|31.16|112.56|800|1600|10|0.4485|336.7618|12|1|0|1.1|0.15|4|6|4|22|44|1
ITA_CHI44_NET4|1|18|120|31.16|112.56|800|1600|10|0.4485|336.7618|12|1|0|1.1|0.15|4|6|4|22|44|1
ITA_CHI44_NET5|1|18|120|31.16|112.56|800|1600|10|0.4485|336.7618|12|1|0|1.1|0.15|4|6|4|22|44|1
ITA_CHI44_NET6|1|18|120|31.16|112.56|800|1600|10|0.4485|336.7618|12|1|0|1.1|0.15|4|6|4|22|44|1
ITA_CHI44_NET7|1|18|120|31.16|112.56|800|1600|10|0.4485|336.7618|12|1|0|1.1|0.15|4|6|4|22|44|1
ITA_CHI44_NET8|1|18|120|31.16|112.56|800|1600|10|0.4485|336.7618|12|1|0|1.1|0.15|4|6|4|22|44|1
ITA_CHI44_NET9|1|18|120|31.16|112.56|800|1600|10|0.4485|336.7618|12|1|0|1.1|0.15|4|6|4|22|44|1
ITA_CHI93_OTB1|1|10|280|74.28|1134.76|6000|100000|10|0.4485|336.7618|20|1|0.9|1|0.15|4|6|4|22|93|1
ITA_CHI93_OTB2|1|10|280|74.28|1134.76|6000|100000|10|0.4485|336.7618|20|1|0.9|1|0.15|4|6|4|22|93|1
ITA_CHI93_OTB3|1|10|280|74.28|1134.76|6000|100000|10|0.4485|336.7618|20|1|0.9|1|0.15|4|6|4|22|93|1
ITA_CHI93_OTB4|1|10|280|74.28|1134.76|6000|100000|10|0.4485|336.7618|20|1|0.9|1|0.15|4|6|4|22|93|1
ITA_CHI93_OTB5|1|10|280|74.28|1134.76|6000|100000|10|0.4485|336.7618|20|1|0.9|1|0.15|4|6|4|22|93|1
ITA_CHI93_OTB6|1|10|280|74.28|1134.76|6000|100000|10|0.4485|336.7618|20|1|0.9|1|0.15|4|6|4|22|93|1
ITA_CHI93_OTB7|1|10|280|74.28|1134.76|6000|100000|10|0.4485|336.7618|20|1|0.9|1|0.15|4|6|4|22|93|1
ITA_CHI93_OTB8|1|10|280|74.28|1134.76|6000|100000|10|0.4485|336.7618|20|1|0.9|1|0.15|4|6|4|22|93|1
ITA_CHI93_OTB9|1|10|280|74.28|1134.76|6000|100000|10|0.4485|336.7618|20|1|0.9|1|0.15|4|6|4|22|93|1
ITA_CHI93_OTB10|1|10|280|74.28|1134.76|6000|100000|10|0.4485|336.7618|20|1|0.9|1|0.15|4|6|4|22|93|1
ITA_CHI93_OTB11|1|10|280|74.28|1134.76|6000|100000|10|0.4485|336.7618|20|1|0.9|1|0.15|4|6|4|22|93|1
ITA_CHI93_OTB12|1|10|280|74.28|1134.76|6000|100000|10|0.4485|336.7618|20|1|0.9|1|0.15|4|6|4|22|93|1
ITA_CHI93_OTB13|1|10|280|74.28|1134.76|6000|100000|10|0.4485|336.7618|20|1|0.9|1|0.15|4|6|4|22|93|1
ITA_CHI93_OTB14|1|10|280|74.28|1134.76|6000|100000|10|0.4485|336.7618|20|1|0.9|1|0.15|4|6|4|22|93|1
ITA_CHI93_OTB15|1|10|280|74.28|1134.76|6000|100000|10|0.4485|336.7618|20|1|0.9|1|0.15|4|6|4|22|93|1
ITA_CHI93_OTB16|1|10|280|74.28|1134.76|6000|100000|10|0.4485|336.7618|20|1|0.9|1|0.15|4|6|4|22|93|1
ITA_CHI93_OTB17|1|10|280|74.28|1134.76|6000|100000|10|0.4485|336.7618|20|1|0.9|1|0.15|4|6|4|22|93|1
ITA_CHI93_OTB18|1|10|280|74.28|1134.76|6000|100000|10|0.4485|336.7618|20|1|0.9|1|0.15|4|6|4|22|93|1
ITA_CHI93_OTB19|1|10|280|74.28|1134.76|6000|100000|10|0.4485|336.7618|20|1|0.9|1|0.15|4|6|4|22|93|1
ITA_CHI93_OTB20|1|10|280|74.28|1134.76|6000|100000|10|0.4485|336.7618|20|1|0.9|1|0.15|4|6|4|22|93|1
ITA_CHI93_OTB21|1|10|280|74.28|1134.76|6000|100000|10|0.4485|336.7618|20|1|0.9|1|0.15|4|6|4|22|93|1
ITA_CHI93_OTB22|1|10|280|74.28|1134.76|6000|100000|10|0.4485|336.7618|20|1|0.9|1|0.15|4|6|4|22|93|1
ITA_CHI93_OTB23|1|10|280|74.28|1134.76|6000|100000|10|0.4485|336.7618|20|1|0.9|1|0.15|4|6|4|22|93|1
ITA_CHI93_OTB24|1|10|280|74.28|1134.76|6000|100000|10|0.4485|336.7618|20|1|0.9|1|0.15|4|6|4|22|93|1
ITA_CIV102_RAP1|1|10|280|76.64|862.08|6000|100000|10|0.4485|336.7618|20|1|1|1|0.15|4|6|4|22|102|1
ITA_CIV25_NET1|1|18|120|22.96|70|800|1600|10|0.4485|336.7618|12|1|0|1.1|0.15|4|6|4|22|25|1
ITA_CIV25_NET2|1|18|120|22.96|70|800|1600|10|0.4485|336.7618|12|1|0|1.1|0.15|4|6|4|22|25|1
ITA_CIV25_NET3|1|18|120|22.96|70|800|1600|10|0.4485|336.7618|12|1|0|1.1|0.15|4|6|4|22|25|1
ITA_CIV25_NET4|1|18|120|22.96|70|800|1600|10|0.4485|336.7618|12|1|0|1.1|0.15|4|6|4|22|25|1
ITA_CIV25_NET5|1|18|120|22.96|70|800|1600|10|0.4485|336.7618|12|1|0|1.1|0.15|4|6|4|22|25|1
ITA_CIV25_NET6|1|18|120|22.96|70|800|1600|10|0.4485|336.7618|12|1|0|1.1|0.15|4|6|4|22|25|1
ITA_CIV25_NET7|1|18|120|22.96|70|800|1600|10|0.4485|336.7618|12|1|0|1.1|0.15|4|6|4|22|25|1
ITA_CIV76_OTB1|1|10|280|76.64|862.08|6000|100000|10|0.4485|336.7618|20|1|0.9|1|0.15|4|6|4|22|76|1
ITA_CIV76_OTB2|1|10|280|76.64|862.08|6000|100000|10|0.4485|336.7618|20|1|0.9|1|0.15|4|6|4|22|76|1
ITA_CIV76_OTB3|1|10|280|76.64|862.08|6000|100000|10|0.4485|336.7618|20|1|0.9|1|0.15|4|6|4|22|76|1
ITA_CIV76_OTB4|1|10|280|76.64|862.08|6000|100000|10|0.4485|336.7618|20|1|0.9|1|0.15|4|6|4|22|76|1
ITA_CIV76_OTB5|1|10|280|76.64|862.08|6000|100000|10|0.4485|336.7618|20|1|0.9|1|0.15|4|6|4|22|76|1
ITA_CIV76_OTB6|1|10|280|76.64|862.08|6000|100000|10|0.4485|336.7618|20|1|0.9|1|0.15|4|6|4|22|76|1
ITA_CIV76_OTB7|1|10|280|76.64|862.08|6000|100000|10|0.4485|336.7618|20|1|0.9|1|0.15|4|6|4|22|76|1
ITA_CIV76_OTB8|1|10|280|76.64|862.08|6000|100000|10|0.4485|336.7618|20|1|0.9|1|0.15|4|6|4|22|76|1
ITA_CIV76_OTB9|1|10|280|76.64|862.08|6000|100000|10|0.4485|336.7618|20|1|0.9|1|0.15|4|6|4|22|76|1
ITA_CIV76_OTB10|1|10|280|76.64|862.08|6000|100000|10|0.4485|336.7618|20|1|0.9|1|0.15|4|6|4|22|76|1
ITA_CIV76_OTB11|1|10|280|76.64|862.08|6000|100000|10|0.4485|336.7618|20|1|0.9|1|0.15|4|6|4|22|76|1
ITA_CUP26_NET1|1|18|120|22.84|44.16|800|1600|10|0.4485|336.7618|12|1|0|1.1|0.15|4|6|4|22|26|1
ITA_CUP26_NET2|1|18|120|22.84|44.16|800|1600|10|0.4485|336.7618|12|1|0|1.1|0.15|4|6|4|22|26|1
ITA_CUP26_NET3|1|18|120|22.84|44.16|800|1600|10|0.4485|336.7618|12|1|0|1.1|0.15|4|6|4|22|26|1
ITA_CUP77_OTB1|1|10|280|62.52|416|6000|100000|10|0.4485|336.7618|20|1|0.9|1|0.15|4|6|4|22|77|1
ITA_FAN27_NET1|1|18|120|25.16|152.44|800|1600|10|0.4485|336.7618|12|1|0|1.1|0.15|4|6|4|22|27|1
ITA_FAN27_NET2|1|18|120|25.16|152.44|800|1600|10|0.4485|336.7618|12|1|0|1.1|0.15|4|6|4|22|27|1
ITA_FAN27_NET3|1|18|120|25.16|152.44|800|1600|10|0.4485|336.7618|12|1|0|1.1|0.15|4|6|4|22|27|1
ITA_FAN27_NET4|1|18|120|25.16|152.44|800|1600|10|0.4485|336.7618|12|1|0|1.1|0.15|4|6|4|22|27|1
ITA_FAN27_NET5|1|18|120|25.16|152.44|800|1600|10|0.4485|336.7618|12|1|0|1.1|0.15|4|6|4|22|27|1
ITA_FAN27_NET6|1|18|120|25.16|152.44|800|1600|10|0.4485|336.7618|12|1|0|1.1|0.15|4|6|4|22|27|1
ITA_FAN78_OTB1|1|10|280|80.6|1210.48|6000|100000|10|0.4485|336.7618|20|1|0.9|1|0.15|4|6|4|22|78|1
ITA_FAN78_OTB2|1|10|280|80.6|1210.48|6000|100000|10|0.4485|336.7618|20|1|0.9|1|0.15|4|6|4|22|78|1
ITA_FAN78_OTB3|1|10|280|80.6|1210.48|6000|100000|10|0.4485|336.7618|20|1|0.9|1|0.15|4|6|4|22|78|1
ITA_FAN78_OTB4|1|10|280|80.6|1210.48|6000|100000|10|0.4485|336.7618|20|1|0.9|1|0.15|4|6|4|22|78|1
ITA_FAN78_OTB5|1|10|280|80.6|1210.48|6000|100000|10|0.4485|336.7618|20|1|0.9|1|0.15|4|6|4|22|78|1
ITA_GAB28_NET1|1|18|120|29.72|302.12|800|1600|10|0.4485|336.7618|12|1|0|1.1|0.15|4|6|4|22|28|1
ITA_GAB28_NET2|1|18|120|29.72|302.12|800|1600|10|0.4485|336.7618|12|1|0|1.1|0.15|4|6|4|22|28|1
ITA_GAB79_OTB1|1|10|280|42.2|648.8|6000|100000|10|0.4485|336.7618|20|1|0.9|1|0.15|4|6|4|22|79|1
ITA_GIU1_NET1|1|18|120|22.92|47.12|800|1600|10|0.4485|336.7618|12|1|0|1.1|0.15|4|6|4|22|1|1
ITA_GIU1_NET2|1|18|120|22.92|47.12|800|1600|10|0.4485|336.7618|12|1|0|1.1|0.15|4|6|4|22|1|1
ITA_GIU1_NET3|1|18|120|22.92|47.12|800|1600|10|0.4485|336.7618|12|1|0|1.1|0.15|4|6|4|22|1|1
ITA_GIU1_NET4|1|18|120|22.92|47.12|800|1600|10|0.4485|336.7618|12|1|0|1.1|0.15|4|6|4|22|1|1
ITA_GIU53_OTB1|1|10|280|89.48|999.52|6000|100000|10|0.4485|336.7618|20|1|0.9|1|0.15|4|6|4|22|53|1
ITA_GIU53_OTB2|1|10|280|89.48|999.52|6000|100000|10|0.4485|336.7618|20|1|0.9|1|0.15|4|6|4|22|53|1
ITA_GIU53_OTB3|1|10|280|89.48|999.52|6000|100000|10|0.4485|336.7618|20|1|0.9|1|0.15|4|6|4|22|53|1
ITA_GOR14_NET1|1|18|120|27.48|128.04|800|1600|10|0.4485|336.7618|12|1|0|1.1|0.15|4|6|4|22|14|1
ITA_GOR14_NET2|1|18|120|27.48|128.04|800|1600|10|0.4485|336.7618|12|1|0|1.1|0.15|4|6|4|22|14|1
ITA_GOR14_NET3|1|18|120|27.48|128.04|800|1600|10|0.4485|336.7618|12|1|0|1.1|0.15|4|6|4|22|14|1
ITA_GOR14_NET4|1|18|120|27.48|128.04|800|1600|10|0.4485|336.7618|12|1|0|1.1|0.15|4|6|4|22|14|1
ITA_GOR14_NET5|1|18|120|27.48|128.04|800|1600|10|0.4485|336.7618|12|1|0|1.1|0.15|4|6|4|22|14|1
ITA_GOR14_NET6|1|18|120|27.48|128.04|800|1600|10|0.4485|336.7618|12|1|0|1.1|0.15|4|6|4|22|14|1
ITA_GOR14_NET7|1|18|120|27.48|128.04|800|1600|10|0.4485|336.7618|12|1|0|1.1|0.15|4|6|4|22|14|1
ITA_GOR14_NET8|1|18|120|27.48|128.04|800|1600|10|0.4485|336.7618|12|1|0|1.1|0.15|4|6|4|22|14|1
ITA_GOR14_NET9|1|18|120|27.48|128.04|800|1600|10|0.4485|336.7618|12|1|0|1.1|0.15|4|6|4|22|14|1
ITA_GOR14_NET10|1|18|120|27.48|128.04|800|1600|10|0.4485|336.7618|12|1|0|1.1|0.15|4|6|4|22|14|1
ITA_GOR14_NET11|1|18|120|27.48|128.04|800|1600|10|0.4485|336.7618|12|1|0|1.1|0.15|4|6|4|22|14|1
ITA_GOR14_NET12|1|18|120|27.48|128.04|800|1600|10|0.4485|336.7618|12|1|0|1.1|0.15|4|6|4|22|14|1
ITA_GOR14_NET13|1|18|120|27.48|128.04|800|1600|10|0.4485|336.7618|12|1|0|1.1|0.15|4|6|4|22|14|1
ITA_GOR14_NET14|1|18|120|27.48|128.04|800|1600|10|0.4485|336.7618|12|1|0|1.1|0.15|4|6|4|22|14|1
ITA_GOR14_NET15|1|18|120|27.48|128.04|800|1600|10|0.4485|336.7618|12|1|0|1.1|0.15|4|6|4|22|14|1
ITA_GOR14_NET16|1|18|120|27.48|128.04|800|1600|10|0.4485|336.7618|12|1|0|1.1|0.15|4|6|4|22|14|1
ITA_GOR14_NET17|1|18|120|27.48|128.04|800|1600|10|0.4485|336.7618|12|1|0|1.1|0.15|4|6|4|22|14|1
ITA_GOR14_NET18|1|18|120|27.48|128.04|800|1600|10|0.4485|336.7618|12|1|0|1.1|0.15|4|6|4|22|14|1
ITA_GOR14_NET19|1|18|120|27.48|128.04|800|1600|10|0.4485|336.7618|12|1|0|1.1|0.15|4|6|4|22|14|1
ITA_GOR14_NET20|1|18|120|27.48|128.04|800|1600|10|0.4485|336.7618|12|1|0|1.1|0.15|4|6|4|22|14|1
ITA_GOR14_NET21|1|18|120|27.48|128.04|800|1600|10|0.4485|336.7618|12|1|0|1.1|0.15|4|6|4|22|14|1
ITA_GOR14_NET22|1|18|120|27.48|128.04|800|1600|10|0.4485|336.7618|12|1|0|1.1|0.15|4|6|4|22|14|1
ITA_GOR14_NET23|1|18|120|27.48|128.04|800|1600|10|0.4485|336.7618|12|1|0|1.1|0.15|4|6|4|22|14|1
ITA_GOR14_NET24|1|18|120|27.48|128.04|800|1600|10|0.4485|336.7618|12|1|0|1.1|0.15|4|6|4|22|14|1
ITA_GOR14_NET25|1|18|120|27.48|128.04|800|1600|10|0.4485|336.7618|12|1|0|1.1|0.15|4|6|4|22|14|1
ITA_GOR14_NET26|1|18|120|27.48|128.04|800|1600|10|0.4485|336.7618|12|1|0|1.1|0.15|4|6|4|22|14|1
ITA_GOR14_NET27|1|18|120|27.48|128.04|800|1600|10|0.4485|336.7618|12|1|0|1.1|0.15|4|6|4|22|14|1
ITA_GOR14_NET28|1|18|120|27.48|128.04|800|1600|10|0.4485|336.7618|12|1|0|1.1|0.15|4|6|4|22|14|1
ITA_GOR14_NET29|1|18|120|27.48|128.04|800|1600|10|0.4485|336.7618|12|1|0|1.1|0.15|4|6|4|22|14|1
ITA_GOR14_NET30|1|18|120|27.48|128.04|800|1600|10|0.4485|336.7618|12|1|0|1.1|0.15|4|6|4|22|14|1
ITA_GOR14_NET31|1|18|120|27.48|128.04|800|1600|10|0.4485|336.7618|12|1|0|1.1|0.15|4|6|4|22|14|1
ITA_GOR14_NET32|1|18|120|27.48|128.04|800|1600|10|0.4485|336.7618|12|1|0|1.1|0.15|4|6|4|22|14|1
ITA_GOR14_NET33|1|18|120|27.48|128.04|800|1600|10|0.4485|336.7618|12|1|0|1.1|0.15|4|6|4|22|14|1
ITA_GOR65_OTB1|1|10|280|45.2|391.24|6000|100000|10|0.4485|336.7618|20|1|0.9|1|0.15|4|6|4|22|65|1
ITA_GOR65_OTB2|1|10|280|45.2|391.24|6000|100000|10|0.4485|336.7618|20|1|0.9|1|0.15|4|6|4|22|65|1
ITA_GOR65_OTB3|1|10|280|45.2|391.24|6000|100000|10|0.4485|336.7618|20|1|0.9|1|0.15|4|6|4|22|65|1
ITA_GOR65_OTB4|1|10|280|45.2|391.24|6000|100000|10|0.4485|336.7618|20|1|0.9|1|0.15|4|6|4|22|65|1
ITA_GOR65_OTB5|1|10|280|45.2|391.24|6000|100000|10|0.4485|336.7618|20|1|0.9|1|0.15|4|6|4|22|65|1
ITA_GOR65_OTB6|1|10|280|45.2|391.24|6000|100000|10|0.4485|336.7618|20|1|0.9|1|0.15|4|6|4|22|65|1
ITA_GOR65_OTB7|1|10|280|45.2|391.24|6000|100000|10|0.4485|336.7618|20|1|0.9|1|0.15|4|6|4|22|65|1
ITA_GOR65_OTB8|1|10|280|45.2|391.24|6000|100000|10|0.4485|336.7618|20|1|0.9|1|0.15|4|6|4|22|65|1
ITA_GOR65_OTB9|1|10|280|45.2|391.24|6000|100000|10|0.4485|336.7618|20|1|0.9|1|0.15|4|6|4|22|65|1
ITA_GOR65_OTB10|1|10|280|45.2|391.24|6000|100000|10|0.4485|336.7618|20|1|0.9|1|0.15|4|6|4|22|65|1
ITA_GOR65_OTB11|1|10|280|45.2|391.24|6000|100000|10|0.4485|336.7618|20|1|0.9|1|0.15|4|6|4|22|65|1
ITA_GOR65_OTB12|1|10|280|45.2|391.24|6000|100000|10|0.4485|336.7618|20|1|0.9|1|0.15|4|6|4|22|65|1
ITA_GOR65_OTB13|1|10|280|45.2|391.24|6000|100000|10|0.4485|336.7618|20|1|0.9|1|0.15|4|6|4|22|65|1
ITA_GOR65_OTB14|1|10|280|45.2|391.24|6000|100000|10|0.4485|336.7618|20|1|0.9|1|0.15|4|6|4|22|65|1
ITA_GOR65_OTB15|1|10|280|45.2|391.24|6000|100000|10|0.4485|336.7618|20|1|0.9|1|0.15|4|6|4|22|65|1
ITA_GOR65_OTB16|1|10|280|45.2|391.24|6000|100000|10|0.4485|336.7618|20|1|0.9|1|0.15|4|6|4|22|65|1
ITA_GOR65_OTB17|1|10|280|45.2|391.24|6000|100000|10|0.4485|336.7618|20|1|0.9|1|0.15|4|6|4|22|65|1
ITA_GOR65_OTB18|1|10|280|45.2|391.24|6000|100000|10|0.4485|336.7618|20|1|0.9|1|0.15|4|6|4|22|65|1
ITA_GOR65_OTB19|1|10|280|45.2|391.24|6000|100000|10|0.4485|336.7618|20|1|0.9|1|0.15|4|6|4|22|65|1
ITA_GOR65_OTB20|1|10|280|45.2|391.24|6000|100000|10|0.4485|336.7618|20|1|0.9|1|0.15|4|6|4|22|65|1
ITA_GOR65_OTB21|1|10|280|45.2|391.24|6000|100000|10|0.4485|336.7618|20|1|0.9|1|0.15|4|6|4|22|65|1
ITA_GOR65_OTB22|1|10|280|45.2|391.24|6000|100000|10|0.4485|336.7618|20|1|0.9|1|0.15|4|6|4|22|65|1
ITA_GOR65_OTB23|1|10|280|45.2|391.24|6000|100000|10|0.4485|336.7618|20|1|0.9|1|0.15|4|6|4|22|65|1
ITA_GOR65_OTB24|1|10|280|45.2|391.24|6000|100000|10|0.4485|336.7618|20|1|0.9|1|0.15|4|6|4|22|65|1
ITA_GOR65_OTB25|1|10|280|45.2|391.24|6000|100000|10|0.4485|336.7618|20|1|0.9|1|0.15|4|6|4|22|65|1
ITA_GOR65_OTB26|1|10|280|45.2|391.24|6000|100000|10|0.4485|336.7618|20|1|0.9|1|0.15|4|6|4|22|65|1
ITA_GOR65_OTB27|1|10|280|45.2|391.24|6000|100000|10|0.4485|336.7618|20|1|0.9|1|0.15|4|6|4|22|65|1
ITA_GOR65_OTB28|1|10|280|45.2|391.24|6000|100000|10|0.4485|336.7618|20|1|0.9|1|0.15|4|6|4|22|65|1
ITA_GOR65_OTB29|1|10|280|45.2|391.24|6000|100000|10|0.4485|336.7618|20|1|0.9|1|0.15|4|6|4|22|65|1
ITA_GOR65_OTB30|1|10|280|45.2|391.24|6000|100000|10|0.4485|336.7618|20|1|0.9|1|0.15|4|6|4|22|65|1
ITA_GOR65_OTB31|1|10|280|45.2|391.24|6000|100000|10|0.4485|336.7618|20|1|0.9|1|0.15|4|6|4|22|65|1
ITA_GRA19_NET1|1|18|120|24.84|37.84|800|1600|10|0.4485|336.7618|12|1|0|1.1|0.15|4|6|4|22|19|1
ITA_GRA19_NET2|1|18|120|24.84|37.84|800|1600|10|0.4485|336.7618|12|1|0|1.1|0.15|4|6|4|22|19|1
ITA_GRA70_OTB1|1|10|280|53.08|662.08|6000|100000|10|0.4485|336.7618|20|1|0.9|1|0.15|4|6|4|22|70|1
ITA_GRA70_OTB2|1|10|280|53.08|662.08|6000|100000|10|0.4485|336.7618|20|1|0.9|1|0.15|4|6|4|22|70|1
ITA_GRA70_OTB3|1|10|280|53.08|662.08|6000|100000|10|0.4485|336.7618|20|1|0.9|1|0.15|4|6|4|22|70|1
ITA_GRA70_OTB4|1|10|280|53.08|662.08|6000|100000|10|0.4485|336.7618|20|1|0.9|1|0.15|4|6|4|22|70|1
ITA_GRA70_OTB5|1|10|280|53.08|662.08|6000|100000|10|0.4485|336.7618|20|1|0.9|1|0.15|4|6|4|22|70|1
ITA_GRO29_NET1|1|18|120|22.2|28|800|1600|10|0.4485|336.7618|12|1|0|1.1|0.15|4|6|4|22|29|1
ITA_IES45_NET1|1|18|120|25.32|52.68|800|1600|10|0.4485|336.7618|12|1|0|1.1|0.15|4|6|4|22|45|1
ITA_IES45_NET2|1|18|120|25.32|52.68|800|1600|10|0.4485|336.7618|12|1|0|1.1|0.15|4|6|4|22|45|1
ITA_IES45_NET3|1|18|120|25.32|52.68|800|1600|10|0.4485|336.7618|12|1|0|1.1|0.15|4|6|4|22|45|1
ITA_IES45_NET4|1|18|120|25.32|52.68|800|1600|10|0.4485|336.7618|12|1|0|1.1|0.15|4|6|4|22|45|1
ITA_IES94_OTB1|1|10|280|54.04|646.8|6000|100000|10|0.4485|336.7618|20|1|0.9|1|0.15|4|6|4|22|94|1
ITA_LES38_NET1|1|18|120|25.16|7.36|800|1600|10|0.4485|336.7618|12|1|0|1.1|0.15|4|6|4|22|38|1
ITA_LES38_NET2|1|18|120|25.16|7.36|800|1600|10|0.4485|336.7618|12|1|0|1.1|0.15|4|6|4|22|38|1
ITA_LES38_NET3|1|18|120|25.16|7.36|800|1600|10|0.4485|336.7618|12|1|0|1.1|0.15|4|6|4|22|38|1
ITA_LES38_NET4|1|18|120|25.16|7.36|800|1600|10|0.4485|336.7618|12|1|0|1.1|0.15|4|6|4|22|38|1
ITA_LES38_NET5|1|18|120|25.16|7.36|800|1600|10|0.4485|336.7618|12|1|0|1.1|0.15|4|6|4|22|38|1
ITA_LES38_NET6|1|18|120|25.16|7.36|800|1600|10|0.4485|336.7618|12|1|0|1.1|0.15|4|6|4|22|38|1
ITA_LIG46_NET1|1|18|120|18|0|800|1600|10|0.4485|336.7618|12|1|0|1.1|0.15|4|6|4|22|46|1
ITA_MAR2_NET1|1|18|120|18.6|19.76|800|1600|10|0.4485|336.7618|12|1|0|1.1|0.15|4|6|4|22|2|1
ITA_MAR3_NET1|1|18|120|23.6|60.56|800|1600|10|0.4485|336.7618|12|1|0|1.1|0.15|4|6|4|22|3|1
ITA_MAR3_NET2|1|18|120|23.6|60.56|800|1600|10|0.4485|336.7618|12|1|0|1.1|0.15|4|6|4|22|3|1
ITA_MAR3_NET3|1|18|120|23.6|60.56|800|1600|10|0.4485|336.7618|12|1|0|1.1|0.15|4|6|4|22|3|1
ITA_MAR3_NET4|1|18|120|23.6|60.56|800|1600|10|0.4485|336.7618|12|1|0|1.1|0.15|4|6|4|22|3|1
ITA_MAR3_NET5|1|18|120|23.6|60.56|800|1600|10|0.4485|336.7618|12|1|0|1.1|0.15|4|6|4|22|3|1
ITA_MAR30_NET1|1|18|120|22.68|58.88|800|1600|10|0.4485|336.7618|12|1|0|1.1|0.15|4|6|4|22|30|1
ITA_MAR30_NET2|1|18|120|22.68|58.88|800|1600|10|0.4485|336.7618|12|1|0|1.1|0.15|4|6|4|22|30|1
ITA_MAR30_NET3|1|18|120|22.68|58.88|800|1600|10|0.4485|336.7618|12|1|0|1.1|0.15|4|6|4|22|30|1
ITA_MAR39_NET1|1|18|120|27.92|76.12|800|1600|10|0.4485|336.7618|12|1|0|1.1|0.15|4|6|4|22|39|1
ITA_MAR39_NET2|1|18|120|27.92|76.12|800|1600|10|0.4485|336.7618|12|1|0|1.1|0.15|4|6|4|22|39|1
ITA_MAR39_NET3|1|18|120|27.92|76.12|800|1600|10|0.4485|336.7618|12|1|0|1.1|0.15|4|6|4|22|39|1
ITA_MAR47_NET1|1|18|120|29.52|230.6|800|1600|10|0.4485|336.7618|12|1|0|1.1|0.15|4|6|4|22|47|1
ITA_MAR47_NET2|1|18|120|29.52|230.6|800|1600|10|0.4485|336.7618|12|1|0|1.1|0.15|4|6|4|22|47|1
ITA_MAR54_OTB1|1|10|280|92.68|1162.8|6000|100000|10|0.4485|336.7618|20|1|0.9|1|0.15|4|6|4|22|54|1
ITA_MAR54_OTB2|1|10|280|92.68|1162.8|6000|100000|10|0.4485|336.7618|20|1|0.9|1|0.15|4|6|4|22|54|1
ITA_MAR80_OTB1|1|10|280|29.04|197.2|6000|100000|10|0.4485|336.7618|20|1|0.9|1|0.15|4|6|4|22|80|1
ITA_MAR88_OTB1|1|10|280|49.72|334.92|6000|100000|10|0.4485|336.7618|20|1|0.9|1|0.15|4|6|4|22|88|1
ITA_MAR88_OTB2|1|10|280|49.72|334.92|6000|100000|10|0.4485|336.7618|20|1|0.9|1|0.15|4|6|4|22|88|1
ITA_MAR88_OTB3|1|10|280|49.72|334.92|6000|100000|10|0.4485|336.7618|20|1|0.9|1|0.15|4|6|4|22|88|1
ITA_MAR95_OTB1|1|10|280|57.08|698.44|6000|100000|10|0.4485|336.7618|20|1|0.9|1|0.15|4|6|4|22|95|1
ITA_MAR95_OTB2|1|10|280|57.08|698.44|6000|100000|10|0.4485|336.7618|20|1|0.9|1|0.15|4|6|4|22|95|1
ITA_MAR95_OTB3|1|10|280|57.08|698.44|6000|100000|10|0.4485|336.7618|20|1|0.9|1|0.15|4|6|4|22|95|1
ITA_MAR95_OTB4|1|10|280|57.08|698.44|6000|100000|10|0.4485|336.7618|20|1|0.9|1|0.15|4|6|4|22|95|1
ITA_MAR95_OTB5|1|10|280|57.08|698.44|6000|100000|10|0.4485|336.7618|20|1|0.9|1|0.15|4|6|4|22|95|1
ITA_MAR95_OTB6|1|10|280|57.08|698.44|6000|100000|10|0.4485|336.7618|20|1|0.9|1|0.15|4|6|4|22|95|1
ITA_MON20_NET1|1|18|120|27.08|79.64|800|1600|10|0.4485|336.7618|12|1|0|1.1|0.15|4|6|4|22|20|1
ITA_MON71_OTB1|1|10|280|39.04|338|6000|100000|10|0.4485|336.7618|20|1|0.9|1|0.15|4|6|4|22|71|1
ITA_MUG21_NET1|1|18|120|36.48|281|800|1600|10|0.4485|336.7618|12|1|0|1.1|0.15|4|6|4|22|21|1
ITA_MUG72_OTB1|1|10|280|45.52|382.4|6000|100000|10|0.4485|336.7618|20|1|0.9|1|0.15|4|6|4|22|72|1
ITA_NUM31_NET1|1|18|120|24.44|62.24|800|1600|10|0.4485|336.7618|12|1|0|1.1|0.15|4|6|4|22|31|1
ITA_NUM31_NET2|1|18|120|24.44|62.24|800|1600|10|0.4485|336.7618|12|1|0|1.1|0.15|4|6|4|22|31|1
ITA_NUM31_NET3|1|18|120|24.44|62.24|800|1600|10|0.4485|336.7618|12|1|0|1.1|0.15|4|6|4|22|31|1
ITA_NUM81_OTB1|1|10|280|32.8|294.12|6000|100000|10|0.4485|336.7618|20|1|0.9|1|0.15|4|6|4|22|81|1
ITA_ORT4_NET1|1|18|120|21.92|45.16|800|1600|10|0.4485|336.7618|12|1|0|1.1|0.15|4|6|4|22|4|1
ITA_ORT4_NET2|1|18|120|21.92|45.16|800|1600|10|0.4485|336.7618|12|1|0|1.1|0.15|4|6|4|22|4|1
ITA_ORT4_NET3|1|18|120|21.92|45.16|800|1600|10|0.4485|336.7618|12|1|0|1.1|0.15|4|6|4|22|4|1
ITA_ORT4_NET4|1|18|120|21.92|45.16|800|1600|10|0.4485|336.7618|12|1|0|1.1|0.15|4|6|4|22|4|1
ITA_ORT4_NET5|1|18|120|21.92|45.16|800|1600|10|0.4485|336.7618|12|1|0|1.1|0.15|4|6|4|22|4|1
ITA_ORT4_NET6|1|18|120|21.92|45.16|800|1600|10|0.4485|336.7618|12|1|0|1.1|0.15|4|6|4|22|4|1
ITA_ORT4_NET7|1|18|120|21.92|45.16|800|1600|10|0.4485|336.7618|12|1|0|1.1|0.15|4|6|4|22|4|1
ITA_ORT4_NET8|1|18|120|21.92|45.16|800|1600|10|0.4485|336.7618|12|1|0|1.1|0.15|4|6|4|22|4|1
ITA_ORT4_NET9|1|18|120|21.92|45.16|800|1600|10|0.4485|336.7618|12|1|0|1.1|0.15|4|6|4|22|4|1
ITA_ORT4_NET10|1|18|120|21.92|45.16|800|1600|10|0.4485|336.7618|12|1|0|1.1|0.15|4|6|4|22|4|1
ITA_ORT4_NET11|1|18|120|21.92|45.16|800|1600|10|0.4485|336.7618|12|1|0|1.1|0.15|4|6|4|22|4|1
ITA_ORT4_NET12|1|18|120|21.92|45.16|800|1600|10|0.4485|336.7618|12|1|0|1.1|0.15|4|6|4|22|4|1
ITA_ORT4_NET13|1|18|120|21.92|45.16|800|1600|10|0.4485|336.7618|12|1|0|1.1|0.15|4|6|4|22|4|1
ITA_ORT4_NET14|1|18|120|21.92|45.16|800|1600|10|0.4485|336.7618|12|1|0|1.1|0.15|4|6|4|22|4|1
ITA_ORT4_NET15|1|18|120|21.92|45.16|800|1600|10|0.4485|336.7618|12|1|0|1.1|0.15|4|6|4|22|4|1
ITA_ORT4_NET16|1|18|120|21.92|45.16|800|1600|10|0.4485|336.7618|12|1|0|1.1|0.15|4|6|4|22|4|1
ITA_ORT4_NET17|1|18|120|21.92|45.16|800|1600|10|0.4485|336.7618|12|1|0|1.1|0.15|4|6|4|22|4|1
ITA_ORT55_OTB1|1|10|280|66.4|652.96|6000|100000|10|0.4485|336.7618|20|1|0.9|1|0.15|4|6|4|22|55|1
ITA_ORT55_OTB2|1|10|280|66.4|652.96|6000|100000|10|0.4485|336.7618|20|1|0.9|1|0.15|4|6|4|22|55|1
ITA_ORT55_OTB3|1|10|280|66.4|652.96|6000|100000|10|0.4485|336.7618|20|1|0.9|1|0.15|4|6|4|22|55|1
ITA_ORT55_OTB4|1|10|280|66.4|652.96|6000|100000|10|0.4485|336.7618|20|1|0.9|1|0.15|4|6|4|22|55|1
ITA_ORT55_OTB5|1|10|280|66.4|652.96|6000|100000|10|0.4485|336.7618|20|1|0.9|1|0.15|4|6|4|22|55|1
ITA_PEL48_NET1|1|18|120|39.96|214.28|800|1600|10|0.4485|336.7618|12|1|0|1.1|0.15|4|6|4|22|48|1
ITA_PEL48_NET2|1|18|120|39.96|214.28|800|1600|10|0.4485|336.7618|12|1|0|1.1|0.15|4|6|4|22|48|1
ITA_PEL48_NET3|1|18|120|39.96|214.28|800|1600|10|0.4485|336.7618|12|1|0|1.1|0.15|4|6|4|22|48|1
ITA_PEL96_OTB1|1|10|280|47.92|359.96|6000|100000|10|0.4485|336.7618|20|1|0.9|1|0.15|4|6|4|22|96|1
ITA_PES32_NET1|1|18|120|24.44|98.08|800|1600|10|0.4485|336.7618|12|1|0|1.1|0.15|4|6|4|22|32|1
ITA_PES5_NET1|1|18|120|22.28|64.6|800|1600|10|0.4485|336.7618|12|1|0|1.1|0.15|4|6|4|22|5|1
ITA_PES5_NET2|1|18|120|22.28|64.6|800|1600|10|0.4485|336.7618|12|1|0|1.1|0.15|4|6|4|22|5|1
ITA_PES5_NET3|1|18|120|22.28|64.6|800|1600|10|0.4485|336.7618|12|1|0|1.1|0.15|4|6|4|22|5|1
ITA_PES5_NET4|1|18|120|22.28|64.6|800|1600|10|0.4485|336.7618|12|1|0|1.1|0.15|4|6|4|22|5|1
ITA_PES56_OTB1|1|10|280|79.88|1010.24|6000|100000|10|0.4485|336.7618|20|1|0.9|1|0.15|4|6|4|22|56|1
ITA_PES56_OTB2|1|10|280|79.88|1010.24|6000|100000|10|0.4485|336.7618|20|1|0.9|1|0.15|4|6|4|22|56|1
ITA_PES56_OTB3|1|10|280|79.88|1010.24|6000|100000|10|0.4485|336.7618|20|1|0.9|1|0.15|4|6|4|22|56|1
ITA_PES56_OTB4|1|10|280|79.88|1010.24|6000|100000|10|0.4485|336.7618|20|1|0.9|1|0.15|4|6|4|22|56|1
ITA_PES56_OTB5|1|10|280|79.88|1010.24|6000|100000|10|0.4485|336.7618|20|1|0.9|1|0.15|4|6|4|22|56|1
ITA_PES56_OTB6|1|10|280|79.88|1010.24|6000|100000|10|0.4485|336.7618|20|1|0.9|1|0.15|4|6|4|22|56|1
ITA_PES56_OTB7|1|10|280|79.88|1010.24|6000|100000|10|0.4485|336.7618|20|1|0.9|1|0.15|4|6|4|22|56|1
ITA_PES56_OTB8|1|10|280|79.88|1010.24|6000|100000|10|0.4485|336.7618|20|1|0.9|1|0.15|4|6|4|22|56|1
ITA_PES56_OTB9|1|10|280|79.88|1010.24|6000|100000|10|0.4485|336.7618|20|1|0.9|1|0.15|4|6|4|22|56|1
ITA_PES56_OTB10|1|10|280|79.88|1010.24|6000|100000|10|0.4485|336.7618|20|1|0.9|1|0.15|4|6|4|22|56|1
ITA_PES56_OTB11|1|10|280|79.88|1010.24|6000|100000|10|0.4485|336.7618|20|1|0.9|1|0.15|4|6|4|22|56|1
ITA_PES56_OTB12|1|10|280|79.88|1010.24|6000|100000|10|0.4485|336.7618|20|1|0.9|1|0.15|4|6|4|22|56|1
ITA_PES56_OTB13|1|10|280|79.88|1010.24|6000|100000|10|0.4485|336.7618|20|1|0.9|1|0.15|4|6|4|22|56|1
ITA_PES56_OTB14|1|10|280|79.88|1010.24|6000|100000|10|0.4485|336.7618|20|1|0.9|1|0.15|4|6|4|22|56|1
ITA_PES82_OTB1|1|10|280|48.04|412.68|6000|100000|10|0.4485|336.7618|20|1|0.9|1|0.15|4|6|4|22|82|1
ITA_POR15_NET1|1|18|120|39.52|427.08|800|1600|10|0.4485|336.7618|12|1|0|1.1|0.15|4|6|4|22|15|1
ITA_POR15_NET2|1|18|120|39.52|427.08|800|1600|10|0.4485|336.7618|12|1|0|1.1|0.15|4|6|4|22|15|1
ITA_POR15_NET3|1|18|120|39.52|427.08|800|1600|10|0.4485|336.7618|12|1|0|1.1|0.15|4|6|4|22|15|1
ITA_POR33_NET1|1|18|120|23.2|20.08|800|1600|10|0.4485|336.7618|12|1|0|1.1|0.15|4|6|4|22|33|1
ITA_POR33_NET2|1|18|120|23.2|20.08|800|1600|10|0.4485|336.7618|12|1|0|1.1|0.15|4|6|4|22|33|1
ITA_POR33_NET3|1|18|120|23.2|20.08|800|1600|10|0.4485|336.7618|12|1|0|1.1|0.15|4|6|4|22|33|1
ITA_POR33_NET4|1|18|120|23.2|20.08|800|1600|10|0.4485|336.7618|12|1|0|1.1|0.15|4|6|4|22|33|1
ITA_POR34_NET1|1|18|120|22.48|58.28|800|1600|10|0.4485|336.7618|12|1|0|1.1|0.15|4|6|4|22|34|1
ITA_POR34_NET2|1|18|120|22.48|58.28|800|1600|10|0.4485|336.7618|12|1|0|1.1|0.15|4|6|4|22|34|1
ITA_POR34_NET3|1|18|120|22.48|58.28|800|1600|10|0.4485|336.7618|12|1|0|1.1|0.15|4|6|4|22|34|1
ITA_POR34_NET4|1|18|120|22.48|58.28|800|1600|10|0.4485|336.7618|12|1|0|1.1|0.15|4|6|4|22|34|1
ITA_POR34_NET5|1|18|120|22.48|58.28|800|1600|10|0.4485|336.7618|12|1|0|1.1|0.15|4|6|4|22|34|1
ITA_POR34_NET6|1|18|120|22.48|58.28|800|1600|10|0.4485|336.7618|12|1|0|1.1|0.15|4|6|4|22|34|1
ITA_POR34_NET7|1|18|120|22.48|58.28|800|1600|10|0.4485|336.7618|12|1|0|1.1|0.15|4|6|4|22|34|1
ITA_POR34_NET8|1|18|120|22.48|58.28|800|1600|10|0.4485|336.7618|12|1|0|1.1|0.15|4|6|4|22|34|1
ITA_POR34_NET9|1|18|120|22.48|58.28|800|1600|10|0.4485|336.7618|12|1|0|1.1|0.15|4|6|4|22|34|1
ITA_POR49_NET1|1|18|120|25.32|150.56|800|1600|10|0.4485|336.7618|12|1|0|1.1|0.15|4|6|4|22|49|1
ITA_POR50_NET1|1|18|120|24.4|70.76|800|1600|10|0.4485|336.7618|12|1|0|1.1|0.15|4|6|4|22|50|1
ITA_POR50_NET2|1|18|120|24.4|70.76|800|1600|10|0.4485|336.7618|12|1|0|1.1|0.15|4|6|4|22|50|1
ITA_POR50_NET3|1|18|120|24.4|70.76|800|1600|10|0.4485|336.7618|12|1|0|1.1|0.15|4|6|4|22|50|1
ITA_POR50_NET4|1|18|120|24.4|70.76|800|1600|10|0.4485|336.7618|12|1|0|1.1|0.15|4|6|4|22|50|1
ITA_POR50_NET5|1|18|120|24.4|70.76|800|1600|10|0.4485|336.7618|12|1|0|1.1|0.15|4|6|4|22|50|1
ITA_POR66_OTB1|1|10|280|60.56|754|6000|100000|10|0.4485|336.7618|20|1|0.9|1|0.15|4|6|4|22|66|1
ITA_POR66_OTB2|1|10|280|60.56|754|6000|100000|10|0.4485|336.7618|20|1|0.9|1|0.15|4|6|4|22|66|1
ITA_POR66_OTB3|1|10|280|60.56|754|6000|100000|10|0.4485|336.7618|20|1|0.9|1|0.15|4|6|4|22|66|1
ITA_POR66_OTB4|1|10|280|60.56|754|6000|100000|10|0.4485|336.7618|20|1|0.9|1|0.15|4|6|4|22|66|1
ITA_POR66_OTB5|1|10|280|60.56|754|6000|100000|10|0.4485|336.7618|20|1|0.9|1|0.15|4|6|4|22|66|1
ITA_POR66_OTB6|1|10|280|60.56|754|6000|100000|10|0.4485|336.7618|20|1|0.9|1|0.15|4|6|4|22|66|1
ITA_POR66_OTB7|1|10|280|60.56|754|6000|100000|10|0.4485|336.7618|20|1|0.9|1|0.15|4|6|4|22|66|1
ITA_POR66_OTB8|1|10|280|60.56|754|6000|100000|10|0.4485|336.7618|20|1|0.9|1|0.15|4|6|4|22|66|1
ITA_POR66_OTB9|1|10|280|60.56|754|6000|100000|10|0.4485|336.7618|20|1|0.9|1|0.15|4|6|4|22|66|1
ITA_POR66_OTB10|1|10|280|60.56|754|6000|100000|10|0.4485|336.7618|20|1|0.9|1|0.15|4|6|4|22|66|1
ITA_POR66_OTB11|1|10|280|60.56|754|6000|100000|10|0.4485|336.7618|20|1|0.9|1|0.15|4|6|4|22|66|1
ITA_POR66_OTB12|1|10|280|60.56|754|6000|100000|10|0.4485|336.7618|20|1|0.9|1|0.15|4|6|4|22|66|1
ITA_POR66_OTB13|1|10|280|60.56|754|6000|100000|10|0.4485|336.7618|20|1|0.9|1|0.15|4|6|4|22|66|1
ITA_POR66_OTB14|1|10|280|60.56|754|6000|100000|10|0.4485|336.7618|20|1|0.9|1|0.15|4|6|4|22|66|1
ITA_POR66_OTB15|1|10|280|60.56|754|6000|100000|10|0.4485|336.7618|20|1|0.9|1|0.15|4|6|4|22|66|1
ITA_POR83_OTB1|1|10|280|33.76|1000.32|6000|100000|10|0.4485|336.7618|20|1|0.9|1|0.15|4|6|4|22|83|1
ITA_POR84_OTB1|1|10|280|69.6|710.68|6000|100000|10|0.4485|336.7618|20|1|0.9|1|0.15|4|6|4|22|84|1
ITA_POR84_OTB2|1|10|280|69.6|710.68|6000|100000|10|0.4485|336.7618|20|1|0.9|1|0.15|4|6|4|22|84|1
ITA_POR97_OTB1|1|10|280|64.72|713.8|6000|100000|10|0.4485|336.7618|20|1|0.9|1|0.15|4|6|4|22|97|1
ITA_POR97_OTB2|1|10|280|64.72|713.8|6000|100000|10|0.4485|336.7618|20|1|0.9|1|0.15|4|6|4|22|97|1
ITA_POR97_OTB3|1|10|280|64.72|713.8|6000|100000|10|0.4485|336.7618|20|1|0.9|1|0.15|4|6|4|22|97|1
ITA_POR97_OTB4|1|10|280|64.72|713.8|6000|100000|10|0.4485|336.7618|20|1|0.9|1|0.15|4|6|4|22|97|1
ITA_POR97_OTB5|1|10|280|64.72|713.8|6000|100000|10|0.4485|336.7618|20|1|0.9|1|0.15|4|6|4|22|97|1
ITA_POR97_OTB6|1|10|280|64.72|713.8|6000|100000|10|0.4485|336.7618|20|1|0.9|1|0.15|4|6|4|22|97|1
ITA_POR97_OTB7|1|10|280|64.72|713.8|6000|100000|10|0.4485|336.7618|20|1|0.9|1|0.15|4|6|4|22|97|1
ITA_POR97_OTB8|1|10|280|64.72|713.8|6000|100000|10|0.4485|336.7618|20|1|0.9|1|0.15|4|6|4|22|97|1
ITA_POR97_OTB9|1|10|280|64.72|713.8|6000|100000|10|0.4485|336.7618|20|1|0.9|1|0.15|4|6|4|22|97|1
ITA_POR97_OTB10|1|10|280|64.72|713.8|6000|100000|10|0.4485|336.7618|20|1|0.9|1|0.15|4|6|4|22|97|1
ITA_RAV16_NET1|1|18|120|30.36|152.44|800|1600|10|0.4485|336.7618|12|1|0|1.1|0.15|4|6|4|22|16|1
ITA_RAV16_NET2|1|18|120|30.36|152.44|800|1600|10|0.4485|336.7618|12|1|0|1.1|0.15|4|6|4|22|16|1
ITA_RAV67_OTB1|1|10|280|69.16|975.2|6000|100000|10|0.4485|336.7618|20|1|0.9|1|0.15|4|6|4|22|67|1
ITA_RIC17_NET1|1|18|120|23.88|81.24|800|1600|10|0.4485|336.7618|12|1|0|1.1|0.15|4|6|4|22|17|1
ITA_RIC17_NET2|1|18|120|23.88|81.24|800|1600|10|0.4485|336.7618|12|1|0|1.1|0.15|4|6|4|22|17|1
ITA_RIC68_OTB1|1|10|280|34.08|194|6000|100000|10|0.4485|336.7618|20|1|0.9|1|0.15|4|6|4|22|68|1
ITA_RIM100_RAP1|1|10|280|80.28|1127.72|6000|100000|10|0.4485|336.7618|20|1|1|1|0.15|4|6|4|22|100|1
ITA_RIM100_RAP2|1|10|280|80.28|1127.72|6000|100000|10|0.4485|336.7618|20|1|1|1|0.15|4|6|4|22|100|1
ITA_RIM18_NET1|1|18|120|25.8|75.28|800|1600|10|0.4485|336.7618|12|1|0|1.1|0.15|4|6|4|22|18|1
ITA_RIM69_OTB1|1|10|280|80.28|1127.72|6000|100000|10|0.4485|336.7618|20|1|0.9|1|0.15|4|6|4|22|69|1
ITA_RIM69_OTB2|1|10|280|80.28|1127.72|6000|100000|10|0.4485|336.7618|20|1|0.9|1|0.15|4|6|4|22|69|1
ITA_RIM69_OTB3|1|10|280|80.28|1127.72|6000|100000|10|0.4485|336.7618|20|1|0.9|1|0.15|4|6|4|22|69|1
ITA_RIM69_OTB4|1|10|280|80.28|1127.72|6000|100000|10|0.4485|336.7618|20|1|0.9|1|0.15|4|6|4|22|69|1
ITA_RIM69_OTB5|1|10|280|80.28|1127.72|6000|100000|10|0.4485|336.7618|20|1|0.9|1|0.15|4|6|4|22|69|1
ITA_RIM69_OTB6|1|10|280|80.28|1127.72|6000|100000|10|0.4485|336.7618|20|1|0.9|1|0.15|4|6|4|22|69|1
ITA_RIM69_OTB7|1|10|280|80.28|1127.72|6000|100000|10|0.4485|336.7618|20|1|0.9|1|0.15|4|6|4|22|69|1
ITA_RIM69_OTB8|1|10|280|80.28|1127.72|6000|100000|10|0.4485|336.7618|20|1|0.9|1|0.15|4|6|4|22|69|1
ITA_RIM69_OTB9|1|10|280|80.28|1127.72|6000|100000|10|0.4485|336.7618|20|1|0.9|1|0.15|4|6|4|22|69|1
ITA_ROD40_NET1|1|18|120|30.48|12.96|800|1600|10|0.4485|336.7618|12|1|0|1.1|0.15|4|6|4|22|40|1
ITA_ROD40_NET2|1|18|120|30.48|12.96|800|1600|10|0.4485|336.7618|12|1|0|1.1|0.15|4|6|4|22|40|1
ITA_ROD40_NET3|1|18|120|30.48|12.96|800|1600|10|0.4485|336.7618|12|1|0|1.1|0.15|4|6|4|22|40|1
ITA_ROD40_NET4|1|18|120|30.48|12.96|800|1600|10|0.4485|336.7618|12|1|0|1.1|0.15|4|6|4|22|40|1
ITA_ROD40_NET5|1|18|120|30.48|12.96|800|1600|10|0.4485|336.7618|12|1|0|1.1|0.15|4|6|4|22|40|1
ITA_ROD40_NET6|1|18|120|30.48|12.96|800|1600|10|0.4485|336.7618|12|1|0|1.1|0.15|4|6|4|22|40|1
ITA_ROD40_NET7|1|18|120|30.48|12.96|800|1600|10|0.4485|336.7618|12|1|0|1.1|0.15|4|6|4|22|40|1
ITA_ROD40_NET8|1|18|120|30.48|12.96|800|1600|10|0.4485|336.7618|12|1|0|1.1|0.15|4|6|4|22|40|1
ITA_ROD40_NET9|1|18|120|30.48|12.96|800|1600|10|0.4485|336.7618|12|1|0|1.1|0.15|4|6|4|22|40|1
ITA_ROD40_NET10|1|18|120|30.48|12.96|800|1600|10|0.4485|336.7618|12|1|0|1.1|0.15|4|6|4|22|40|1
ITA_ROD40_NET11|1|18|120|30.48|12.96|800|1600|10|0.4485|336.7618|12|1|0|1.1|0.15|4|6|4|22|40|1
ITA_ROD40_NET12|1|18|120|30.48|12.96|800|1600|10|0.4485|336.7618|12|1|0|1.1|0.15|4|6|4|22|40|1
ITA_ROD40_NET13|1|18|120|30.48|12.96|800|1600|10|0.4485|336.7618|12|1|0|1.1|0.15|4|6|4|22|40|1
ITA_ROD40_NET14|1|18|120|30.48|12.96|800|1600|10|0.4485|336.7618|12|1|0|1.1|0.15|4|6|4|22|40|1
ITA_ROD40_NET15|1|18|120|30.48|12.96|800|1600|10|0.4485|336.7618|12|1|0|1.1|0.15|4|6|4|22|40|1
ITA_ROD40_NET16|1|18|120|30.48|12.96|800|1600|10|0.4485|336.7618|12|1|0|1.1|0.15|4|6|4|22|40|1
ITA_ROD40_NET17|1|18|120|30.48|12.96|800|1600|10|0.4485|336.7618|12|1|0|1.1|0.15|4|6|4|22|40|1
ITA_ROD40_NET18|1|18|120|30.48|12.96|800|1600|10|0.4485|336.7618|12|1|0|1.1|0.15|4|6|4|22|40|1
ITA_ROD40_NET19|1|18|120|30.48|12.96|800|1600|10|0.4485|336.7618|12|1|0|1.1|0.15|4|6|4|22|40|1
ITA_ROD89_OTB1|1|10|280|54.96|485.2|6000|100000|10|0.4485|336.7618|20|1|0.9|1|0.15|4|6|4|22|89|1
ITA_ROS57_OTB1|1|10|280|48.92|408|6000|100000|10|0.4485|336.7618|20|1|0.9|1|0.15|4|6|4|22|57|1
ITA_ROS6_NET1|1|18|120|21.2|61|800|1600|10|0.4485|336.7618|12|1|0|1.1|0.15|4|6|4|22|6|1
ITA_ROS6_NET2|1|18|120|21.2|61|800|1600|10|0.4485|336.7618|12|1|0|1.1|0.15|4|6|4|22|6|1
ITA_ROS6_NET3|1|18|120|21.2|61|800|1600|10|0.4485|336.7618|12|1|0|1.1|0.15|4|6|4|22|6|1
ITA_ROS6_NET4|1|18|120|21.2|61|800|1600|10|0.4485|336.7618|12|1|0|1.1|0.15|4|6|4|22|6|1
ITA_ROS6_NET5|1|18|120|21.2|61|800|1600|10|0.4485|336.7618|12|1|0|1.1|0.15|4|6|4|22|6|1
ITA_ROS6_NET6|1|18|120|21.2|61|800|1600|10|0.4485|336.7618|12|1|0|1.1|0.15|4|6|4|22|6|1
ITA_SAN103_RAP1|1|10|280|73.48|927.24|6000|100000|10|0.4485|336.7618|20|1|1|1|0.15|4|6|4|22|103|1
ITA_SAN103_RAP2|1|10|280|73.48|927.24|6000|100000|10|0.4485|336.7618|20|1|1|1|0.15|4|6|4|22|103|1
ITA_SAN35_NET1|1|18|120|21.68|74.44|800|1600|10|0.4485|336.7618|12|1|0|1.1|0.15|4|6|4|22|35|1
ITA_SAN35_NET2|1|18|120|21.68|74.44|800|1600|10|0.4485|336.7618|12|1|0|1.1|0.15|4|6|4|22|35|1
ITA_SAN35_NET3|1|18|120|21.68|74.44|800|1600|10|0.4485|336.7618|12|1|0|1.1|0.15|4|6|4|22|35|1
ITA_SAN35_NET4|1|18|120|21.68|74.44|800|1600|10|0.4485|336.7618|12|1|0|1.1|0.15|4|6|4|22|35|1
ITA_SAN35_NET5|1|18|120|21.68|74.44|800|1600|10|0.4485|336.7618|12|1|0|1.1|0.15|4|6|4|22|35|1
ITA_SAN35_NET6|1|18|120|21.68|74.44|800|1600|10|0.4485|336.7618|12|1|0|1.1|0.15|4|6|4|22|35|1
ITA_SAN85_OTB1|1|10|280|73.48|927.24|6000|100000|10|0.4485|336.7618|20|1|0.9|1|0.15|4|6|4|22|85|1
ITA_SAN85_OTB2|1|10|280|73.48|927.24|6000|100000|10|0.4485|336.7618|20|1|0.9|1|0.15|4|6|4|22|85|1
ITA_SAN85_OTB3|1|10|280|73.48|927.24|6000|100000|10|0.4485|336.7618|20|1|0.9|1|0.15|4|6|4|22|85|1
ITA_SAN85_OTB4|1|10|280|73.48|927.24|6000|100000|10|0.4485|336.7618|20|1|0.9|1|0.15|4|6|4|22|85|1
ITA_SAN85_OTB5|1|10|280|73.48|927.24|6000|100000|10|0.4485|336.7618|20|1|0.9|1|0.15|4|6|4|22|85|1
ITA_SAN85_OTB6|1|10|280|73.48|927.24|6000|100000|10|0.4485|336.7618|20|1|0.9|1|0.15|4|6|4|22|85|1
ITA_SAN85_OTB7|1|10|280|73.48|927.24|6000|100000|10|0.4485|336.7618|20|1|0.9|1|0.15|4|6|4|22|85|1
ITA_SAN85_OTB8|1|10|280|73.48|927.24|6000|100000|10|0.4485|336.7618|20|1|0.9|1|0.15|4|6|4|22|85|1
ITA_SAN85_OTB9|1|10|280|73.48|927.24|6000|100000|10|0.4485|336.7618|20|1|0.9|1|0.15|4|6|4|22|85|1
ITA_SAN85_OTB10|1|10|280|73.48|927.24|6000|100000|10|0.4485|336.7618|20|1|0.9|1|0.15|4|6|4|22|85|1
ITA_SAN85_OTB11|1|10|280|73.48|927.24|6000|100000|10|0.4485|336.7618|20|1|0.9|1|0.15|4|6|4|22|85|1
ITA_SAN85_OTB12|1|10|280|73.48|927.24|6000|100000|10|0.4485|336.7618|20|1|0.9|1|0.15|4|6|4|22|85|1
ITA_SAN85_OTB13|1|10|280|73.48|927.24|6000|100000|10|0.4485|336.7618|20|1|0.9|1|0.15|4|6|4|22|85|1
ITA_SAN85_OTB14|1|10|280|73.48|927.24|6000|100000|10|0.4485|336.7618|20|1|0.9|1|0.15|4|6|4|22|85|1
ITA_SAN85_OTB15|1|10|280|73.48|927.24|6000|100000|10|0.4485|336.7618|20|1|0.9|1|0.15|4|6|4|22|85|1
ITA_SCA51_NET1|1|18|120|26.16|129.44|800|1600|10|0.4485|336.7618|12|1|0|1.1|0.15|4|6|4|22|51|1
ITA_SCA51_NET2|1|18|120|26.16|129.44|800|1600|10|0.4485|336.7618|12|1|0|1.1|0.15|4|6|4|22|51|1
ITA_SCA51_NET3|1|18|120|26.16|129.44|800|1600|10|0.4485|336.7618|12|1|0|1.1|0.15|4|6|4|22|51|1
ITA_SCA51_NET4|1|18|120|26.16|129.44|800|1600|10|0.4485|336.7618|12|1|0|1.1|0.15|4|6|4|22|51|1
ITA_SCA51_NET5|1|18|120|26.16|129.44|800|1600|10|0.4485|336.7618|12|1|0|1.1|0.15|4|6|4|22|51|1
ITA_SCA51_NET6|1|18|120|26.16|129.44|800|1600|10|0.4485|336.7618|12|1|0|1.1|0.15|4|6|4|22|51|1
ITA_SCA51_NET7|1|18|120|26.16|129.44|800|1600|10|0.4485|336.7618|12|1|0|1.1|0.15|4|6|4|22|51|1
ITA_SCA51_NET8|1|18|120|26.16|129.44|800|1600|10|0.4485|336.7618|12|1|0|1.1|0.15|4|6|4|22|51|1
ITA_SCA51_NET9|1|18|120|26.16|129.44|800|1600|10|0.4485|336.7618|12|1|0|1.1|0.15|4|6|4|22|51|1
ITA_SCA51_NET10|1|18|120|26.16|129.44|800|1600|10|0.4485|336.7618|12|1|0|1.1|0.15|4|6|4|22|51|1
ITA_SCA51_NET11|1|18|120|26.16|129.44|800|1600|10|0.4485|336.7618|12|1|0|1.1|0.15|4|6|4|22|51|1
ITA_SCA98_OTB1|1|10|280|47.24|368.56|6000|100000|10|0.4485|336.7618|20|1|0.9|1|0.15|4|6|4|22|98|1
ITA_SCA98_OTB2|1|10|280|47.24|368.56|6000|100000|10|0.4485|336.7618|20|1|0.9|1|0.15|4|6|4|22|98|1
ITA_SCA98_OTB3|1|10|280|47.24|368.56|6000|100000|10|0.4485|336.7618|20|1|0.9|1|0.15|4|6|4|22|98|1
ITA_SEN36_NET1|1|18|120|21.8|67.56|800|1600|10|0.4485|336.7618|12|1|0|1.1|0.15|4|6|4|22|36|1
ITA_SEN36_NET2|1|18|120|21.8|67.56|800|1600|10|0.4485|336.7618|12|1|0|1.1|0.15|4|6|4|22|36|1
ITA_SEN36_NET3|1|18|120|21.8|67.56|800|1600|10|0.4485|336.7618|12|1|0|1.1|0.15|4|6|4|22|36|1
ITA_SEN36_NET4|1|18|120|21.8|67.56|800|1600|10|0.4485|336.7618|12|1|0|1.1|0.15|4|6|4|22|36|1
ITA_SEN36_NET5|1|18|120|21.8|67.56|800|1600|10|0.4485|336.7618|12|1|0|1.1|0.15|4|6|4|22|36|1
ITA_SEN36_NET6|1|18|120|21.8|67.56|800|1600|10|0.4485|336.7618|12|1|0|1.1|0.15|4|6|4|22|36|1
ITA_SEN36_NET7|1|18|120|21.8|67.56|800|1600|10|0.4485|336.7618|12|1|0|1.1|0.15|4|6|4|22|36|1
ITA_SEN86_OTB1|1|10|280|48.16|536.36|6000|100000|10|0.4485|336.7618|20|1|0.9|1|0.15|4|6|4|22|86|1
ITA_SIL58_OTB1|1|10|280|42.8|199.4|6000|100000|10|0.4485|336.7618|20|1|0.9|1|0.15|4|6|4|22|58|1
ITA_SIL7_NET1|1|18|120|22.4|76.2|800|1600|10|0.4485|336.7618|12|1|0|1.1|0.15|4|6|4|22|7|1
ITA_SIL7_NET2|1|18|120|22.4|76.2|800|1600|10|0.4485|336.7618|12|1|0|1.1|0.15|4|6|4|22|7|1
ITA_SIL7_NET3|1|18|120|22.4|76.2|800|1600|10|0.4485|336.7618|12|1|0|1.1|0.15|4|6|4|22|7|1
ITA_SIL7_NET4|1|18|120|22.4|76.2|800|1600|10|0.4485|336.7618|12|1|0|1.1|0.15|4|6|4|22|7|1
ITA_SIL7_NET5|1|18|120|22.4|76.2|800|1600|10|0.4485|336.7618|12|1|0|1.1|0.15|4|6|4|22|7|1
ITA_SIL7_NET6|1|18|120|22.4|76.2|800|1600|10|0.4485|336.7618|12|1|0|1.1|0.15|4|6|4|22|7|1
ITA_SIS22_NET1|1|18|120|35.08|120.4|800|1600|10|0.4485|336.7618|12|1|0|1.1|0.15|4|6|4|22|22|1
ITA_SIS73_OTB1|1|10|280|56|648|6000|100000|10|0.4485|336.7618|20|1|0.9|1|0.15|4|6|4|22|73|1
ITA_TER37_NET1|1|18|120|25.12|40.08|800|1600|10|0.4485|336.7618|12|1|0|1.1|0.15|4|6|4|22|37|1
ITA_TER37_NET2|1|18|120|25.12|40.08|800|1600|10|0.4485|336.7618|12|1|0|1.1|0.15|4|6|4|22|37|1
ITA_TER37_NET3|1|18|120|25.12|40.08|800|1600|10|0.4485|336.7618|12|1|0|1.1|0.15|4|6|4|22|37|1
ITA_TER37_NET4|1|18|120|25.12|40.08|800|1600|10|0.4485|336.7618|12|1|0|1.1|0.15|4|6|4|22|37|1
ITA_TER37_NET5|1|18|120|25.12|40.08|800|1600|10|0.4485|336.7618|12|1|0|1.1|0.15|4|6|4|22|37|1
ITA_TER37_NET6|1|18|120|25.12|40.08|800|1600|10|0.4485|336.7618|12|1|0|1.1|0.15|4|6|4|22|37|1
ITA_TER37_NET7|1|18|120|25.12|40.08|800|1600|10|0.4485|336.7618|12|1|0|1.1|0.15|4|6|4|22|37|1
ITA_TER37_NET8|1|18|120|25.12|40.08|800|1600|10|0.4485|336.7618|12|1|0|1.1|0.15|4|6|4|22|37|1
ITA_TER87_OTB1|1|10|280|80.72|924.64|6000|100000|10|0.4485|336.7618|20|1|0.9|1|0.15|4|6|4|22|87|1
ITA_TER87_OTB2|1|10|280|80.72|924.64|6000|100000|10|0.4485|336.7618|20|1|0.9|1|0.15|4|6|4|22|87|1
ITA_TER87_OTB3|1|10|280|80.72|924.64|6000|100000|10|0.4485|336.7618|20|1|0.9|1|0.15|4|6|4|22|87|1
ITA_TER87_OTB4|1|10|280|80.72|924.64|6000|100000|10|0.4485|336.7618|20|1|0.9|1|0.15|4|6|4|22|87|1
ITA_TER87_OTB5|1|10|280|80.72|924.64|6000|100000|10|0.4485|336.7618|20|1|0.9|1|0.15|4|6|4|22|87|1
ITA_TER87_OTB6|1|10|280|80.72|924.64|6000|100000|10|0.4485|336.7618|20|1|0.9|1|0.15|4|6|4|22|87|1
ITA_TER87_OTB7|1|10|280|80.72|924.64|6000|100000|10|0.4485|336.7618|20|1|0.9|1|0.15|4|6|4|22|87|1
ITA_TER87_OTB8|1|10|280|80.72|924.64|6000|100000|10|0.4485|336.7618|20|1|0.9|1|0.15|4|6|4|22|87|1
ITA_TOR59_OTB1|1|10|280|87.8|1042.44|6000|100000|10|0.4485|336.7618|20|1|0.9|1|0.15|4|6|4|22|59|1
ITA_TOR8_NET1|1|18|120|21.6|69.16|800|1600|10|0.4485|336.7618|12|1|0|1.1|0.15|4|6|4|22|8|1
ITA_TOR8_NET2|1|18|120|21.6|69.16|800|1600|10|0.4485|336.7618|12|1|0|1.1|0.15|4|6|4|22|8|1
ITA_TOR8_NET3|1|18|120|21.6|69.16|800|1600|10|0.4485|336.7618|12|1|0|1.1|0.15|4|6|4|22|8|1
ITA_TOR8_NET4|1|18|120|21.6|69.16|800|1600|10|0.4485|336.7618|12|1|0|1.1|0.15|4|6|4|22|8|1
ITA_TOR8_NET5|1|18|120|21.6|69.16|800|1600|10|0.4485|336.7618|12|1|0|1.1|0.15|4|6|4|22|8|1
ITA_TRI23_NET1|1|18|120|31.36|143.96|800|1600|10|0.4485|336.7618|12|1|0|1.1|0.15|4|6|4|22|23|1
ITA_TRI23_NET2|1|18|120|31.36|143.96|800|1600|10|0.4485|336.7618|12|1|0|1.1|0.15|4|6|4|22|23|1
ITA_TRI74_OTB1|1|10|280|55.52|766.24|6000|100000|10|0.4485|336.7618|20|1|0.9|1|0.15|4|6|4|22|74|1
ITA_VAS60_OTB1|1|10|280|69.52|776.64|6000|100000|10|0.4485|336.7618|20|1|0.9|1|0.15|4|6|4|22|60|1
ITA_VAS60_OTB2|1|10|280|69.52|776.64|6000|100000|10|0.4485|336.7618|20|1|0.9|1|0.15|4|6|4|22|60|1
ITA_VAS9_NET1|1|18|120|20.72|16.56|800|1600|10|0.4485|336.7618|12|1|0|1.1|0.15|4|6|4|22|9|1
ITA_VAS9_NET2|1|18|120|20.72|16.56|800|1600|10|0.4485|336.7618|12|1|0|1.1|0.15|4|6|4|22|9|1
ITA_VAS9_NET3|1|18|120|20.72|16.56|800|1600|10|0.4485|336.7618|12|1|0|1.1|0.15|4|6|4|22|9|1
ITA_VAS9_NET4|1|18|120|20.72|16.56|800|1600|10|0.4485|336.7618|12|1|0|1.1|0.15|4|6|4|22|9|1
ITA_VAS9_NET5|1|18|120|20.72|16.56|800|1600|10|0.4485|336.7618|12|1|0|1.1|0.15|4|6|4|22|9|1
ITA_VAS9_NET6|1|18|120|20.72|16.56|800|1600|10|0.4485|336.7618|12|1|0|1.1|0.15|4|6|4|22|9|1
ITA_VAS9_NET7|1|18|120|20.72|16.56|800|1600|10|0.4485|336.7618|12|1|0|1.1|0.15|4|6|4|22|9|1
ITA_VAS9_NET8|1|18|120|20.72|16.56|800|1600|10|0.4485|336.7618|12|1|0|1.1|0.15|4|6|4|22|9|1
ITA_VAS9_NET9|1|18|120|20.72|16.56|800|1600|10|0.4485|336.7618|12|1|0|1.1|0.15|4|6|4|22|9|1
ITA_VAS9_NET10|1|18|120|20.72|16.56|800|1600|10|0.4485|336.7618|12|1|0|1.1|0.15|4|6|4|22|9|1
ITA_VAS9_NET11|1|18|120|20.72|16.56|800|1600|10|0.4485|336.7618|12|1|0|1.1|0.15|4|6|4|22|9|1
ITA_VEN52_NET1|1|18|120|44.56|324.72|800|1600|10|0.4485|336.7618|12|1|0|1.1|0.15|4|6|4|22|52|1
ITA_VEN52_NET2|1|18|120|44.56|324.72|800|1600|10|0.4485|336.7618|12|1|0|1.1|0.15|4|6|4|22|52|1
ITA_VEN52_NET3|1|18|120|44.56|324.72|800|1600|10|0.4485|336.7618|12|1|0|1.1|0.15|4|6|4|22|52|1
ITA_VEN52_NET4|1|18|120|44.56|324.72|800|1600|10|0.4485|336.7618|12|1|0|1.1|0.15|4|6|4|22|52|1
ITA_VEN52_NET5|1|18|120|44.56|324.72|800|1600|10|0.4485|336.7618|12|1|0|1.1|0.15|4|6|4|22|52|1
ITA_VEN52_NET6|1|18|120|44.56|324.72|800|1600|10|0.4485|336.7618|12|1|0|1.1|0.15|4|6|4|22|52|1
ITA_VEN52_NET7|1|18|120|44.56|324.72|800|1600|10|0.4485|336.7618|12|1|0|1.1|0.15|4|6|4|22|52|1
ITA_VEN52_NET8|1|18|120|44.56|324.72|800|1600|10|0.4485|336.7618|12|1|0|1.1|0.15|4|6|4|22|52|1
ITA_VEN99_OTB1|1|10|280|51.24|451.88|6000|100000|10|0.4485|336.7618|20|1|0.9|1|0.15|4|6|4|22|99|1
ITA_VEN99_OTB2|1|10|280|51.24|451.88|6000|100000|10|0.4485|336.7618|20|1|0.9|1|0.15|4|6|4|22|99|1
ITA_VEN99_OTB3|1|10|280|51.24|451.88|6000|100000|10|0.4485|336.7618|20|1|0.9|1|0.15|4|6|4|22|99|1
ITA_VEN99_OTB4|1|10|280|51.24|451.88|6000|100000|10|0.4485|336.7618|20|1|0.9|1|0.15|4|6|4|22|99|1
ITA_VIE41_NET1|1|18|120|28.28|65.12|800|1600|10|0.4485|336.7618|12|1|0|1.1|0.15|4|6|4|22|41|1
ITA_VIE41_NET2|1|18|120|28.28|65.12|800|1600|10|0.4485|336.7618|12|1|0|1.1|0.15|4|6|4|22|41|1
ITA_VIE41_NET3|1|18|120|28.28|65.12|800|1600|10|0.4485|336.7618|12|1|0|1.1|0.15|4|6|4|22|41|1
ITA_VIE90_OTB1|1|10|280|74.56|877.52|6000|100000|10|0.4485|336.7618|20|1|0.9|1|0.15|4|6|4|22|90|1
ITA_VIE90_OTB2|1|10|280|74.56|877.52|6000|100000|10|0.4485|336.7618|20|1|0.9|1|0.15|4|6|4|22|90|1
