ITAANCON103RP1|1|10|280|85.84|1184.72|6000|100000|10|0.4485|336.7618|20|1|1|1|0.15|4|6|4|22|1|1
ITAANCON103RP2|1|10|280|85.84|1184.72|6000|100000|10|0.4485|336.7618|20|1|1|1|0.15|4|6|4|22|1|0
ITAANCON103RP3|1|10|280|85.84|1184.72|6000|100000|10|0.4485|336.7618|20|1|1|1|0.15|4|6|4|22|1|0
ITAANCON25NT1|1|18|120|19.68|45.44|800|1600|10|0.4485|336.7618|12|1|0|1.1|0.15|4|6|4|22|1|0
ITAANCON25NT2|1|18|120|19.68|45.44|800|1600|10|0.4485|336.7618|12|1|0|1.1|0.15|4|6|4|22|1|0
ITAANCON25NT3|1|18|120|19.68|45.44|800|1600|10|0.4485|336.7618|12|1|0|1.1|0.15|4|6|4|22|1|0
ITAANCON25NT4|1|18|120|19.68|45.44|800|1600|10|0.4485|336.7618|12|1|0|1.1|0.15|4|6|4|22|1|0
ITAANCON25NT5|1|18|120|19.68|45.44|800|1600|10|0.4485|336.7618|12|1|0|1.1|0.15|4|6|4|22|1|0
ITAANCON25NT6|1|18|120|19.68|45.44|800|1600|10|0.4485|336.7618|12|1|0|1.1|0.15|4|6|4|22|1|0
ITAANCON25NT7|1|18|120|19.68|45.44|800|1600|10|0.4485|336.7618|12|1|0|1.1|0.15|4|6|4|22|1|0
ITAANCON25NT8|1|18|120|19.68|45.44|800|1600|10|0.4485|336.7618|12|1|0|1.1|0.15|4|6|4|22|1|0
ITAANCON25NT9|1|18|120|19.68|45.44|800|1600|10|0.4485|336.7618|12|1|0|1.1|0.15|4|6|4|22|1|0
ITAANCON25NT10|1|18|120|19.68|45.44|800|1600|10|0.4485|336.7618|12|1|0|1.1|0.15|4|6|4|22|1|0
ITAANCON25NT11|1|18|120|19.68|45.44|800|1600|10|0.4485|336.7618|12|1|0|1.1|0.15|4|6|4|22|1|0
ITAANCON25NT12|1|18|120|19.68|45.44|800|1600|10|0.4485|336.7618|12|1|0|1.1|0.15|4|6|4|22|1|0
ITAANCON25NT13|1|18|120|19.68|45.44|800|1600|10|0.4485|336.7618|12|1|0|1.1|0.15|4|6|4|22|1|0
ITAANCON77OT1|1|10|280|85.84|1184.72|6000|100000|10|0.4485|336.7618|20|1|0.9|1|0.15|4|6|4|22|1|0
ITAANCON77OT2|1|10|280|85.84|1184.72|6000|100000|10|0.4485|336.7618|20|1|0.9|1|0.15|4|6|4|22|1|0
ITAANCON77OT3|1|10|280|85.84|1184.72|6000|100000|10|0.4485|336.7618|20|1|0.9|1|0.15|4|6|4|22|1|0
ITAANCON77OT4|1|10|280|85.84|1184.72|6000|100000|10|0.4485|336.7618|20|1|0.9|1|0.15|4|6|4|22|1|0
ITAANCON77OT5|1|10|280|85.84|1184.72|6000|100000|10|0.4485|336.7618|20|1|0.9|1|0.15|4|6|4|22|1|0
ITAANCON77OT6|1|10|280|85.84|1184.72|6000|100000|10|0.4485|336.7618|20|1|0.9|1|0.15|4|6|4|22|1|0
ITAANCON77OT7|1|10|280|85.84|1184.72|6000|100000|10|0.4485|336.7618|20|1|0.9|1|0.15|4|6|4|22|1|0
ITAANCON77OT8|1|10|280|85.84|1184.72|6000|100000|10|0.4485|336.7618|20|1|0.9|1|0.15|4|6|4|22|1|0
ITAANCON77OT9|1|10|280|85.84|1184.72|6000|100000|10|0.4485|336.7618|20|1|0.9|1|0.15|4|6|4|22|1|0
ITAANCON77OT10|1|10|280|85.84|1184.72|6000|100000|10|0.4485|336.7618|20|1|0.9|1|0.15|4|6|4|22|1|0
ITAANCON77OT11|1|10|280|85.84|1184.72|6000|100000|10|0.4485|336.7618|20|1|0.9|1|0.15|4|6|4|22|1|0
ITAANCON77OT12|1|10|280|85.84|1184.72|6000|100000|10|0.4485|336.7618|20|1|0.9|1|0.15|4|6|4|22|1|0
ITAANCON77OT13|1|10|280|85.84|1184.72|6000|100000|10|0.4485|336.7618|20|1|0.9|1|0.15|4|6|4|22|1|0
ITAANCON77OT14|1|10|280|85.84|1184.72|6000|100000|10|0.4485|336.7618|20|1|0.9|1|0.15|4|6|4|22|1|0
ITABELLA10NT1|1|18|120|23.44|103.76|800|1600|10|0.4485|336.7618|12|1|0|1.1|0.15|4|6|4|22|1|0
ITABELLA10NT2|1|18|120|23.44|103.76|800|1600|10|0.4485|336.7618|12|1|0|1.1|0.15|4|6|4|22|1|0
ITABELLA10NT3|1|18|120|23.44|103.76|800|1600|10|0.4485|336.7618|12|1|0|1.1|0.15|4|6|4|22|1|0
ITABELLA10NT4|1|18|120|23.44|103.76|800|1600|10|0.4485|336.7618|12|1|0|1.1|0.15|4|6|4|22|1|0
ITABELLA10NT5|1|18|120|23.44|103.76|800|1600|10|0.4485|336.7618|12|1|0|1.1|0.15|4|6|4|22|1|0
ITABELLA10NT6|1|18|120|23.44|103.76|800|1600|10|0.4485|336.7618|12|1|0|1.1|0.15|4|6|4|22|1|0
ITABELLA10NT7|1|18|120|23.44|103.76|800|1600|10|0.4485|336.7618|12|1|0|1.1|0.15|4|6|4|22|1|0
ITABELLA63OT1|1|10|280|53.28|595.2|6000|100000|10|0.4485|336.7618|20|1|0.9|1|0.15|4|6|4|22|1|0
ITABELLA63OT2|1|10|280|53.28|595.2|6000|100000|10|0.4485|336.7618|20|1|0.9|1|0.15|4|6|4|22|1|0
ITABELLA63OT3|1|10|280|53.28|595.2|6000|100000|10|0.4485|336.7618|20|1|0.9|1|0.15|4|6|4|22|1|0
ITABURAN44NT1|1|18|120|32.56|113.24|800|1600|10|0.4485|336.7618|12|1|0|1.1|0.15|4|6|4|22|1|0
ITABURAN44NT2|1|18|120|32.56|113.24|800|1600|10|0.4485|336.7618|12|1|0|1.1|0.15|4|6|4|22|1|0
ITABURAN44NT3|1|18|120|32.56|113.24|800|1600|10|0.4485|336.7618|12|1|0|1.1|0.15|4|6|4|22|1|0
ITABURAN93OT1|1|10|70|10.61|77.63|1500|25000|10|0.4485|336.7618|20|1|0.9|1|0.15|4|6|4|22|1|0
ITABURAN93OT2|1|10|70|10.61|77.63|1500|25000|10|0.4485|336.7618|20|1|0.9|1|0.15|4|6|4|22|1|0
ITABURAN93OT3|1|10|70|10.61|77.63|1500|25000|10|0.4485|336.7618|20|1|0.9|1|0.15|4|6|4|22|1|0
ITABURAN93OT4|1|10|70|10.61|77.63|1500|25000|10|0.4485|336.7618|20|1|0.9|1|0.15|4|6|4|22|1|0
ITACAORL45NT1|1|18|120|27.12|95.88|800|1600|10|0.4485|336.7618|12|1|0|1.1|0.15|4|6|4|22|1|0
ITACAORL45NT2|1|18|120|27.12|95.88|800|1600|10|0.4485|336.7618|12|1|0|1.1|0.15|4|6|4|22|1|0
ITACAORL45NT3|1|18|120|27.12|95.88|800|1600|10|0.4485|336.7618|12|1|0|1.1|0.15|4|6|4|22|1|0
ITACAORL45NT4|1|18|120|27.12|95.88|800|1600|10|0.4485|336.7618|12|1|0|1.1|0.15|4|6|4|22|1|0
ITACAORL45NT5|1|18|120|27.12|95.88|800|1600|10|0.4485|336.7618|12|1|0|1.1|0.15|4|6|4|22|1|0
ITACAORL45NT6|1|18|120|27.12|95.88|800|1600|10|0.4485|336.7618|12|1|0|1.1|0.15|4|6|4|22|1|0
ITACAORL45NT7|1|18|120|27.12|95.88|800|1600|10|0.4485|336.7618|12|1|0|1.1|0.15|4|6|4|22|1|0
ITACAORL45NT8|1|18|120|27.12|95.88|800|1600|10|0.4485|336.7618|12|1|0|1.1|0.15|4|6|4|22|1|0
ITACAORL45NT9|1|18|120|27.12|95.88|800|1600|10|0.4485|336.7618|12|1|0|1.1|0.15|4|6|4|22|1|0
ITACAORL94OT1|1|10|280|54.24|607.96|6000|100000|10|0.4485|336.7618|20|1|0.9|1|0.15|4|6|4|22|1|0
ITACAORL94OT2|1|10|280|54.24|607.96|6000|100000|10|0.4485|336.7618|20|1|0.9|1|0.15|4|6|4|22|1|0
ITACAORL94OT3|1|10|280|54.24|607.96|6000|100000|10|0.4485|336.7618|20|1|0.9|1|0.15|4|6|4|22|1|0
ITACAORL94OT4|1|10|280|54.24|607.96|6000|100000|10|0.4485|336.7618|20|1|0.9|1|0.15|4|6|4|22|1|0
ITACAORL94OT5|1|10|280|54.24|607.96|6000|100000|10|0.4485|336.7618|20|1|0.9|1|0.15|4|6|4|22|1|0
ITACAORL94OT6|1|10|280|54.24|607.96|6000|100000|10|0.4485|336.7618|20|1|0.9|1|0.15|4|6|4|22|1|0
ITACAORL94OT7|1|10|280|54.24|607.96|6000|100000|10|0.4485|336.7618|20|1|0.9|1|0.15|4|6|4|22|1|0
ITACAORL94OT8|1|10|280|54.24|607.96|6000|100000|10|0.4485|336.7618|20|1|0.9|1|0.15|4|6|4|22|1|0
ITACAORL94OT9|1|10|280|54.24|607.96|6000|100000|10|0.4485|336.7618|20|1|0.9|1|0.15|4|6|4|22|1|0
ITACAORL94OT10|1|10|280|54.24|607.96|6000|100000|10|0.4485|336.7618|20|1|0.9|1|0.15|4|6|4|22|1|0
ITACAORL94OT11|1|10|280|54.24|607.96|6000|100000|10|0.4485|336.7618|20|1|0.9|1|0.15|4|6|4|22|1|0
ITACATTO11NT1|1|18|120|29.76|198.72|800|1600|10|0.4485|336.7618|12|1|0|1.1|0.15|4|6|4|22|1|0
ITACATTO11NT2|1|18|120|29.76|198.72|800|1600|10|0.4485|336.7618|12|1|0|1.1|0.15|4|6|4|22|1|0
ITACATTO11NT3|1|18|120|29.76|198.72|800|1600|10|0.4485|336.7618|12|1|0|1.1|0.15|4|6|4|22|1|0
ITACATTO12NL1|1|18|30|21|170|200|400|10|0.4485|336.7618|12|1|0|1.1|0.15|4|6|4|22|1|0
ITACATTO64OT1|1|10|280|65|569|6000|100000|10|0.4485|336.7618|20|1|0.9|1|0.15|4|6|4|22|1|0
ITACATTO64OT2|1|10|280|65|569|6000|100000|10|0.4485|336.7618|20|1|0.9|1|0.15|4|6|4|22|1|0
ITACERVI13NT1|1|18|120|29.04|208.48|800|1600|10|0.4485|336.7618|12|1|0|1.1|0.15|4|6|4|22|1|0
ITACERVI13NT2|1|18|120|29.04|208.48|800|1600|10|0.4485|336.7618|12|1|0|1.1|0.15|4|6|4|22|1|0
ITACERVI13NT3|1|18|120|29.04|208.48|800|1600|10|0.4485|336.7618|12|1|0|1.1|0.15|4|6|4|22|1|0
ITACERVI13NT4|1|18|120|29.04|208.48|800|1600|10|0.4485|336.7618|12|1|0|1.1|0.15|4|6|4|22|1|0
ITACERVI65OT1|1|10|280|51.4|511.28|6000|100000|10|0.4485|336.7618|20|1|0.9|1|0.15|4|6|4|22|1|0
ITACERVI65OT2|1|10|280|51.4|511.28|6000|100000|10|0.4485|336.7618|20|1|0.9|1|0.15|4|6|4|22|1|0
ITACESEN14NT1|1|18|120|26.76|212.84|800|1600|10|0.4485|336.7618|12|1|0|1.1|0.15|4|6|4|22|1|0
ITACESEN14NT2|1|18|120|26.76|212.84|800|1600|10|0.4485|336.7618|12|1|0|1.1|0.15|4|6|4|22|1|0
ITACESEN66OT1|1|10|280|61.2|759.68|6000|100000|10|0.4485|336.7618|20|1|0.9|1|0.15|4|6|4|22|1|0
ITACESEN66OT2|1|10|280|61.2|759.68|6000|100000|10|0.4485|336.7618|20|1|0.9|1|0.15|4|6|4|22|1|0
ITACESEN66OT3|1|10|280|61.2|759.68|6000|100000|10|0.4485|336.7618|20|1|0.9|1|0.15|4|6|4|22|1|0
ITACESEN66OT4|1|10|280|61.2|759.68|6000|100000|10|0.4485|336.7618|20|1|0.9|1|0.15|4|6|4|22|1|0
ITACESEN66OT5|1|10|280|61.2|759.68|6000|100000|10|0.4485|336.7618|20|1|0.9|1|0.15|4|6|4|22|1|0
ITACESEN66OT6|1|10|280|61.2|759.68|6000|100000|10|0.4485|336.7618|20|1|0.9|1|0.15|4|6|4|22|1|0
ITACESEN66OT7|1|10|280|61.2|759.68|6000|100000|10|0.4485|336.7618|20|1|0.9|1|0.15|4|6|4|22|1|0
ITACESEN66OT8|1|10|280|61.2|759.68|6000|100000|10|0.4485|336.7618|20|1|0.9|1|0.15|4|6|4|22|1|0
ITACESEN66OT9|1|10|280|61.2|759.68|6000|100000|10|0.4485|336.7618|20|1|0.9|1|0.15|4|6|4|22|1|0
ITACESEN66OT10|1|10|280|61.2|759.68|6000|100000|10|0.4485|336.7618|20|1|0.9|1|0.15|4|6|4|22|1|0
ITACHIOG106RP1|1|10|280|74.28|1134.76|6000|100000|10|0.4485|336.7618|20|1|1|1|0.15|4|6|4|22|1|0
ITACHIOG106RP2|1|10|280|74.28|1134.76|6000|100000|10|0.4485|336.7618|20|1|1|1|0.15|4|6|4|22|1|0
ITACHIOG106RP3|1|10|280|74.28|1134.76|6000|100000|10|0.4485|336.7618|20|1|1|1|0.15|4|6|4|22|1|0
ITACHIOG106RP4|1|10|280|74.28|1134.76|6000|100000|10|0.4485|336.7618|20|1|1|1|0.15|4|6|4|22|1|0
ITACHIOG106RP5|1|10|280|74.28|1134.76|6000|100000|10|0.4485|336.7618|20|1|1|1|0.15|4|6|4|22|1|0
ITACHIOG106RP6|1|10|280|74.28|1134.76|6000|100000|10|0.4485|336.7618|20|1|1|1|0.15|4|6|4|22|1|0
ITACHIOG106RP7|1|10|280|74.28|1134.76|6000|100000|10|0.4485|336.7618|20|1|1|1|0.15|4|6|4|22|1|0
ITACHIOG106RP8|1|10|280|74.28|1134.76|6000|100000|10|0.4485|336.7618|20|1|1|1|0.15|4|6|4|22|1|0
ITACHIOG46NT1|1|18|120|31.16|112.56|800|1600|10|0.4485|336.7618|12|1|0|1.1|0.15|4|6|4|22|1|0
ITACHIOG46NT2|1|18|120|31.16|112.56|800|1600|10|0.4485|336.7618|12|1|0|1.1|0.15|4|6|4|22|1|0
ITACHIOG46NT3|1|18|120|31.16|112.56|800|1600|10|0.4485|336.7618|12|1|0|1.1|0.15|4|6|4|22|1|0
ITACHIOG46NT4|1|18|120|31.16|112.56|800|1600|10|0.4485|336.7618|12|1|0|1.1|0.15|4|6|4|22|1|0
ITACHIOG46NT5|1|18|120|31.16|112.56|800|1600|10|0.4485|336.7618|12|1|0|1.1|0.15|4|6|4|22|1|0
ITACHIOG46NT6|1|18|120|31.16|112.56|800|1600|10|0.4485|336.7618|12|1|0|1.1|0.15|4|6|4|22|1|0
ITACHIOG46NT7|1|18|120|31.16|112.56|800|1600|10|0.4485|336.7618|12|1|0|1.1|0.15|4|6|4|22|1|0
ITACHIOG46NT8|1|18|120|31.16|112.56|800|1600|10|0.4485|336.7618|12|1|0|1.1|0.15|4|6|4|22|1|0
ITACHIOG46NT9|1|18|120|31.16|112.56|800|1600|10|0.4485|336.7618|12|1|0|1.1|0.15|4|6|4|22|1|0
ITACHIOG46NT10|1|18|120|31.16|112.56|800|1600|10|0.4485|336.7618|12|1|0|1.1|0.15|4|6|4|22|1|0
ITACHIOG95OT1|1|10|280|74.28|1134.76|6000|100000|10|0.4485|336.7618|20|1|0.9|1|0.15|4|6|4|22|1|0
ITACHIOG95OT2|1|10|280|74.28|1134.76|6000|100000|10|0.4485|336.7618|20|1|0.9|1|0.15|4|6|4|22|1|0
ITACHIOG95OT3|1|10|280|74.28|1134.76|6000|100000|10|0.4485|336.7618|20|1|0.9|1|0.15|4|6|4|22|1|0
ITACHIOG95OT4|1|10|280|74.28|1134.76|6000|100000|10|0.4485|336.7618|20|1|0.9|1|0.15|4|6|4|22|1|0
ITACHIOG95OT5|1|10|280|74.28|1134.76|6000|100000|10|0.4485|336.7618|20|1|0.9|1|0.15|4|6|4|22|1|0
ITACHIOG95OT6|1|10|280|74.28|1134.76|6000|100000|10|0.4485|336.7618|20|1|0.9|1|0.15|4|6|4|22|1|0
ITACHIOG95OT7|1|10|280|74.28|1134.76|6000|100000|10|0.4485|336.7618|20|1|0.9|1|0.15|4|6|4|22|1|0
ITACHIOG95OT8|1|10|280|74.28|1134.76|6000|100000|10|0.4485|336.7618|20|1|0.9|1|0.15|4|6|4|22|1|0
ITACHIOG95OT9|1|10|280|74.28|1134.76|6000|100000|10|0.4485|336.7618|20|1|0.9|1|0.15|4|6|4|22|1|0
ITACHIOG95OT10|1|10|280|74.28|1134.76|6000|100000|10|0.4485|336.7618|20|1|0.9|1|0.15|4|6|4|22|1|0
ITACHIOG95OT11|1|10|280|74.28|1134.76|6000|100000|10|0.4485|336.7618|20|1|0.9|1|0.15|4|6|4|22|1|0
ITACHIOG95OT12|1|10|280|74.28|1134.76|6000|100000|10|0.4485|336.7618|20|1|0.9|1|0.15|4|6|4|22|1|0
ITACHIOG95OT13|1|10|280|74.28|1134.76|6000|100000|10|0.4485|336.7618|20|1|0.9|1|0.15|4|6|4|22|1|0
ITACHIOG95OT14|1|10|280|74.28|1134.76|6000|100000|10|0.4485|336.7618|20|1|0.9|1|0.15|4|6|4|22|1|0
ITACHIOG95OT15|1|10|280|74.28|1134.76|6000|100000|10|0.4485|336.7618|20|1|0.9|1|0.15|4|6|4|22|1|0
ITACHIOG95OT16|1|10|280|74.28|1134.76|6000|100000|10|0.4485|336.7618|20|1|0.9|1|0.15|4|6|4|22|1|0
ITACHIOG95OT17|1|10|280|74.28|1134.76|6000|100000|10|0.4485|336.7618|20|1|0.9|1|0.15|4|6|4|22|1|0
ITACHIOG95OT18|1|10|280|74.28|1134.76|6000|100000|10|0.4485|336.7618|20|1|0.9|1|0.15|4|6|4|22|1|0
ITACHIOG95OT19|1|10|280|74.28|1134.76|6000|100000|10|0.4485|336.7618|20|1|0.9|1|0.15|4|6|4|22|1|0
ITACHIOG95OT20|1|10|280|74.28|1134.76|6000|100000|10|0.4485|336.7618|20|1|0.9|1|0.15|4|6|4|22|1|0
ITACHIOG95OT21|1|10|280|74.28|1134.76|6000|100000|10|0.4485|336.7618|20|1|0.9|1|0.15|4|6|4|22|1|0
ITACHIOG95OT22|1|10|280|74.28|1134.76|6000|100000|10|0.4485|336.7618|20|1|0.9|1|0.15|4|6|4|22|1|0
ITACHIOG95OT23|1|10|280|74.28|1134.76|6000|100000|10|0.4485|336.7618|20|1|0.9|1|0.15|4|6|4|22|1|0
ITACHIOG95OT24|1|10|280|74.28|1134.76|6000|100000|10|0.4485|336.7618|20|1|0.9|1|0.15|4|6|4|22|1|0
ITACHIOG95OT25|1|10|280|74.28|1134.76|6000|100000|10|0.4485|336.7618|20|1|0.9|1|0.15|4|6|4|22|1|0
ITACIVIT104RP1|1|10|280|76.64|862.08|6000|100000|10|0.4485|336.7618|20|1|1|1|0.15|4|6|4|22|1|0
ITACIVIT104RP2|1|10|280|76.64|862.08|6000|100000|10|0.4485|336.7618|20|1|1|1|0.15|4|6|4|22|1|0
ITACIVIT26NT1|1|18|120|22.96|70|800|1600|10|0.4485|336.7618|12|1|0|1.1|0.15|4|6|4|22|1|0
ITACIVIT26NT2|1|18|120|22.96|70|800|1600|10|0.4485|336.7618|12|1|0|1.1|0.15|4|6|4|22|1|0
ITACIVIT26NT3|1|18|120|22.96|70|800|1600|10|0.4485|336.7618|12|1|0|1.1|0.15|4|6|4|22|1|0
ITACIVIT26NT4|1|18|120|22.96|70|800|1600|10|0.4485|336.7618|12|1|0|1.1|0.15|4|6|4|22|1|0
ITACIVIT26NT5|1|18|120|22.96|70|800|1600|10|0.4485|336.7618|12|1|0|1.1|0.15|4|6|4|22|1|0
ITACIVIT26NT6|1|18|120|22.96|70|800|1600|10|0.4485|336.7618|12|1|0|1.1|0.15|4|6|4|22|1|0
ITACIVIT26NT7|1|18|120|22.96|70|800|1600|10|0.4485|336.7618|12|1|0|1.1|0.15|4|6|4|22|1|0
ITACIVIT26NT8|1|18|120|22.96|70|800|1600|10|0.4485|336.7618|12|1|0|1.1|0.15|4|6|4|22|1|0
ITACIVIT78OT1|1|10|280|76.64|862.08|6000|100000|10|0.4485|336.7618|20|1|0.9|1|0.15|4|6|4|22|1|0
ITACIVIT78OT2|1|10|280|76.64|862.08|6000|100000|10|0.4485|336.7618|20|1|0.9|1|0.15|4|6|4|22|1|0
ITACIVIT78OT3|1|10|280|76.64|862.08|6000|100000|10|0.4485|336.7618|20|1|0.9|1|0.15|4|6|4|22|1|0
ITACIVIT78OT4|1|10|280|76.64|862.08|6000|100000|10|0.4485|336.7618|20|1|0.9|1|0.15|4|6|4|22|1|0
ITACIVIT78OT5|1|10|280|76.64|862.08|6000|100000|10|0.4485|336.7618|20|1|0.9|1|0.15|4|6|4|22|1|0
ITACIVIT78OT6|1|10|280|76.64|862.08|6000|100000|10|0.4485|336.7618|20|1|0.9|1|0.15|4|6|4|22|1|0
ITACIVIT78OT7|1|10|280|76.64|862.08|6000|100000|10|0.4485|336.7618|20|1|0.9|1|0.15|4|6|4|22|1|0
ITACIVIT78OT8|1|10|280|76.64|862.08|6000|100000|10|0.4485|336.7618|20|1|0.9|1|0.15|4|6|4|22|1|0
ITACIVIT78OT9|1|10|280|76.64|862.08|6000|100000|10|0.4485|336.7618|20|1|0.9|1|0.15|4|6|4|22|1|0
ITACIVIT78OT10|1|10|280|76.64|862.08|6000|100000|10|0.4485|336.7618|20|1|0.9|1|0.15|4|6|4|22|1|0
ITACIVIT78OT11|1|10|280|76.64|862.08|6000|100000|10|0.4485|336.7618|20|1|0.9|1|0.15|4|6|4|22|1|0
ITACIVIT78OT12|1|10|280|76.64|862.08|6000|100000|10|0.4485|336.7618|20|1|0.9|1|0.15|4|6|4|22|1|0
ITACUPRA27NT1|1|18|120|22.84|44.16|800|1600|10|0.4485|336.7618|12|1|0|1.1|0.15|4|6|4|22|1|0
ITACUPRA27NT2|1|18|120|22.84|44.16|800|1600|10|0.4485|336.7618|12|1|0|1.1|0.15|4|6|4|22|1|0
ITACUPRA27NT3|1|18|120|22.84|44.16|800|1600|10|0.4485|336.7618|12|1|0|1.1|0.15|4|6|4|22|1|0
ITACUPRA27NT4|1|18|120|22.84|44.16|800|1600|10|0.4485|336.7618|12|1|0|1.1|0.15|4|6|4|22|1|0
ITACUPRA79OT1|1|10|70|15.63|104|1500|25000|10|0.4485|336.7618|20|1|0.9|1|0.15|4|6|4|22|1|0
ITAFANO28NT1|1|18|120|25.16|152.44|800|1600|10|0.4485|336.7618|12|1|0|1.1|0.15|4|6|4|22|1|0
ITAFANO28NT2|1|18|120|25.16|152.44|800|1600|10|0.4485|336.7618|12|1|0|1.1|0.15|4|6|4|22|1|0
ITAFANO28NT3|1|18|120|25.16|152.44|800|1600|10|0.4485|336.7618|12|1|0|1.1|0.15|4|6|4|22|1|0
ITAFANO28NT4|1|18|120|25.16|152.44|800|1600|10|0.4485|336.7618|12|1|0|1.1|0.15|4|6|4|22|1|0
ITAFANO28NT5|1|18|120|25.16|152.44|800|1600|10|0.4485|336.7618|12|1|0|1.1|0.15|4|6|4|22|1|0
ITAFANO28NT6|1|18|120|25.16|152.44|800|1600|10|0.4485|336.7618|12|1|0|1.1|0.15|4|6|4|22|1|0
ITAFANO29NL1|1|18|30|15|147|200|400|10|0.4485|336.7618|12|1|0|1.1|0.15|4|6|4|22|1|0
ITAFANO80OT1|1|10|280|80.6|1210.48|6000|100000|10|0.4485|336.7618|20|1|0.9|1|0.15|4|6|4|22|1|0
ITAFANO80OT2|1|10|280|80.6|1210.48|6000|100000|10|0.4485|336.7618|20|1|0.9|1|0.15|4|6|4|22|1|0
ITAFANO80OT3|1|10|280|80.6|1210.48|6000|100000|10|0.4485|336.7618|20|1|0.9|1|0.15|4|6|4|22|1|0
ITAFANO80OT4|1|10|280|80.6|1210.48|6000|100000|10|0.4485|336.7618|20|1|0.9|1|0.15|4|6|4|22|1|0
ITAFANO80OT5|1|10|280|80.6|1210.48|6000|100000|10|0.4485|336.7618|20|1|0.9|1|0.15|4|6|4|22|1|0
ITAFANO80OT6|1|10|280|80.6|1210.48|6000|100000|10|0.4485|336.7618|20|1|0.9|1|0.15|4|6|4|22|1|0
ITAGABIC30NT1|1|18|120|29.72|302.12|800|1600|10|0.4485|336.7618|12|1|0|1.1|0.15|4|6|4|22|1|0
ITAGABIC30NT2|1|18|120|29.72|302.12|800|1600|10|0.4485|336.7618|12|1|0|1.1|0.15|4|6|4|22|1|0
ITAGABIC30NT3|1|18|120|29.72|302.12|800|1600|10|0.4485|336.7618|12|1|0|1.1|0.15|4|6|4|22|1|0
ITAGABIC81OT1|1|10|70|10.55|162.2|1500|25000|10|0.4485|336.7618|20|1|0.9|1|0.15|4|6|4|22|1|0
ITAGABIC81OT2|1|10|70|10.55|162.2|1500|25000|10|0.4485|336.7618|20|1|0.9|1|0.15|4|6|4|22|1|0
ITAGIULI1NT1|1|18|120|22.92|47.12|800|1600|10|0.4485|336.7618|12|1|0|1.1|0.15|4|6|4|22|1|0
ITAGIULI1NT2|1|18|120|22.92|47.12|800|1600|10|0.4485|336.7618|12|1|0|1.1|0.15|4|6|4|22|1|0
ITAGIULI1NT3|1|18|120|22.92|47.12|800|1600|10|0.4485|336.7618|12|1|0|1.1|0.15|4|6|4|22|1|0
ITAGIULI1NT4|1|18|120|22.92|47.12|800|1600|10|0.4485|336.7618|12|1|0|1.1|0.15|4|6|4|22|1|0
ITAGIULI1NT5|1|18|120|22.92|47.12|800|1600|10|0.4485|336.7618|12|1|0|1.1|0.15|4|6|4|22|1|0
ITAGIULI55OT1|1|10|280|89.48|999.52|6000|100000|10|0.4485|336.7618|20|1|0.9|1|0.15|4|6|4|22|1|0
ITAGIULI55OT2|1|10|280|89.48|999.52|6000|100000|10|0.4485|336.7618|20|1|0.9|1|0.15|4|6|4|22|1|0
ITAGIULI55OT3|1|10|280|89.48|999.52|6000|100000|10|0.4485|336.7618|20|1|0.9|1|0.15|4|6|4|22|1|0
ITAGIULI55OT4|1|10|280|89.48|999.52|6000|100000|10|0.4485|336.7618|20|1|0.9|1|0.15|4|6|4|22|1|0
ITAGORO15NT1|1|18|120|27.48|128.04|800|1600|10|0.4485|336.7618|12|1|0|1.1|0.15|4|6|4|22|1|0
ITAGORO15NT2|1|18|120|27.48|128.04|800|1600|10|0.4485|336.7618|12|1|0|1.1|0.15|4|6|4|22|1|0
ITAGORO15NT3|1|18|120|27.48|128.04|800|1600|10|0.4485|336.7618|12|1|0|1.1|0.15|4|6|4|22|1|0
ITAGORO15NT4|1|18|120|27.48|128.04|800|1600|10|0.4485|336.7618|12|1|0|1.1|0.15|4|6|4|22|1|0
ITAGORO15NT5|1|18|120|27.48|128.04|800|1600|10|0.4485|336.7618|12|1|0|1.1|0.15|4|6|4|22|1|0
ITAGORO15NT6|1|18|120|27.48|128.04|800|1600|10|0.4485|336.7618|12|1|0|1.1|0.15|4|6|4|22|1|0
ITAGORO15NT7|1|18|120|27.48|128.04|800|1600|10|0.4485|336.7618|12|1|0|1.1|0.15|4|6|4|22|1|0
ITAGORO15NT8|1|18|120|27.48|128.04|800|1600|10|0.4485|336.7618|12|1|0|1.1|0.15|4|6|4|22|1|0
ITAGORO15NT9|1|18|120|27.48|128.04|800|1600|10|0.4485|336.7618|12|1|0|1.1|0.15|4|6|4|22|1|0
ITAGORO15NT10|1|18|120|27.48|128.04|800|1600|10|0.4485|336.7618|12|1|0|1.1|0.15|4|6|4|22|1|0
ITAGORO15NT11|1|18|120|27.48|128.04|800|1600|10|0.4485|336.7618|12|1|0|1.1|0.15|4|6|4|22|1|0
ITAGORO15NT12|1|18|120|27.48|128.04|800|1600|10|0.4485|336.7618|12|1|0|1.1|0.15|4|6|4|22|1|0
ITAGORO15NT13|1|18|120|27.48|128.04|800|1600|10|0.4485|336.7618|12|1|0|1.1|0.15|4|6|4|22|1|0
ITAGORO15NT14|1|18|120|27.48|128.04|800|1600|10|0.4485|336.7618|12|1|0|1.1|0.15|4|6|4|22|1|0
ITAGORO15NT15|1|18|120|27.48|128.04|800|1600|10|0.4485|336.7618|12|1|0|1.1|0.15|4|6|4|22|1|0
ITAGORO15NT16|1|18|120|27.48|128.04|800|1600|10|0.4485|336.7618|12|1|0|1.1|0.15|4|6|4|22|1|0
ITAGORO15NT17|1|18|120|27.48|128.04|800|1600|10|0.4485|336.7618|12|1|0|1.1|0.15|4|6|4|22|1|0
ITAGORO15NT18|1|18|120|27.48|128.04|800|1600|10|0.4485|336.7618|12|1|0|1.1|0.15|4|6|4|22|1|0
ITAGORO15NT19|1|18|120|27.48|128.04|800|1600|10|0.4485|336.7618|12|1|0|1.1|0.15|4|6|4|22|1|0
ITAGORO15NT20|1|18|120|27.48|128.04|800|1600|10|0.4485|336.7618|12|1|0|1.1|0.15|4|6|4|22|1|0
ITAGORO15NT21|1|18|120|27.48|128.04|800|1600|10|0.4485|336.7618|12|1|0|1.1|0.15|4|6|4|22|1|0
ITAGORO15NT22|1|18|120|27.48|128.04|800|1600|10|0.4485|336.7618|12|1|0|1.1|0.15|4|6|4|22|1|0
ITAGORO15NT23|1|18|120|27.48|128.04|800|1600|10|0.4485|336.7618|12|1|0|1.1|0.15|4|6|4|22|1|0
ITAGORO15NT24|1|18|120|27.48|128.04|800|1600|10|0.4485|336.7618|12|1|0|1.1|0.15|4|6|4|22|1|0
ITAGORO15NT25|1|18|120|27.48|128.04|800|1600|10|0.4485|336.7618|12|1|0|1.1|0.15|4|6|4|22|1|0
ITAGORO15NT26|1|18|120|27.48|128.04|800|1600|10|0.4485|336.7618|12|1|0|1.1|0.15|4|6|4|22|1|0
ITAGORO15NT27|1|18|120|27.48|128.04|800|1600|10|0.4485|336.7618|12|1|0|1.1|0.15|4|6|4|22|1|0
ITAGORO15NT28|1|18|120|27.48|128.04|800|1600|10|0.4485|336.7618|12|1|0|1.1|0.15|4|6|4|22|1|0
ITAGORO15NT29|1|18|120|27.48|128.04|800|1600|10|0.4485|336.7618|12|1|0|1.1|0.15|4|6|4|22|1|0
ITAGORO15NT30|1|18|120|27.48|128.04|800|1600|10|0.4485|336.7618|12|1|0|1.1|0.15|4|6|4|22|1|0
ITAGORO15NT31|1|18|120|27.48|128.04|800|1600|10|0.4485|336.7618|12|1|0|1.1|0.15|4|6|4|22|1|0
ITAGORO15NT32|1|18|120|27.48|128.04|800|1600|10|0.4485|336.7618|12|1|0|1.1|0.15|4|6|4|22|1|0
ITAGORO15NT33|1|18|120|27.48|128.04|800|1600|10|0.4485|336.7618|12|1|0|1.1|0.15|4|6|4|22|1|0
ITAGORO15NT34|1|18|120|27.48|128.04|800|1600|10|0.4485|336.7618|12|1|0|1.1|0.15|4|6|4|22|1|0
ITAGORO67OT1|1|10|280|45.2|391.24|6000|100000|10|0.4485|336.7618|20|1|0.9|1|0.15|4|6|4|22|1|0
ITAGORO67OT2|1|10|280|45.2|391.24|6000|100000|10|0.4485|336.7618|20|1|0.9|1|0.15|4|6|4|22|1|0
ITAGORO67OT3|1|10|280|45.2|391.24|6000|100000|10|0.4485|336.7618|20|1|0.9|1|0.15|4|6|4|22|1|0
ITAGORO67OT4|1|10|280|45.2|391.24|6000|100000|10|0.4485|336.7618|20|1|0.9|1|0.15|4|6|4|22|1|0
ITAGORO67OT5|1|10|280|45.2|391.24|6000|100000|10|0.4485|336.7618|20|1|0.9|1|0.15|4|6|4|22|1|0
ITAGORO67OT6|1|10|280|45.2|391.24|6000|100000|10|0.4485|336.7618|20|1|0.9|1|0.15|4|6|4|22|1|0
ITAGORO67OT7|1|10|280|45.2|391.24|6000|100000|10|0.4485|336.7618|20|1|0.9|1|0.15|4|6|4|22|1|0
ITAGORO67OT8|1|10|280|45.2|391.24|6000|100000|10|0.4485|336.7618|20|1|0.9|1|0.15|4|6|4|22|1|0
ITAGORO67OT9|1|10|280|45.2|391.24|6000|100000|10|0.4485|336.7618|20|1|0.9|1|0.15|4|6|4|22|1|0
ITAGORO67OT10|1|10|280|45.2|391.24|6000|100000|10|0.4485|336.7618|20|1|0.9|1|0.15|4|6|4|22|1|0
ITAGORO67OT11|1|10|280|45.2|391.24|6000|100000|10|0.4485|336.7618|20|1|0.9|1|0.15|4|6|4|22|1|0
ITAGORO67OT12|1|10|280|45.2|391.24|6000|100000|10|0.4485|336.7618|20|1|0.9|1|0.15|4|6|4|22|1|0
ITAGORO67OT13|1|10|280|45.2|391.24|6000|100000|10|0.4485|336.7618|20|1|0.9|1|0.15|4|6|4|22|1|0
ITAGORO67OT14|1|10|280|45.2|391.24|6000|100000|10|0.4485|336.7618|20|1|0.9|1|0.15|4|6|4|22|1|0
ITAGORO67OT15|1|10|280|45.2|391.24|6000|100000|10|0.4485|336.7618|20|1|0.9|1|0.15|4|6|4|22|1|0
ITAGORO67OT16|1|10|280|45.2|391.24|6000|100000|10|0.4485|336.7618|20|1|0.9|1|0.15|4|6|4|22|1|0
ITAGORO67OT17|1|10|280|45.2|391.24|6000|100000|10|0.4485|336.7618|20|1|0.9|1|0.15|4|6|4|22|1|0
ITAGORO67OT18|1|10|280|45.2|391.24|6000|100000|10|0.4485|336.7618|20|1|0.9|1|0.15|4|6|4|22|1|0
ITAGORO67OT19|1|10|280|45.2|391.24|6000|100000|10|0.4485|336.7618|20|1|0.9|1|0.15|4|6|4|22|1|0
ITAGORO67OT20|1|10|280|45.2|391.24|6000|100000|10|0.4485|336.7618|20|1|0.9|1|0.15|4|6|4|22|1|0
ITAGORO67OT21|1|10|280|45.2|391.24|6000|100000|10|0.4485|336.7618|20|1|0.9|1|0.15|4|6|4|22|1|0
ITAGORO67OT22|1|10|280|45.2|391.24|6000|100000|10|0.4485|336.7618|20|1|0.9|1|0.15|4|6|4|22|1|0
ITAGORO67OT23|1|10|280|45.2|391.24|6000|100000|10|0.4485|336.7618|20|1|0.9|1|0.15|4|6|4|22|1|0
ITAGORO67OT24|1|10|280|45.2|391.24|6000|100000|10|0.4485|336.7618|20|1|0.9|1|0.15|4|6|4|22|1|0
ITAGORO67OT25|1|10|280|45.2|391.24|6000|100000|10|0.4485|336.7618|20|1|0.9|1|0.15|4|6|4|22|1|0
ITAGORO67OT26|1|10|280|45.2|391.24|6000|100000|10|0.4485|336.7618|20|1|0.9|1|0.15|4|6|4|22|1|0
ITAGORO67OT27|1|10|280|45.2|391.24|6000|100000|10|0.4485|336.7618|20|1|0.9|1|0.15|4|6|4|22|1|0
ITAGORO67OT28|1|10|280|45.2|391.24|6000|100000|10|0.4485|336.7618|20|1|0.9|1|0.15|4|6|4|22|1|0
ITAGORO67OT29|1|10|280|45.2|391.24|6000|100000|10|0.4485|336.7618|20|1|0.9|1|0.15|4|6|4|22|1|0
ITAGORO67OT30|1|10|280|45.2|391.24|6000|100000|10|0.4485|336.7618|20|1|0.9|1|0.15|4|6|4|22|1|0
ITAGORO67OT31|1|10|280|45.2|391.24|6000|100000|10|0.4485|336.7618|20|1|0.9|1|0.15|4|6|4|22|1|0
ITAGORO67OT32|1|10|280|45.2|391.24|6000|100000|10|0.4485|336.7618|20|1|0.9|1|0.15|4|6|4|22|1|0
ITAGRADO20NT1|1|18|120|24.84|37.84|800|1600|10|0.4485|336.7618|12|1|0|1.1|0.15|4|6|4|22|1|0
ITAGRADO20NT2|1|18|120|24.84|37.84|800|1600|10|0.4485|336.7618|12|1|0|1.1|0.15|4|6|4|22|1|0
ITAGRADO72OT1|1|10|280|53.08|662.08|6000|100000|10|0.4485|336.7618|20|1|0.9|1|0.15|4|6|4|22|1|0
ITAGRADO72OT2|1|10|280|53.08|662.08|6000|100000|10|0.4485|336.7618|20|1|0.9|1|0.15|4|6|4|22|1|0
ITAGRADO72OT3|1|10|280|53.08|662.08|6000|100000|10|0.4485|336.7618|20|1|0.9|1|0.15|4|6|4|22|1|0
ITAGRADO72OT4|1|10|280|53.08|662.08|6000|100000|10|0.4485|336.7618|20|1|0.9|1|0.15|4|6|4|22|1|0
ITAGRADO72OT5|1|10|280|53.08|662.08|6000|100000|10|0.4485|336.7618|20|1|0.9|1|0.15|4|6|4|22|1|0
ITAGRADO72OT6|1|10|280|53.08|662.08|6000|100000|10|0.4485|336.7618|20|1|0.9|1|0.15|4|6|4|22|1|0
ITAGROTT31NT1|1|18|30|5.55|7|200|400|10|0.4485|336.7618|12|1|0|1.1|0.15|4|6|4|22|1|0
HRVHRCRA109OT1|1|10|70|14.80128|166.1791|1500|25000|10|0.4485|336.7618|20|1|0.9|1|0.15|4|6|4|22|1|0
HRVHRCRS110OT1|1|10|70|14.80128|166.1791|1500|25000|10|0.4485|336.7618|20|1|0.9|1|0.15|4|6|4|22|1|0
HRVHRCRS153NT1|1|18|30|6.588654|26.90647|200|400|10|0.4485|336.7618|12|1|0|1.1|0.15|4|6|4|22|1|0
HRVHRCVT111OT1|1|10|70|14.80128|166.1791|1500|25000|10|0.4485|336.7618|20|1|0.9|1|0.15|4|6|4|22|1|0
HRVHRDBV112OT1|1|10|280|59.20511|664.7166|6000|100000|10|0.4485|336.7618|20|1|0.9|1|0.15|4|6|4|22|1|0
HRVHRDBV112OT2|1|10|280|59.20511|664.7166|6000|100000|10|0.4485|336.7618|20|1|0.9|1|0.15|4|6|4|22|1|0
HRVHRDBV138OT1|1|10|280|59.20511|664.7166|6000|100000|10|0.4485|336.7618|20|1|0.9|1|0.15|4|6|4|22|1|0
HRVHRDBV138OT2|1|10|280|59.20511|664.7166|6000|100000|10|0.4485|336.7618|20|1|0.9|1|0.15|4|6|4|22|1|0
HRVHRDBV138OT3|1|10|280|59.20511|664.7166|6000|100000|10|0.4485|336.7618|20|1|0.9|1|0.15|4|6|4|22|1|0
HRVHRDBV167NT1|1|18|30|6.588654|26.90647|200|400|10|0.4485|336.7618|12|1|0|1.1|0.15|4|6|4|22|1|0
HRVHRDBV167NT2|1|18|30|6.588654|26.90647|200|400|10|0.4485|336.7618|12|1|0|1.1|0.15|4|6|4|22|1|0
HRVHRJSA139OT1|1|10|70|14.80128|166.1791|1500|25000|10|0.4485|336.7618|20|1|0.9|1|0.15|4|6|4|22|1|0
HRVHRKRA173NT1|1|18|30|6.588654|26.90647|200|400|10|0.4485|336.7618|12|1|0|1.1|0.15|4|6|4|22|1|0
HRVHRKRK113OT1|1|10|70|14.80128|166.1791|1500|25000|10|0.4485|336.7618|20|1|0.9|1|0.15|4|6|4|22|1|0
HRVHRKRK154NT1|1|18|30|6.588654|26.90647|200|400|10|0.4485|336.7618|12|1|0|1.1|0.15|4|6|4|22|1|0
HRVHRMAK114OT1|1|10|280|59.20511|664.7166|6000|100000|10|0.4485|336.7618|20|1|0.9|1|0.15|4|6|4|22|1|0
HRVHRMAK114OT2|1|10|280|59.20511|664.7166|6000|100000|10|0.4485|336.7618|20|1|0.9|1|0.15|4|6|4|22|1|0
HRVHRMAK114OT3|1|10|280|59.20511|664.7166|6000|100000|10|0.4485|336.7618|20|1|0.9|1|0.15|4|6|4|22|1|0
HRVHRMAK140OT1|1|10|70|14.80128|166.1791|1500|25000|10|0.4485|336.7618|20|1|0.9|1|0.15|4|6|4|22|1|0
HRVHRMAK140OT2|1|10|70|14.80128|166.1791|1500|25000|10|0.4485|336.7618|20|1|0.9|1|0.15|4|6|4|22|1|0
HRVHRMAL115OT1|1|10|70|14.80128|166.1791|1500|25000|10|0.4485|336.7618|20|1|0.9|1|0.15|4|6|4|22|1|0
HRVHRMUR116OT1|1|10|280|59.20511|664.7166|6000|100000|10|0.4485|336.7618|20|1|0.9|1|0.15|4|6|4|22|1|0
HRVHRMUR116OT2|1|10|280|59.20511|664.7166|6000|100000|10|0.4485|336.7618|20|1|0.9|1|0.15|4|6|4|22|1|0
HRVHRMUR116OT3|1|10|280|59.20511|664.7166|6000|100000|10|0.4485|336.7618|20|1|0.9|1|0.15|4|6|4|22|1|0
HRVHRMUR116OT4|1|10|280|59.20511|664.7166|6000|100000|10|0.4485|336.7618|20|1|0.9|1|0.15|4|6|4|22|1|0
HRVHRMUR141OT1|1|10|70|14.80128|166.1791|1500|25000|10|0.4485|336.7618|20|1|0.9|1|0.15|4|6|4|22|1|0
HRVHRNVG107OT1|1|10|70|14.80128|166.1791|1500|25000|10|0.4485|336.7618|20|1|0.9|1|0.15|4|6|4|22|1|0
HRVHRNVG107OT2|1|10|70|14.80128|166.1791|1500|25000|10|0.4485|336.7618|20|1|0.9|1|0.15|4|6|4|22|1|0
HRVHRNVG107OT3|1|10|70|14.80128|166.1791|1500|25000|10|0.4485|336.7618|20|1|0.9|1|0.15|4|6|4|22|1|0
HRVHRNVG117OT1|1|10|280|59.20511|664.7166|6000|100000|10|0.4485|336.7618|20|1|0.9|1|0.15|4|6|4|22|1|0
HRVHRNVG117OT2|1|10|280|59.20511|664.7166|6000|100000|10|0.4485|336.7618|20|1|0.9|1|0.15|4|6|4|22|1|0
HRVHRNVG117OT3|1|10|280|59.20511|664.7166|6000|100000|10|0.4485|336.7618|20|1|0.9|1|0.15|4|6|4|22|1|0
HRVHRNVL118OT1|1|10|280|59.20511|664.7166|6000|100000|10|0.4485|336.7618|20|1|0.9|1|0.15|4|6|4|22|1|0
HRVHRNVL118OT2|1|10|280|59.20511|664.7166|6000|100000|10|0.4485|336.7618|20|1|0.9|1|0.15|4|6|4|22|1|0
HRVHRNVL155NT1|1|18|30|6.588654|26.90647|200|400|10|0.4485|336.7618|12|1|0|1.1|0.15|4|6|4|22|1|0
HRVHRPNT119OT1|1|10|70|14.80128|166.1791|1500|25000|10|0.4485|336.7618|20|1|0.9|1|0.15|4|6|4|22|1|0
HRVHRPNT119OT2|1|10|70|14.80128|166.1791|1500|25000|10|0.4485|336.7618|20|1|0.9|1|0.15|4|6|4|22|1|0
HRVHRPRE120OT1|1|10|70|14.80128|166.1791|1500|25000|10|0.4485|336.7618|20|1|0.9|1|0.15|4|6|4|22|1|0
HRVHRPRE120OT2|1|10|70|14.80128|166.1791|1500|25000|10|0.4485|336.7618|20|1|0.9|1|0.15|4|6|4|22|1|0
HRVHRPRE120OT3|1|10|70|14.80128|166.1791|1500|25000|10|0.4485|336.7618|20|1|0.9|1|0.15|4|6|4|22|1|0
HRVHRPRE120OT4|1|10|70|14.80128|166.1791|1500|25000|10|0.4485|336.7618|20|1|0.9|1|0.15|4|6|4|22|1|0
HRVHRPRE142OT1|1|10|70|14.80128|166.1791|1500|25000|10|0.4485|336.7618|20|1|0.9|1|0.15|4|6|4|22|1|0
HRVHRPRE142OT2|1|10|70|14.80128|166.1791|1500|25000|10|0.4485|336.7618|20|1|0.9|1|0.15|4|6|4|22|1|0
HRVHRPRE142OT3|1|10|70|14.80128|166.1791|1500|25000|10|0.4485|336.7618|20|1|0.9|1|0.15|4|6|4|22|1|0
HRVHRPUY121OT1|1|10|280|59.20511|664.7166|6000|100000|10|0.4485|336.7618|20|1|0.9|1|0.15|4|6|4|22|1|0
HRVHRPUY121OT2|1|10|280|59.20511|664.7166|6000|100000|10|0.4485|336.7618|20|1|0.9|1|0.15|4|6|4|22|1|0
HRVHRPUY121OT3|1|10|280|59.20511|664.7166|6000|100000|10|0.4485|336.7618|20|1|0.9|1|0.15|4|6|4|22|1|0
HRVHRPUY121OT4|1|10|280|59.20511|664.7166|6000|100000|10|0.4485|336.7618|20|1|0.9|1|0.15|4|6|4|22|1|0
HRVHRPUY121OT5|1|10|280|59.20511|664.7166|6000|100000|10|0.4485|336.7618|20|1|0.9|1|0.15|4|6|4|22|1|0
HRVHRPUY121OT6|1|10|280|59.20511|664.7166|6000|100000|10|0.4485|336.7618|20|1|0.9|1|0.15|4|6|4|22|1|0
HRVHRPUY121OT7|1|10|280|59.20511|664.7166|6000|100000|10|0.4485|336.7618|20|1|0.9|1|0.15|4|6|4|22|1|0
HRVHRPUY121OT8|1|10|280|59.20511|664.7166|6000|100000|10|0.4485|336.7618|20|1|0.9|1|0.15|4|6|4|22|1|0
HRVHRPUY121OT9|1|10|280|59.20511|664.7166|6000|100000|10|0.4485|336.7618|20|1|0.9|1|0.15|4|6|4|22|1|0
HRVHRPUY121OT10|1|10|280|59.20511|664.7166|6000|100000|10|0.4485|336.7618|20|1|0.9|1|0.15|4|6|4|22|1|0
HRVHRPUY121OT11|1|10|280|59.20511|664.7166|6000|100000|10|0.4485|336.7618|20|1|0.9|1|0.15|4|6|4|22|1|0
HRVHRPUY143OT1|1|10|280|59.20511|664.7166|6000|100000|10|0.4485|336.7618|20|1|0.9|1|0.15|4|6|4|22|1|0
HRVHRPUY143OT2|1|10|280|59.20511|664.7166|6000|100000|10|0.4485|336.7618|20|1|0.9|1|0.15|4|6|4|22|1|0
HRVHRPUY143OT3|1|10|280|59.20511|664.7166|6000|100000|10|0.4485|336.7618|20|1|0.9|1|0.15|4|6|4|22|1|0
HRVHRPUY143OT4|1|10|280|59.20511|664.7166|6000|100000|10|0.4485|336.7618|20|1|0.9|1|0.15|4|6|4|22|1|0
HRVHRPUY143OT5|1|10|280|59.20511|664.7166|6000|100000|10|0.4485|336.7618|20|1|0.9|1|0.15|4|6|4|22|1|0
HRVHRPUY152NT1|1|18|30|6.588654|26.90647|200|400|10|0.4485|336.7618|12|1|0|1.1|0.15|4|6|4|22|1|0
HRVHRPUY156NT1|1|18|30|6.588654|26.90647|200|400|10|0.4485|336.7618|12|1|0|1.1|0.15|4|6|4|22|1|0
HRVHRPUY156NT2|1|18|30|6.588654|26.90647|200|400|10|0.4485|336.7618|12|1|0|1.1|0.15|4|6|4|22|1|0
HRVHRPUY160NT1|1|18|120|26.35462|107.6259|800|1600|10|0.4485|336.7618|12|1|0|1.1|0.15|4|6|4|22|1|0
HRVHRPUY160NT2|1|18|120|26.35462|107.6259|800|1600|10|0.4485|336.7618|12|1|0|1.1|0.15|4|6|4|22|1|0
HRVHRPUY160NT3|1|18|120|26.35462|107.6259|800|1600|10|0.4485|336.7618|12|1|0|1.1|0.15|4|6|4|22|1|0
HRVHRRAB122OT1|1|10|280|59.20511|664.7166|6000|100000|10|0.4485|336.7618|20|1|0.9|1|0.15|4|6|4|22|1|0
HRVHRRAB122OT2|1|10|280|59.20511|664.7166|6000|100000|10|0.4485|336.7618|20|1|0.9|1|0.15|4|6|4|22|1|0
HRVHRRBC123OT1|1|10|70|14.80128|166.1791|1500|25000|10|0.4485|336.7618|20|1|0.9|1|0.15|4|6|4|22|1|0
HRVHRRBC123OT2|1|10|70|14.80128|166.1791|1500|25000|10|0.4485|336.7618|20|1|0.9|1|0.15|4|6|4|22|1|0
HRVHRRBC123OT3|1|10|70|14.80128|166.1791|1500|25000|10|0.4485|336.7618|20|1|0.9|1|0.15|4|6|4|22|1|0
HRVHRRBC123OT4|1|10|70|14.80128|166.1791|1500|25000|10|0.4485|336.7618|20|1|0.9|1|0.15|4|6|4|22|1|0
HRVHRRBC157NT1|1|18|30|6.588654|26.90647|200|400|10|0.4485|336.7618|12|1|0|1.1|0.15|4|6|4|22|1|0
HRVHRRGN124OT1|1|10|70|14.80128|166.1791|1500|25000|10|0.4485|336.7618|20|1|0.9|1|0.15|4|6|4|22|1|0
HRVHRRGN124OT2|1|10|70|14.80128|166.1791|1500|25000|10|0.4485|336.7618|20|1|0.9|1|0.15|4|6|4|22|1|0
HRVHRRGN124OT3|1|10|70|14.80128|166.1791|1500|25000|10|0.4485|336.7618|20|1|0.9|1|0.15|4|6|4|22|1|0
HRVHRRJK125OT1|1|10|280|59.20511|664.7166|6000|100000|10|0.4485|336.7618|20|1|0.9|1|0.15|4|6|4|22|1|0
HRVHRRJK125OT2|1|10|280|59.20511|664.7166|6000|100000|10|0.4485|336.7618|20|1|0.9|1|0.15|4|6|4|22|1|0
HRVHRRJK125OT3|1|10|280|59.20511|664.7166|6000|100000|10|0.4485|336.7618|20|1|0.9|1|0.15|4|6|4|22|1|0
HRVHRRJK125OT4|1|10|280|59.20511|664.7166|6000|100000|10|0.4485|336.7618|20|1|0.9|1|0.15|4|6|4|22|1|0
HRVHRRJK125OT5|1|10|280|59.20511|664.7166|6000|100000|10|0.4485|336.7618|20|1|0.9|1|0.15|4|6|4|22|1|0
HRVHRRJK125OT6|1|10|280|59.20511|664.7166|6000|100000|10|0.4485|336.7618|20|1|0.9|1|0.15|4|6|4|22|1|0
HRVHRRJK125OT7|1|10|280|59.20511|664.7166|6000|100000|10|0.4485|336.7618|20|1|0.9|1|0.15|4|6|4|22|1|0
HRVHRRJK125OT8|1|10|280|59.20511|664.7166|6000|100000|10|0.4485|336.7618|20|1|0.9|1|0.15|4|6|4|22|1|0
HRVHRRJK144OT1|1|10|280|59.20511|664.7166|6000|100000|10|0.4485|336.7618|20|1|0.9|1|0.15|4|6|4|22|1|0
HRVHRRJK144OT2|1|10|280|59.20511|664.7166|6000|100000|10|0.4485|336.7618|20|1|0.9|1|0.15|4|6|4|22|1|0
HRVHRRJK144OT3|1|10|280|59.20511|664.7166|6000|100000|10|0.4485|336.7618|20|1|0.9|1|0.15|4|6|4|22|1|0
HRVHRRJK144OT4|1|10|280|59.20511|664.7166|6000|100000|10|0.4485|336.7618|20|1|0.9|1|0.15|4|6|4|22|1|0
HRVHRRJK144OT5|1|10|280|59.20511|664.7166|6000|100000|10|0.4485|336.7618|20|1|0.9|1|0.15|4|6|4|22|1|0
HRVHRRJK144OT6|1|10|280|59.20511|664.7166|6000|100000|10|0.4485|336.7618|20|1|0.9|1|0.15|4|6|4|22|1|0
HRVHRRJK161NT1|1|18|30|6.588654|26.90647|200|400|10|0.4485|336.7618|12|1|0|1.1|0.15|4|6|4|22|1|0
HRVHRRJK171NT1|1|18|30|6.588654|26.90647|200|400|10|0.4485|336.7618|12|1|0|1.1|0.15|4|6|4|22|1|0
HRVHRRJK175NT1|1|18|30|6.588654|26.90647|200|400|10|0.4485|336.7618|12|1|0|1.1|0.15|4|6|4|22|1|0
HRVHRROV126OT1|1|10|70|14.80128|166.1791|1500|25000|10|0.4485|336.7618|20|1|0.9|1|0.15|4|6|4|22|1|0
HRVHRROV126OT2|1|10|70|14.80128|166.1791|1500|25000|10|0.4485|336.7618|20|1|0.9|1|0.15|4|6|4|22|1|0
HRVHRROV162NT1|1|18|30|6.588654|26.90647|200|400|10|0.4485|336.7618|12|1|0|1.1|0.15|4|6|4|22|1|0
HRVHRROV168NT1|1|18|30|6.588654|26.90647|200|400|10|0.4485|336.7618|12|1|0|1.1|0.15|4|6|4|22|1|0
HRVHRSAL127OT1|1|10|70|14.80128|166.1791|1500|25000|10|0.4485|336.7618|20|1|0.9|1|0.15|4|6|4|22|1|0
HRVHRSEN128OT1|1|10|70|14.80128|166.1791|1500|25000|10|0.4485|336.7618|20|1|0.9|1|0.15|4|6|4|22|1|0
HRVHRSPU129OT1|1|10|280|59.20511|664.7166|6000|100000|10|0.4485|336.7618|20|1|0.9|1|0.15|4|6|4|22|1|0
HRVHRSPU129OT2|1|10|280|59.20511|664.7166|6000|100000|10|0.4485|336.7618|20|1|0.9|1|0.15|4|6|4|22|1|0
HRVHRSPU129OT3|1|10|280|59.20511|664.7166|6000|100000|10|0.4485|336.7618|20|1|0.9|1|0.15|4|6|4|22|1|0
HRVHRSPU129OT4|1|10|280|59.20511|664.7166|6000|100000|10|0.4485|336.7618|20|1|0.9|1|0.15|4|6|4|22|1|0
HRVHRSPU129OT5|1|10|280|59.20511|664.7166|6000|100000|10|0.4485|336.7618|20|1|0.9|1|0.15|4|6|4|22|1|0
HRVHRSPU129OT6|1|10|280|59.20511|664.7166|6000|100000|10|0.4485|336.7618|20|1|0.9|1|0.15|4|6|4|22|1|0
HRVHRSPU129OT7|1|10|280|59.20511|664.7166|6000|100000|10|0.4485|336.7618|20|1|0.9|1|0.15|4|6|4|22|1|0
HRVHRSPU129OT8|1|10|280|59.20511|664.7166|6000|100000|10|0.4485|336.7618|20|1|0.9|1|0.15|4|6|4|22|1|0
HRVHRSPU129OT9|1|10|280|59.20511|664.7166|6000|100000|10|0.4485|336.7618|20|1|0.9|1|0.15|4|6|4|22|1|0
HRVHRSPU129OT10|1|10|280|59.20511|664.7166|6000|100000|10|0.4485|336.7618|20|1|0.9|1|0.15|4|6|4|22|1|0
HRVHRSPU129OT11|1|10|280|59.20511|664.7166|6000|100000|10|0.4485|336.7618|20|1|0.9|1|0.15|4|6|4|22|1|0
HRVHRSPU129OT12|1|10|280|59.20511|664.7166|6000|100000|10|0.4485|336.7618|20|1|0.9|1|0.15|4|6|4|22|1|0
HRVHRSPU129OT13|1|10|280|59.20511|664.7166|6000|100000|10|0.4485|336.7618|20|1|0.9|1|0.15|4|6|4|22|1|0
HRVHRSPU129OT14|1|10|280|59.20511|664.7166|6000|100000|10|0.4485|336.7618|20|1|0.9|1|0.15|4|6|4|22|1|0
HRVHRSPU145OT1|1|10|280|59.20511|664.7166|6000|100000|10|0.4485|336.7618|20|1|0.9|1|0.15|4|6|4|22|1|0
HRVHRSPU145OT2|1|10|280|59.20511|664.7166|6000|100000|10|0.4485|336.7618|20|1|0.9|1|0.15|4|6|4|22|1|0
HRVHRSPU145OT3|1|10|280|59.20511|664.7166|6000|100000|10|0.4485|336.7618|20|1|0.9|1|0.15|4|6|4|22|1|0
HRVHRSPU145OT4|1|10|280|59.20511|664.7166|6000|100000|10|0.4485|336.7618|20|1|0.9|1|0.15|4|6|4|22|1|0
HRVHRSPU145OT5|1|10|280|59.20511|664.7166|6000|100000|10|0.4485|336.7618|20|1|0.9|1|0.15|4|6|4|22|1|0
HRVHRSPU145OT6|1|10|280|59.20511|664.7166|6000|100000|10|0.4485|336.7618|20|1|0.9|1|0.15|4|6|4|22|1|0
HRVHRSPU145OT7|1|10|280|59.20511|664.7166|6000|100000|10|0.4485|336.7618|20|1|0.9|1|0.15|4|6|4|22|1|0
HRVHRSPU145OT8|1|10|280|59.20511|664.7166|6000|100000|10|0.4485|336.7618|20|1|0.9|1|0.15|4|6|4|22|1|0
HRVHRSPU145OT9|1|10|280|59.20511|664.7166|6000|100000|10|0.4485|336.7618|20|1|0.9|1|0.15|4|6|4|22|1|0
HRVHRSPU145OT10|1|10|280|59.20511|664.7166|6000|100000|10|0.4485|336.7618|20|1|0.9|1|0.15|4|6|4|22|1|0
HRVHRSPU158NT1|1|18|30|6.588654|26.90647|200|400|10|0.4485|336.7618|12|1|0|1.1|0.15|4|6|4|22|1|0
HRVHRSPU158NT2|1|18|30|6.588654|26.90647|200|400|10|0.4485|336.7618|12|1|0|1.1|0.15|4|6|4|22|1|0
HRVHRSPU163NT1|1|18|30|6.588654|26.90647|200|400|10|0.4485|336.7618|12|1|0|1.1|0.15|4|6|4|22|1|0
HRVHRSPU169NT1|1|18|30|6.588654|26.90647|200|400|10|0.4485|336.7618|12|1|0|1.1|0.15|4|6|4|22|1|0
HRVHRSPU172NT1|1|18|30|6.588654|26.90647|200|400|10|0.4485|336.7618|12|1|0|1.1|0.15|4|6|4|22|1|0
HRVHRSPU174NT1|1|18|30|6.588654|26.90647|200|400|10|0.4485|336.7618|12|1|0|1.1|0.15|4|6|4|22|1|0
HRVHRTKN130OT1|1|10|70|14.80128|166.1791|1500|25000|10|0.4485|336.7618|20|1|0.9|1|0.15|4|6|4|22|1|0
HRVHRTKN130OT2|1|10|70|14.80128|166.1791|1500|25000|10|0.4485|336.7618|20|1|0.9|1|0.15|4|6|4|22|1|0
HRVHRTRO131OT1|1|10|70|14.80128|166.1791|1500|25000|10|0.4485|336.7618|20|1|0.9|1|0.15|4|6|4|22|1|0
HRVHRTRO131OT2|1|10|70|14.80128|166.1791|1500|25000|10|0.4485|336.7618|20|1|0.9|1|0.15|4|6|4|22|1|0
HRVHRUMG108OT1|1|10|70|14.80128|166.1791|1500|25000|10|0.4485|336.7618|20|1|0.9|1|0.15|4|6|4|22|1|0
HRVHRUMG108OT2|1|10|70|14.80128|166.1791|1500|25000|10|0.4485|336.7618|20|1|0.9|1|0.15|4|6|4|22|1|0
HRVHRUMG132OT1|1|10|280|59.20511|664.7166|6000|100000|10|0.4485|336.7618|20|1|0.9|1|0.15|4|6|4|22|1|0
HRVHRUMG132OT2|1|10|280|59.20511|664.7166|6000|100000|10|0.4485|336.7618|20|1|0.9|1|0.15|4|6|4|22|1|0
HRVHRUMG132OT3|1|10|280|59.20511|664.7166|6000|100000|10|0.4485|336.7618|20|1|0.9|1|0.15|4|6|4|22|1|0
HRVHRUMG146OT1|1|10|70|14.80128|166.1791|1500|25000|10|0.4485|336.7618|20|1|0.9|1|0.15|4|6|4|22|1|0
HRVHRUMG164NT1|1|18|120|26.35462|107.6259|800|1600|10|0.4485|336.7618|12|1|0|1.1|0.15|4|6|4|22|1|0
HRVHRUMG164NT2|1|18|120|26.35462|107.6259|800|1600|10|0.4485|336.7618|12|1|0|1.1|0.15|4|6|4|22|1|0
HRVHRUMG166NT1|1|18|30|6.588654|26.90647|200|400|10|0.4485|336.7618|12|1|0|1.1|0.15|4|6|4|22|1|0
HRVHRVDC133OT1|1|10|70|14.80128|166.1791|1500|25000|10|0.4485|336.7618|20|1|0.9|1|0.15|4|6|4|22|1|0
HRVHRVDC133OT2|1|10|70|14.80128|166.1791|1500|25000|10|0.4485|336.7618|20|1|0.9|1|0.15|4|6|4|22|1|0
HRVHRVDC133OT3|1|10|70|14.80128|166.1791|1500|25000|10|0.4485|336.7618|20|1|0.9|1|0.15|4|6|4|22|1|0
HRVHRVDC133OT4|1|10|70|14.80128|166.1791|1500|25000|10|0.4485|336.7618|20|1|0.9|1|0.15|4|6|4|22|1|0
HRVHRVDC147OT1|1|10|280|59.20511|664.7166|6000|100000|10|0.4485|336.7618|20|1|0.9|1|0.15|4|6|4|22|1|0
HRVHRVDC147OT2|1|10|280|59.20511|664.7166|6000|100000|10|0.4485|336.7618|20|1|0.9|1|0.15|4|6|4|22|1|0
HRVHRVDC170NT1|1|18|30|6.588654|26.90647|200|400|10|0.4485|336.7618|12|1|0|1.1|0.15|4|6|4|22|1|0
HRVHRVIS134OT1|1|10|70|14.80128|166.1791|1500|25000|10|0.4485|336.7618|20|1|0.9|1|0.15|4|6|4|22|1|0
HRVHRVIS148OT1|1|10|70|14.80128|166.1791|1500|25000|10|0.4485|336.7618|20|1|0.9|1|0.15|4|6|4|22|1|0
HRVHRVLK135OT1|1|10|70|14.80128|166.1791|1500|25000|10|0.4485|336.7618|20|1|0.9|1|0.15|4|6|4|22|1|0
HRVHRVLK149OT1|1|10|70|14.80128|166.1791|1500|25000|10|0.4485|336.7618|20|1|0.9|1|0.15|4|6|4|22|1|0
HRVHRVRS136OT1|1|10|280|59.20511|664.7166|6000|100000|10|0.4485|336.7618|20|1|0.9|1|0.15|4|6|4|22|1|0
HRVHRVRS136OT2|1|10|280|59.20511|664.7166|6000|100000|10|0.4485|336.7618|20|1|0.9|1|0.15|4|6|4|22|1|0
HRVHRVRS150OT1|1|10|70|14.80128|166.1791|1500|25000|10|0.4485|336.7618|20|1|0.9|1|0.15|4|6|4|22|1|0
HRVHRZAD137OT1|1|10|280|59.20511|664.7166|6000|100000|10|0.4485|336.7618|20|1|0.9|1|0.15|4|6|4|22|1|0
HRVHRZAD137OT2|1|10|280|59.20511|664.7166|6000|100000|10|0.4485|336.7618|20|1|0.9|1|0.15|4|6|4|22|1|0
HRVHRZAD137OT3|1|10|280|59.20511|664.7166|6000|100000|10|0.4485|336.7618|20|1|0.9|1|0.15|4|6|4|22|1|0
HRVHRZAD137OT4|1|10|280|59.20511|664.7166|6000|100000|10|0.4485|336.7618|20|1|0.9|1|0.15|4|6|4|22|1|0
HRVHRZAD137OT5|1|10|280|59.20511|664.7166|6000|100000|10|0.4485|336.7618|20|1|0.9|1|0.15|4|6|4|22|1|0
HRVHRZAD137OT6|1|10|280|59.20511|664.7166|6000|100000|10|0.4485|336.7618|20|1|0.9|1|0.15|4|6|4|22|1|0
HRVHRZAD151OT1|1|10|280|59.20511|664.7166|6000|100000|10|0.4485|336.7618|20|1|0.9|1|0.15|4|6|4|22|1|0
HRVHRZAD151OT2|1|10|280|59.20511|664.7166|6000|100000|10|0.4485|336.7618|20|1|0.9|1|0.15|4|6|4|22|1|0
HRVHRZAD151OT3|1|10|280|59.20511|664.7166|6000|100000|10|0.4485|336.7618|20|1|0.9|1|0.15|4|6|4|22|1|0
HRVHRZAD151OT4|1|10|280|59.20511|664.7166|6000|100000|10|0.4485|336.7618|20|1|0.9|1|0.15|4|6|4|22|1|0
HRVHRZAD151OT5|1|10|280|59.20511|664.7166|6000|100000|10|0.4485|336.7618|20|1|0.9|1|0.15|4|6|4|22|1|0
HRVHRZAD151OT6|1|10|280|59.20511|664.7166|6000|100000|10|0.4485|336.7618|20|1|0.9|1|0.15|4|6|4|22|1|0
HRVHRZAD151OT7|1|10|280|59.20511|664.7166|6000|100000|10|0.4485|336.7618|20|1|0.9|1|0.15|4|6|4|22|1|0
HRVHRZAD151OT8|1|10|280|59.20511|664.7166|6000|100000|10|0.4485|336.7618|20|1|0.9|1|0.15|4|6|4|22|1|0
HRVHRZAD151OT9|1|10|280|59.20511|664.7166|6000|100000|10|0.4485|336.7618|20|1|0.9|1|0.15|4|6|4|22|1|0
HRVHRZAD151OT10|1|10|280|59.20511|664.7166|6000|100000|10|0.4485|336.7618|20|1|0.9|1|0.15|4|6|4|22|1|0
HRVHRZAD151OT11|1|10|280|59.20511|664.7166|6000|100000|10|0.4485|336.7618|20|1|0.9|1|0.15|4|6|4|22|1|0
HRVHRZAD151OT12|1|10|280|59.20511|664.7166|6000|100000|10|0.4485|336.7618|20|1|0.9|1|0.15|4|6|4|22|1|0
HRVHRZAD151OT13|1|10|280|59.20511|664.7166|6000|100000|10|0.4485|336.7618|20|1|0.9|1|0.15|4|6|4|22|1|0
HRVHRZAD151OT14|1|10|280|59.20511|664.7166|6000|100000|10|0.4485|336.7618|20|1|0.9|1|0.15|4|6|4|22|1|0
HRVHRZAD151OT15|1|10|280|59.20511|664.7166|6000|100000|10|0.4485|336.7618|20|1|0.9|1|0.15|4|6|4|22|1|0
HRVHRZAD151OT16|1|10|280|59.20511|664.7166|6000|100000|10|0.4485|336.7618|20|1|0.9|1|0.15|4|6|4|22|1|0
HRVHRZAD151OT17|1|10|280|59.20511|664.7166|6000|100000|10|0.4485|336.7618|20|1|0.9|1|0.15|4|6|4|22|1|0
HRVHRZAD151OT18|1|10|280|59.20511|664.7166|6000|100000|10|0.4485|336.7618|20|1|0.9|1|0.15|4|6|4|22|1|0
HRVHRZAD159NT1|1|18|30|6.588654|26.90647|200|400|10|0.4485|336.7618|12|1|0|1.1|0.15|4|6|4|22|1|0
HRVHRZAD165NT1|1|18|30|6.588654|26.90647|200|400|10|0.4485|336.7618|12|1|0|1.1|0.15|4|6|4|22|1|0
HRVHRZAD176NT1|1|18|30|6.588654|26.90647|200|400|10|0.4485|336.7618|12|1|0|1.1|0.15|4|6|4|22|1|0
HRVHRZAD177NT1|1|18|30|6.588654|26.90647|200|400|10|0.4485|336.7618|12|1|0|1.1|0.15|4|6|4|22|1|0
ITAIESOL47NT1|1|18|120|25.32|52.68|800|1600|10|0.4485|336.7618|12|1|0|1.1|0.15|4|6|4|22|1|0
ITAIESOL47NT2|1|18|120|25.32|52.68|800|1600|10|0.4485|336.7618|12|1|0|1.1|0.15|4|6|4|22|1|0
ITAIESOL47NT3|1|18|120|25.32|52.68|800|1600|10|0.4485|336.7618|12|1|0|1.1|0.15|4|6|4|22|1|0
ITAIESOL47NT4|1|18|120|25.32|52.68|800|1600|10|0.4485|336.7618|12|1|0|1.1|0.15|4|6|4|22|1|0
ITAIESOL96OT1|1|10|70|13.51|161.7|1500|25000|10|0.4485|336.7618|20|1|0.9|1|0.15|4|6|4|22|1|0
ITALESIN40NT1|1|18|120|25.16|7.36|800|1600|10|0.4485|336.7618|12|1|0|1.1|0.15|4|6|4|22|1|0
ITALESIN40NT2|1|18|120|25.16|7.36|800|1600|10|0.4485|336.7618|12|1|0|1.1|0.15|4|6|4|22|1|0
ITALESIN40NT3|1|18|120|25.16|7.36|800|1600|10|0.4485|336.7618|12|1|0|1.1|0.15|4|6|4|22|1|0
ITALESIN40NT4|1|18|120|25.16|7.36|800|1600|10|0.4485|336.7618|12|1|0|1.1|0.15|4|6|4|22|1|0
ITALESIN40NT5|1|18|120|25.16|7.36|800|1600|10|0.4485|336.7618|12|1|0|1.1|0.15|4|6|4|22|1|0
ITALESIN40NT6|1|18|120|25.16|7.36|800|1600|10|0.4485|336.7618|12|1|0|1.1|0.15|4|6|4|22|1|0
ITALIGNA48NT1|1|18|30|4.5|0|200|400|10|0.4485|336.7618|12|1|0|1.1|0.15|4|6|4|22|1|0
ITAMARAN49NT1|1|18|120|29.52|230.6|800|1600|10|0.4485|336.7618|12|1|0|1.1|0.15|4|6|4|22|1|0
ITAMARAN49NT2|1|18|120|29.52|230.6|800|1600|10|0.4485|336.7618|12|1|0|1.1|0.15|4|6|4|22|1|0
ITAMARAN49NT3|1|18|120|29.52|230.6|800|1600|10|0.4485|336.7618|12|1|0|1.1|0.15|4|6|4|22|1|0
ITAMARAN97OT1|1|10|280|57.08|698.44|6000|100000|10|0.4485|336.7618|20|1|0.9|1|0.15|4|6|4|22|1|0
ITAMARAN97OT2|1|10|280|57.08|698.44|6000|100000|10|0.4485|336.7618|20|1|0.9|1|0.15|4|6|4|22|1|0
ITAMARAN97OT3|1|10|280|57.08|698.44|6000|100000|10|0.4485|336.7618|20|1|0.9|1|0.15|4|6|4|22|1|0
ITAMARAN97OT4|1|10|280|57.08|698.44|6000|100000|10|0.4485|336.7618|20|1|0.9|1|0.15|4|6|4|22|1|0
ITAMARAN97OT5|1|10|280|57.08|698.44|6000|100000|10|0.4485|336.7618|20|1|0.9|1|0.15|4|6|4|22|1|0
ITAMARAN97OT6|1|10|280|57.08|698.44|6000|100000|10|0.4485|336.7618|20|1|0.9|1|0.15|4|6|4|22|1|0
ITAMARAN97OT7|1|10|280|57.08|698.44|6000|100000|10|0.4485|336.7618|20|1|0.9|1|0.15|4|6|4|22|1|0
ITAMARGH41NT1|1|18|120|27.92|76.12|800|1600|10|0.4485|336.7618|12|1|0|1.1|0.15|4|6|4|22|1|0
ITAMARGH41NT2|1|18|120|27.92|76.12|800|1600|10|0.4485|336.7618|12|1|0|1.1|0.15|4|6|4|22|1|0
ITAMARGH41NT3|1|18|120|27.92|76.12|800|1600|10|0.4485|336.7618|12|1|0|1.1|0.15|4|6|4|22|1|0
ITAMARGH41NT4|1|18|120|27.92|76.12|800|1600|10|0.4485|336.7618|12|1|0|1.1|0.15|4|6|4|22|1|0
ITAMARGH90OT1|1|10|280|49.72|334.92|6000|100000|10|0.4485|336.7618|20|1|0.9|1|0.15|4|6|4|22|1|0
ITAMARGH90OT2|1|10|280|49.72|334.92|6000|100000|10|0.4485|336.7618|20|1|0.9|1|0.15|4|6|4|22|1|0
ITAMARGH90OT3|1|10|280|49.72|334.92|6000|100000|10|0.4485|336.7618|20|1|0.9|1|0.15|4|6|4|22|1|0
ITAMARGH90OT4|1|10|280|49.72|334.92|6000|100000|10|0.4485|336.7618|20|1|0.9|1|0.15|4|6|4|22|1|0
ITAMARIN2NT1|1|18|120|18.6|19.76|800|1600|10|0.4485|336.7618|12|1|0|1.1|0.15|4|6|4|22|1|0
ITAMARIN2NT2|1|18|120|18.6|19.76|800|1600|10|0.4485|336.7618|12|1|0|1.1|0.15|4|6|4|22|1|0
ITAMAROT32NT1|1|18|120|22.68|58.88|800|1600|10|0.4485|336.7618|12|1|0|1.1|0.15|4|6|4|22|1|0
ITAMAROT32NT2|1|18|120|22.68|58.88|800|1600|10|0.4485|336.7618|12|1|0|1.1|0.15|4|6|4|22|1|0
ITAMAROT32NT3|1|18|120|22.68|58.88|800|1600|10|0.4485|336.7618|12|1|0|1.1|0.15|4|6|4|22|1|0
ITAMAROT32NT4|1|18|120|22.68|58.88|800|1600|10|0.4485|336.7618|12|1|0|1.1|0.15|4|6|4|22|1|0
ITAMAROT82OT1|1|10|70|7.26|49.3|1500|25000|10|0.4485|336.7618|20|1|0.9|1|0.15|4|6|4|22|1|0
ITAMARTI3NT1|1|18|120|23.6|60.56|800|1600|10|0.4485|336.7618|12|1|0|1.1|0.15|4|6|4|22|1|0
ITAMARTI3NT2|1|18|120|23.6|60.56|800|1600|10|0.4485|336.7618|12|1|0|1.1|0.15|4|6|4|22|1|0
ITAMARTI3NT3|1|18|120|23.6|60.56|800|1600|10|0.4485|336.7618|12|1|0|1.1|0.15|4|6|4|22|1|0
ITAMARTI3NT4|1|18|120|23.6|60.56|800|1600|10|0.4485|336.7618|12|1|0|1.1|0.15|4|6|4|22|1|0
ITAMARTI3NT5|1|18|120|23.6|60.56|800|1600|10|0.4485|336.7618|12|1|0|1.1|0.15|4|6|4|22|1|0
ITAMARTI3NT6|1|18|120|23.6|60.56|800|1600|10|0.4485|336.7618|12|1|0|1.1|0.15|4|6|4|22|1|0
ITAMARTI56OT1|1|10|280|92.68|1162.8|6000|100000|10|0.4485|336.7618|20|1|0.9|1|0.15|4|6|4|22|1|0
ITAMARTI56OT2|1|10|280|92.68|1162.8|6000|100000|10|0.4485|336.7618|20|1|0.9|1|0.15|4|6|4|22|1|0
ITAMARTI56OT3|1|10|280|92.68|1162.8|6000|100000|10|0.4485|336.7618|20|1|0.9|1|0.15|4|6|4|22|1|0
ITAMONFA21NT1|1|18|120|27.08|79.64|800|1600|10|0.4485|336.7618|12|1|0|1.1|0.15|4|6|4|22|1|0
ITAMONFA21NT2|1|18|120|27.08|79.64|800|1600|10|0.4485|336.7618|12|1|0|1.1|0.15|4|6|4|22|1|0
ITAMONFA73OT1|1|10|70|9.76|84.5|1500|25000|10|0.4485|336.7618|20|1|0.9|1|0.15|4|6|4|22|1|0
ITAMUGGI22NT1|1|18|30|9.12|70.25|200|400|10|0.4485|336.7618|12|1|0|1.1|0.15|4|6|4|22|1|0
ITAMUGGI22NT2|1|18|30|9.12|70.25|200|400|10|0.4485|336.7618|12|1|0|1.1|0.15|4|6|4|22|1|0
ITAMUGGI74OT1|1|10|70|11.38|95.6|1500|25000|10|0.4485|336.7618|20|1|0.9|1|0.15|4|6|4|22|1|0
ITANUMAN33NT1|1|18|120|24.44|62.24|800|1600|10|0.4485|336.7618|12|1|0|1.1|0.15|4|6|4|22|1|0
ITANUMAN33NT2|1|18|120|24.44|62.24|800|1600|10|0.4485|336.7618|12|1|0|1.1|0.15|4|6|4|22|1|0
ITANUMAN33NT3|1|18|120|24.44|62.24|800|1600|10|0.4485|336.7618|12|1|0|1.1|0.15|4|6|4|22|1|0
ITANUMAN33NT4|1|18|120|24.44|62.24|800|1600|10|0.4485|336.7618|12|1|0|1.1|0.15|4|6|4|22|1|0
ITANUMAN83OT1|1|10|70|8.2|73.53|1500|25000|10|0.4485|336.7618|20|1|0.9|1|0.15|4|6|4|22|1|0
ITAORTON4NT1|1|18|120|21.92|45.16|800|1600|10|0.4485|336.7618|12|1|0|1.1|0.15|4|6|4|22|1|0
ITAORTON4NT2|1|18|120|21.92|45.16|800|1600|10|0.4485|336.7618|12|1|0|1.1|0.15|4|6|4|22|1|0
ITAORTON4NT3|1|18|120|21.92|45.16|800|1600|10|0.4485|336.7618|12|1|0|1.1|0.15|4|6|4|22|1|0
ITAORTON4NT4|1|18|120|21.92|45.16|800|1600|10|0.4485|336.7618|12|1|0|1.1|0.15|4|6|4|22|1|0
ITAORTON4NT5|1|18|120|21.92|45.16|800|1600|10|0.4485|336.7618|12|1|0|1.1|0.15|4|6|4|22|1|0
ITAORTON4NT6|1|18|120|21.92|45.16|800|1600|10|0.4485|336.7618|12|1|0|1.1|0.15|4|6|4|22|1|0
ITAORTON4NT7|1|18|120|21.92|45.16|800|1600|10|0.4485|336.7618|12|1|0|1.1|0.15|4|6|4|22|1|0
ITAORTON4NT8|1|18|120|21.92|45.16|800|1600|10|0.4485|336.7618|12|1|0|1.1|0.15|4|6|4|22|1|0
ITAORTON4NT9|1|18|120|21.92|45.16|800|1600|10|0.4485|336.7618|12|1|0|1.1|0.15|4|6|4|22|1|0
ITAORTON4NT10|1|18|120|21.92|45.16|800|1600|10|0.4485|336.7618|12|1|0|1.1|0.15|4|6|4|22|1|0
ITAORTON4NT11|1|18|120|21.92|45.16|800|1600|10|0.4485|336.7618|12|1|0|1.1|0.15|4|6|4|22|1|0
ITAORTON4NT12|1|18|120|21.92|45.16|800|1600|10|0.4485|336.7618|12|1|0|1.1|0.15|4|6|4|22|1|0
ITAORTON4NT13|1|18|120|21.92|45.16|800|1600|10|0.4485|336.7618|12|1|0|1.1|0.15|4|6|4|22|1|0
ITAORTON4NT14|1|18|120|21.92|45.16|800|1600|10|0.4485|336.7618|12|1|0|1.1|0.15|4|6|4|22|1|0
ITAORTON4NT15|1|18|120|21.92|45.16|800|1600|10|0.4485|336.7618|12|1|0|1.1|0.15|4|6|4|22|1|0
ITAORTON4NT16|1|18|120|21.92|45.16|800|1600|10|0.4485|336.7618|12|1|0|1.1|0.15|4|6|4|22|1|0
ITAORTON4NT17|1|18|120|21.92|45.16|800|1600|10|0.4485|336.7618|12|1|0|1.1|0.15|4|6|4|22|1|0
ITAORTON4NT18|1|18|120|21.92|45.16|800|1600|10|0.4485|336.7618|12|1|0|1.1|0.15|4|6|4|22|1|0
ITAORTON57OT1|1|10|280|66.4|652.96|6000|100000|10|0.4485|336.7618|20|1|0.9|1|0.15|4|6|4|22|1|0
ITAORTON57OT2|1|10|280|66.4|652.96|6000|100000|10|0.4485|336.7618|20|1|0.9|1|0.15|4|6|4|22|1|0
ITAORTON57OT3|1|10|280|66.4|652.96|6000|100000|10|0.4485|336.7618|20|1|0.9|1|0.15|4|6|4|22|1|0
ITAORTON57OT4|1|10|280|66.4|652.96|6000|100000|10|0.4485|336.7618|20|1|0.9|1|0.15|4|6|4|22|1|0
ITAORTON57OT5|1|10|280|66.4|652.96|6000|100000|10|0.4485|336.7618|20|1|0.9|1|0.15|4|6|4|22|1|0
ITAPELLE50NT1|1|18|120|39.96|214.28|800|1600|10|0.4485|336.7618|12|1|0|1.1|0.15|4|6|4|22|1|0
ITAPELLE50NT2|1|18|120|39.96|214.28|800|1600|10|0.4485|336.7618|12|1|0|1.1|0.15|4|6|4|22|1|0
ITAPELLE50NT3|1|18|120|39.96|214.28|800|1600|10|0.4485|336.7618|12|1|0|1.1|0.15|4|6|4|22|1|0
ITAPELLE50NT4|1|18|120|39.96|214.28|800|1600|10|0.4485|336.7618|12|1|0|1.1|0.15|4|6|4|22|1|0
ITAPELLE98OT1|1|10|280|47.92|359.96|6000|100000|10|0.4485|336.7618|20|1|0.9|1|0.15|4|6|4|22|1|0
ITAPELLE98OT2|1|10|280|47.92|359.96|6000|100000|10|0.4485|336.7618|20|1|0.9|1|0.15|4|6|4|22|1|0
ITAPESAR34NT1|1|18|120|24.44|98.08|800|1600|10|0.4485|336.7618|12|1|0|1.1|0.15|4|6|4|22|1|0
ITAPESAR34NT2|1|18|120|24.44|98.08|800|1600|10|0.4485|336.7618|12|1|0|1.1|0.15|4|6|4|22|1|0
ITAPESAR84OT1|1|10|70|12.01|103.17|1500|25000|10|0.4485|336.7618|20|1|0.9|1|0.15|4|6|4|22|1|0
ITAPESAR84OT2|1|10|70|12.01|103.17|1500|25000|10|0.4485|336.7618|20|1|0.9|1|0.15|4|6|4|22|1|0
ITAPESAR84OT3|1|10|70|12.01|103.17|1500|25000|10|0.4485|336.7618|20|1|0.9|1|0.15|4|6|4|22|1|0
ITAPESCA5NT1|1|18|120|22.28|64.6|800|1600|10|0.4485|336.7618|12|1|0|1.1|0.15|4|6|4|22|1|0
ITAPESCA5NT2|1|18|120|22.28|64.6|800|1600|10|0.4485|336.7618|12|1|0|1.1|0.15|4|6|4|22|1|0
ITAPESCA5NT3|1|18|120|22.28|64.6|800|1600|10|0.4485|336.7618|12|1|0|1.1|0.15|4|6|4|22|1|0
ITAPESCA5NT4|1|18|120|22.28|64.6|800|1600|10|0.4485|336.7618|12|1|0|1.1|0.15|4|6|4|22|1|0
ITAPESCA5NT5|1|18|120|22.28|64.6|800|1600|10|0.4485|336.7618|12|1|0|1.1|0.15|4|6|4|22|1|0
ITAPESCA58OT1|1|10|280|79.88|1010.24|6000|100000|10|0.4485|336.7618|20|1|0.9|1|0.15|4|6|4|22|1|0
ITAPESCA58OT2|1|10|280|79.88|1010.24|6000|100000|10|0.4485|336.7618|20|1|0.9|1|0.15|4|6|4|22|1|0
ITAPESCA58OT3|1|10|280|79.88|1010.24|6000|100000|10|0.4485|336.7618|20|1|0.9|1|0.15|4|6|4|22|1|0
ITAPESCA58OT4|1|10|280|79.88|1010.24|6000|100000|10|0.4485|336.7618|20|1|0.9|1|0.15|4|6|4|22|1|0
ITAPESCA58OT5|1|10|280|79.88|1010.24|6000|100000|10|0.4485|336.7618|20|1|0.9|1|0.15|4|6|4|22|1|0
ITAPESCA58OT6|1|10|280|79.88|1010.24|6000|100000|10|0.4485|336.7618|20|1|0.9|1|0.15|4|6|4|22|1|0
ITAPESCA58OT7|1|10|280|79.88|1010.24|6000|100000|10|0.4485|336.7618|20|1|0.9|1|0.15|4|6|4|22|1|0
ITAPESCA58OT8|1|10|280|79.88|1010.24|6000|100000|10|0.4485|336.7618|20|1|0.9|1|0.15|4|6|4|22|1|0
ITAPESCA58OT9|1|10|280|79.88|1010.24|6000|100000|10|0.4485|336.7618|20|1|0.9|1|0.15|4|6|4|22|1|0
ITAPESCA58OT10|1|10|280|79.88|1010.24|6000|100000|10|0.4485|336.7618|20|1|0.9|1|0.15|4|6|4|22|1|0
ITAPESCA58OT11|1|10|280|79.88|1010.24|6000|100000|10|0.4485|336.7618|20|1|0.9|1|0.15|4|6|4|22|1|0
ITAPESCA58OT12|1|10|280|79.88|1010.24|6000|100000|10|0.4485|336.7618|20|1|0.9|1|0.15|4|6|4|22|1|0
ITAPESCA58OT13|1|10|280|79.88|1010.24|6000|100000|10|0.4485|336.7618|20|1|0.9|1|0.15|4|6|4|22|1|0
ITAPESCA58OT14|1|10|280|79.88|1010.24|6000|100000|10|0.4485|336.7618|20|1|0.9|1|0.15|4|6|4|22|1|0
ITAPESCA58OT15|1|10|280|79.88|1010.24|6000|100000|10|0.4485|336.7618|20|1|0.9|1|0.15|4|6|4|22|1|0
ITAPORTO16NT1|1|18|120|39.52|427.08|800|1600|10|0.4485|336.7618|12|1|0|1.1|0.15|4|6|4|22|1|0
ITAPORTO16NT2|1|18|120|39.52|427.08|800|1600|10|0.4485|336.7618|12|1|0|1.1|0.15|4|6|4|22|1|0
ITAPORTO16NT3|1|18|120|39.52|427.08|800|1600|10|0.4485|336.7618|12|1|0|1.1|0.15|4|6|4|22|1|0
ITAPORTO16NT4|1|18|120|39.52|427.08|800|1600|10|0.4485|336.7618|12|1|0|1.1|0.15|4|6|4|22|1|0
ITAPORTO35NT1|1|18|120|23.2|20.08|800|1600|10|0.4485|336.7618|12|1|0|1.1|0.15|4|6|4|22|1|0
ITAPORTO35NT2|1|18|120|23.2|20.08|800|1600|10|0.4485|336.7618|12|1|0|1.1|0.15|4|6|4|22|1|0
ITAPORTO35NT3|1|18|120|23.2|20.08|800|1600|10|0.4485|336.7618|12|1|0|1.1|0.15|4|6|4|22|1|0
ITAPORTO35NT4|1|18|120|23.2|20.08|800|1600|10|0.4485|336.7618|12|1|0|1.1|0.15|4|6|4|22|1|0
ITAPORTO35NT5|1|18|120|23.2|20.08|800|1600|10|0.4485|336.7618|12|1|0|1.1|0.15|4|6|4|22|1|0
ITAPORTO36NT1|1|18|120|22.48|58.28|800|1600|10|0.4485|336.7618|12|1|0|1.1|0.15|4|6|4|22|1|0
ITAPORTO36NT2|1|18|120|22.48|58.28|800|1600|10|0.4485|336.7618|12|1|0|1.1|0.15|4|6|4|22|1|0
ITAPORTO36NT3|1|18|120|22.48|58.28|800|1600|10|0.4485|336.7618|12|1|0|1.1|0.15|4|6|4|22|1|0
ITAPORTO36NT4|1|18|120|22.48|58.28|800|1600|10|0.4485|336.7618|12|1|0|1.1|0.15|4|6|4|22|1|0
ITAPORTO36NT5|1|18|120|22.48|58.28|800|1600|10|0.4485|336.7618|12|1|0|1.1|0.15|4|6|4|22|1|0
ITAPORTO36NT6|1|18|120|22.48|58.28|800|1600|10|0.4485|336.7618|12|1|0|1.1|0.15|4|6|4|22|1|0
ITAPORTO36NT7|1|18|120|22.48|58.28|800|1600|10|0.4485|336.7618|12|1|0|1.1|0.15|4|6|4|22|1|0
ITAPORTO36NT8|1|18|120|22.48|58.28|800|1600|10|0.4485|336.7618|12|1|0|1.1|0.15|4|6|4|22|1|0
ITAPORTO36NT9|1|18|120|22.48|58.28|800|1600|10|0.4485|336.7618|12|1|0|1.1|0.15|4|6|4|22|1|0
ITAPORTO51NT1|1|18|120|25.32|150.56|800|1600|10|0.4485|336.7618|12|1|0|1.1|0.15|4|6|4|22|1|0
ITAPORTO51NT2|1|18|120|25.32|150.56|800|1600|10|0.4485|336.7618|12|1|0|1.1|0.15|4|6|4|22|1|0
ITAPORTO52NT1|1|18|120|24.4|70.76|800|1600|10|0.4485|336.7618|12|1|0|1.1|0.15|4|6|4|22|1|0
ITAPORTO52NT2|1|18|120|24.4|70.76|800|1600|10|0.4485|336.7618|12|1|0|1.1|0.15|4|6|4|22|1|0
ITAPORTO52NT3|1|18|120|24.4|70.76|800|1600|10|0.4485|336.7618|12|1|0|1.1|0.15|4|6|4|22|1|0
ITAPORTO52NT4|1|18|120|24.4|70.76|800|1600|10|0.4485|336.7618|12|1|0|1.1|0.15|4|6|4|22|1|0
ITAPORTO52NT5|1|18|120|24.4|70.76|800|1600|10|0.4485|336.7618|12|1|0|1.1|0.15|4|6|4|22|1|0
ITAPORTO52NT6|1|18|120|24.4|70.76|800|1600|10|0.4485|336.7618|12|1|0|1.1|0.15|4|6|4|22|1|0
ITAPORTO68OT1|1|10|280|60.56|754|6000|100000|10|0.4485|336.7618|20|1|0.9|1|0.15|4|6|4|22|1|0
ITAPORTO68OT2|1|10|280|60.56|754|6000|100000|10|0.4485|336.7618|20|1|0.9|1|0.15|4|6|4|22|1|0
ITAPORTO68OT3|1|10|280|60.56|754|6000|100000|10|0.4485|336.7618|20|1|0.9|1|0.15|4|6|4|22|1|0
ITAPORTO68OT4|1|10|280|60.56|754|6000|100000|10|0.4485|336.7618|20|1|0.9|1|0.15|4|6|4|22|1|0
ITAPORTO68OT5|1|10|280|60.56|754|6000|100000|10|0.4485|336.7618|20|1|0.9|1|0.15|4|6|4|22|1|0
ITAPORTO68OT6|1|10|280|60.56|754|6000|100000|10|0.4485|336.7618|20|1|0.9|1|0.15|4|6|4|22|1|0
ITAPORTO68OT7|1|10|280|60.56|754|6000|100000|10|0.4485|336.7618|20|1|0.9|1|0.15|4|6|4|22|1|0
ITAPORTO68OT8|1|10|280|60.56|754|6000|100000|10|0.4485|336.7618|20|1|0.9|1|0.15|4|6|4|22|1|0
ITAPORTO68OT9|1|10|280|60.56|754|6000|100000|10|0.4485|336.7618|20|1|0.9|1|0.15|4|6|4|22|1|0
ITAPORTO68OT10|1|10|280|60.56|754|6000|100000|10|0.4485|336.7618|20|1|0.9|1|0.15|4|6|4|22|1|0
ITAPORTO68OT11|1|10|280|60.56|754|6000|100000|10|0.4485|336.7618|20|1|0.9|1|0.15|4|6|4|22|1|0
ITAPORTO68OT12|1|10|280|60.56|754|6000|100000|10|0.4485|336.7618|20|1|0.9|1|0.15|4|6|4|22|1|0
ITAPORTO68OT13|1|10|280|60.56|754|6000|100000|10|0.4485|336.7618|20|1|0.9|1|0.15|4|6|4|22|1|0
ITAPORTO68OT14|1|10|280|60.56|754|6000|100000|10|0.4485|336.7618|20|1|0.9|1|0.15|4|6|4|22|1|0
ITAPORTO68OT15|1|10|280|60.56|754|6000|100000|10|0.4485|336.7618|20|1|0.9|1|0.15|4|6|4|22|1|0
ITAPORTO85OT1|1|10|70|8.44|250.08|1500|25000|10|0.4485|336.7618|20|1|0.9|1|0.15|4|6|4|22|1|0
ITAPORTO86OT1|1|10|280|69.6|710.68|6000|100000|10|0.4485|336.7618|20|1|0.9|1|0.15|4|6|4|22|1|0
ITAPORTO86OT2|1|10|280|69.6|710.68|6000|100000|10|0.4485|336.7618|20|1|0.9|1|0.15|4|6|4|22|1|0
ITAPORTO86OT3|1|10|280|69.6|710.68|6000|100000|10|0.4485|336.7618|20|1|0.9|1|0.15|4|6|4|22|1|0
ITAPORTO99OT1|1|10|280|64.72|713.8|6000|100000|10|0.4485|336.7618|20|1|0.9|1|0.15|4|6|4|22|1|0
ITAPORTO99OT2|1|10|280|64.72|713.8|6000|100000|10|0.4485|336.7618|20|1|0.9|1|0.15|4|6|4|22|1|0
ITAPORTO99OT3|1|10|280|64.72|713.8|6000|100000|10|0.4485|336.7618|20|1|0.9|1|0.15|4|6|4|22|1|0
ITAPORTO99OT4|1|10|280|64.72|713.8|6000|100000|10|0.4485|336.7618|20|1|0.9|1|0.15|4|6|4|22|1|0
ITAPORTO99OT5|1|10|280|64.72|713.8|6000|100000|10|0.4485|336.7618|20|1|0.9|1|0.15|4|6|4|22|1|0
ITAPORTO99OT6|1|10|280|64.72|713.8|6000|100000|10|0.4485|336.7618|20|1|0.9|1|0.15|4|6|4|22|1|0
ITAPORTO99OT7|1|10|280|64.72|713.8|6000|100000|10|0.4485|336.7618|20|1|0.9|1|0.15|4|6|4|22|1|0
ITAPORTO99OT8|1|10|280|64.72|713.8|6000|100000|10|0.4485|336.7618|20|1|0.9|1|0.15|4|6|4|22|1|0
ITAPORTO99OT9|1|10|280|64.72|713.8|6000|100000|10|0.4485|336.7618|20|1|0.9|1|0.15|4|6|4|22|1|0
ITAPORTO99OT10|1|10|280|64.72|713.8|6000|100000|10|0.4485|336.7618|20|1|0.9|1|0.15|4|6|4|22|1|0
ITAPORTO99OT11|1|10|280|64.72|713.8|6000|100000|10|0.4485|336.7618|20|1|0.9|1|0.15|4|6|4|22|1|0
ITARAVEN17NT1|1|18|120|30.36|152.44|800|1600|10|0.4485|336.7618|12|1|0|1.1|0.15|4|6|4|22|1|0
ITARAVEN17NT2|1|18|120|30.36|152.44|800|1600|10|0.4485|336.7618|12|1|0|1.1|0.15|4|6|4|22|1|0
ITARAVEN17NT3|1|18|120|30.36|152.44|800|1600|10|0.4485|336.7618|12|1|0|1.1|0.15|4|6|4|22|1|0
ITARAVEN69OT1|1|10|280|69.16|975.2|6000|100000|10|0.4485|336.7618|20|1|0.9|1|0.15|4|6|4|22|1|0
ITARAVEN69OT2|1|10|280|69.16|975.2|6000|100000|10|0.4485|336.7618|20|1|0.9|1|0.15|4|6|4|22|1|0
ITARICCI18NT1|1|18|120|23.88|81.24|800|1600|10|0.4485|336.7618|12|1|0|1.1|0.15|4|6|4|22|1|0
ITARICCI18NT2|1|18|120|23.88|81.24|800|1600|10|0.4485|336.7618|12|1|0|1.1|0.15|4|6|4|22|1|0
ITARICCI18NT3|1|18|120|23.88|81.24|800|1600|10|0.4485|336.7618|12|1|0|1.1|0.15|4|6|4|22|1|0
ITARICCI70OT1|1|10|70|8.52|48.5|1500|25000|10|0.4485|336.7618|20|1|0.9|1|0.15|4|6|4|22|1|0
ITARICCI70OT2|1|10|70|8.52|48.5|1500|25000|10|0.4485|336.7618|20|1|0.9|1|0.15|4|6|4|22|1|0
ITARIMIN102RP1|1|10|280|80.28|1127.72|6000|100000|10|0.4485|336.7618|20|1|1|1|0.15|4|6|4|22|1|0
ITARIMIN102RP2|1|10|280|80.28|1127.72|6000|100000|10|0.4485|336.7618|20|1|1|1|0.15|4|6|4|22|1|0
ITARIMIN102RP3|1|10|280|80.28|1127.72|6000|100000|10|0.4485|336.7618|20|1|1|1|0.15|4|6|4|22|1|0
ITARIMIN19NT1|1|18|120|25.8|75.28|800|1600|10|0.4485|336.7618|12|1|0|1.1|0.15|4|6|4|22|1|0
ITARIMIN19NT2|1|18|120|25.8|75.28|800|1600|10|0.4485|336.7618|12|1|0|1.1|0.15|4|6|4|22|1|0
ITARIMIN71OT1|1|10|280|80.28|1127.72|6000|100000|10|0.4485|336.7618|20|1|0.9|1|0.15|4|6|4|22|1|0
ITARIMIN71OT2|1|10|280|80.28|1127.72|6000|100000|10|0.4485|336.7618|20|1|0.9|1|0.15|4|6|4|22|1|0
ITARIMIN71OT3|1|10|280|80.28|1127.72|6000|100000|10|0.4485|336.7618|20|1|0.9|1|0.15|4|6|4|22|1|0
ITARIMIN71OT4|1|10|280|80.28|1127.72|6000|100000|10|0.4485|336.7618|20|1|0.9|1|0.15|4|6|4|22|1|0
ITARIMIN71OT5|1|10|280|80.28|1127.72|6000|100000|10|0.4485|336.7618|20|1|0.9|1|0.15|4|6|4|22|1|0
ITARIMIN71OT6|1|10|280|80.28|1127.72|6000|100000|10|0.4485|336.7618|20|1|0.9|1|0.15|4|6|4|22|1|0
ITARIMIN71OT7|1|10|280|80.28|1127.72|6000|100000|10|0.4485|336.7618|20|1|0.9|1|0.15|4|6|4|22|1|0
ITARIMIN71OT8|1|10|280|80.28|1127.72|6000|100000|10|0.4485|336.7618|20|1|0.9|1|0.15|4|6|4|22|1|0
ITARIMIN71OT9|1|10|280|80.28|1127.72|6000|100000|10|0.4485|336.7618|20|1|0.9|1|0.15|4|6|4|22|1|0
ITARODI_42NT1|1|18|120|30.48|12.96|800|1600|10|0.4485|336.7618|12|1|0|1.1|0.15|4|6|4|22|1|0
ITARODI_42NT2|1|18|120|30.48|12.96|800|1600|10|0.4485|336.7618|12|1|0|1.1|0.15|4|6|4|22|1|0
ITARODI_42NT3|1|18|120|30.48|12.96|800|1600|10|0.4485|336.7618|12|1|0|1.1|0.15|4|6|4|22|1|0
ITARODI_42NT4|1|18|120|30.48|12.96|800|1600|10|0.4485|336.7618|12|1|0|1.1|0.15|4|6|4|22|1|0
ITARODI_42NT5|1|18|120|30.48|12.96|800|1600|10|0.4485|336.7618|12|1|0|1.1|0.15|4|6|4|22|1|0
ITARODI_42NT6|1|18|120|30.48|12.96|800|1600|10|0.4485|336.7618|12|1|0|1.1|0.15|4|6|4|22|1|0
ITARODI_42NT7|1|18|120|30.48|12.96|800|1600|10|0.4485|336.7618|12|1|0|1.1|0.15|4|6|4|22|1|0
ITARODI_42NT8|1|18|120|30.48|12.96|800|1600|10|0.4485|336.7618|12|1|0|1.1|0.15|4|6|4|22|1|0
ITARODI_42NT9|1|18|120|30.48|12.96|800|1600|10|0.4485|336.7618|12|1|0|1.1|0.15|4|6|4|22|1|0
ITARODI_42NT10|1|18|120|30.48|12.96|800|1600|10|0.4485|336.7618|12|1|0|1.1|0.15|4|6|4|22|1|0
ITARODI_42NT11|1|18|120|30.48|12.96|800|1600|10|0.4485|336.7618|12|1|0|1.1|0.15|4|6|4|22|1|0
ITARODI_42NT12|1|18|120|30.48|12.96|800|1600|10|0.4485|336.7618|12|1|0|1.1|0.15|4|6|4|22|1|0
ITARODI_42NT13|1|18|120|30.48|12.96|800|1600|10|0.4485|336.7618|12|1|0|1.1|0.15|4|6|4|22|1|0
ITARODI_42NT14|1|18|120|30.48|12.96|800|1600|10|0.4485|336.7618|12|1|0|1.1|0.15|4|6|4|22|1|0
ITARODI_42NT15|1|18|120|30.48|12.96|800|1600|10|0.4485|336.7618|12|1|0|1.1|0.15|4|6|4|22|1|0
ITARODI_42NT16|1|18|120|30.48|12.96|800|1600|10|0.4485|336.7618|12|1|0|1.1|0.15|4|6|4|22|1|0
ITARODI_42NT17|1|18|120|30.48|12.96|800|1600|10|0.4485|336.7618|12|1|0|1.1|0.15|4|6|4|22|1|0
ITARODI_42NT18|1|18|120|30.48|12.96|800|1600|10|0.4485|336.7618|12|1|0|1.1|0.15|4|6|4|22|1|0
ITARODI_42NT19|1|18|120|30.48|12.96|800|1600|10|0.4485|336.7618|12|1|0|1.1|0.15|4|6|4|22|1|0
ITARODI_42NT20|1|18|120|30.48|12.96|800|1600|10|0.4485|336.7618|12|1|0|1.1|0.15|4|6|4|22|1|0
ITARODI_91OT1|1|10|280|54.96|485.2|6000|100000|10|0.4485|336.7618|20|1|0.9|1|0.15|4|6|4|22|1|0
ITARODI_91OT2|1|10|280|54.96|485.2|6000|100000|10|0.4485|336.7618|20|1|0.9|1|0.15|4|6|4|22|1|0
ITAROSET59OT1|1|10|70|12.23|102|1500|25000|10|0.4485|336.7618|20|1|0.9|1|0.15|4|6|4|22|1|0
ITAROSET59OT2|1|10|70|12.23|102|1500|25000|10|0.4485|336.7618|20|1|0.9|1|0.15|4|6|4|22|1|0
ITAROSET6NT1|1|18|120|21.2|61|800|1600|10|0.4485|336.7618|12|1|0|1.1|0.15|4|6|4|22|1|0
ITAROSET6NT2|1|18|120|21.2|61|800|1600|10|0.4485|336.7618|12|1|0|1.1|0.15|4|6|4|22|1|0
ITAROSET6NT3|1|18|120|21.2|61|800|1600|10|0.4485|336.7618|12|1|0|1.1|0.15|4|6|4|22|1|0
ITAROSET6NT4|1|18|120|21.2|61|800|1600|10|0.4485|336.7618|12|1|0|1.1|0.15|4|6|4|22|1|0
ITAROSET6NT5|1|18|120|21.2|61|800|1600|10|0.4485|336.7618|12|1|0|1.1|0.15|4|6|4|22|1|0
ITAROSET6NT6|1|18|120|21.2|61|800|1600|10|0.4485|336.7618|12|1|0|1.1|0.15|4|6|4|22|1|0
ITASAN_B105RP1|1|10|280|73.48|927.24|6000|100000|10|0.4485|336.7618|20|1|1|1|0.15|4|6|4|22|1|0
ITASAN_B105RP2|1|10|280|73.48|927.24|6000|100000|10|0.4485|336.7618|20|1|1|1|0.15|4|6|4|22|1|0
ITASAN_B105RP3|1|10|280|73.48|927.24|6000|100000|10|0.4485|336.7618|20|1|1|1|0.15|4|6|4|22|1|0
ITASAN_B37NT1|1|18|120|21.68|74.44|800|1600|10|0.4485|336.7618|12|1|0|1.1|0.15|4|6|4|22|1|0
ITASAN_B37NT2|1|18|120|21.68|74.44|800|1600|10|0.4485|336.7618|12|1|0|1.1|0.15|4|6|4|22|1|0
ITASAN_B37NT3|1|18|120|21.68|74.44|800|1600|10|0.4485|336.7618|12|1|0|1.1|0.15|4|6|4|22|1|0
ITASAN_B37NT4|1|18|120|21.68|74.44|800|1600|10|0.4485|336.7618|12|1|0|1.1|0.15|4|6|4|22|1|0
ITASAN_B37NT5|1|18|120|21.68|74.44|800|1600|10|0.4485|336.7618|12|1|0|1.1|0.15|4|6|4|22|1|0
ITASAN_B37NT6|1|18|120|21.68|74.44|800|1600|10|0.4485|336.7618|12|1|0|1.1|0.15|4|6|4|22|1|0
ITASAN_B37NT7|1|18|120|21.68|74.44|800|1600|10|0.4485|336.7618|12|1|0|1.1|0.15|4|6|4|22|1|0
ITASAN_B87OT1|1|10|280|73.48|927.24|6000|100000|10|0.4485|336.7618|20|1|0.9|1|0.15|4|6|4|22|1|0
ITASAN_B87OT2|1|10|280|73.48|927.24|6000|100000|10|0.4485|336.7618|20|1|0.9|1|0.15|4|6|4|22|1|0
ITASAN_B87OT3|1|10|280|73.48|927.24|6000|100000|10|0.4485|336.7618|20|1|0.9|1|0.15|4|6|4|22|1|0
ITASAN_B87OT4|1|10|280|73.48|927.24|6000|100000|10|0.4485|336.7618|20|1|0.9|1|0.15|4|6|4|22|1|0
ITASAN_B87OT5|1|10|280|73.48|927.24|6000|100000|10|0.4485|336.7618|20|1|0.9|1|0.15|4|6|4|22|1|0
ITASAN_B87OT6|1|10|280|73.48|927.24|6000|100000|10|0.4485|336.7618|20|1|0.9|1|0.15|4|6|4|22|1|0
ITASAN_B87OT7|1|10|280|73.48|927.24|6000|100000|10|0.4485|336.7618|20|1|0.9|1|0.15|4|6|4|22|1|0
ITASAN_B87OT8|1|10|280|73.48|927.24|6000|100000|10|0.4485|336.7618|20|1|0.9|1|0.15|4|6|4|22|1|0
ITASAN_B87OT9|1|10|280|73.48|927.24|6000|100000|10|0.4485|336.7618|20|1|0.9|1|0.15|4|6|4|22|1|0
ITASAN_B87OT10|1|10|280|73.48|927.24|6000|100000|10|0.4485|336.7618|20|1|0.9|1|0.15|4|6|4|22|1|0
ITASAN_B87OT11|1|10|280|73.48|927.24|6000|100000|10|0.4485|336.7618|20|1|0.9|1|0.15|4|6|4|22|1|0
ITASAN_B87OT12|1|10|280|73.48|927.24|6000|100000|10|0.4485|336.7618|20|1|0.9|1|0.15|4|6|4|22|1|0
ITASAN_B87OT13|1|10|280|73.48|927.24|6000|100000|10|0.4485|336.7618|20|1|0.9|1|0.15|4|6|4|22|1|0
ITASAN_B87OT14|1|10|280|73.48|927.24|6000|100000|10|0.4485|336.7618|20|1|0.9|1|0.15|4|6|4|22|1|0
ITASAN_B87OT15|1|10|280|73.48|927.24|6000|100000|10|0.4485|336.7618|20|1|0.9|1|0.15|4|6|4|22|1|0
ITASAN_B87OT16|1|10|280|73.48|927.24|6000|100000|10|0.4485|336.7618|20|1|0.9|1|0.15|4|6|4|22|1|0
ITASCARD100OT1|1|10|280|47.24|368.56|6000|100000|10|0.4485|336.7618|20|1|0.9|1|0.15|4|6|4|22|1|0
ITASCARD100OT2|1|10|280|47.24|368.56|6000|100000|10|0.4485|336.7618|20|1|0.9|1|0.15|4|6|4|22|1|0
ITASCARD100OT3|1|10|280|47.24|368.56|6000|100000|10|0.4485|336.7618|20|1|0.9|1|0.15|4|6|4|22|1|0
ITASCARD100OT4|1|10|280|47.24|368.56|6000|100000|10|0.4485|336.7618|20|1|0.9|1|0.15|4|6|4|22|1|0
ITASCARD53NT1|1|18|120|26.16|129.44|800|1600|10|0.4485|336.7618|12|1|0|1.1|0.15|4|6|4|22|1|0
ITASCARD53NT2|1|18|120|26.16|129.44|800|1600|10|0.4485|336.7618|12|1|0|1.1|0.15|4|6|4|22|1|0
ITASCARD53NT3|1|18|120|26.16|129.44|800|1600|10|0.4485|336.7618|12|1|0|1.1|0.15|4|6|4|22|1|0
ITASCARD53NT4|1|18|120|26.16|129.44|800|1600|10|0.4485|336.7618|12|1|0|1.1|0.15|4|6|4|22|1|0
ITASCARD53NT5|1|18|120|26.16|129.44|800|1600|10|0.4485|336.7618|12|1|0|1.1|0.15|4|6|4|22|1|0
ITASCARD53NT6|1|18|120|26.16|129.44|800|1600|10|0.4485|336.7618|12|1|0|1.1|0.15|4|6|4|22|1|0
ITASCARD53NT7|1|18|120|26.16|129.44|800|1600|10|0.4485|336.7618|12|1|0|1.1|0.15|4|6|4|22|1|0
ITASCARD53NT8|1|18|120|26.16|129.44|800|1600|10|0.4485|336.7618|12|1|0|1.1|0.15|4|6|4|22|1|0
ITASCARD53NT9|1|18|120|26.16|129.44|800|1600|10|0.4485|336.7618|12|1|0|1.1|0.15|4|6|4|22|1|0
ITASCARD53NT10|1|18|120|26.16|129.44|800|1600|10|0.4485|336.7618|12|1|0|1.1|0.15|4|6|4|22|1|0
ITASCARD53NT11|1|18|120|26.16|129.44|800|1600|10|0.4485|336.7618|12|1|0|1.1|0.15|4|6|4|22|1|0
ITASCARD53NT12|1|18|120|26.16|129.44|800|1600|10|0.4485|336.7618|12|1|0|1.1|0.15|4|6|4|22|1|0
ITASENIG38NT1|1|18|120|21.8|67.56|800|1600|10|0.4485|336.7618|12|1|0|1.1|0.15|4|6|4|22|1|0
ITASENIG38NT2|1|18|120|21.8|67.56|800|1600|10|0.4485|336.7618|12|1|0|1.1|0.15|4|6|4|22|1|0
ITASENIG38NT3|1|18|120|21.8|67.56|800|1600|10|0.4485|336.7618|12|1|0|1.1|0.15|4|6|4|22|1|0
ITASENIG38NT4|1|18|120|21.8|67.56|800|1600|10|0.4485|336.7618|12|1|0|1.1|0.15|4|6|4|22|1|0
ITASENIG38NT5|1|18|120|21.8|67.56|800|1600|10|0.4485|336.7618|12|1|0|1.1|0.15|4|6|4|22|1|0
ITASENIG38NT6|1|18|120|21.8|67.56|800|1600|10|0.4485|336.7618|12|1|0|1.1|0.15|4|6|4|22|1|0
ITASENIG38NT7|1|18|120|21.8|67.56|800|1600|10|0.4485|336.7618|12|1|0|1.1|0.15|4|6|4|22|1|0
ITASENIG38NT8|1|18|120|21.8|67.56|800|1600|10|0.4485|336.7618|12|1|0|1.1|0.15|4|6|4|22|1|0
ITASENIG88OT1|1|10|280|48.16|536.36|6000|100000|10|0.4485|336.7618|20|1|0.9|1|0.15|4|6|4|22|1|0
ITASENIG88OT2|1|10|280|48.16|536.36|6000|100000|10|0.4485|336.7618|20|1|0.9|1|0.15|4|6|4|22|1|0
ITASILVI60OT1|1|10|70|10.7|49.85|1500|25000|10|0.4485|336.7618|20|1|0.9|1|0.15|4|6|4|22|1|0
ITASILVI60OT2|1|10|70|10.7|49.85|1500|25000|10|0.4485|336.7618|20|1|0.9|1|0.15|4|6|4|22|1|0
ITASILVI60OT3|1|10|70|10.7|49.85|1500|25000|10|0.4485|336.7618|20|1|0.9|1|0.15|4|6|4|22|1|0
ITASILVI60OT4|1|10|70|10.7|49.85|1500|25000|10|0.4485|336.7618|20|1|0.9|1|0.15|4|6|4|22|1|0
ITASILVI7NT1|1|18|120|22.4|76.2|800|1600|10|0.4485|336.7618|12|1|0|1.1|0.15|4|6|4|22|1|0
ITASILVI7NT2|1|18|120|22.4|76.2|800|1600|10|0.4485|336.7618|12|1|0|1.1|0.15|4|6|4|22|1|0
ITASILVI7NT3|1|18|120|22.4|76.2|800|1600|10|0.4485|336.7618|12|1|0|1.1|0.15|4|6|4|22|1|0
ITASILVI7NT4|1|18|120|22.4|76.2|800|1600|10|0.4485|336.7618|12|1|0|1.1|0.15|4|6|4|22|1|0
ITASILVI7NT5|1|18|120|22.4|76.2|800|1600|10|0.4485|336.7618|12|1|0|1.1|0.15|4|6|4|22|1|0
ITASILVI7NT6|1|18|120|22.4|76.2|800|1600|10|0.4485|336.7618|12|1|0|1.1|0.15|4|6|4|22|1|0
ITASILVI7NT7|1|18|120|22.4|76.2|800|1600|10|0.4485|336.7618|12|1|0|1.1|0.15|4|6|4|22|1|0
ITASISTI23NT1|1|18|30|8.77|30.1|200|400|10|0.4485|336.7618|12|1|0|1.1|0.15|4|6|4|22|1|0
ITASISTI23NT2|1|18|30|8.77|30.1|200|400|10|0.4485|336.7618|12|1|0|1.1|0.15|4|6|4|22|1|0
ITASISTI75OT1|1|10|70|14|162|1500|25000|10|0.4485|336.7618|20|1|0.9|1|0.15|4|6|4|22|1|0
ITATERMO39NT1|1|18|120|25.12|40.08|800|1600|10|0.4485|336.7618|12|1|0|1.1|0.15|4|6|4|22|1|0
ITATERMO39NT2|1|18|120|25.12|40.08|800|1600|10|0.4485|336.7618|12|1|0|1.1|0.15|4|6|4|22|1|0
ITATERMO39NT3|1|18|120|25.12|40.08|800|1600|10|0.4485|336.7618|12|1|0|1.1|0.15|4|6|4|22|1|0
ITATERMO39NT4|1|18|120|25.12|40.08|800|1600|10|0.4485|336.7618|12|1|0|1.1|0.15|4|6|4|22|1|0
ITATERMO39NT5|1|18|120|25.12|40.08|800|1600|10|0.4485|336.7618|12|1|0|1.1|0.15|4|6|4|22|1|0
ITATERMO39NT6|1|18|120|25.12|40.08|800|1600|10|0.4485|336.7618|12|1|0|1.1|0.15|4|6|4|22|1|0
ITATERMO39NT7|1|18|120|25.12|40.08|800|1600|10|0.4485|336.7618|12|1|0|1.1|0.15|4|6|4|22|1|0
ITATERMO39NT8|1|18|120|25.12|40.08|800|1600|10|0.4485|336.7618|12|1|0|1.1|0.15|4|6|4|22|1|0
ITATERMO39NT9|1|18|120|25.12|40.08|800|1600|10|0.4485|336.7618|12|1|0|1.1|0.15|4|6|4|22|1|0
ITATERMO89OT1|1|10|280|80.72|924.64|6000|100000|10|0.4485|336.7618|20|1|0.9|1|0.15|4|6|4|22|1|0
ITATERMO89OT2|1|10|280|80.72|924.64|6000|100000|10|0.4485|336.7618|20|1|0.9|1|0.15|4|6|4|22|1|0
ITATERMO89OT3|1|10|280|80.72|924.64|6000|100000|10|0.4485|336.7618|20|1|0.9|1|0.15|4|6|4|22|1|0
ITATERMO89OT4|1|10|280|80.72|924.64|6000|100000|10|0.4485|336.7618|20|1|0.9|1|0.15|4|6|4|22|1|0
ITATERMO89OT5|1|10|280|80.72|924.64|6000|100000|10|0.4485|336.7618|20|1|0.9|1|0.15|4|6|4|22|1|0
ITATERMO89OT6|1|10|280|80.72|924.64|6000|100000|10|0.4485|336.7618|20|1|0.9|1|0.15|4|6|4|22|1|0
ITATERMO89OT7|1|10|280|80.72|924.64|6000|100000|10|0.4485|336.7618|20|1|0.9|1|0.15|4|6|4|22|1|0
ITATERMO89OT8|1|10|280|80.72|924.64|6000|100000|10|0.4485|336.7618|20|1|0.9|1|0.15|4|6|4|22|1|0
ITATERMO89OT9|1|10|280|80.72|924.64|6000|100000|10|0.4485|336.7618|20|1|0.9|1|0.15|4|6|4|22|1|0
ITATORTO61OT1|1|10|70|21.95|260.61|1500|25000|10|0.4485|336.7618|20|1|0.9|1|0.15|4|6|4|22|1|0
ITATORTO61OT2|1|10|70|21.95|260.61|1500|25000|10|0.4485|336.7618|20|1|0.9|1|0.15|4|6|4|22|1|0
ITATORTO61OT3|1|10|70|21.95|260.61|1500|25000|10|0.4485|336.7618|20|1|0.9|1|0.15|4|6|4|22|1|0
ITATORTO8NT1|1|18|120|21.6|69.16|800|1600|10|0.4485|336.7618|12|1|0|1.1|0.15|4|6|4|22|1|0
ITATORTO8NT2|1|18|120|21.6|69.16|800|1600|10|0.4485|336.7618|12|1|0|1.1|0.15|4|6|4|22|1|0
ITATORTO8NT3|1|18|120|21.6|69.16|800|1600|10|0.4485|336.7618|12|1|0|1.1|0.15|4|6|4|22|1|0
ITATORTO8NT4|1|18|120|21.6|69.16|800|1600|10|0.4485|336.7618|12|1|0|1.1|0.15|4|6|4|22|1|0
ITATORTO8NT5|1|18|120|21.6|69.16|800|1600|10|0.4485|336.7618|12|1|0|1.1|0.15|4|6|4|22|1|0
ITATORTO8NT6|1|18|120|21.6|69.16|800|1600|10|0.4485|336.7618|12|1|0|1.1|0.15|4|6|4|22|1|0
ITATRIES24NT1|1|18|120|31.36|143.96|800|1600|10|0.4485|336.7618|12|1|0|1.1|0.15|4|6|4|22|1|0
ITATRIES24NT2|1|18|120|31.36|143.96|800|1600|10|0.4485|336.7618|12|1|0|1.1|0.15|4|6|4|22|1|0
ITATRIES76OT1|1|10|280|55.52|766.24|6000|100000|10|0.4485|336.7618|20|1|0.9|1|0.15|4|6|4|22|1|0
ITATRIES76OT2|1|10|280|55.52|766.24|6000|100000|10|0.4485|336.7618|20|1|0.9|1|0.15|4|6|4|22|1|0
ITAVASTO62OT1|1|10|280|69.52|776.64|6000|100000|10|0.4485|336.7618|20|1|0.9|1|0.15|4|6|4|22|1|0
ITAVASTO62OT2|1|10|280|69.52|776.64|6000|100000|10|0.4485|336.7618|20|1|0.9|1|0.15|4|6|4|22|1|0
ITAVASTO62OT3|1|10|280|69.52|776.64|6000|100000|10|0.4485|336.7618|20|1|0.9|1|0.15|4|6|4|22|1|0
ITAVASTO9NT1|1|18|120|20.72|16.56|800|1600|10|0.4485|336.7618|12|1|0|1.1|0.15|4|6|4|22|1|0
ITAVASTO9NT2|1|18|120|20.72|16.56|800|1600|10|0.4485|336.7618|12|1|0|1.1|0.15|4|6|4|22|1|0
ITAVASTO9NT3|1|18|120|20.72|16.56|800|1600|10|0.4485|336.7618|12|1|0|1.1|0.15|4|6|4|22|1|0
ITAVASTO9NT4|1|18|120|20.72|16.56|800|1600|10|0.4485|336.7618|12|1|0|1.1|0.15|4|6|4|22|1|0
ITAVASTO9NT5|1|18|120|20.72|16.56|800|1600|10|0.4485|336.7618|12|1|0|1.1|0.15|4|6|4|22|1|0
ITAVASTO9NT6|1|18|120|20.72|16.56|800|1600|10|0.4485|336.7618|12|1|0|1.1|0.15|4|6|4|22|1|0
ITAVASTO9NT7|1|18|120|20.72|16.56|800|1600|10|0.4485|336.7618|12|1|0|1.1|0.15|4|6|4|22|1|0
ITAVASTO9NT8|1|18|120|20.72|16.56|800|1600|10|0.4485|336.7618|12|1|0|1.1|0.15|4|6|4|22|1|0
ITAVASTO9NT9|1|18|120|20.72|16.56|800|1600|10|0.4485|336.7618|12|1|0|1.1|0.15|4|6|4|22|1|0
ITAVASTO9NT10|1|18|120|20.72|16.56|800|1600|10|0.4485|336.7618|12|1|0|1.1|0.15|4|6|4|22|1|0
ITAVASTO9NT11|1|18|120|20.72|16.56|800|1600|10|0.4485|336.7618|12|1|0|1.1|0.15|4|6|4|22|1|0
ITAVENEZ101OT1|1|10|280|51.24|451.88|6000|100000|10|0.4485|336.7618|20|1|0.9|1|0.15|4|6|4|22|1|0
ITAVENEZ101OT2|1|10|280|51.24|451.88|6000|100000|10|0.4485|336.7618|20|1|0.9|1|0.15|4|6|4|22|1|0
ITAVENEZ101OT3|1|10|280|51.24|451.88|6000|100000|10|0.4485|336.7618|20|1|0.9|1|0.15|4|6|4|22|1|0
ITAVENEZ101OT4|1|10|280|51.24|451.88|6000|100000|10|0.4485|336.7618|20|1|0.9|1|0.15|4|6|4|22|1|0
ITAVENEZ54NT1|1|18|120|44.56|324.72|800|1600|10|0.4485|336.7618|12|1|0|1.1|0.15|4|6|4|22|1|0
ITAVENEZ54NT2|1|18|120|44.56|324.72|800|1600|10|0.4485|336.7618|12|1|0|1.1|0.15|4|6|4|22|1|0
ITAVENEZ54NT3|1|18|120|44.56|324.72|800|1600|10|0.4485|336.7618|12|1|0|1.1|0.15|4|6|4|22|1|0
ITAVENEZ54NT4|1|18|120|44.56|324.72|800|1600|10|0.4485|336.7618|12|1|0|1.1|0.15|4|6|4|22|1|0
ITAVENEZ54NT5|1|18|120|44.56|324.72|800|1600|10|0.4485|336.7618|12|1|0|1.1|0.15|4|6|4|22|1|0
ITAVENEZ54NT6|1|18|120|44.56|324.72|800|1600|10|0.4485|336.7618|12|1|0|1.1|0.15|4|6|4|22|1|0
ITAVENEZ54NT7|1|18|120|44.56|324.72|800|1600|10|0.4485|336.7618|12|1|0|1.1|0.15|4|6|4|22|1|0
ITAVENEZ54NT8|1|18|120|44.56|324.72|800|1600|10|0.4485|336.7618|12|1|0|1.1|0.15|4|6|4|22|1|0
ITAVIEST43NT1|1|18|120|28.28|65.12|800|1600|10|0.4485|336.7618|12|1|0|1.1|0.15|4|6|4|22|1|0
ITAVIEST43NT2|1|18|120|28.28|65.12|800|1600|10|0.4485|336.7618|12|1|0|1.1|0.15|4|6|4|22|1|0
ITAVIEST43NT3|1|18|120|28.28|65.12|800|1600|10|0.4485|336.7618|12|1|0|1.1|0.15|4|6|4|22|1|0
ITAVIEST43NT4|1|18|120|28.28|65.12|800|1600|10|0.4485|336.7618|12|1|0|1.1|0.15|4|6|4|22|1|0
ITAVIEST92OT1|1|10|280|74.56|877.52|6000|100000|10|0.4485|336.7618|20|1|0.9|1|0.15|4|6|4|22|1|0
ITAVIEST92OT2|1|10|280|74.56|877.52|6000|100000|10|0.4485|336.7618|20|1|0.9|1|0.15|4|6|4|22|1|0
