-45
-14
-68
-16
-16
-18
-8
19
-1173
-1189
-1144
-857
-440
-69
-40
-18
-31
-54
-32
-8
-10
-59
-951
-986
-1027
-1060
-1090
-1119
-1147
-1138
-1076
-787
-431
-126
-38
-39
-57
-63
-53
-36
-32
-24
-26
-28
-14
8
-41
-70
-62
-616
-679
-736
-782
-825
-897
-942
-976
-1003
-1028
-1056
-1082
-1103
-1112
-1053
-552
-198
-65
-44
-47
-69
-67
-60
-59
-56
-48
-50
-57
-53
-26
-32
-57
-76
-71
-49
-140
-134
-143
-194
-318
-438
-557
-634
-709
-764
-803
-867
-909
-946
-977
-1007
-1035
-1059
-1078
-1090
-1062
-803
-101
-16
-58
-76
-72
-55
-56
-61
-62
-61
-73
-77
-74
-71
-68
-70
-62
23
-38
-94
-102
-127
-150
-146
-140
-139
-157
-222
-345
-471
-599
-723
-784
-810
-844
-885
-924
-958
-988
-1016
-1030
-1048
-1048
-1017
-831
-344
-5
-31
-80
-84
-39
-42
-65
-72
-73
-75
-78
-80
-78
-71
-57
8
-25
-86
-101
-111
-138
-150
-146
-143
-154
-175
-300
-466
-625
-698
-766
-801
-824
-863
-901
-935
-981
-1005
-1022
-1033
-1034
-1018
-960
-709
-230
-182
-32
-100
-105
-61
-26
-65
-75
-78
-78
-79
-83
-85
-76
-45
-54
-97
-100
-121
-148
-150
-150
-153
-167
-202
-372
-559
-667
-745
-795
-812
-846
-882
-917
-949
-990
-1009
-1021
-1023
-1006
-998
-946
-616
-253
-162
-63
-123
-107
-71
-70
-78
-97
-95
-88
-88
-90
-87
-73
1
-84
-101
-102
-143
-152
-152
-155
-169
-204
-217
-489
-637
-720
-780
-811
-835
-884
-916
-947
-974
-998
-1009
-1011
-1007
-1000
-972
-569
-242
-203
-158
-184
-163
-139
-121
-104
-116
-116
-100
-94
-95
-94
-87
-34
-41
-92
-104
-142
-153
-152
-153
-152
-151
-144
-399
-613
-696
-785
-817
-846
-873
-901
-930
-959
-986
-1004
-1007
-1004
-1000
-1005
-859
-337
-227
-230
-217
-202
-160
-148
-139
-140
-145
-172
-144
-118
-103
-92
22
13
-36
-82
-109
-133
-148
-151
-149
-140
-128
-178
-452
-655
-773
-815
-838
-862
-888
-916
-943
-971
-995
-1002
-1002
-1000
-1001
-968
-669
-318
-272
-269
-247
-217
-212
-224
-215
-203
-204
-188
-143
-111
-91
5
-31
-73
-93
-112
-131
-144
-139
-132
-123
-164
-443
-662
-745
-804
-831
-853
-878
-902
-928
-966
-987
-999
-1000
-1000
-1001
-1001
-919
-801
-646
-597
-590
-375
-260
-273
-277
-241
-218
-207
-144
1
-31
51
-48
-80
-93
-106
-113
-126
-125
-126
-149
-287
-614
-709
-776
-820
-844
-878
-902
-927
-951
-974
-990
-998
-999
-1000
-997
-969
-897
-850
-859
-819
-783
-434
-351
-429
-280
-212
-183
-136
3
49
-51
-80
-96
-99
-105
-118
-122
-133
-196
-424
-646
-743
-803
-833
-867
-890
-914
-937
-959
-977
-990
-997
-1000
-1000
-989
-959
-921
-915
-856
-801
-775
-660
-597
-332
-217
-172
-126
11
-47
-89
-88
-92
-101
-111
-120
-135
-299
-578
-709
-806
-831
-855
-878
-902
-925
-947
-966
-982
-996
-999
-999
-990
-974
-945
-904
-843
-785
-682
-600
-473
-343
-224
-108
5
-43
-80
-86
-91
-103
-118
-133
-190
-547
-697
-781
-813
-841
-866
-890
-913
-935
-955
-970
-982
-993
-994
-990
-978
-954
-912
-845
-779
-711
-298
-265
-223
-142
7
1
-62
-79
-84
-84
-110
-177
-332
-595
-715
-768
-795
-827
-854
-878
-901
-922
-951
-967
-978
-986
-990
-989
-981
-961
-905
-784
-693
-453
-234
-207
-177
-96
-5
-65
-75
-78
-108
-203
-369
-524
-685
-765
-800
-820
-843
-879
-901
-921
-940
-956
-968
-970
-976
-978
-969
-938
-872
-767
-662
-427
-195
-158
-132
-50
-73
-74
-85
-213
-408
-610
-703
-753
-790
-812
-834
-868
-890
-909
-925
-940
-951
-959
-964
-968
-970
-944
-869
-723
-352
-168
-118
-46
16
-58
-77
-75
-77
-137
-413
-614
-700
-743
-779
-817
-838
-859
-879
-898
-915
-928
-939
-946
-954
-957
-944
-926
-813
-517
-272
-146
-111
-13
-56
-75
-80
-80
-90
-179
-509
-705
-754
-785
-807
-829
-850
-870
-888
-904
-923
-923
-925
-925
-925
-924
-914
-831
-532
-175
-116
-5
-40
-67
-82
-97
-113
-147
-379
-662
-734
-776
-799
-821
-841
-861
-878
-893
-908
-913
-914
-911
-907
-901
-889
-835
-432
-121
-87
-45
-71
-88
-101
-141
-215
-436
-618
-708
-767
-801
-817
-835
-853
-877
-890
-900
-904
-904
-899
-869
-848
-811
-648
-292
-122
-62
-38
-77
-93
-105
-183
-238
-412
-610
-689
-747
-792
-819
-837
-853
-869
-882
-888
-892
-888
-876
-843
-806
-737
-621
-345
-127
-15
-81
-100
-103
-139
-155
-365
-515
-648
-723
-777
-814
-830
-846
-860
-872
-882
-887
-884
-870
-829
-784
-601
-416
-190
-116
-50
-71
-97
-99
-110
-127
-139
-351
-498
-654
-740
-782
-807
-823
-838
-852
-864
-875
-881
-864
-830
-774
-711
-573
-371
-162
-113
-33
-5
-5
-12
-66
-96
-99
-101
-134
-188
-565
-636
-688
-732
-773
-797
-816
-831
-842
-859
-869
-872
-861
-822
-743
-675
-556
-322
-113
-86
98
30
-7
-14
-64
-100
-100
-99
-120
-145
-346
-658
-701
-733
-768
-803
-813
-824
-834
-845
-860
-865
-856
-813
-714
-535
-434
-251
-113
-81
41
64
-8
-5
-5
-40
-80
-97
-100
-98
-122
-137
-242
-622
-738
-760
-778
-800
-810
-823
-832
-841
-850
-848
-823
-732
-610
-506
-369
-219
-134
-91
-5
-14
-9
-5
-32
-77
-97
-101
-99
-117
-140
-147
-453
-731
-768
-779
-793
-806
-818
-824
-828
-831
-834
-820
-718
-585
-484
-363
-256
-158
-108
-26
-8
-17
-21
-5
-5
-30
-80
-99
-102
-102
-120
-135
-134
-239
-668
-761
-780
-798
-807
-815
-820
-824
-823
-817
-807
-591
-468
-381
-323
-243
-176
-130
-61
-14
-19
-20
-13
-22
-53
-86
-100
-106
-106
-117
-131
-138
-173
-640
-749
-776
-793
-804
-812
-817
-821
-817
-784
-731
-638
-510
-394
-340
-261
-188
-121
31
-11
-21
-14
-6
-5
-23
-53
-83
-98
-109
-115
-118
-130
-140
-150
-346
-698
-753
-780
-797
-808
-814
-818
-819
-798
-739
-661
-569
-450
-390
-284
-200
-136
-27
-5
-20
-13
1
-5
-39
-73
-86
-95
-106
-117
-119
-126
-138
-159
-328
-571
-696
-751
-783
-804
-811
-817
-818
-808
-740
-656
-571
-475
-394
-267
-202
-135
-69
-17
-19
-11
-5
-16
-31
-56
-74
-85
-94
-100
-112
-120
-135
-140
-136
-200
-414
-639
-722
-780
-802
-808
-814
-816
-806
-759
-682
-606
-457
-360
-274
-218
-173
-102
-57
-32
-7
2
-5
-21
-33
-51
-72
-85
-97
-100
-103
-119
-134
-141
-142
-164
-302
-556
-695
-745
-788
-802
-810
-814
-813
-779
-705
-622
-487
-374
-234
-189
-184
-133
-81
-47
-15
1
-5
-12
-24
-34
-49
-68
-87
-97
-100
-101
-121
-132
-140
-164
-197
-370
-625
-705
-747
-776
-797
-806
-811
-809
-788
-677
-604
-518
-427
-275
-189
-179
-155
-77
-35
-5
4
-5
-17
-31
-44
-54
-65
-92
-101
-101
-100
-114
-130
-139
-145
-249
-429
-614
-689
-733
-766
-787
-800
-808
-805
-780
-712
-620
-547
-447
-266
-187
-159
-122
-87
-53
-14
-5
-5
-19
-29
-44
-57
-67
-93
-104
-107
-102
-106
-126
-138
-136
-144
-397
-571
-666
-721
-755
-779
-795
-803
-806
-795
-750
-676
-583
-461
-310
-186
-169
-129
-90
-65
-34
-15
-25
-42
-70
-84
-92
-102
-112
-113
-112
-124
-139
-133
-157
-371
-538
-636
-702
-744
-782
-796
-804
-807
-806
-791
-729
-639
-433
-280
-186
-172
-122
-89
-75
-48
-13
-5
-11
-28
-43
-66
-87
-97
-102
-113
-129
-131
-135
-140
-144
-162
-331
-510
-612
-719
-760
-788
-796
-803
-807
-807
-805
-732
-626
-367
-242
-189
-171
-135
-98
-75
-54
-16
-5
2
-5
-12
-27
-36
-51
-100
-109
-114
-125
-134
-139
-141
-142
-148
-198
-394
-497
-607
-680
-752
-786
-800
-803
-807
-806
-796
-769
-626
-371
-225
-183
-178
-148
-111
-89
-69
-51
-14
-5
-5
-22
-29
-60
-69
-85
-104
-113
-117
-140
-142
-140
-145
-168
-198
-289
-437
-548
-633
-697
-745
-781
-808
-811
-813
-805
-788
-744
-626
-384
-226
-179
-174
-135
-106
-91
-79
-63
-44
-6
8
-5
-59
-70
-76
-80
-88
-104
-111
-118
-122
-144
-161
-165
-149
-194
-245
-364
-485
-560
-666
-714
-758
-790
-807
-815
-816
-809
-790
-753
-562
-337
-215
-171
-162
-145
-116
-100
-87
-74
-58
-6
-5
-12
-45
-62
-73
-86
-88
-91
-103
-117
-121
-126
-138
-139
-152
-196
-182
-218
-447
-436
-586
-647
-674
-716
-758
-792
-808
-817
-819
-812
-772
-715
-582
-354
-242
-175
-154
-144
-121
-103
-94
-86
-69
-17
-5
-5
-41
-66
-77
-83
-93
-103
-105
-107
-120
-126
-133
-139
-133
-135
-191
-349
-409
-548
-604
-629
-667
-692
-722
-776
-811
-818
-819
-817
-810
-771
-695
-558
-293
-220
-185
-155
-128
-117
-107
-97
-88
-71
-45
-8
-5
-5
-32
-55
-72
-91
-97
-100
-101
-115
-118
-120
-127
-135
-130
-111
-128
-250
-432
-480
-568
-651
-679
-725
-739
-768
-791
-810
-819
-821
-817
-804
-731
-547
-356
-266
-229
-203
-167
-135
-111
-105
-99
-94
-84
-63
-46
-15
8
-9
-70
-81
-87
-93
-98
-100
-105
-114
-122
-130
-134
-140
-139
-110
-154
-252
-402
-598
-669
-702
-733
-746
-755
-778
-796
-810
-820
-826
-821
-796
-738
-579
-399
-287
-237
-209
-180
-148
-115
-105
-102
-97
-90
-78
-58
-42
-15
-24
-49
-62
-75
-85
-91
-95
-100
-109
-119
-122
-127
-132
-136
-140
-145
-162
-481
-550
-619
-677
-705
-719
-744
-767
-774
-800
-812
-820
-826
-829
-828
-792
-710
-625
-463
-323
-257
-206
-149
-141
-114
-106
-103
-100
-94
-85
-63
-47
-21
1
-8
-34
-53
-62
-70
-79
-88
-98
-101
-111
-117
-121
-126
-130
-134
-138
-135
-143
-307
-460
-601
-650
-699
-730
-746
-783
-800
-801
-806
-816
-824
-829
-832
-829
-803
-697
-578
-467
-358
-259
-210
-149
-126
-120
-107
-102
-101
-93
-84
-72
-56
-35
-5
-5
-16
-43
-60
-71
-83
-87
-94
-101
-104
-109
-120
-125
-130
-139
-141
-142
-138
-134
-195
-419
-629
-671
-747
-771
-777
-789
-801
-812
-815
-821
-828
-837
-838
-833
-808
-733
-608
-482
-373
-310
-240
-205
-133
-113
-108
-103
-100
-96
-88
-78
-65
-50
-26
-6
-16
-31
-58
-71
-81
-87
-90
-93
-109
-109
-105
-123
-134
-140
-143
-144
-142
-134
-139
-243
-438
-599
-700
-772
-793
-793
-794
-807
-828
-834
-837
-841
-841
-841
-839
-823
-758
-655
-497
-347
-300
-261
-230
-182
-126
-110
-101
-100
-97
-91
-83
-74
-62
-45
-12
-5
-5
-5
-34
-50
-62
-74
-84
-90
-96
-97
-117
-121
-112
-100
-133
-142
-146
-146
-129
-114
-150
-255
-409
-581
-679
-747
-804
-820
-819
-825
-835
-842
-846
-847
-846
-844
-840
-828
-766
-638
-536
-379
-321
-276
-242
-210
-158
-117
-105
-100
-98
-94
-87
-79
-69
-56
-29
-12
-5
-33
-48
-57
-68
-77
-88
-104
-112
-118
-122
-127
-125
-106
-127
-141
-144
-136
-117
-101
-128
-259
-421
-601
-740
-787
-816
-830
-834
-836
-844
-853
-856
-863
-859
-852
-842
-829
-786
-598
-513
-422
-355
-287
-238
-205
-142
-115
-104
-101
-99
-96
-90
-85
-72
-58
-49
-29
-5
-22
-36
-50
-60
-84
-93
-98
-115
-121
-126
-128
-132
-137
-134
-140
-136
-125
-114
-106
-104
-188
-341
-611
-710
-754
-783
-816
-836
-846
-867
-872
-875
-876
-874
-868
-860
-848
-818
-756
-621
-533
-457
-390
-313
-219
-180
-142
-114
-105
-101
-99
-96
-90
-85
-79
-66
-55
-45
-20
-20
-46
-50
-54
-81
-102
-105
-120
-124
-135
-139
-139
-140
-140
-139
-144
-137
-155
-159
-239
-376
-419
-641
-721
-778
-791
-835
-856
-869
-877
-884
-887
-888
-886
-880
-876
-859
-820
-765
-674
-581
-485
-420
-348
-262
-160
-124
-107
-102
-100
-99
-97
-91
-87
-83
-73
-62
-53
-35
-6
-22
-50
-57
-57
-48
-72
-110
-124
-130
-134
-136
-144
-132
-131
-134
-146
-227
-277
-416
-308
-376
-510
-576
-686
-793
-819
-842
-851
-866
-885
-892
-897
-900
-915
-912
-904
-883
-863
-836
-794
-714
-620
-490
-409
-329
-232
-174
-126
-107
-102
-100
-98
-95
-92
-88
-84
-77
-67
-54
-37
-8
-41
-64
-74
-74
-103
-108
-120
-126
-134
-140
-142
-164
-172
-162
-177
-181
-271
-374
-398
-573
-583
-749
-814
-838
-840
-845
-862
-876
-886
-915
-922
-926
-928
-929
-925
-915
-900
-879
-853
-817
-750
-646
-465
-383
-345
-264
-190
-137
-107
-100
-98
-97
-95
-93
-90
-86
-76
-67
-60
-47
-23
-5
-14
-46
-86
-93
-97
-105
-118
-121
-126
-134
-166
-181
-234
-371
-264
-258
-288
-356
-595
-744
-757
-811
-817
-862
-893
-890
-885
-921
-922
-925
-931
-936
-940
-943
-943
-942
-949
-931
-906
-877
-844
-796
-708
-518
-396
-345
-277
-214
-154
-112
-100
-98
-97
-95
-93
-91
-87
-83
-69
-59
-51
-37
-9
7
-43
-65
-87
-98
-101
-112
-122
-138
-137
-163
-174
-370
-321
-399
-563
-604
-644
-690
-703
-828
-843
-873
-874
-896
-957
-960
-958
-952
-947
-946
-948
-952
-955
-973
-972
-971
-969
-956
-929
-898
-866
-807
-705
-614
-405
-338
-292
-242
-151
-110
-101
-99
-96
-95
-93
-90
-87
-83
-74
-60
-53
-41
-17
-15
-33
-50
-68
-95
-100
-105
-119
-128
-145
-159
-211
-250
-396
-646
-665
-740
-795
-784
-836
-819
-849
-890
-947
-966
-967
-982
-984
-988
-984
-975
-987
-984
-985
-988
-988
-986
-983
-984
-981
-956
-909
-869
-817
-727
-619
-423
-337
-282
-239
-184
-116
-101
-98
-96
-94
-93
-91
-89
-86
-80
-70
-53
-37
-12
-5
-27
-47
-60
-73
-96
-101
-110
-124
-142
-156
-217
-328
-575
-603
-693
-753
-784
-841
-862
-894
-940
-937
-948
-965
-990
-994
-999
-1003
-1016
-1019
-1014
-1006
-1000
-999
-1001
-1002
-1000
-1004
-999
-1002
-994
-935
-892
-842
-761
-628
-483
-331
-296
-254
-215
-149
-109
-100
-96
-95
-93
-92
-91
-88
-85
-79
-66
-49
-26
-8
-5
-5
-18
-40
-79
-92
-98
-103
-109
-114
-120
-146
-258
-401
-494
-605
-646
-703
-769
-812
-867
-930
-954
-966
-970
-972
-979
-996
-1018
-1021
-1024
-1025
-1026
-1025
-1020
-1012
-1010
-1018
-1017
-1015
-1012
-1007
-1005
-997
-960
-917
-872
-809
-687
-549
-332
-294
-268
-239
-201
-146
-99
-93
-93
-93
-93
-92
-90
-88
-81
-69
-60
-45
-17
-5
-5
5
-7
-50
-56
-76
-96
-102
-111
-110
-117
-126
-129
-155
-315
-391
-452
-550
-636
-727
-782
-824
-884
-931
-960
-977
-986
-1008
-1009
-1018
-1025
-1027
-1031
-1032
-1033
-1032
-1035
-1031
-1027
-1025
-1024
-1021
-1016
-1012
-1009
-1006
-986
-946
-897
-843
-680
-567
-376
-313
-282
-255
-228
-134
-95
-91
-92
-93
-93
-93
-91
-89
-87
-81
-67
-54
-36
-6
-5
1
-5
-27
-50
-60
-80
-92
-107
-109
-124
-126
-127
-130
-138
-180
-305
-384
-435
-533
-623
-716
-779
-835
-879
-930
-981
-996
-1003
-1011
-1016
-1022
-1029
-1034
-1043
-1045
-1046
-1046
-1043
-1039
-1036
-1033
-1030
-1033
-1029
-1022
-1018
-1013
-1003
-972
-925
-865
-722
-568
-440
-345
-299
-268
-241
-175
-105
-90
-90
-93
-94
-95
-93
-91
-89
-85
-75
-61
-46
-9
-5
-5
-7
-15
-28
-41
-58
-74
-86
-107
-117
-119
-125
-131
-132
-136
-156
-241
-315
-421
-436
-532
-630
-713
-808
-879
-917
-958
-989
-1003
-1010
-1019
-1024
-1036
-1041
-1046
-1049
-1051
-1052
-1052
-1050
-1047
-1050
-1046
-1043
-1037
-1033
-1029
-1024
-1019
-1012
-999
-935
-869
-772
-620
-484
-372
-317
-267
-239
-200
-134
-94
-88
-92
-96
-96
-95
-93
-91
-89
-81
-57
-43
-15
-5
-5
-5
-21
-34
-47
-58
-75
-104
-108
-115
-119
-120
-126
-133
-140
-153
-184
-268
-300
-399
-530
-584
-798
-814
-855
-893
-929
-967
-998
-1014
-1028
-1032
-1037
-1042
-1046
-1050
-1055
-1057
-1058
-1064
-1063
-1060
-1057
-1052
-1048
-1044
-1040
-1035
-1033
-1027
-1016
-1001
-967
-915
-839
-702
-538
-359
-314
-280
-249
-217
-167
-112
-89
-93
-96
-99
-99
-96
-94
-90
-82
-62
-48
-28
2
1
-7
-26
-38
-50
-77
-86
-96
-103
-112
-116
-121
-123
-131
-140
-141
-147
-173
-279
-377
-486
-616
-816
-862
-859
-877
-910
-942
-996
-1017
-1029
-1033
-1038
-1042
-1047
-1051
-1055
-1065
-1069
-1070
-1070
-1069
-1067
-1065
-1061
-1060
-1055
-1050
-1045
-1039
-1033
-1026
-1012
-993
-956
-909
-816
-627
-483
-336
-295
-262
-231
-192
-141
-92
-96
-100
-102
-102
-99
-97
-93
-88
-76
-53
-36
-5
-13
-27
-36
-64
-74
-85
-94
-104
-108
-113
-120
-125
-131
-134
-144
-146
-143
-159
-174
-593
-742
-663
-855
-899
-902
-944
-963
-985
-1002
-1025
-1034
-1038
-1043
-1047
-1058
-1063
-1069
-1072
-1074
-1076
-1076
-1076
-1080
-1076
-1072
-1067
-1063
-1057
-1051
-1045
-1035
-1031
-1023
-1014
-1001
-957
-877
-623
-483
-368
-313
-274
-241
-186
-143
-104
-99
-102
-104
-105
-102
-102
-99
-95
-84
-61
-44
12
-5
-19
-40
-50
-59
-69
-79
-89
-102
-110
-113
-116
-120
-125
-134
-141
-150
-193
-207
-175
-172
-411
-829
-809
-875
-924
-952
-968
-980
-1007
-1016
-1027
-1042
-1048
-1053
-1058
-1065
-1069
-1073
-1077
-1080
-1088
-1088
-1087
-1086
-1083
-1079
-1075
-1070
-1064
-1058
-1051
-1044
-1036
-1029
-1022
-1016
-964
-857
-616
-488
-380
-328
-290
-237
-202
-161
-126
-104
-106
-109
-111
-111
-108
-104
-101
-91
-60
-44
-18
-18
-35
-45
-54
-62
-72
-82
-97
-106
-110
-113
-116
-119
-124
-137
-161
-188
-258
-423
-402
-231
-296
-828
-845
-868
-917
-957
-983
-997
-1014
-1030
-1037
-1044
-1051
-1056
-1062
-1069
-1074
-1084
-1088
-1091
-1093
-1094
-1094
-1092
-1090
-1092
-1087
-1082
-1076
-1066
-1058
-1050
-1042
-1034
-1026
-1016
-981
-891
-747
-558
-424
-350
-308
-253
-213
-176
-142
-116
-109
-109
-113
-116
-114
-110
-108
-101
-78
-48
-22
1
-6
-20
-29
-39
-48
-56
-71
-79
-94
-102
-106
-110
-114
-116
-119
-123
-144
-187
-241
-321
-487
-611
-650
-655
-786
-805
-834
-901
-955
-999
-1019
-1026
-1033
-1039
-1046
-1053
-1059
-1073
-1079
-1084
-1089
-1093
-1096
-1098
-1100
-1106
-1105
-1102
-1099
-1095
-1087
-1080
-1073
-1065
-1058
-1049
-1040
-1026
-1011
-978
-916
-824
-657
-511
-360
-309
-269
-232
-193
-158
-129
-111
-112
-117
-120
-122
-119
-113
-100
-77
-54
-28
-5
-5
-5
-14
-24
-33
-42
-57
-64
-72
-84
-94
-102
-106
-111
-115
-118
-121
-125
-135
-193
-362
-435
-477
-608
-657
-684
-739
-785
-789
-879
-995
-1010
-1022
-1029
-1035
-1041
-1052
-1062
-1069
-1075
-1082
-1087
-1093
-1097
-1108
-1111
-1112
-1112
-1111
-1109
-1107
-1100
-1095
-1093
-1084
-1075
-1066
-1050
-1040
-1030
-1017
-985
-900
-808
-648
-513
-397
-331
-288
-251
-214
-162
-138
-117
-115
-119
-121
-123
-122
-115
-104
-88
-62
-40
-9
-5
-5
-5
-5
-17
-33
-41
-49
-59
-66
-73
-85
-96
-103
-107
-110
-114
-117
-121
-124
-135
-151
-202
-375
-420
-531
-600
-671
-726
-767
-795
-847
-1007
-1015
-1023
-1035
-1041
-1046
-1053
-1063
-1070
-1077
-1084
-1096
-1102
-1107
-1113
-1116
-1118
-1118
-1118
-1116
-1120
-1113
-1108
-1101
-1093
-1084
-1073
-1062
-1045
-1032
-1017
-987
-922
-834
-742
-587
-445
-353
-307
-270
-237
-199
-164
-129
-118
-120
-123
-124
-126
-122
-109
-93
-75
-52
-28
-11
-5
-5
2
-5
-16
-23
-33
-42
-50
-59
-67
-81
-87
-95
-101
-106
-109
-113
-118
-120
-124
-133
-143
-161
-196
-250
-383
-537
-637
-704
-751
-783
-879
-998
-1013
-1026
-1035
-1042
-1047
-1056
-1063
-1074
-1082
-1090
-1098
-1105
-1113
-1118
-1121
-1130
-1131
-1130
-1128
-1125
-1121
-1116
-1110
-1102
-1096
-1078
-1065
-1052
-1038
-1021
-996
-945
-823
-713
-602
-489
-386
-327
-270
-238
-212
-187
-149
-135
-131
-131
-129
-128
-125
-117
-100
-84
-53
-32
-24
-14
-6
-5
-5
-10
-14
-19
-24
-33
-43
-55
-67
-75
-81
-87
-93
-100
-105
-110
-114
-117
-119
-122
-129
-139
-163
-174
-176
-318
-478
-604
-680
-768
-796
-860
-954
-999
-1022
-1035
-1046
-1054
-1059
-1066
-1073
-1082
-1091
-1103
-1111
-1123
-1128
-1132
-1135
-1137
-1137
-1135
-1133
-1129
-1130
-1124
-1111
-1100
-1087
-1073
-1059
-1044
-1028
-984
-930
-860
-766
-623
-521
-416
-326
-286
-252
-224
-198
-174
-143
-138
-136
-134
-130
-127
-121
-100
-82
-66
-47
-31
-21
-7
-5
-5
-8
-13
-16
-20
-25
-38
-47
-55
-63
-75
-81
-86
-93
-99
-103
-107
-112
-116
-119
-123
-130
-135
-142
-173
-167
-271
-442
-591
-663
-725
-801
-843
-922
-991
-1022
-1039
-1053
-1056
-1059
-1064
-1072
-1081
-1094
-1109
-1118
-1126
-1132
-1137
-1141
-1142
-1143
-1148
-1146
-1143
-1139
-1133
-1126
-1110
-1097
-1083
-1068
-1051
-1034
-1001
-954
-892
-810
-678
-551
-448
-341
-299
-265
-236
-212
-189
-164
-146
-142
-141
-135
-129
-122
-106
-90
-74
-59
-39
-28
-19
73
-5
-5
-13
-17
-18
-21
-29
-37
-46
-59
-66
-74
-82
-87
-92
-97
-103
-107
-111
-115
-118
-122
-129
-139
-146
-163
-179
-413
-512
-581
-669
-730
-793
-835
-914
-984
-1018
-1043
-1055
-1059
-1060
-1063
-1071
-1081
-1098
-1109
-1120
-1128
-1136
-1142
-1154
-1156
-1156
-1155
-1153
-1151
-1147
-1139
-1137
-1126
-1112
-1096
-1077
-1059
-1032
-1012
-977
-921
-856
-764
-556
-443
-361
-314
-277
-247
-222
-190
-173
-160
-150
-144
-138
-128
-120
-110
-96
-80
-67
-52
-32
-24
-5
-5
-9
-16
-20
-22
-23
-28
-36
-49
-61
-68
-75
-81
-86
-90
-97
-101
-106
-110
-114
-118
-121
-131
-142
-150
-166
-176
-360
-550
-597
-646
-701
-757
-815
-888
-994
-1017
-1033
-1051
-1065
-1062
-1061
-1071
-1082
-1095
-1108
-1120
-1136
-1146
-1156
-1160
-1162
-1163
-1162
-1161
-1163
-1160
-1155
-1148
-1138
-1124
-1108
-1078
-1058
-1036
-1019
-1003
-949
-863
-791
-644
-510
-393
-324
-281
-238
-215
-196
-181
-168
-156
-144
-137
-126
-119
-110
-99
-85
-67
-54
-40
-26
-11
-5
-17
-6
-5
-5
-7
-12
-16
-19
-21
-24
-28
-38
-50
-59
-66
-73
-79
-85
-90
-96
-100
-104
-109
-113
-117
-124
-134
-142
-150
-165
-178
-240
-507
-595
-629
-676
-727
-783
-859
-937
-993
-982
-1005
-1056
-1062
-1057
-1064
-1077
-1093
-1109
-1124
-1137
-1148
-1160
-1166
-1169
-1178
-1176
-1174
-1172
-1168
-1165
-1159
-1151
-1138
-1126
-1092
-1067
-1042
-1020
-1007
-972
-914
-843
-755
-598
-427
-341
-290
-243
-222
-203
-188
-174
-162
-149
-133
-125
-119
-110
-101
-90
-72
-61
-50
-35
-19
-22
-25
-20
-5
-5
-5
-5
-9
-12
-17
-20
-20
-25
-31
-41
-48
-57
-65
-72
-79
-84
-90
-95
-99
-103
-108
-113
-118
-128
-134
-141
-150
-176
-193
-389
-518
-584
-618
-655
-702
-765
-899
-964
-992
-968
-885
-983
-1054
-1039
-1049
-1066
-1086
-1104
-1121
-1144
-1155
-1172
-1179
-1183
-1186
-1184
-1180
-1177
-1175
-1180
-1177
-1171
-1160
-1131
-1106
-1079
-1051
-1023
-985
-932
-883
-847
-811
-656
-455
-349
-276
-247
-216
-203
-191
-177
-160
-146
-133
-122
-116
-109
-98
-86
-76
-65
-56
-46
-31
-28
-30
-28
-13
-5
-5
-5
-6
-8
-12
-17
-21
-21
-26
-33
-40
-46
-55
-63
-70
-80
-84
-89
-93
-98
-102
-107
-114
-120
-127
-134
-146
-156
-175
-230
-378
-485
-559
-601
-635
-679
-787
-892
-966
-999
-1001
-990
-841
-1003
-1020
-1032
-1053
-1076
-1097
-1132
-1150
-1165
-1177
-1184
-1188
-1194
-1191
-1192
-1189
-1187
-1187
-1186
-1180
-1168
-1148
-1123
-1096
-1063
-1006
-969
-930
-882
-837
-817
-764
-378
-299
-257
-232
-214
-198
-179
-168
-163
-148
-128
-116
-106
-99
-94
-88
-79
-70
-61
-48
-39
-36
-36
-34
-24
-5
-5
-5
-6
-9
-11
-15
-19
-21
-23
-31
-39
-45
-52
-59
-67
-73
-82
-87
-92
-97
-101
-105
-109
-118
-129
-139
-146
-156
-173
-216
-334
-462
-529
-574
-609
-655
-759
-891
-1022
-1039
-1052
-1067
-1032
-967
-997
-1009
-1028
-1062
-1091
-1127
-1148
-1166
-1180
-1189
-1199
-1201
-1202
-1199
-1195
-1192
-1192
-1193
-1191
-1196
-1177
-1148
-1115
-1081
-1043
-976
-930
-881
-791
-727
-676
-473
-320
-260
-224
-212
-196
-178
-137
-144
-137
-127
-117
-104
-96
-93
-89
-82
-74
-66
-52
-45
-40
-38
-37
-31
-13
-5
-5
-5
-6
-8
-10
-13
-17
-20
-25
-29
-35
-41
-48
-56
-67
-74
-80
-85
-90
-95
-99
-107
-111
-116
-125
-138
-145
-154
-181
-213
-326
-426
-503
-552
-602
-675
-736
-913
-1039
-1055
-1062
-1083
-1070
-1038
-1006
-996
-1008
-1047
-1095
-1121
-1145
-1173
-1190
-1201
-1203
-1203
-1204
-1202
-1200
-1196
-1198
-1201
-1201
-1203
-1197
-1170
-1135
-1081
-1039
-981
-914
-854
-787
-709
-578
-514
-379
-282
-203
-189
-176
-145
-130
-132
-134
-124
-110
-99
-93
-91
-87
-83
-76
-65
-56
-47
-42
-40
-40
-33
-16
-5
-5
-5
-5
-7
-9
-11
-16
-20
-23
-27
-32
-37
-44
-56
-64
-71
-78
-83
-89
-94
-100
-105
-110
-115
-123
-135
-143
-155
-177
-205
-313
-411
-483
-573
-597
-672
-751
-879
-1044
-1068
-1077
-1083
-1085
-1066
-1033
-1013
-1019
-1053
-1091
-1119
-1146
-1171
-1190
-1204
-1205
-1204
-1204
-1203
-1201
-1199
-1199
-1200
-1201
-1203
-1205
-1181
-1140
-1099
-1057
-1002
-920
-853
-745
-655
-452
-401
-383
-305
-200
-179
-174
-150
-130
-125
-117
-111
-105
-99
-94
-91
-88
-81
-75
-68
-58
-47
-40
-40
-41
-38
-25
-5
-5
-5
-5
-6
-7
-10
-13
-18
-21
-24
-29
-34
-41
-48
-61
-69
-77
-83
-87
-92
-99
-103
-108
-115
-122
-131
-138
-144
-160
-194
-356
-453
-500
-577
-622
-683
-773
-891
-1055
-1076
-1076
-1079
-1082
-1076
-1056
-1046
-1040
-1060
-1085
-1112
-1139
-1166
-1190
-1204
-1206
-1205
-1204
-1204
-1202
-1200
-1199
-1199
-1199
-1199
-1202
-1206
-1161
-1117
-1074
-1020
-930
-794
-652
-547
-423
-360
-344
-310
-248
-177
-163
-150
-130
-122
-118
-110
-104
-99
-95
-91
-88
-82
-76
-69
-61
-50
-40
-39
-41
-41
-35
-11
-5
-5
-5
-5
-5
-5
-6
-9
-12
-14
-18
-21
-26
-31
-41
-49
-58
-67
-75
-81
-86
-93
-98
-103
-108
-114
-121
-134
-138
-139
-164
-213
-329
-455
-526
-570
-635
-748
-834
-927
-1053
-1071
-1074
-1075
-1078
-1075
-1069
-1056
-1054
-1063
-1082
-1106
-1137
-1175
-1199
-1204
-1205
-1205
-1205
-1204
-1202
-1200
-1200
-1199
-1198
-1197
-1198
-1200
-1177
-1134
-1084
-1022
-904
-736
-618
-484
-386
-331
-308
-235
-197
-153
-148
-153
-135
-119
-114
-109
-103
-98
-95
-90
-87
-83
-78
-71
-64
-53
-39
-38
-40
-42
-40
-32
-5
-5
-5
-5
-5
-6
-7
-9
-12
-15
-19
-22
-29
-35
-44
-54
-63
-72
-83
-88
-92
-97
-101
-106
-112
-124
-136
-141
-149
-184
-240
-391
-505
-590
-612
-682
-746
-821
-942
-1021
-1056
-1058
-1065
-1070
-1073
-1070
-1066
-1064
-1069
-1093
-1111
-1143
-1165
-1187
-1200
-1204
-1205
-1204
-1203
-1202
-1201
-1200
-1199
-1198
-1195
-1187
-1179
-1163
-1132
-1094
-1006
-860
-735
-598
-347
-299
-263
-242
-221
-190
-152
-128
-146
-131
-116
-110
-106
-102
-99
-94
-90
-87
-84
-79
-68
-57
-47
-38
-36
-38
-41
-40
-34
5
-5
-5
-5
-5
-5
-7
-9
-12
-14
-18
-26
-32
-39
-49
-59
-69
-78
-86
-90
-95
-100
-104
-110
-123
-135
-141
-148
-185
-264
-424
-611
-640
-665
-715
-753
-800
-909
-976
-1022
-1044
-1055
-1063
-1068
-1072
-1075
-1078
-1084
-1095
-1110
-1138
-1158
-1178
-1193
-1201
-1203
-1204
-1203
-1203
-1202
-1201
-1200
-1199
-1194
-1186
-1175
-1159
-1133
-1099
-1027
-825
-691
-514
-334
-283
-261
-226
-205
-181
-138
-120
-121
-125
-115
-109
-104
-102
-100
-95
-89
-86
-82
-76
-68
-55
-47
-37
-33
-33
-37
-25
93
-5
-5
-5
-5
-6
-9
-11
-17
-22
-28
-36
-45
-55
-65
-78
-84
-89
-93
-97
-102
-110
-118
-131
-141
-150
-198
-271
-429
-589
-661
-705
-807
-815
-823
-880
-942
-995
-1026
-1042
-1053
-1062
-1069
-1075
-1081
-1088
-1097
-1117
-1140
-1157
-1173
-1188
-1198
-1203
-1204
-1203
-1202
-1202
-1201
-1200
-1199
-1197
-1189
-1176
-1158
-1120
-1063
-1003
-853
-707
-537
-344
-265
-246
-212
-168
-143
-134
-118
-120
-122
-115
-109
-102
-98
-97
-94
-90
-86
-81
-71
-62
-53
-43
-23
2
2
1
11
54
-5
-5
-6
-10
-14
-17
-23
-31
-41
-56
-66
-75
-83
-88
-92
-95
-101
-107
-114
-126
-139
-145
-207
-284
-371
-502
-635
-728
-806
-828
-829
-862
-914
-961
-998
-1029
-1042
-1053
-1064
-1073
-1081
-1100
-1111
-1124
-1138
-1154
-1169
-1183
-1199
-1202
-1203
-1203
-1202
-1202
-1201
-1201
-1201
-1201
-1195
-1177
-1140
-1107
-1066
-1018
-913
-761
-417
-305
-264
-241
-220
-185
-132
-125
-118
-116
-114
-110
-106
-101
-97
-96
-93
-90
-86
-77
-63
-53
-40
-24
-21
9
-5
-6
-9
-13
-18
-26
-36
-46
-61
-72
-80
-86
-90
-94
-99
-105
-111
-121
-135
-143
-159
-279
-359
-456
-582
-693
-775
-831
-838
-865
-898
-937
-975
-1014
-1030
-1043
-1053
-1067
-1081
-1093
-1111
-1124
-1137
-1152
-1170
-1183
-1198
-1202
-1203
-1203
-1202
-1202
-1201
-1201
-1201
-1202
-1201
-1187
-1162
-1115
-1074
-1000
-923
-774
-601
-347
-284
-250
-227
-204
-173
-124
-114
-111
-109
-106
-104
-101
-98
-95
-91
-88
-84
-70
-61
-49
-35
-18
1
125
-5
-6
-10
-15
-21
-36
-47
-56
-67
-78
-85
-90
-95
-98
-103
-109
-117
-130
-149
-188
-259
-350
-434
-551
-656
-785
-819
-842
-859
-885
-918
-970
-993
-1011
-1025
-1041
-1058
-1083
-1097
-1110
-1130
-1143
-1156
-1175
-1186
-1196
-1202
-1203
-1203
-1202
-1201
-1201
-1201
-1201
-1202
-1203
-1186
-1155
-1121
-1081
-1027
-948
-697
-496
-411
-317
-269
-233
-194
-173
-134
-117
-110
-106
-101
-97
-97
-96
-93
-90
-85
-80
-69
-58
-46
-27
-5
-5
-11
-21
-31
-42
-52
-64
-77
-87
-91
-94
-98
-102
-110
-118
-138
-148
-183
-242
-333
-439
-605
-678
-784
-811
-836
-853
-887
-917
-948
-976
-998
-1012
-1027
-1057
-1078
-1097
-1114
-1129
-1143
-1162
-1174
-1185
-1198
-1202
-1203
-1203
-1202
-1201
-1200
-1200
-1200
-1201
-1204
-1199
-1169
-1134
-1097
-1023
-927
-722
-487
-373
-341
-289
-230
-199
-180
-146
-124
-106
-102
-98
-95
-95
-94
-92
-87
-83
-80
-62
-50
13
17
-7
-14
-27
-38
-50
-60
-73
-83
-91
-94
-98
-103
-109
-117
-140
-148
-175
-227
-301
-395
-473
-620
-713
-810
-827
-839
-861
-901
-930
-959
-983
-1000
-1004
-1044
-1069
-1091
-1110
-1127
-1142
-1162
-1180
-1189
-1197
-1202
-1204
-1204
-1202
-1201
-1200
-1200
-1200
-1200
-1201
-1204
-1185
-1146
-1102
-1067
-958
-785
-616
-471
-361
-307
-246
-211
-190
-165
-132
-104
-100
-99
-94
-92
-92
-88
-84
-79
-72
-62
-50
5
-7
-14
-25
-37
-47
-59
-70
-86
-92
-96
-98
-102
-108
-119
-139
-146
-160
-196
-253
-372
-450
-537
-583
-580
-716
-809
-857
-884
-913
-940
-966
-985
-999
-1029
-1058
-1083
-1105
-1131
-1157
-1170
-1181
-1190
-1197
-1202
-1204
-1205
-1204
-1202
-1200
-1200
-1200
-1199
-1198
-1192
-1181
-1147
-1091
-1056
-1004
-871
-702
-579
-323
-291
-257
-226
-200
-184
-137
-99
-100
-94
-90
-88
-85
-84
-82
-78
-71
-63
-44
-5
-11
-21
-35
-46
-65
-75
-84
-91
-97
-100
-103
-116
-120
-131
-142
-150
-172
-245
-324
-387
-483
-571
-579
-679
-791
-830
-860
-893
-924
-965
-985
-997
-1015
-1050
-1079
-1116
-1138
-1156
-1172
-1183
-1191
-1202
-1205
-1206
-1206
-1205
-1203
-1201
-1200
-1200
-1200
-1195
-1187
-1176
-1134
-1096
-1059
-1014
-888
-725
-459
-339
-302
-269
-239
-212
-184
-159
-139
-123
-99
-89
-85
-81
-78
-76
-69
-66
-58
-49
-27
-5
-9
-18
-36
-47
-57
-72
-81
-89
-95
-104
-110
-120
-124
-131
-141
-153
-171
-216
-294
-371
-443
-540
-602
-628
-737
-806
-837
-872
-907
-938
-976
-998
-1015
-1041
-1070
-1098
-1134
-1155
-1182
-1193
-1199
-1203
-1206
-1207
-1207
-1206
-1205
-1203
-1200
-1200
-1199
-1196
-1187
-1174
-1125
-1088
-1045
-994
-921
-810
-521
-392
-323
-280
-245
-218
-186
-164
-150
-140
-118
-88
-84
-81
-70
-60
-64
-65
-60
-55
-38
-5
-9
-19
-33
-46
-59
-70
-83
-91
-97
-103
-114
-122
-128
-141
-146
-154
-183
-207
-268
-348
-426
-487
-596
-639
-696
-766
-808
-840
-906
-941
-966
-986
-1007
-1033
-1061
-1111
-1137
-1161
-1182
-1197
-1202
-1206
-1207
-1210
-1210
-1209
-1207
-1203
-1200
-1200
-1199
-1196
-1187
-1158
-1131
-1095
-1052
-999
-933
-797
-619
-438
-357
-297
-256
-211
-189
-168
-154
-142
-125
-87
-81
-80
-78
-66
-63
-63
-60
-57
2
-5
-9
-19
-37
-49
-62
-72
-83
-92
-98
-107
-114
-124
-132
-140
-146
-164
-186
-224
-265
-329
-402
-473
-554
-619
-671
-727
-772
-836
-886
-928
-958
-979
-999
-1044
-1074
-1103
-1132
-1158
-1181
-1203
-1208
-1209
-1210
-1211
-1211
-1210
-1208
-1206
-1204
-1201
-1200
-1197
-1186
-1165
-1138
-1105
-1063
-964
-879
-781
-665
-466
-363
-288
-249
-217
-180
-164
-154
-140
-119
-96
-80
-80
-80
-78
-69
-64
-60
-57
8
-5
-8
-21
-39
-49
-60
-71
-82
-92
-104
-112
-120
-125
-132
-139
-144
-172
-199
-222
-253
-301
-361
-422
-484
-600
-656
-702
-748
-791
-863
-914
-963
-982
-997
-1021
-1066
-1096
-1125
-1162
-1187
-1202
-1209
-1210
-1211
-1212
-1212
-1213
-1212
-1210
-1207
-1204
-1203
-1202
-1195
-1174
-1142
-1109
-1072
-1024
-912
-804
-694
-527
-354
-304
-248
-213
-182
-167
-155
-149
-129
-103
-82
-80
-82
-82
-75
-67
-61
-57
3
1
-17
-18
-32
-43
-46
-55
-69
-88
-97
-108
-113
-119
-126
-132
-140
-147
-162
-193
-217
-243
-280
-346
-374
-413
-542
-632
-681
-746
-781
-834
-902
-960
-987
-1006
-1030
-1066
-1094
-1124
-1155
-1195
-1206
-1210
-1211
-1212
-1213
-1214
-1214
-1213
-1212
-1210
-1208
-1205
-1206
-1204
-1184
-1152
-1120
-1068
-1024
-955
-861
-752
-619
-359
-297
-257
-221
-189
-169
-146
-140
-124
-113
-101
-87
-84
-82
-79
-70
-58
-47
30
-5
-6
-5
-5
1
1
-5
2
-5
-5
-5
-5
-5
-5
-5
-5
4
12
-21
-24
-25
-31
-41
-44
-45
-53
-72
-96
-102
-109
-114
-122
-129
-135
-142
-146
-158
-191
-218
-238
-284
-324
-361
-390
-487
-612
-685
-721
-754
-793
-871
-948
-1002
-1022
-1038
-1060
-1086
-1115
-1161
-1192
-1209
-1211
-1212
-1212
-1214
-1214
-1215
-1215
-1214
-1214
-1212
-1210
-1208
-1206
-1194
-1163
-1114
-1077
-1045
-1000
-916
-761
-630
-416
-316
-268
-223
-184
-170
-151
-133
-119
-116
-104
-94
-90
-86
-80
-72
-51
47
46
6
4
1
-8
-9
-11
-12
-11
-15
-13
-11
-8
-6
-6
-6
-10
-9
-8
-7
-6
-6
-13
-15
-25
-31
-33
-37
-40
-42
-46
-55
-70
-92
-105
-114
-119
-124
-129
-135
-142
-146
-161
-197
-215
-229
-266
-302
-344
-399
-467
-596
-669
-705
-735
-764
-834
-936
-1020
-1029
-1039
-1057
-1080
-1106
-1153
-1186
-1207
-1211
-1211
-1212
-1213
-1214
-1216
-1216
-1216
-1215
-1214
-1212
-1210
-1207
-1189
-1161
-1115
-1086
-1057
-1023
-958
-870
-675
-424
-322
-272
-233
-201
-178
-163
-137
-122
-120
-116
-103
-95
-89
-83
-75
-50
82
1
-5
-5
-13
-14
-15
-17
-17
-23
-23
-23
-21
-18
-16
-19
-17
-16
-15
-14
-13
-12
-19
-19
-22
-25
-31
-35
-53
-56
-47
-44
-49
-60
-76
-108
-112
-115
-120
-124
-129
-141
-145
-150
-159
-188
-210
-229
-245
-276
-316
-363
-417
-600
-651
-691
-729
-752
-795
-954
-1016
-1033
-1042
-1062
-1079
-1113
-1139
-1169
-1199
-1209
-1210
-1211
-1212
-1214
-1215
-1216
-1216
-1216
-1216
-1216
-1214
-1208
-1192
-1151
-1121
-1092
-1065
-1026
-929
-834
-703
-506
-348
-285
-227
-198
-181
-170
-155
-132
-121
-118
-109
-98
-92
-85
-57
-34
2
-5
-13
-16
-18
-20
-22
-29
-29
-29
-29
-28
-27
-32
-31
-27
-25
-24
-23
-22
-32
-31
-32
-34
-37
-42
-61
-68
-71
-70
-68
-63
-96
-106
-112
-113
-114
-116
-120
-127
-135
-141
-145
-150
-159
-179
-211
-216
-227
-253
-289
-328
-393
-475
-588
-661
-722
-752
-812
-929
-1021
-1040
-1049
-1059
-1083
-1103
-1126
-1152
-1174
-1201
-1206
-1208
-1211
-1213
-1215
-1216
-1217
-1217
-1218
-1217
-1216
-1207
-1185
-1155
-1111
-1084
-1059
-1013
-951
-853
-738
-582
-394
-269
-231
-202
-186
-172
-158
-129
-122
-120
-120
-101
-88
-76
-51
25
-6
-12
-16
-21
-22
-29
-31
-34
-36
-36
-36
-44
-43
-42
-41
-40
-36
-49
-49
-48
-46
-46
-47
-50
-79
-84
-86
-86
-85
-85
-98
-103
-108
-115
-117
-117
-117
-120
-122
-126
-133
-140
-145
-153
-160
-183
-207
-209
-212
-230
-259
-296
-339
-394
-515
-613
-703
-760
-802
-940
-1022
-1040
-1048
-1057
-1076
-1094
-1113
-1133
-1156
-1177
-1197
-1203
-1207
-1209
-1213
-1215
-1216
-1217
-1217
-1218
-1217
-1212
-1182
-1145
-1112
-1083
-1058
-1021
-971
-883
-725
-553
-382
-281
-241
-210
-191
-177
-155
-120
-120
-120
-121
-108
-95
-74
-55
-5
-10
-15
-21
-23
-29
-32
-36
-40
-45
-58
-59
-59
-59
-58
-57
-66
-65
-64
-64
-63
-63
-63
-82
-85
-86
-93
-96
-96
-101
-103
-105
-108
-113
-120
-121
-120
-121
-121
-123
-129
-133
-138
-144
-153
-161
-187
-201
-203
-193
-198
-234
-295
-318
-350
-444
-573
-684
-810
-826
-906
-1017
-1039
-1046
-1058
-1070
-1084
-1101
-1119
-1138
-1167
-1170
-1181
-1191
-1201
-1211
-1214
-1216
-1215
-1212
-1213
-1210
-1204
-1183
-1147
-1112
-1081
-1042
-996
-956
-894
-778
-596
-351
-290
-250
-211
-192
-168
-135
-122
-120
-120
-120
-105
-90
-48
-35
-5
-7
-14
-20
-27
-30
-33
-38
-44
-63
-64
-65
-65
-66
-65
-69
-77
-75
-74
-74
-74
-82
-84
-86
-89
-92
-93
-96
-100
-102
-104
-107
-109
-111
-118
-120
-120
-120
-120
-122
-126
-131
-134
-137
-141
-150
-163
-170
-175
-177
-182
-191
-238
-284
-322
-335
-395
-550
-710
-796
-837
-882
-979
-1033
-1043
-1051
-1062
-1075
-1090
-1108
-1123
-1138
-1152
-1163
-1174
-1192
-1204
-1204
-1208
-1209
-1206
-1206
-1203
-1194
-1175
-1120
-1088
-1042
-1007
-975
-939
-892
-734
-569
-362
-287
-245
-216
-189
-176
-155
-128
-122
-117
-111
-92
26
3
9
-5
-7
-12
-24
-27
-30
-33
-37
-60
-66
-68
-69
-69
-70
-73
-72
-60
-81
-84
-81
-86
-86
-87
-88
-90
-93
-95
-99
-100
-102
-104
-106
-109
-115
-117
-119
-120
-120
-120
-120
-124
-128
-131
-135
-138
-140
-149
-159
-165
-170
-172
-177
-194
-249
-298
-335
-352
-390
-541
-700
-800
-840
-882
-940
-1000
-1033
-1042
-1053
-1061
-1075
-1088
-1108
-1121
-1133
-1144
-1141
-1151
-1171
-1185
-1195
-1200
-1196
-1191
-1161
-1150
-1134
-1110
-1079
-1035
-997
-955
-912
-797
-693
-471
-366
-296
-250
-219
-191
-179
-149
-131
-126
-117
-96
-63
-5
-7
-15
-20
-25
-30
-33
-36
-53
-64
-71
-74
-73
-78
-79
-78
-77
-65
-35
-79
-95
-91
-89
-90
-91
-96
-99
-101
-102
-103
-104
-106
-111
-115
-118
-119
-120
-120
-120
-120
-120
-125
-128
-132
-135
-140
-142
-152
-158
-163
-168
-170
-189
-225
-250
-296
-348
-382
-433
-681
-749
-802
-831
-865
-909
-988
-1008
-1023
-1036
-1050
-1069
-1082
-1093
-1105
-1103
-1112
-1125
-1135
-1147
-1159
-1170
-1177
-1149
-1144
-1138
-1128
-1114
-1094
-1052
-1020
-945
-896
-839
-716
-587
-434
-346
-296
-253
-198
-185
-172
-138
-121
-125
-103
-82
3
1
-9
-13
-17
-21
-28
-32
-42
-50
-57
-66
-75
-84
-84
-84
-85
-85
-85
-97
-90
-35
-82
-95
-92
-95
-96
-98
-101
-104
-105
-108
-109
-111
-113
-116
-120
-120
-120
-121
-121
-121
-122
-125
-130
-133
-136
-139
-143
-152
-159
-169
-176
-181
-204
-226
-251
-290
-364
-468
-584
-677
-744
-803
-825
-863
-899
-941
-980
-1005
-1021
-1044
-1058
-1062
-1070
-1079
-1086
-1097
-1104
-1113
-1122
-1113
-1124
-1126
-1122
-1118
-1113
-1105
-1085
-1035
-1015
-964
-915
-871
-789
-700
-567
-360
-294
-245
-218
-197
-184
-169
-142
-120
-120
-87
-55
17
-5
-6
-10
-15
-19
-23
-33
-39
-48
-55
-62
-74
-80
-86
-90
-91
-92
-100
-98
-99
-101
-107
-90
-99
-97
-97
-98
-99
-102
-112
-112
-111
-111
-112
-114
-116
-121
-120
-120
-121
-122
-122
-125
-127
-130
-133
-136
-137
-140
-153
-164
-171
-178
-187
-208
-225
-257
-292
-341
-405
-537
-643
-719
-777
-805
-827
-873
-909
-945
-977
-985
-1010
-1038
-1050
-1057
-1064
-1070
-1078
-1065
-1070
-1078
-1087
-1095
-1100
-1096
-1090
-1056
-1052
-1036
-1015
-992
-950
-883
-837
-683
-642
-496
-362
-291
-252
-214
-195
-181
-142
-133
-130
-114
-86
-41
3
-5
-6
-11
-16
-24
-30
-36
-44
-53
-67
-73
-79
-82
-88
-93
-101
-103
-104
-103
-103
-105
-115
-117
-103
-100
-100
-100
-106
-98
-112
-114
-113
-113
-116
-118
-119
-121
-121
-120
-121
-122
-124
-125
-127
-130
-134
-138
-140
-143
-151
-161
-172
-178
-195
-210
-227
-248
-278
-320
-406
-494
-592
-673
-732
-776
-818
-849
-870
-898
-925
-966
-997
-1020
-1035
-1043
-1032
-1040
-1041
-1043
-1045
-1052
-1060
-1072
-1050
-1042
-1030
-1023
-1020
-999
-982
-967
-876
-783
-688
-616
-560
-485
-361
-290
-233
-197
-185
-170
-139
-129
-125
-99
65
-6
-15
-20
-28
-33
-38
-48
-66
-71
-78
-83
-86
-95
-101
-103
-106
-107
-107
-109
-110
-114
-117
-110
-105
-107
-108
-111
-80
-73
-112
-113
-115
-117
-120
-120
-121
-121
-121
-122
-123
-124
-125
-127
-131
-135
-141
-142
-145
-151
-160
-173
-181
-191
-205
-221
-240
-281
-322
-377
-446
-544
-636
-712
-754
-773
-812
-842
-871
-904
-929
-960
-965
-989
-1004
-1008
-1018
-1018
-1017
-1017
-990
-1001
-1010
-1017
-1015
-1002
-989
-986
-911
-881
-846
-846
-684
-629
-540
-453
-325
-275
-239
-212
-195
-183
-168
-129
-122
9
1
12
-7
-17
-22
-26
-35
-50
-60
-68
-75
-78
-88
-92
-97
-102
-105
-107
-111
-112
-112
-113
-114
-116
-116
-112
-110
-111
-113
-117
-102
-96
-109
-115
-117
-119
-121
-121
-121
-121
-122
-122
-124
-126
-127
-130
-134
-140
-143
-147
-156
-163
-171
-180
-184
-203
-217
-231
-250
-296
-343
-406
-474
-546
-622
-678
-725
-772
-806
-845
-873
-861
-888
-921
-942
-951
-962
-982
-936
-931
-926
-928
-946
-962
-971
-969
-900
-923
-887
-838
-823
-764
-725
-581
-429
-362
-309
-285
-267
-229
-206
-192
-181
-146
-116
-87
30
2
-5
1
-9
-20
-24
-36
-44
-53
-63
-70
-77
-87
-90
-94
-98
-103
-109
-112
-113
-114
-115
-115
-118
-118
-118
-116
-114
-113
-117
-121
-119
-101
-104
-114
-119
-120
-121
-121
-121
-121
-122
-123
-124
-125
-126
-128
-135
-138
-142
-149
-156
-162
-174
-180
-180
-201
-212
-222
-247
-273
-308
-334
-371
-434
-574
-619
-668
-719
-728
-809
-821
-820
-837
-870
-900
-893
-835
-859
-877
-869
-857
-858
-869
-784
-812
-816
-794
-831
-820
-741
-703
-563
-413
-369
-362
-326
-283
-248
-232
-215
-185
-178
-168
-126
-111
1
96
38
30
-5
-7
-14
-28
-33
-39
-48
-56
-65
-77
-85
-89
-92
-95
-102
-107
-112
-114
-116
-116
-123
-124
-122
-120
-120
-119
-120
-119
-119
-120
-120
-115
-117
-120
-121
-121
-121
-121
-121
-121
-121
-122
-123
-124
-125
-119
-125
-133
-135
-146
-154
-165
-174
-180
-161
-166
-199
-218
-227
-244
-265
-293
-340
-388
-480
-489
-548
-621
-684
-733
-781
-779
-780
-745
-820
-785
-762
-775
-801
-792
-684
-667
-633
-592
-619
-663
-621
-617
-454
-447
-441
-425
-353
-312
-301
-291
-248
-206
-194
-185
-176
-164
-149
-119
-103
41
15
-5
-17
-23
-29
-34
-43
-54
-68
-76
-81
-85
-91
-98
-100
-104
-108
-113
-116
-123
-124
-126
-129
-128
-126
-130
-129
-127
-124
-123
-122
-123
-121
-121
-122
-122
-121
-122
-122
-121
-121
-121
-121
-122
-120
-118
-114
-109
-122
-122
-110
-141
-161
-171
-177
-177
-175
-199
-203
-215
-227
-242
-261
-285
-303
-353
-410
-456
-527
-613
-638
-617
-650
-651
-658
-709
-738
-701
-689
-598
-609
-592
-555
-486
-428
-428
-478
-381
-361
-356
-361
-356
-355
-314
-277
-228
-220
-205
-195
-187
-177
-167
-157
-119
-93
187
246
-7
-13
-19
-25
-31
-40
-56
-66
-72
-79
-85
-90
-98
-101
-103
-106
-110
-118
-121
-126
-130
-131
-134
-141
-138
-135
-135
-133
-129
-132
-131
-128
-125
-124
-124
-123
-123
-122
-122
-122
-121
-121
-120
-120
-122
-110
-101
-61
-84
-94
-98
-141
-155
-170
-178
-192
-203
-205
-201
-207
-215
-224
-220
-238
-260
-293
-338
-376
-461
-450
-456
-500
-560
-576
-580
-592
-564
-575
-543
-510
-516
-506
-449
-382
-291
-287
-294
-308
-310
-302
-304
-301
-254
-239
-221
-210
-196
-192
-187
-179
-147
-132
-124
-113
26
-5
-9
-15
-21
-27
-43
-51
-60
-69
-75
-81
-95
-99
-100
-103
-105
-112
-120
-122
-124
-129
-134
-142
-142
-143
-142
-140
-140
-141
-139
-137
-137
-135
-130
-128
-126
-124
-123
-123
-122
-122
-122
-121
-120
-118
-118
-100
-99
-104
-108
-112
-129
-150
-183
-185
-186
-193
-204
-206
-202
-200
-203
-205
-206
-210
-223
-246
-241
-284
-322
-376
-375
-388
-450
-410
-420
-441
-447
-482
-473
-439
-430
-370
-337
-296
-261
-257
-259
-264
-271
-242
-239
-233
-225
-215
-203
-193
-187
-168
-157
-142
-130
-124
-117
8
-5
-10
-16
-28
-35
-47
-56
-64
-73
-85
-89
-97
-102
-103
-109
-112
-114
-121
-125
-128
-136
-140
-143
-144
-144
-144
-144
-143
-143
-142
-140
-140
-141
-137
-133
-128
-125
-123
-123
-122
-122
-122
-122
-120
-118
-114
-107
-121
-129
-132
-140
-168
-183
-189
-191
-190
-192
-200
-198
-197
-197
-198
-199
-196
-195
-188
-194
-203
-219
-260
-299
-325
-285
-311
-347
-355
-375
-373
-368
-333
-332
-322
-323
-312
-283
-249
-240
-224
-223
-223
-223
-221
-214
-206
-198
-184
-174
-162
-151
-137
-133
-126
-119
-110
-5
-11
-23
-30
-42
-51
-61
-74
-83
-89
-94
-99
-103
-109
-112
-115
-118
-122
-132
-136
-138
-141
-145
-146
-146
-146
-145
-144
-144
-143
-142
-142
-141
-139
-134
-130
-127
-118
-121
-122
-122
-122
-123
-123
-122
-117
-118
-131
-144
-163
-172
-176
-180
-187
-192
-191
-192
-194
-195
-195
-194
-194
-189
-187
-185
-183
-184
-189
-193
-188
-202
-224
-241
-270
-290
-302
-313
-272
-265
-276
-283
-279
-281
-282
-236
-225
-218
-214
-210
-208
-206
-206
-189
-185
-183
-173
-165
-152
-138
-129
-124
-119
-111
14
27
-9
-17
-25
-33
-45
-64
-70
-76
-84
-93
-97
-106
-109
-111
-115
-121
-131
-133
-135
-139
-141
-144
-147
-147
-147
-146
-146
-145
-144
-143
-142
-142
-142
-140
-138
-134
-129
-121
-119
-121
-120
-122
-123
-124
-126
-126
-139
-148
-160
-170
-176
-179
-179
-180
-186
-189
-190
-192
-193
-192
-189
-187
-185
-183
-181
-180
-179
-171
-171
-172
-177
-187
-209
-225
-207
-216
-224
-231
-229
-228
-232
-200
-211
-222
-220
-214
-209
-205
-199
-185
-185
-184
-180
-174
-169
-160
-152
-132
-126
-120
-123
-117
-100
1
-5
-10
-18
-25
-40
-55
-67
-74
-78
-85
-98
-104
-108
-112
-114
-124
-133
-139
-139
-139
-141
-147
-148
-148
-148
-148
-147
-146
-145
-144
-144
-143
-142
-141
-142
-141
-137
-131
-124
-111
-118
-119
-121
-123
-125
-129
-138
-145
-152
-158
-166
-175
-179
-180
-180
-182
-186
-188
-187
-188
-187
-186
-184
-182
-179
-172
-170
-167
-164
-162
-162
-164
-159
-165
-172
-175
-182
-191
-197
-200
-185
-183
-185
-191
-198
-201
-200
-186
-184
-179
-175
-174
-172
-168
-164
-137
-130
-127
-128
-126
-122
-121
-113
-77
32
2
-10
-19
-33
-48
-60
-69
-80
-89
-95
-103
-107
-111
-115
-125
-128
-141
-144
-144
-147
-148
-149
-151
-150
-149
-149
-148
-146
-145
-145
-144
-143
-141
-140
-141
-141
-139
-132
-129
-123
-123
-120
-120
-124
-126
-126
-136
-147
-156
-161
-169
-174
-178
-180
-180
-181
-182
-184
-185
-186
-185
-184
-182
-175
-172
-169
-166
-161
-159
-157
-153
-153
-154
-156
-160
-163
-167
-168
-172
-175
-176
-177
-179
-185
-185
-175
-175
-175
-172
-167
-165
-164
-147
-145
-137
-129
-123
-122
-122
-121
-120
1
5
118
-5
-19
-31
-42
-55
-66
-80
-88
-93
-100
-106
-110
-118
-123
-129
-136
-143
-151
-151
-150
-150
-153
-154
-155
-152
-150
-148
-146
-146
-144
-143
-143
-140
-137
-137
-131
-132
-131
-128
-127
-127
-126
-124
-125
-127
-123
-121
-146
-161
-167
-169
-173
-176
-179
-181
-181
-181
-181
-183
-184
-180
-177
-175
-171
-169
-165
-162
-155
-153
-152
-151
-150
-150
-151
-150
-152
-157
-161
-164
-165
-165
-166
-160
-165
-169
-167
-167
-167
-164
-157
-141
-137
-139
-139
-133
-125
-120
-121
-88
-68
-78
1
-5
-10
-20
-34
-50
-68
-75
-82
-89
-99
-101
-111
-117
-121
-125
-136
-146
-150
-153
-154
-153
-153
-157
-159
-159
-155
-152
-148
-146
-145
-144
-142
-141
-140
-132
-129
-126
-126
-127
-127
-127
-129
-129
-126
-126
-127
-122
-83
-129
-166
-169
-170
-172
-175
-180
-181
-180
-180
-180
-178
-179
-177
-175
-171
-168
-164
-158
-155
-152
-151
-150
-149
-148
-146
-146
-146
-148
-150
-153
-157
-150
-146
-145
-147
-151
-154
-156
-156
-138
-137
-140
-142
-133
-133
-137
-132
-116
-125
-124
-101
-24
8
1
-5
-12
-22
-36
-65
-72
-78
-84
-91
-102
-109
-113
-118
-123
-127
-137
-149
-153
-156
-157
-160
-158
-159
-160
-161
-158
-154
-149
-146
-144
-144
-142
-135
-131
-129
-127
-123
-120
-122
-123
-125
-128
-130
-129
-128
-128
-128
-98
-102
-167
-173
-172
-172
-174
-176
-180
-180
-176
-176
-175
-174
-174
-172
-168
-160
-157
-154
-152
-150
-148
-147
-145
-144
-144
-143
-143
-142
-142
-133
-137
-142
-142
-136
-137
-139
-132
-130
-126
-129
-133
-138
-145
-144
-100
-56
-31
-92
-106
-114
-86
51
-5
-7
-13
-36
-52
-63
-77
-81
-91
-97
-107
-112
-115
-119
-128
-131
-142
-152
-156
-163
-166
-165
-163
-162
-162
-162
-159
-154
-150
-147
-144
-140
-137
-130
-126
-124
-124
-120
-120
-120
-121
-122
-127
-132
-133
-130
-128
-129
-130
-166
-175
-175
-173
-172
-172
-175
-175
-174
-173
-172
-170
-169
-163
-163
-160
-156
-152
-150
-148
-143
-142
-142
-142
-143
-142
-140
-135
-130
-126
-122
-122
-128
-134
-125
-123
-123
-124
-123
-121
-121
-127
-112
-119
-97
-46
-5
-31
-72
31
6
-5
-11
-22
-40
-56
-65
-78
-89
-94
-102
-109
-115
-125
-130
-133
-136
-143
-160
-166
-168
-170
-172
-171
-173
-168
-164
-159
-155
-151
-146
-143
-138
-132
-126
-123
-118
-119
-120
-121
-121
-120
-121
-127
-134
-136
-134
-128
-126
-163
-174
-180
-178
-175
-172
-171
-171
-171
-171
-170
-167
-160
-158
-157
-157
-155
-150
-148
-143
-142
-140
-140
-140
-139
-140
-137
-131
-130
-127
-120
-117
-115
-116
-124
-123
-120
-121
-120
-121
-127
-118
-104
6
32
129
-5
-5
18
47
21
-5
-6
-12
-23
-40
-57
-74
-84
-90
-95
-100
-115
-122
-127
-134
-139
-139
-158
-163
-169
-172
-173
-182
-182
-180
-174
-169
-164
-158
-153
-147
-143
-139
-128
-119
-117
-117
-119
-120
-122
-128
-127
-127
-129
-136
-139
-143
-131
-120
-133
-178
-183
-180
-175
-172
-170
-169
-169
-169
-164
-161
-157
-153
-151
-150
-142
-141
-140
-140
-141
-140
-139
-135
-121
-119
-122
-126
-122
-123
-110
-107
-107
-110
-118
-123
-120
-126
-129
-112
-115
-87
-5
-5
-5
-5
-5
28
-5
-7
-12
-24
-52
-61
-72
-83
-90
-99
-107
-114
-123
-129
-135
-146
-155
-162
-166
-172
-182
-183
-185
-185
-183
-179
-176
-166
-161
-156
-149
-144
-133
-122
-117
-116
-117
-120
-130
-131
-132
-132
-133
-135
-143
-145
-148
-144
-108
-143
-182
-183
-180
-176
-170
-169
-166
-165
-164
-163
-157
-153
-150
-142
-139
-139
-139
-138
-138
-141
-131
-129
-117
-105
-66
-66
-100
-96
-102
-104
-102
-104
-104
-108
-110
-117
-128
-119
-78
-69
-5
-5
-5
-5
-5
19
14
1
14
-5
-7
-18
-33
-52
-60
-71
-80
-91
-101
-106
-113
-121
-133
-139
-150
-157
-164
-169
-176
-187
-189
-189
-188
-188
-183
-176
-169
-164
-159
-149
-143
-134
-125
-117
-115
-124
-136
-137
-137
-138
-138
-144
-146
-147
-149
-151
-154
-159
-169
-184
-184
-180
-173
-167
-166
-165
-164
-162
-160
-156
-147
-142
-139
-136
-136
-138
-136
-131
-118
-104
-105
-97
32
-57
-99
-98
-97
-92
-93
-94
-97
-110
-113
-90
-5
-5
-5
-5
-5
-5
78
68
-5
-10
-18
-32
-52
-60
-74
-83
-89
-96
-106
-114
-121
-133
-142
-151
-157
-169
-174
-178
-183
-194
-199
-196
-193
-187
-180
-172
-164
-159
-151
-143
-136
-130
-126
-127
-131
-137
-143
-142
-147
-147
-148
-150
-151
-153
-158
-163
-175
-178
-185
-185
-177
-172
-166
-164
-163
-163
-159
-154
-150
-146
-140
-136
-127
-74
-94
-133
-129
-121
-77
-9
-19
-6
-99
-93
-83
-83
-85
-87
-88
-91
-69
-29
-5
-5
-5
-5
-5
-5
-5
182
-5
-10
-18
-38
-56
-65
-73
-81
-88
-98
-108
-114
-120
-130
-142
-159
-164
-169
-176
-180
-193
-199
-202
-200
-198
-193
-181
-175
-165
-158
-151
-141
-137
-133
-130
-132
-140
-144
-151
-151
-151
-151
-153
-154
-159
-161
-162
-168
-177
-183
-186
-182
-177
-169
-165
-162
-159
-161
-157
-152
-148
-145
-140
-130
-123
-93
-52
-124
-127
-101
-75
-31
-9
-5
-5
-5
-7
-18
-56
-82
-76
-74
-75
-78
-73
-69
-62
-39
-5
-5
-5
-5
-5
-5
33
-5
-5
-9
-17
-41
-55
-65
-72
-80
-92
-99
-109
-115
-120
-132
-148
-159
-165
-170
-176
-188
-193
-200
-202
-202
-202
-198
-182
-176
-167
-158
-144
-140
-138
-135
-133
-134
-153
-155
-154
-154
-154
-155
-161
-161
-161
-163
-164
-169
-179
-185
-186
-181
-173
-168
-162
-160
-157
-158
-157
-152
-143
-140
-135
-130
-125
-118
-105
-116
-114
-101
-85
-56
-23
-5
-5
-5
-5
-13
-48
-68
-67
-53
-54
-62
-67
-62
-54
-40
-7
-5
-5
-5
-5
99
-5
-5
-10
-18
-40
-53
-65
-76
-80
-87
-99
-108
-122
-128
-134
-146
-158
-165
-171
-177
-184
-194
-199
-203
-203
-203
-200
-188
-177
-170
-161
-153
-139
-138
-137
-141
-143
-155
-161
-158
-157
-160
-160
-161
-162
-162
-163
-166
-172
-178
-184
-186
-180
-167
-162
-159
-161
-158
-154
-148
-147
-144
-139
-137
-131
-126
-120
-121
-120
-114
-103
-92
-74
-57
-22
-5
-5
-5
-8
-19
-35
-41
-41
-41
-44
-60
-59
-35
-26
-16
-5
-5
-5
30
-5
-5
-9
-16
-40
-56
-67
-76
-80
-90
-97
-109
-121
-129
-137
-146
-158
-165
-171
-176
-186
-194
-201
-203
-203
-203
-200
-195
-184
-175
-167
-154
-145
-145
-142
-145
-156
-159
-162
-164
-162
-161
-162
-162
-163
-164
-165
-167
-170
-175
-181
-175
-153
-157
-162
-157
-158
-154
-147
-143
-144
-144
-140
-133
-129
-125
-121
-120
-120
-115
-107
-97
-91
-66
-45
-16
-5
-5
-5
-11
-20
-27
-30
-29
-18
-32
-68
-29
-19
-11
-5
-5
-5
85
71
2
-5
-8
-19
-41
-55
-65
-74
-83
-91
-99
-106
-115
-126
-146
-151
-158
-164
-169
-178
-189
-196
-201
-203
-204
-203
-202
-199
-193
-183
-170
-167
-160
-158
-155
-151
-161
-169
-169
-167
-165
-163
-164
-163
-163
-164
-165
-166
-168
-166
-165
-153
-118
-126
-153
-151
-149
-149
-146
-140
-139
-139
-138
-133
-129
-125
-122
-119
-117
-115
-112
-106
-97
-76
-70
-27
-5
-5
-5
-5
-9
-15
-9
-8
-6
-6
-41
-31
-9
-5
-5
69
7
2
-5
-9
-20
-36
-52
-63
-74
-80
-90
-97
-104
-112
-122
-143
-153
-159
-164
-172
-179
-190
-196
-201
-204
-205
-204
-203
-202
-200
-196
-186
-175
-170
-167
-167
-171
-170
-174
-173
-170
-168
-166
-165
-164
-163
-163
-164
-165
-165
-164
-145
-134
-113
-141
-146
-148
-144
-144
-145
-137
-134
-134
-136
-133
-129
-125
-120
-118
-115
-114
-113
-113
-112
-45
-51
7
17
60
21
20
49
1
-17
-5
23
-5
34
9
-5
-8
-18
-32
-48
-63
-72
-82
-88
-95
-102
-108
-117
-136
-155
-174
-179
-179
-187
-193
-198
-204
-205
-205
-205
-204
-204
-203
-201
-189
-182
-178
-181
-182
-179
-176
-178
-177
-176
-173
-169
-166
-165
-164
-162
-162
-163
-163
-163
-149
-115
-124
-142
-145
-145
-140
-136
-135
-134
-131
-131
-132
-128
-127
-124
-119
-116
-114
-113
-110
-109
-102
2
-86
-44
11
-5
-5
-5
-5
-9
-16
-32
-46
-59
-74
-81
-88
-94
-100
-104
-112
-149
-172
-180
-190
-201
-199
-205
-205
-206
-207
-206
-206
-205
-204
-203
-201
-195
-192
-190
-188
-187
-186
-182
-185
-183
-179
-174
-171
-169
-166
-164
-162
-161
-160
-152
-147
-139
-126
-120
-136
-139
-131
-137
-135
-131
-128
-127
-123
-124
-125
-126
-125
-118
-115
-109
-108
-107
-104
-96
21
28
17
27
132
-5
-5
-5
-5
-9
-16
-28
-43
-54
-66
-81
-86
-92
-97
-102
-103
-112
-151
-188
-195
-202
-210
-210
-209
-209
-209
-209
-207
-206
-205
-204
-203
-199
-196
-195
-194
-192
-194
-191
-189
-186
-182
-177
-176
-172
-168
-165
-162
-157
-153
-148
-141
-135
-127
-121
-120
-123
-117
-115
-127
-130
-121
-120
-120
-121
-122
-122
-120
-117
-112
-107
-104
-105
-102
-100
-68
-5
8
-5
-5
-5
5
5
2
1
-5
-5
2
-5
-7
-13
-25
-40
-56
-71
-80
-85
-90
-95
-100
-103
-106
-125
-190
-203
-206
-211
-213
-212
-214
-214
-212
-209
-206
-204
-205
-202
-201
-199
-198
-200
-200
-198
-196
-193
-190
-185
-181
-179
-175
-170
-166
-161
-157
-152
-146
-138
-124
-112
-109
-111
-110
-98
-87
-82
-97
-120
-125
-120
-120
-123
-119
-110
-111
-109
-106
-100
-98
-96
-97
-5
-5
-5
-5
-5
-5
-5
-5
87
32
-5
-5
-5
-5
-5
-6
-11
-24
-44
-57
-70
-79
-84
-88
-93
-101
-104
-106
-130
-179
-199
-205
-212
-215
-214
-215
-217
-215
-212
-205
-202
-204
-203
-201
-200
-200
-202
-202
-201
-199
-200
-197
-189
-184
-181
-177
-172
-165
-162
-158
-152
-142
-130
-122
-108
-100
-103
-100
-79
-42
-50
-118
-130
-121
-118
-118
-117
-103
-100
-93
-93
-88
-88
-88
-87
-88
-23
-5
-5
-5
-5
-5
-5
-5
-5
-5
23
-5
7
-5
-5
-5
-5
-5
-5
4
-5
-5
-10
-18
-40
-53
-67
-79
-83
-87
-91
-96
-107
-112
-118
-150
-173
-180
-187
-207
-208
-211
-218
-220
-216
-207
-196
-200
-199
-198
-199
-200
-201
-203
-203
-203
-202
-201
-194
-187
-182
-178
-174
-166
-162
-156
-149
-143
-130
-121
-103
-97
-98
-97
-88
-62
-5
-15
-33
-74
-95
-86
-104
-104
-91
-84
-83
-82
-78
-78
-65
-61
-50
-11
-5
-5
-5
-5
-5
-5
-5
-5
-5
5
-5
-5
-5
-5
-5
-5
-5
-5
23
-5
-5
-9
-15
-31
-54
-63
-74
-81
-85
-90
-97
-106
-115
-121
-136
-144
-159
-153
-165
-189
-174
-210
-219
-219
-213
-189
-186
-190
-190
-197
-200
-203
-204
-204
-204
-203
-202
-199
-194
-186
-179
-174
-168
-160
-155
-149
-143
-130
-107
-71
-98
-97
-97
-95
-85
-75
-40
-5
-9
-63
-81
-76
-73
-60
-58
-57
-54
-51
-37
-18
-5
-5
-5
-5
-5
-5
-5
-5
-5
-5
-5
-5
-5
-5
-5
-5
-5
-5
96
-5
-5
-7
-14
-28
-51
-60
-69
-78
-83
-90
-94
-101
-115
-123
-132
-133
-139
-139
-123
-127
-156
-180
-209
-203
-208
-186
-175
-181
-179
-195
-204
-205
-205
-205
-204
-204
-203
-202
-199
-192
-185
-177
-171
-162
-155
-150
-136
-126
-96
81
-78
-98
-98
-101
-105
-102
-65
-11
-5
-13
-53
-49
-51
-50
-49
-47
-44
-39
-22
-12
4
-5
-5
-5
-5
-5
3
3
3
4
4
98
60
6
-5
-5
19
-5
-7
-12
-32
-48
-59
-68
-77
-82
-88
-93
-99
-111
-120
-126
-129
-127
-126
-122
-121
-130
-145
-146
-165
-189
-193
-167
-161
-169
-201
-207
-207
-207
-207
-206
-204
-204
-203
-202
-199
-189
-179
-174
-164
-152
-146
-138
-130
-120
-97
-111
-111
-106
-104
-108
-112
-115
-90
92
-5
-17
-37
-39
-39
-39
-27
-23
-19
-15
-9
-5
1
9
10
13
63
23
-5
65
-5
-6
-10
-18
-48
-59
-65
-74
-81
-88
-92
-97
-105
-115
-122
-124
-125
-125
-122
-119
-119
-122
-126
-135
-146
-140
-145
-150
-161
-178
-211
-214
-211
-208
-207
-205
-204
-203
-203
-201
-196
-187
-167
-139
-144
-147
-142
-133
-121
-124
-124
-120
-115
-111
-115
-119
-123
-119
-103
-57
-23
-25
-19
-13
-13
-22
-28
-18
-18
-18
-15
-11
-8
-5
294
9
3
-5
-5
-5
43
-5
-5
-9
-23
-41
-56
-62
-70
-81
-86
-91
-96
-102
-109
-119
-122
-124
-124
-122
-119
-119
-119
-121
-121
-125
-129
-135
-140
-151
-202
-218
-218
-214
-210
-207
-205
-204
-204
-203
-200
-200
-195
-165
-121
-126
-147
-143
-135
-122
-120
-125
-121
-122
-121
-118
-119
-123
-126
-126
-124
-79
-54
-38
-27
-19
-17
-12
-10
-8
-10
-8
99
3
5
-5
-5
-5
-5
-5
-5
-5
2
-5
-5
-12
-19
-33
-49
-59
-66
-79
-84
-89
-94
-99
-108
-116
-121
-121
-122
-121
-121
-120
-119
-119
-120
-122
-124
-129
-136
-151
-182
-217
-221
-217
-213
-208
-205
-204
-204
-203
-201
-198
-192
-154
-99
-141
-149
-145
-138
-127
-119
-120
-120
-122
-123
-120
-119
-123
-126
-130
-125
-104
-83
-64
-57
-33
-21
-11
-5
16
6
-5
-5
-5
-5
-5
-5
-5
-5
-5
-5
-5
-5
-5
-8
-16
-29
-44
-56
-62
-77
-83
-87
-92
-96
-101
-111
-113
-116
-119
-120
-120
-120
-120
-120
-120
-121
-123
-127
-134
-140
-163
-202
-213
-219
-214
-208
-206
-204
-203
-202
-201
-195
-190
-144
-116
-142
-152
-148
-141
-136
-124
-122
-122
-122
-123
-122
-120
-121
-124
-127
-128
-119
-111
-102
-79
-47
-31
-17
-5
-5
47
16
-5
-5
-5
-5
-5
-5
-5
-5
-5
-5
3
-5
-9
-15
-24
-39
-53
-60
-74
-81
-85
-89
-94
-101
-104
-107
-111
-113
-112
-115
-118
-120
-120
-120
-121
-122
-124
-130
-140
-143
-157
-182
-213
-212
-209
-205
-203
-202
-201
-200
-187
-178
-161
-135
-147
-154
-153
-147
-139
-132
-127
-125
-127
-126
-124
-122
-120
-122
-125
-126
-124
-118
-111
-86
-64
-49
-30
-14
-5
-5
14
2
14
8
3
5
-5
-5
-5
-5
-5
-5
-5
-5
-5
-5
-5
-5
-9
-13
-20
-31
-49
-65
-71
-77
-82
-86
-93
-99
-102
-103
-100
-103
-105
-109
-113
-116
-118
-120
-121
-121
-122
-125
-132
-137
-144
-155
-181
-200
-206
-205
-202
-201
-200
-198
-190
-178
-171
-155
-166
-160
-156
-151
-144
-139
-136
-132
-131
-129
-127
-124
-122
-120
-123
-125
-125
-121
-114
-103
-86
-64
-42
-17
-7
-5
-5
-5
-5
1
3
-5
7
15
10
8
12
-5
6
-5
-5
-5
-5
43
2
-7
-12
-17
-27
-41
-60
-69
-74
-79
-83
-87
-94
-99
-97
-97
-98
-100
-102
-104
-109
-113
-117
-120
-120
-119
-121
-128
-132
-138
-141
-146
-176
-201
-205
-202
-200
-200
-199
-196
-186
-184
-178
-175
-169
-160
-154
-150
-146
-141
-137
-134
-132
-132
-129
-125
-121
-121
-123
-123
-123
-121
-112
-101
-80
-56
-35
-14
-6
-5
-5
-5
6
101
248
-5
-5
-5
25
-6
-11
-16
-23
-35
-59
-67
-72
-76
-80
-85
-88
-92
-94
-95
-96
-96
-97
-100
-104
-110
-114
-114
-116
-117
-119
-123
-125
-130
-136
-142
-159
-196
-199
-203
-200
-200
-200
-200
-200
-191
-185
-183
-179
-171
-158
-153
-150
-146
-142
-141
-139
-136
-132
-128
-122
-120
-121
-122
-123
-122
-118
-110
-98
-70
-35
-19
-9
-5
-5
-5
36
11
-5
23
-5
-9
-14
-20
-37
-56
-66
-70
-74
-78
-81
-85
-88
-91
-93
-92
-94
-95
-97
-100
-103
-108
-111
-113
-115
-115
-118
-121
-125
-130
-135
-133
-149
-177
-198
-200
-202
-202
-200
-200
-198
-192
-191
-187
-178
-164
-158
-154
-153
-149
-145
-143
-140
-137
-132
-127
-122
-120
-121
-123
-124
-124
-119
-107
-69
-43
-24
-9
-5
-5
2
-5
-5
12
-5
-8
-12
-18
-29
-49
-63
-68
-71
-74
-78
-81
-85
-86
-88
-90
-92
-93
-94
-97
-100
-104
-108
-110
-111
-113
-115
-117
-121
-124
-128
-128
-130
-151
-175
-187
-200
-203
-202
-200
-200
-199
-196
-191
-185
-172
-169
-162
-158
-155
-150
-147
-146
-143
-139
-131
-126
-121
-120
-121
-124
-126
-124
-116
-96
-44
-22
-10
-5
-5
-5
-5
-5
31
-5
-7
-12
-16
-31
-44
-58
-65
-69
-74
-77
-79
-81
-83
-86
-87
-89
-90
-93
-95
-98
-101
-103
-106
-108
-110
-112
-113
-117
-122
-125
-125
-125
-126
-139
-162
-189
-202
-206
-204
-202
-202
-200
-196
-189
-182
-177
-172
-164
-159
-159
-154
-150
-147
-141
-135
-132
-127
-122
-120
-123
-127
-130
-127
-92
-49
-23
-9
25
-5
2
-5
-5
-5
85
-5
-7
-11
-15
-27
-40
-52
-62
-67
-72
-75
-77
-80
-81
-83
-82
-85
-88
-91
-94
-96
-99
-101
-104
-106
-106
-107
-109
-113
-121
-123
-123
-123
-123
-129
-141
-156
-178
-205
-207
-205
-204
-205
-202
-196
-189
-183
-180
-172
-167
-164
-159
-155
-149
-146
-140
-135
-131
-124
-120
-120
-125
-130
-125
-106
-54
-22
34
13
-5
1
8
2
-5
-5
-5
33
99
219
-5
-6
-10
-15
-25
-35
-46
-57
-63
-70
-73
-76
-78
-80
-80
-80
-82
-86
-88
-92
-94
-97
-100
-102
-103
-104
-105
-106
-108
-113
-119
-122
-122
-122
-124
-126
-136
-160
-199
-210
-210
-209
-207
-205
-201
-196
-194
-187
-180
-173
-168
-164
-161
-157
-150
-144
-139
-135
-132
-124
-120
-121
-127
-122
-60
-22
8
-5
-5
1
-5
-5
-5
-5
-5
-5
73
-5
-5
-10
-14
-23
-31
-42
-52
-60
-68
-71
-74
-77
-79
-80
-80
-80
-83
-86
-90
-92
-95
-97
-99
-101
-102
-103
-102
-101
-106
-113
-119
-121
-121
-122
-123
-128
-143
-198
-211
-212
-211
-210
-207
-206
-204
-200
-193
-182
-177
-176
-170
-165
-159
-155
-149
-144
-140
-135
-129
-123
-121
-117
-101
-42
-5
21
-5
-5
-5
-5
-5
-5
-5
-5
1
31
60
-5
-5
-8
-15
-21
-30
-38
-48
-60
-65
-70
-73
-76
-79
-80
-80
-81
-82
-86
-88
-90
-92
-95
-98
-99
-100
-101
-101
-100
-100
-106
-113
-118
-121
-121
-122
-124
-132
-178
-205
-213
-213
-213
-211
-209
-207
-204
-196
-191
-185
-181
-175
-167
-163
-161
-156
-148
-140
-139
-135
-127
-120
-95
-74
-21
-5
-5
-5
-5
-5
-5
-5
-5
-5
-5
-5
1
43
-5
-7
-15
-21
-28
-36
-44
-58
-64
-68
-71
-74
-78
-79
-80
-81
-82
-85
-87
-89
-91
-94
-96
-96
-98
-99
-101
-100
-100
-102
-108
-118
-121
-121
-121
-121
-132
-153
-187
-205
-211
-214
-214
-212
-209
-207
-202
-196
-189
-184
-176
-172
-167
-164
-161
-148
-141
-142
-144
-134
-117
-98
-5
-5
-5
-5
-5
-5
-5
-5
-5
-5
10
-5
-7
-14
-19
-26
-34
-44
-56
-62
-66
-70
-74
-78
-79
-80
-81
-82
-84
-85
-87
-89
-90
-93
-95
-96
-98
-98
-100
-100
-101
-105
-111
-119
-121
-121
-120
-119
-134
-149
-179
-204
-214
-216
-216
-213
-209
-204
-200
-193
-188
-183
-175
-170
-166
-163
-157
-141
-142
-147
-141
-110
-5
1
23
6
-5
-5
-5
18
71
9
-5
-5
-5
14
-5
-6
-12
-17
-24
-33
-41
-54
-60
-65
-69
-74
-77
-79
-81
-81
-82
-83
-84
-86
-87
-90
-91
-93
-95
-95
-97
-99
-100
-101
-103
-110
-115
-120
-121
-120
-118
-123
-138
-154
-187
-207
-217
-218
-215
-210
-206
-202
-197
-192
-185
-179
-174
-167
-162
-155
-143
-141
-147
-128
-35
-6
5
4
3
2
-5
-7
-12
-16
-22
-29
-42
-53
-60
-64
-68
-73
-77
-79
-81
-81
-82
-83
-84
-85
-86
-88
-90
-91
-92
-94
-96
-97
-98
-99
-102
-106
-111
-117
-119
-119
-119
-120
-130
-136
-165
-183
-209
-217
-217
-212
-209
-204
-199
-192
-188
-186
-180
-171
-161
-157
-148
-137
-132
-88
49
9
-5
-5
-5
5
-5
-5
-11
-15
-20
-27
-35
-49
-59
-62
-66
-72
-76
-79
-80
-81
-82
-82
-83
-84
-85
-87
-88
-89
-91
-92
-94
-95
-96
-98
-99
-103
-106
-110
-115
-117
-119
-119
-121
-129
-146
-162
-176
-182
-208
-213
-210
-207
-202
-198
-192
-190
-187
-178
-165
-159
-153
-136
-124
-60
-5
-5
-6
-10
-13
-19
-26
-37
-46
-55
-60
-65
-71
-75
-78
-80
-81
-81
-82
-82
-83
-84
-85
-87
-88
-89
-91
-92
-93
-95
-96
-98
-100
-103
-106
-110
-115
-117
-119
-120
-124
-136
-138
-135
-145
-196
-209
-210
-208
-207
-201
-196
-193
-192
-193
-163
-159
-156
-144
-111
-15
32
1
-5
-9
-13
-17
-28
-36
-43
-52
-59
-66
-70
-74
-78
-80
-81
-81
-82
-82
-82
-84
-84
-85
-86
-87
-89
-90
-92
-92
-94
-97
-99
-101
-103
-104
-109
-114
-119
-120
-124
-128
-132
-130
-129
-160
-177
-198
-206
-209
-208
-202
-203
-199
-196
-180
-160
-156
-106
-61
-22
-5
2
-5
-9
-12
-16
-22
-36
-42
-50
-56
-62
-69
-74
-77
-79
-80
-81
-81
-82
-82
-83
-83
-84
-85
-86
-88
-89
-89
-91
-92
-95
-97
-98
-100
-100
-104
-110
-116
-120
-122
-124
-127
-127
-123
-129
-147
-176
-196
-205
-214
-217
-214
-208
-201
-189
-161
-138
-95
-59
-29
-5
6
-5
-8
-12
-15
-27
-36
-41
-47
-56
-64
-68
-72
-77
-80
-81
-81
-81
-81
-82
-82
-82
-83
-84
-85
-85
-87
-88
-89
-91
-92
-94
-96
-98
-98
-99
-103
-109
-116
-122
-122
-120
-121
-121
-123
-129
-145
-158
-191
-207
-217
-215
-206
-119
-110
-130
-114
-65
-52
-17
-6
-5
-5
-7
-12
-16
-25
-34
-40
-47
-55
-63
-67
-71
-76
-79
-81
-81
-81
-81
-81
-82
-82
-82
-82
-83
-84
-85
-86
-87
-88
-90
-92
-94
-95
-96
-97
-100
-105
-113
-116
-118
-118
-118
-120
-120
-120
-122
-131
-171
-190
-206
-174
-103
-98
-102
-94
-58
-5
-10
-6
-5
16
-5
-8
-12
-15
-20
-34
-38
-44
-53
-62
-67
-71
-75
-78
-80
-81
-81
-81
-81
-81
-81
-81
-81
-81
-83
-84
-84
-85
-87
-88
-90
-90
-92
-94
-96
-98
-101
-103
-110
-114
-115
-116
-117
-119
-121
-120
-121
-146
-154
-167
-133
-105
-82
-102
-5
-5
-5
-5
-5
-5
14
-5
-8
-11
-15
-26
-34
-38
-42
-51
-62
-66
-70
-74
-77
-80
-81
-81
-81
-81
-81
-81
-81
-81
-81
-81
-82
-83
-84
-85
-85
-87
-88
-91
-92
-94
-95
-97
-100
-104
-109
-109
-111
-114
-118
-121
-123
-123
-122
-134
-134
-112
-80
-32
18
-5
-5
-5
-5
18
1
16
-5
-7
-13
-17
-25
-34
-41
-47
-57
-62
-66
-69
-73
-78
-80
-81
-80
-80
-80
-81
-81
-81
-80
-80
-80
-81
-82
-83
-83
-84
-85
-86
-89
-89
-90
-92
-96
-97
-98
-101
-105
-108
-111
-115
-122
-129
-132
-124
-125
-123
3
-41
-28
-7
-5
3
-5
17
3
25
-7
-12
-20
-25
-32
-42
-48
-56
-62
-66
-69
-72
-77
-79
-80
-80
-80
-80
-80
-80
-80
-80
-80
-80
-80
-81
-82
-82
-82
-83
-84
-85
-87
-88
-90
-93
-94
-95
-98
-102
-105
-105
-109
-117
-134
-140
-137
-124
-76
-33
-25
-22
-10
-5
-5
1
-5
-5
18
-5
-7
-12
-17
-29
-34
-41
-49
-56
-63
-66
-69
-72
-76
-79
-80
-80
-80
-80
-80
-80
-80
-80
-80
-80
-80
-80
-81
-81
-81
-80
-81
-84
-85
-87
-87
-89
-91
-93
-95
-96
-101
-102
-104
-110
-122
-147
-144
-121
-34
-6
-5
-5
-5
-5
-5
-5
10
15
19
-5
-8
-16
-25
-31
-35
-40
-53
-60
-63
-65
-68
-71
-75
-78
-80
-80
-80
-80
-80
-80
-80
-80
-80
-80
-80
-80
-81
-80
-80
-80
-81
-82
-83
-84
-85
-87
-89
-91
-91
-95
-98
-101
-101
-101
-116
-140
-140
-103
-5
-5
-5
-5
-5
-5
8
41
-5
-15
-18
-26
-34
-38
-46
-58
-61
-63
-65
-68
-72
-74
-77
-79
-79
-80
-80
-80
-80
-80
-80
-80
-80
-80
-80
-80
-80
-80
-80
-80
-80
-81
-82
-84
-85
-85
-87
-89
-92
-96
-99
-101
-100
-102
-122
-131
1
-5
-5
-5
-5
-5
15
14
5
3
15
27
-12
-19
-21
-27
-36
-41
-48
-54
-61
-64
-66
-68
-70
-73
-76
-77
-79
-79
-80
-80
-80
-80
-80
-80
-80
-80
-80
-80
-80
-80
-80
-80
-80
-80
-81
-81
-82
-83
-84
-86
-89
-90
-96
-101
-106
-104
-91
-5
-5
-5
-5
-5
-5
22
12
7
-5
-8
-9
-14
-21
-25
-34
-38
-42
-50
-58
-63
-65
-66
-68
-71
-73
-75
-76
-78
-79
-79
-79
-80
-80
-80
-80
-80
-80
-80
-80
-80
-80
-80
-80
-80
-80
-80
-80
-81
-82
-82
-82
-84
-86
-91
-99
-115
-114
-88
-43
-5
-5
-5
-5
-5
1
2
-5
-7
-10
-13
-16
-26
-33
-37
-41
-45
-59
-62
-64
-65
-66
-69
-71
-72
-74
-76
-77
-78
-79
-79
-79
-80
-80
-80
-80
-80
-80
-80
-80
-80
-80
-81
-81
-81
-80
-80
-80
-80
-80
-81
-82
-83
-83
-96
-112
-117
-93
16
-5
-5
-5
-5
2
1
-5
-6
-8
-12
-15
-23
-28
-33
-39
-44
-55
-60
-63
-65
-66
-67
-69
-71
-72
-74
-75
-76
-78
-78
-79
-79
-79
-80
-80
-80
-80
-80
-80
-80
-81
-82
-82
-82
-82
-81
-82
-82
-81
-80
-80
-80
-80
-80
-82
-102
-114
1
8
-5
-5
3
1
-5
8
-5
-5
-7
-10
-16
-20
-25
-30
-37
-46
-51
-57
-61
-65
-66
-67
-68
-69
-70
-72
-73
-74
-76
-77
-78
-78
-79
-79
-80
-80
-80
-80
-81
-81
-81
-81
-82
-82
-83
-84
-84
-84
-83
-83
-82
-83
-83
-83
-83
-80
-80
-86
10
12
43
-5
-5
3
-5
-5
-6
-9
-15
-18
-22
-27
-32
-42
-47
-52
-59
-64
-66
-67
-67
-68
-70
-71
-72
-73
-74
-75
-76
-77
-78
-79
-79
-79
-80
-80
-80
-81
-81
-81
-82
-82
-83
-84
-85
-85
-85
-85
-86
-86
-86
-86
-87
-93
-92
-85
-65
24
10
5
-5
-5
2
9
14
-5
-5
-10
-13
-15
-20
-24
-34
-39
-44
-48
-53
-60
-64
-66
-67
-67
-68
-69
-70
-71
-72
-73
-75
-76
-76
-77
-78
-78
-79
-79
-80
-80
-81
-81
-81
-82
-83
-84
-84
-85
-86
-87
-88
-88
-88
-88
-89
-95
-97
-96
-88
-5
-5
-5
-5
-5
-8
-11
-14
-18
-21
-29
-35
-41
-46
-53
-57
-61
-63
-66
-67
-68
-68
-69
-70
-71
-72
-73
-74
-75
-76
-77
-77
-78
-79
-79
-79
-80
-81
-81
-82
-83
-83
-84
-85
-86
-88
-88
-89
-89
-89
-92
-94
-97
-100
-99
5
8
-5
-5
4
2
2
-6
-9
-12
-15
-23
-27
-31
-35
-41
-51
-55
-59
-61
-64
-66
-67
-68
-68
-69
-70
-71
-72
-73
-74
-74
-75
-76
-77
-77
-78
-79
-79
-80
-80
-81
-82
-83
-83
-84
-86
-87
-88
-89
-89
-91
-92
-93
-96
-99
-104
-102
1
-5
-5
-5
-5
-5
-7
-10
-13
-19
-25
-29
-33
-40
-47
-52
-55
-59
-63
-64
-66
-67
-67
-69
-69
-70
-71
-71
-72
-73
-74
-75
-76
-76
-77
-77
-78
-79
-79
-80
-81
-82
-83
-84
-85
-86
-87
-88
-90
-91
-92
-93
-94
-96
-105
-109
-106
-81
-5
-5
-5
-5
32
-5
-5
-7
-13
-16
-20
-26
-30
-38
-42
-46
-53
-56
-61
-62
-64
-65
-66
-67
-68
-69
-70
-70
-71
-72
-73
-73
-74
-75
-76
-76
-77
-77
-78
-79
-80
-80
-81
-82
-83
-84
-85
-87
-89
-90
-91
-92
-94
-96
-98
-101
-109
-108
41
-5
8
-5
-5
-5
-5
2
-5
-11
-14
-17
-21
-31
-36
-39
-43
-49
-56
-60
-61
-62
-64
-65
-66
-67
-68
-69
-69
-70
-71
-72
-72
-73
-73
-74
-75
-76
-76
-77
-78
-78
-79
-80
-81
-82
-83
-84
-86
-87
-88
-89
-90
-93
-95
-97
-98
-102
-107
-102
20
36
-5
-5
32
-5
-5
-8
-12
-15
-18
-28
-33
-37
-41
-44
-52
-56
-60
-62
-63
-64
-65
-66
-67
-68
-68
-69
-70
-70
-71
-71
-72
-73
-74
-74
-75
-75
-76
-77
-77
-78
-79
-81
-82
-83
-84
-86
-87
-88
-89
-90
-93
-95
-97
-99
-98
-97
-96
3
4
24
-5
20
-5
-5
-5
-9
-13
-16
-22
-27
-34
-38
-44
-47
-52
-56
-59
-62
-63
-64
-65
-66
-67
-67
-68
-69
-69
-70
-70
-71
-72
-72
-73
-73
-74
-75
-75
-76
-77
-78
-78
-80
-81
-82
-83
-85
-87
-88
-88
-89
-92
-94
-98
-100
-98
-91
-82
24
9
3
-5
-5
-5
-10
-16
-20
-24
-28
-36
-42
-45
-48
-53
-58
-60
-62
-63
-64
-65
-66
-66
-67
-68
-68
-69
-69
-70
-70
-71
-71
-72
-73
-73
-73
-74
-75
-76
-77
-77
-79
-80
-81
-83
-85
-86
-87
-88
-88
-90
-92
-96
-100
-98
-90
-53
1
-5
3
19
-5
5
3
-5
-6
-13
-17
-21
-25
-35
-39
-43
-46
-48
-55
-58
-60
-62
-63
-64
-65
-65
-66
-67
-67
-68
-68
-69
-69
-70
-70
-71
-71
-71
-72
-73
-74
-74
-75
-75
-77
-78
-79
-80
-82
-84
-86
-86
-87
-87
-88
-90
-94
-100
-92
-71
7
60
-5
-5
-5
2
-5
2
-5
-5
-9
-13
-17
-22
-29
-34
-39
-43
-46
-50
-55
-58
-61
-62
-63
-64
-64
-65
-66
-66
-67
-67
-68
-68
-69
-69
-69
-70
-70
-71
-71
-72
-73
-73
-74
-74
-75
-77
-78
-79
-81
-83
-85
-86
-86
-86
-86
-87
-87
-91
-87
-62
52
-5
37
-5
-5
-5
10
5
-5
-7
-9
-14
-17
-25
-30
-37
-40
-45
-47
-50
-55
-58
-61
-62
-63
-64
-64
-65
-65
-66
-67
-67
-67
-68
-68
-69
-69
-69
-70
-70
-71
-71
-71
-72
-73
-73
-74
-75
-76
-78
-80
-82
-84
-85
-85
-85
-84
-81
-82
-84
-79
1
3
-5
-5
-5
1
5
8
27
-5
-6
-8
-10
-17
-20
-25
-31
-38
-43
-45
-47
-50
-56
-59
-61
-62
-63
-63
-64
-65
-65
-66
-66
-67
-67
-67
-68
-68
-68
-68
-69
-69
-69
-70
-71
-71
-72
-72
-73
-74
-75
-77
-78
-80
-82
-84
-85
-83
-81
-78
-77
-75
-48
-5
1
1
54
-5
-5
-5
-5
2
-5
-5
-5
-7
-9
-15
-18
-21
-26
-34
-41
-43
-45
-48
-52
-55
-58
-60
-62
-63
-63
-64
-64
-65
-65
-66
-66
-67
-67
-67
-67
-67
-68
-68
-68
-68
-69
-70
-70
-70
-71
-72
-73
-73
-74
-77
-79
-81
-82
-84
-84
-81
-77
-65
-57
-41
-18
-5
-5
-5
-5
-5
-5
-5
-5
3
-5
-5
-6
-7
-8
-12
-15
-19
-22
-30
-35
-41
-44
-46
-49
-51
-55
-58
-61
-61
-62
-63
-63
-64
-64
-65
-65
-66
-66
-66
-67
-67
-66
-67
-67
-67
-68
-67
-68
-69
-69
-70
-70
-71
-72
-73
-75
-77
-78
-80
-82
-84
-82
-77
-66
-51
-33
-15
-5
-5
-5
-5
-5
-5
-5
4
15
2
54
1
-5
-5
-7
-10
-12
-14
-16
-20
-27
-32
-36
-41
-44
-46
-48
-52
-54
-57
-60
-61
-62
-63
-63
-64
-64
-65
-65
-65
-66
-66
-66
-66
-66
-66
-66
-66
-66
-67
-67
-68
-68
-68
-69
-70
-70
-71
-72
-73
-75
-78
-81
-83
-84
-81
-63
-49
-19
-5
1
-5
-5
-5
-5
-5
-5
4
1
-5
-5
-5
-5
-5
-9
-11
-13
-15
-21
-25
-29
-33
-37
-43
-44
-46
-48
-52
-54
-57
-59
-61
-62
-62
-63
-63
-64
-64
-65
-65
-65
-65
-65
-65
-65
-66
-65
-65
-65
-66
-66
-66
-67
-67
-68
-68
-68
-69
-70
-71
-73
-73
-77
-81
-84
-85
-75
-49
-16
-5
-5
-5
-5
-5
-5
-5
12
3
1
4
7
2
32
4
-5
-5
-5
-5
-7
-10
-12
-14
-18
-20
-26
-30
-38
-41
-43
-44
-46
-48
-50
-53
-56
-59
-60
-61
-62
-63
-63
-64
-64
-64
-65
-65
-65
-65
-65
-65
-65
-64
-64
-64
-65
-65
-65
-66
-66
-67
-67
-67
-68
-68
-69
-68
-70
-74
-77
-81
-86
-79
-57
-12
-5
-5
-5
-5
-5
-5
-5
5
9
29
9
1
-5
2
-5
-5
-7
-10
-12
-16
-18
-23
-27
-35
-38
-41
-43
-45
-46
-48
-51
-53
-55
-58
-60
-61
-62
-62
-63
-63
-64
-64
-64
-64
-65
-65
-64
-64
-64
-64
-64
-63
-63
-64
-64
-65
-65
-65
-65
-66
-67
-66
-66
-66
-66
-70
-70
-72
-78
-81
-54
-5
-5
-5
-5
-5
-5
-5
-5
-5
2
39
4
-5
-5
-5
-5
-8
-12
-14
-17
-19
-24
-32
-36
-39
-42
-44
-45
-46
-48
-50
-52
-54
-57
-60
-61
-61
-62
-62
-63
-63
-63
-64
-64
-64
-64
-64
-64
-64
-63
-63
-62
-62
-63
-62
-63
-64
-64
-64
-64
-64
-65
-65
-64
-61
-64
-66
-66
-68
-71
-5
-5
-5
-5
-5
-5
-5
-5
-5
-5
-5
-5
-5
-5
-6
-9
-13
-15
-17
-21
-25
-32
-37
-40
-42
-44
-45
-46
-47
-49
-51
-53
-56
-58
-61
-61
-61
-62
-62
-63
-63
-63
-63
-64
-64
-64
-64
-63
-63
-62
-62
-61
-61
-61
-62
-63
-63
-63
-63
-63
-63
-64
-63
-61
-59
-62
-62
-41
1
-5
-5
-5
-5
17
-5
-5
-5
-5
-5
-5
-5
2
1
-5
-5
-8
-10
-13
-15
-18
-21
-27
-31
-38
-41
-42
-44
-45
-46
-47
-49
-50
-52
-54
-58
-60
-61
-61
-61
-62
-62
-63
-63
-63
-63
-63
-63
-63
-63
-62
-62
-61
-60
-60
-60
-61
-61
-62
-62
-62
-62
-61
-62
-62
-61
-58
-53
-49
-29
-5
-5
-5
7
-5
23
-5
-5
-5
-5
-5
1
-5
2
1
-5
-6
-8
-10
-13
-17
-19
-21
-27
-32
-37
-40
-42
-43
-44
-45
-46
-48
-49
-51
-53
-56
-59
-60
-60
-61
-62
-62
-62
-62
-63
-63
-62
-63
-62
-62
-62
-61
-60
-60
-60
-60
-60
-61
-61
-62
-61
-60
-60
-61
-62
-62
-56
-50
-44
-29
-11
-5
-5
12
-5
-5
-5
-5
-5
-5
-5
2
-5
90
-5
-5
-6
-8
-12
-15
-17
-19
-21
-28
-32
-36
-40
-42
-43
-44
-45
-46
-47
-48
-50
-52
-54
-56
-58
-59
-61
-61
-61
-62
-62
-62
-62
-62
-62
-62
-61
-61
-61
-60
-60
-60
-60
-60
-60
-61
-61
-60
-60
-60
-60
-60
-60
-56
-48
-37
-21
-11
-5
-5
13
-5
-5
2
-5
-5
-5
-5
8
1
4
1
-5
-6
-10
-12
-16
-18
-21
-23
-28
-31
-35
-40
-42
-43
-43
-44
-45
-46
-47
-49
-50
-53
-55
-57
-57
-59
-61
-61
-61
-61
-61
-61
-61
-62
-61
-60
-61
-61
-60
-59
-59
-59
-60
-60
-60
-60
-60
-59
-59
-60
-60
-59
-55
-48
-34
-20
-11
-5
-5
-5
-5
-5
-5
-5
-5
-5
-5
27
-5
23
1
-5
-7
-10
-12
-16
-19
-22
-24
-27
-32
-35
-39
-41
-42
-43
-43
-44
-45
-46
-47
-49
-51
-53
-54
-56
-59
-60
-61
-60
-60
-61
-61
-60
-60
-60
-59
-59
-57
-57
-57
-58
-58
-58
-59
-59
-60
-59
-57
-57
-59
-60
-59
-53
-44
-29
-19
-10
2
-5
-5
-5
-5
-5
-5
-5
-5
54
-5
2
40
-5
-5
-7
-9
-12
-17
-19
-22
-24
-28
-31
-34
-38
-41
-42
-42
-43
-43
-44
-45
-46
-48
-49
-51
-53
-54
-57
-58
-59
-59
-59
-60
-58
-58
-58
-58
-57
-55
-55
-55
-56
-55
-55
-57
-57
-58
-57
-56
-56
-56
-56
-57
-59
-56
-46
-29
-13
-5
-5
-5
-5
-5
-5
-5
-5
-5
-5
-5
29
7
-5
-5
-7
-9
-13
-17
-19
-21
-24
-28
-31
-34
-37
-40
-42
-42
-42
-42
-43
-44
-45
-46
-48
-49
-51
-53
-53
-56
-57
-58
-56
-56
-56
-56
-55
-52
-52
-52
-52
-53
-51
-52
-54
-55
-56
-55
-55
-55
-54
-54
-52
-52
-55
-56
-49
-31
-13
-5
8
-5
-5
-5
-5
-5
-5
-5
-5
1
6
16
-5
-7
-10
-12
-16
-19
-22
-24
-28
-30
-33
-36
-39
-41
-41
-42
-42
-42
-43
-43
-44
-47
-48
-49
-50
-52
-54
-55
-54
-55
-54
-54
-54
-50
-50
-50
-50
-47
-48
-48
-50
-51
-52
-53
-54
-54
-53
-51
-51
-50
-46
-45
-9
-40
-26
-12
-5
-5
-5
-5
-5
-5
-5
-5
-5
-5
4
-5
21
-5
-6
-9
-12
-17
-20
-22
-24
-27
-30
-33
-35
-39
-41
-41
-41
-41
-41
-41
-42
-43
-45
-46
-47
-49
-51
-51
-52
-53
-53
-53
-51
-50
-48
-47
-47
-44
-44
-45
-45
-47
-48
-50
-52
-52
-52
-50
-50
-49
-49
-41
-20
-28
-26
-12
5
2
-5
-5
-5
-5
-5
-5
-5
-5
-5
3
-5
-5
-8
-12
-17
-19
-22
-24
-27
-30
-32
-35
-39
-41
-41
-41
-41
-40
-40
-41
-42
-43
-45
-46
-47
-48
-50
-50
-51
-52
-50
-50
-49
-46
-42
-42
-42
-42
-42
-41
-41
-45
-48
-50
-50
-50
-49
-48
-47
-44
-43
-21
-24
-35
-13
-5
-5
-5
-5
-5
-5
-5
-5
-5
-5
-5
36
-5
-5
-8
-11
-16
-19
-22
-24
-27
-29
-32
-34
-37
-40
-41
-41
-41
-40
-40
-40
-40
-42
-44
-45
-45
-47
-48
-49
-49
-49
-49
-49
-48
-44
-41
-40
-40
-40
-40
-40
-40
-41
-45
-48
-49
-50
-49
-46
-44
-42
-41
-39
-30
-23
-8
-5
-5
-5
-5
-5
-5
-5
-5
-5
-5
-5
1
18
-5
-7
-10
-15
-19
-22
-24
-26
-29
-31
-33
-37
-39
-40
-41
-41
-40
-40
-40
-40
-41
-42
-43
-44
-46
-47
-47
-48
-48
-48
-47
-46
-44
-41
-40
-40
-40
-40
-40
-40
-41
-44
-47
-48
-49
-47
-46
-43
-39
-37
-27
-21
-7
-5
10
-5
-5
-5
-5
-5
-5
-5
-5
-5
5
-5
-5
1
-5
-6
-10
-15
-19
-21
-23
-26
-28
-30
-32
-36
-38
-40
-40
-40
-40
-40
-40
-40
-40
-41
-42
-43
-44
-45
-46
-46
-47
-46
-46
-46
-44
-42
-41
-40
-40
-40
-40
-40
-41
-43
-45
-47
-48
-47
-46
-43
-36
-30
-23
-15
-5
-5
-5
-5
-5
-5
-5
-5
-5
5
21
-5
-5
47
-5
-5
-9
-14
-18
-21
-23
-26
-28
-30
-32
-34
-37
-39
-40
-40
-40
-40
-40
-40
-40
-41
-41
-42
-43
-44
-45
-45
-45
-46
-45
-45
-43
-42
-41
-40
-40
-40
-40
-41
-41
-42
-45
-46
-48
-47
-46
-43
-37
-31
-23
-12
-5
-5
-5
-5
-5
-5
-5
-5
-5
8
28
-5
-5
26
-5
-5
-8
-13
-17
-21
-23
-25
-28
-29
-31
-34
-36
-38
-40
-40
-40
-40
-40
-40
-40
-40
-41
-41
-42
-43
-43
-43
-44
-45
-45
-44
-43
-42
-42
-41
-40
-40
-40
-41
-41
-42
-44
-46
-48
-47
-46
-44
-38
-32
-23
-13
5
-5
18
-5
-5
-5
-5
-5
-5
-5
-5
7
-5
-6
-12
-16
-20
-22
-25
-27
-29
-30
-33
-35
-37
-39
-40
-40
-40
-40
-40
-40
-40
-40
-41
-41
-41
-42
-42
-43
-43
-44
-44
-43
-42
-42
-41
-41
-40
-40
-41
-41
-42
-43
-45
-47
-48
-47
-45
-39
-33
-27
-18
-5
-5
2
-5
-5
-5
-5
-5
-5
-5
4
1
-5
-5
-11
-15
-18
-22
-24
-26
-28
-30
-32
-34
-36
-38
-39
-40
-40
-40
-40
-40
-40
-40
-40
-40
-41
-41
-41
-42
-43
-43
-43
-43
-42
-42
-41
-41
-40
-40
-41
-41
-41
-42
-43
-47
-48
-47
-45
-41
-36
-30
-22
-10
-5
-5
-5
22
62
29
-5
-5
-5
-5
-5
-5
-5
13
1
26
-5
-5
-9
-13
-17
-21
-24
-26
-28
-29
-32
-33
-35
-37
-38
-40
-40
-40
-40
-40
-40
-40
-40
-40
-40
-40
-40
-41
-42
-42
-42
-42
-42
-42
-41
-41
-40
-40
-40
-41
-41
-41
-41
-45
-48
-48
-46
-42
-39
-33
-27
-15
-8
-5
-5
-5
13
-5
-5
-5
-5
-5
-5
1
1
-5
-8
-12
-16
-19
-23
-25
-27
-29
-31
-33
-34
-36
-38
-39
-40
-40
-40
-40
-40
-40
-40
-40
-40
-40
-40
-41
-41
-41
-42
-42
-42
-41
-41
-41
-40
-40
-40
-40
-41
-41
-40
-38
-45
-48
-46
-44
-42
-37
-27
-20
-12
-7
-5
-5
4
-5
-5
-5
-5
-5
127
-5
-5
1
-6
-10
-14
-18
-23
-25
-26
-28
-31
-32
-34
-35
-37
-38
-39
-40
-40
-40
-40
-40
-40
-40
-40
-40
-40
-40
-41
-41
-41
-42
-41
-41
-41
-41
-40
-40
-40
-40
-41
-41
-36
-31
-34
-45
-40
-42
-44
-41
-31
-25
-17
-11
-5
8
-5
4
-5
-5
-5
-5
-5
-5
-5
-5
-5
114
-5
-8
-12
-17
-22
-24
-26
-28
-29
-31
-33
-34
-35
-37
-39
-39
-40
-40
-40
-40
-40
-40
-40
-40
-40
-40
-40
-41
-41
-41
-41
-41
-41
-41
-40
-40
-40
-40
-40
-40
-38
-27
-22
2
-20
-38
-45
-44
-41
-29
-21
-14
-8
-5
-5
-5
-5
-5
-5
-5
-5
-5
1
-5
-6
-10
-15
-21
-24
-25
-27
-29
-31
-32
-33
-35
-36
-37
-38
-39
-40
-40
-40
-40
-40
-40
-40
-40
-40
-40
-40
-41
-41
-41
-41
-41
-41
-40
-40
-40
-40
-40
-40
-34
-19
-9
-9
-21
-38
-50
-42
-34
-25
-18
-9
-5
-5
21
-5
-5
-5
-5
-5
-5
1
-5
-5
34
-5
-5
-8
-13
-20
-23
-25
-26
-29
-30
-31
-33
-34
-35
-36
-37
-39
-39
-39
-40
-40
-40
-40
-40
-40
-40
-40
-40
-41
-41
-41
-41
-41
-41
-41
-40
-40
-40
-40
-40
-31
-18
-7
-5
-7
-52
-48
-39
-29
-21
-11
-6
-5
102
-5
-5
-5
-5
-5
-5
-5
5
-5
-5
-5
-5
-6
-10
-15
-22
-24
-26
-27
-29
-31
-32
-33
-35
-36
-36
-37
-38
-39
-39
-39
-40
-40
-40
-40
-40
-40
-40
-40
-40
-40
-40
-41
-40
-41
-41
-41
-40
-40
-40
-39
-20
-6
10
-49
-57
-45
-33
-24
-13
-7
-5
32
-5
-5
-5
-5
-5
-5
-5
-5
-5
-5
-5
-5
-5
-5
-7
-15
-20
-24
-25
-27
-29
-30
-31
-32
-34
-35
-35
-36
-37
-38
-38
-39
-39
-40
-40
-40
-40
-40
-40
-40
-40
-40
-40
-40
-40
-40
-41
-41
-41
-40
-40
-36
-22
1
9
-60
-52
-38
-24
-13
-8
-5
2
-5
-5
-5
-5
-5
-5
30
31
2
-5
-5
78
-5
-5
-5
-9
-15
-22
-24
-26
-27
-29
-30
-32
-33
-34
-35
-36
-36
-37
-38
-38
-39
-39
-39
-40
-40
-40
-40
-40
-40
-40
-40
-40
-40
-40
-40
-42
-42
-41
-39
-29
-23
7
-53
-57
-40
-25
-13
-9
-5
92
3
-5
-5
-5
-5
-5
3
-5
-5
-5
-5
1
-5
-5
-5
-8
-16
-19
-25
-26
-28
-29
-31
-32
-33
-34
-35
-36
-36
-37
-38
-38
-38
-39
-39
-40
-40
-40
-40
-40
-40
-40
-40
-40
-40
-40
-42
-43
-41
-36
-28
-11
-7
2
-42
-19
-12
-6
-5
1
1
-5
-5
-5
130
-5
-5
-5
-5
-5
-5
-5
-10
-18
-25
-26
-28
-29
-31
-32
-33
-34
-35
-36
-36
-37
-37
-38
-38
-39
-39
-40
-40
-40
-40
-40
-40
-40
-40
-40
-39
-40
-44
-39
-35
-26
-39
-7
1
-5
-5
-5
-5
-5
-5
1
-5
-5
-5
-5
-5
-5
1
-5
-9
-19
-24
-26
-28
-29
-31
-32
-33
-34
-35
-35
-36
-37
-37
-38
-38
-39
-39
-40
-40
-40
-40
-40
-40
-40
-39
-39
-42
-43
-34
-31
-24
-16
1
-16
52
-5
-5
-5
-5
-5
-5
-5
-5
-5
-5
20
101
-5
-5
1
-5
-5
1
-5
-9
-19
-24
-27
-28
-30
-31
-32
-33
-34
-35
-36
-36
-36
-37
-38
-38
-38
-39
-39
-39
-39
-39
-39
-39
-39
-39
-41
-41
-21
-21
-24
-22
-20
13
32
-5
-5
-5
-5
-5
-5
-5
19
15
-5
-5
18
-5
-5
-11
-17
-23
-27
-29
-30
-31
-33
-33
-34
-34
-35
-36
-36
-37
-37
-38
-38
-38
-39
-39
-39
-39
-39
-39
-39
-40
-35
-21
-20
-23
-22
-20
3
31
-5
-5
-5
-5
16
-5
19
-5
-5
29
-5
-5
-9
-18
-25
-27
-29
-30
-32
-32
-33
-34
-35
-35
-35
-36
-37
-37
-37
-38
-38
-38
-38
-39
-39
-39
-38
-37
-34
-27
-20
-23
-25
-21
59
133
-5
-5
-5
-5
28
-5
7
-5
-5
-5
13
1
-5
-8
-21
-25
-28
-30
-31
-32
-32
-33
-34
-34
-35
-36
-36
-36
-37
-37
-38
-38
-38
-38
-38
-38
-38
-36
-34
-30
-24
-21
-26
1
-5
-5
-5
117
116
-5
43
-5
-5
4
1
-5
-16
-23
-27
-29
-30
-31
-32
-33
-33
-34
-34
-35
-35
-36
-36
-36
-37
-37
-37
-38
-38
-38
-38
-36
-34
-30
-24
-20
-22
1
-5
-5
70
-5
-5
15
-5
6
1
-10
-22
-26
-28
-30
-30
-31
-32
-32
-33
-33
-34
-34
-35
-35
-36
-36
-36
-37
-37
-37
-37
-37
-36
-34
-31
-28
-22
1
15
44
-5
73
-5
-5
1
1
6
11
1
-10
-22
-25
-27
-29
-30
-30
-31
-32
-32
-33
-33
-34
-34
-34
-35
-35
-35
-36
-36
-37
-37
-37
-36
-34
-32
-28
-24
-22
-5
5
-5
-5
-5
-5
11
-5
-12
-22
-26
-28
-29
-29
-30
-30
-31
-31
-32
-32
-33
-33
-34
-34
-34
-35
-35
-36
-36
-36
-36
-36
-35
-32
-27
-24
-23
-5
42
82
-5
-5
-5
-5
2
42
2
1
-5
-15
-23
-27
-28
-28
-29
-29
-30
-30
-31
-31
-31
-32
-33
-33
-33
-34
-34
-35
-35
-35
-36
-36
-36
-35
-33
-30
-24
-21
-10
25
49
-5
-5
-5
-5
-5
-5
-5
45
1
-5
-5
-23
-26
-28
-28
-28
-29
-29
-29
-30
-30
-30
-31
-31
-31
-32
-33
-33
-34
-34
-34
-35
-35
-35
-35
-35
-33
-31
-25
-21
-21
4
-5
-5
-5
-5
-5
-5
-5
47
1
-5
-14
-24
-26
-28
-28
-28
-28
-28
-29
-29
-29
-30
-30
-30
-31
-31
-32
-32
-33
-33
-34
-34
-34
-35
-35
-35
-34
-31
-27
-23
-21
-5
-5
-5
-5
-5
-5
-5
5
-5
-14
-24
-26
-27
-28
-28
-28
-28
-28
-28
-29
-29
-29
-30
-30
-31
-31
-31
-32
-32
-33
-33
-34
-34
-35
-34
-34
-32
-29
-26
-24
18
-5
-5
-5
-5
-5
2
1
-5
-14
-25
-27
-27
-27
-28
-27
-27
-27
-28
-28
-28
-28
-29
-29
-29
-30
-31
-31
-31
-32
-33
-33
-34
-34
-34
-34
-33
-31
-29
-27
-17
-5
-5
-5
-5
-5
6
1
1
-5
-15
-25
-26
-27
-27
-27
-27
-27
-27
-27
-27
-27
-28
-28
-28
-29
-29
-30
-30
-31
-31
-32
-32
-33
-33
-34
-34
-33
-32
-31
-29
-23
-5
-5
-5
1
-5
-10
-24
-25
-25
-26
-26
-26
-26
-26
-26
-26
-27
-27
-27
-27
-28
-28
-29
-29
-30
-31
-31
-31
-32
-33
-33
-33
-33
-32
-32
-30
-23
-5
-5
-22
-23
-24
-25
-26
-25
-25
-25
-25
-26
-25
-26
-26
-27
-27
-27
-28
-29
-29
-30
-30
-31
-31
-32
-32
-32
-33
-33
-32
-32
-27
-19
1
-5
-20
-21
-23
-24
-24
-24
-25
-25
-24
-24
-24
-25
-25
-25
-26
-27
-27
-27
-28
-29
-29
-30
-30
-31
-31
-32
-32
-32
-32
-32
-29
2
-5
2
-5
-15
-20
-21
-22
-23
-24
-24
-23
-23
-23
-24
-24
-24
-25
-25
-26
-26
-27
-27
-28
-28
-29
-29
-30
-31
-30
-31
-32
-32
-33
-31
4
-5
-5
-5
-9
-18
-20
-21
-22
-23
-23
-23
-23
-22
-22
-23
-23
-24
-24
-24
-25
-26
-26
-27
-27
-28
-29
-29
-29
-30
-30
-31
-31
-33
-33
-27
-5
-5
-5
-13
-20
-20
-21
-22
-22
-22
-22
-21
-21
-21
-22
-22
-23
-24
-24
-25
-25
-26
-27
-27
-27
-28
-28
-29
-30
-30
-31
-32
-33
-30
8
-5
-5
-5
-5
-7
-15
-16
-18
-20
-21
-22
-20
-21
-20
-20
-21
-22
-22
-23
-23
-24
-24
-25
-26
-26
-27
-27
-28
-27
-28
-29
-29
-31
-33
-32
1
-5
-5
-5
-5
-5
-6
-11
-15
-17
-17
-18
-19
-20
-20
-20
-20
-21
-21
-21
-22
-23
-23
-24
-25
-25
-26
-26
-26
-27
-27
-27
-27
-28
-31
-32
-26
-5
-5
-5
-5
-5
-7
-10
-11
-14
-15
-17
-17
-19
-20
-20
-21
-21
-21
-21
-22
-22
-23
-24
-24
-25
-25
-25
-26
-26
-26
-26
-27
-29
-29
-25
-5
-5
-5
-5
-5
-5
-8
-10
-12
-12
-14
-17
-19
-20
-21
-21
-21
-20
-21
-21
-22
-23
-23
-24
-24
-25
-24
-24
-25
-25
-25
-26
-27
-26
4
9
-5
-5
-5
1
-5
-5
-6
-6
-9
-11
-14
-17
-21
-21
-21
-21
-20
-20
-20
-21
-21
-22
-23
-24
-23
-23
-24
-24
-24
-23
-23
-25
-25
11
-5
1
-5
-5
-5
-5
-5
-5
-5
-5
-7
-8
-13
-20
-21
-21
-22
-21
-20
-20
-20
-20
-21
-22
-22
-23
-23
-23
-22
-22
-22
-21
-22
-22
-21
-18
-19
-5
-5
1
-5
-5
-5
-5
-7
-17
-18
-19
-21
-22
-20
-20
-20
-20
-19
-20
-21
-22
-22
-21
-21
-21
-21
-20
-20
-21
-21
-20
-20
-22
-21
-15
8
-5
-5
-5
1
-5
-5
-5
-9
-13
-18
-16
-18
-19
-20
-17
-17
-17
-19
-20
-18
-19
-19
-20
-19
-20
-20
-21
-20
-20
-20
-22
-27
-25
-21
20
1
-5
-5
-5
1
1
1
-5
-5
-5
-9
-12
-15
-13
-14
-14
-14
-13
-14
-15
-17
-17
-16
-16
-18
-20
-20
-21
-21
-21
-21
-25
-26
-24
1
10
3
1
1
-5
-5
-5
1
-5
-6
-5
-7
-10
-11
-8
-10
-11
-12
-10
-12
-13
-14
-16
-15
-17
-19
-21
-21
-20
-23
-25
-25
-24
-22
3
-5
1
-5
-5
1
-5
-5
-6
-5
-5
-6
-7
-5
-7
-9
-10
-9
-10
-11
-12
-14
-13
-16
-17
-21
-23
-23
-23
-23
-21
1
1
-5
-5
-5
-5
-5
-5
-6
-6
-7
-8
-8
-8
-5
-6
-9
-12
-13
-17
-20
-22
-21
1
1
-5
-5
-5
-5
-5
-5
-5
-5
-5
-5
-6
-10
-15
-17
-15
7
-5
-5
-5
-5
-5
1
1
1
-5
-5
-5
-9
-11
12
-5
-5
-5
1
1
1
-5
-6
-6
1
-5
-5
-5
1
-5
1
-5
-5
30
-5
-5
-5
1
1
15
-5
10
1
2
2
1
8
-5
1
1
3
3
12
13
1
-5
-14
26
6
2
39
-5
1
-5
-5
-15
8
10
4
7
-5
-17
-5
18
-5
10
-5
-5
1
-5
2
2
22
9
-5
5
-5
-5
13
4
-9
-5
-5
1
7
148
117
25
34
157
2
2
6
3
33
65
22
99
9
212
177
14
7
29
10
7
20
43
4
39
45
6
82
10
90
27
216
9
1
208
25
71
24
78
73
7
36
18
5
23
-5
8
21
61
32
22
15
18
11
47
10
17
5
30
5
19
80
65
68
1
62
16
9
58
163
75
31
8
32
13
101
44
17
21
11
30
26
12
254
132
472
9
20
9
49
222
21
6
18
1
27
128
74
42
25
24
72
3
37
13
168
85
46
-12
31
13
37
46
12
7
34
4
20
10
12
4
