0 31 5804 0 3
0 31 5805 0 3
0 31 5806 0 3
0 31 5886 0 3
0 31 5887 0 3
0 31 5888 0 3
0 31 5968 0 3
0 31 5969 0 3
0 31 5970 0 3
0 31 6051 0 3
0 31 6052 0 3
0 31 6053 0 3
0 31 6054 0 3
0 31 6055 0 3
0 31 6056 0 3
0 31 6057 0 3
0 31 6058 0 3
0 31 6059 0 3
0 31 6060 0 3
0 31 6061 0 3
0 31 6062 0 3
0 31 6063 0 3
0 31 6064 0 3
0 31 6065 0 3
0 31 6066 0 3
0 31 6067 0 3
0 31 6068 0 3
0 31 6069 0 3
0 31 6070 0 3
0 31 6071 0 3
0 31 6153 0 3
0 31 6154 0 3
0 31 6155 0 3
0 31 6156 0 3
0 31 6157 0 3
0 31 6158 0 3
0 31 6159 0 3
0 31 6160 0 3
0 31 6161 0 3
0 31 6162 0 3
0 31 6163 0 3
0 31 6164 0 3
0 31 6165 0 3
0 31 6166 0 3
0 31 6167 0 3
0 31 6168 0 3
0 31 6169 0 3
0 31 6170 0 3
0 31 6171 0 3
0 31 6172 0 3
0 31 6173 0 3
0 31 6174 0 3
0 31 6175 0 3
0 31 6176 0 3
0 31 6177 0 3
0 31 6178 0 3
0 31 6259 0 3
0 31 6260 0 3
0 31 6261 0 3
0 31 6262 0 3
0 31 6263 0 3
0 31 6264 0 3
0 31 6265 0 3
0 31 6266 0 3
0 31 6273 0 3
0 31 6366 0 3
0 31 6367 0 3
0 31 6368 0 3
0 31 6369 0 3
0 31 6370 0 3
0 31 6474 0 3
0 31 6475 0 3
0 31 6581 0 3
0 31 6582 0 3
0 31 6583 0 3
0 31 6689 0 3
0 31 6690 0 3
0 31 6691 0 3
0 31 6692 0 3
0 31 6798 0 3
0 31 6799 0 3
0 31 6800 0 3
0 31 6801 0 3
0 31 6905 0 3
0 31 6906 0 3
0 31 6907 0 3
0 31 7013 0 3
0 31 7014 0 3
0 31 7015 0 3
0 31 7122 0 3
0 31 7123 0 3
0 31 7124 0 3
0 31 7232 0 3
0 31 7233 0 3
0 31 7340 0 3
0 31 7341 0 3
0 31 7447 0 3
0 31 7448 0 3
0 31 7554 0 3
0 31 7555 0 3
0 31 7556 0 3
0 31 7662 0 3
0 31 7663 0 3
0 31 7664 0 3
0 31 7665 0 3
0 31 7768 0 3
0 31 7769 0 3
0 31 7770 0 3
0 31 7771 0 3
0 31 7875 0 3
0 31 7876 0 3
0 31 7877 0 3
0 31 7980 0 3
0 31 7981 0 3
0 31 7982 0 3
0 31 8085 0 3
0 31 8086 0 3
0 31 8189 0 3
0 31 8190 0 3
0 31 8293 0 3
0 31 8294 0 3
0 31 8295 0 3
0 31 8398 0 3
0 31 8399 0 3
0 31 8400 0 3
0 31 8503 0 3
0 31 8504 0 3
0 31 8505 0 3
0 31 8607 0 3
0 31 8608 0 3
0 31 8709 0 3
0 31 8710 0 3
0 31 8711 0 3
0 31 8812 0 3
0 31 8813 0 3
0 31 8913 0 3
0 31 8914 0 3
0 31 8915 0 3
0 31 9013 0 3
0 31 9014 0 3
0 31 9112 0 3
0 31 9113 0 3
0 31 9114 0 3
0 31 9209 0 3
0 31 9210 0 3
0 31 9308 0 3
0 31 9309 0 3
0 31 9401 0 3
0 31 9402 0 3
0 31 9493 0 3
0 31 9494 0 3
0 31 9588 0 3
0 31 9589 0 3
0 31 9683 0 3
0 31 9684 0 3
0 31 9777 0 3
0 31 9778 0 3
0 31 9872 0 3
0 31 9873 0 3
0 31 9965 0 3
0 31 9966 0 3
0 31 10052 0 3
0 31 10053 0 3
0 31 10131 0 3
0 31 10132 0 3
0 31 10212 0 3
0 31 10213 0 3
0 31 10297 0 3
0 31 10298 0 3
0 31 10383 0 3
0 31 10384 0 3
0 31 10475 0 3
0 31 10476 0 3
0 31 10568 0 3
0 31 10569 0 3
0 31 10658 0 3
0 31 10659 0 3
0 31 10746 0 3
0 31 10747 0 3
0 31 10825 0 3
0 31 10826 0 3
0 31 10906 0 3
0 31 10907 0 3
0 31 10988 0 3
0 31 10989 0 3
0 31 11069 0 3
0 31 11070 0 3
0 31 11151 0 3
0 31 11237 0 3
0 31 11238 0 3
0 31 11324 0 3
0 31 11325 0 3
0 31 11402 0 3
0 31 11403 0 3
0 31 11478 0 3
0 31 11552 0 3
0 31 11553 0 3
0 31 11626 0 3
0 31 11627 0 3
0 31 11701 0 3
0 31 11702 0 3
0 31 11780 0 3
0 31 11781 0 3
0 31 11857 0 3
0 31 11858 0 3
0 31 11935 0 3
0 31 11936 0 3
0 31 12013 0 3
0 31 12086 0 3
0 31 12087 0 3
0 31 12161 0 3
0 31 12162 0 3
0 31 12227 0 3
0 31 12228 0 3
0 31 12293 0 3
0 31 12294 0 3
0 31 12354 0 3
0 31 12355 0 3
0 31 12415 0 3
0 31 12416 0 3
0 31 12476 0 3
0 31 12477 0 3
0 31 12537 0 3
0 31 12538 0 3
0 31 12598 0 3
0 31 12599 0 3
0 31 12660 0 3
0 31 12721 0 3
0 31 12722 0 3
0 31 12782 0 3
0 31 12783 0 3
0 31 12841 0 3
0 31 12842 0 3
0 31 12901 0 3
0 31 12902 0 3
0 31 12961 0 3
0 31 12962 0 3
0 31 13018 0 3
0 31 13019 0 3
0 31 13075 0 3
0 31 13076 0 3
0 31 13077 0 3
0 31 13078 0 3
0 31 13079 0 3
0 31 13133 0 3
0 31 13134 0 3
0 31 13135 0 3
0 31 13136 0 3
0 31 13137 0 3
0 31 13191 0 3
0 31 13192 0 3
0 31 13193 0 3
0 31 13194 0 3
0 31 13195 0 3
0 31 13196 0 3
0 31 13250 0 3
0 31 13251 0 3
0 31 13252 0 3
0 31 13309 0 3
0 31 13310 0 3
0 31 13311 0 3
0 31 13368 0 3
0 31 13369 0 3
0 31 13428 0 3
0 31 13429 0 3
0 31 13430 0 3
0 31 13484 0 3
0 31 13485 0 3
0 31 13541 0 3
0 31 13542 0 3
0 31 13543 0 3
0 31 13598 0 3
0 31 13599 0 3
0 31 13657 0 3
0 31 13658 0 3
0 31 13716 0 3
0 31 13717 0 3
0 31 13718 0 3
0 31 13775 0 3
0 31 13776 0 3
0 31 13834 0 3
0 31 13835 0 3
0 31 13836 0 3
0 31 13892 0 3
0 31 13893 0 3
0 31 13952 0 3
0 31 13953 0 3
0 31 13954 0 3
0 31 14014 0 3
0 31 14015 0 3
0 31 14016 0 3
0 31 14075 0 3
0 31 14076 0 3
0 31 14077 0 3
0 31 14136 0 3
0 31 14137 0 3
0 31 14138 0 3
0 31 14139 0 3
0 31 14200 0 3
0 31 14201 0 3
0 31 14202 0 3
0 31 14203 0 3
0 31 14267 0 3
0 31 14268 0 3
0 31 14269 0 3
0 31 14336 0 3
0 31 14337 0 3
0 31 14338 0 3
0 31 14406 0 3
0 31 14407 0 3
0 31 14481 0 3
0 31 14482 0 3
0 31 14552 0 3
0 31 14553 0 3
0 31 14554 0 3
0 31 14623 0 3
0 31 14624 0 3
0 31 14625 0 3
0 31 14692 0 3
0 31 14693 0 3
0 31 14763 0 3
0 31 14764 0 3
0 31 14833 0 3
0 31 14834 0 3
0 31 14835 0 3
0 31 14904 0 3
0 31 14905 0 3
0 31 14975 0 3
0 31 14976 0 3
0 31 15046 0 3
0 31 15047 0 3
0 31 15117 0 3
0 31 15118 0 3
0 31 15187 0 3
0 31 15188 0 3
0 31 15257 0 3
0 31 15258 0 3
0 31 15326 0 3
0 31 15327 0 3
0 31 15393 0 3
0 31 15394 0 3
0 31 15460 0 3
0 31 15461 0 3
0 31 15528 0 3
0 31 15529 0 3
0 31 15530 0 3
0 31 15531 0 3
0 31 15596 0 3
0 31 15597 0 3
0 31 15598 0 3
0 31 15599 0 3
0 31 15662 0 3
0 31 15663 0 3
0 31 15664 0 3
0 31 15665 0 3
0 31 15666 0 3
0 31 15728 0 3
0 31 15729 0 3
0 31 15730 0 3
0 31 15731 0 3
0 31 15732 0 3
0 31 15792 0 3
0 31 15793 0 3
0 31 15794 0 3
0 31 15795 0 3
0 31 15796 0 3
0 31 15855 0 3
0 31 15856 0 3
0 31 15857 0 3
0 31 15858 0 3
0 31 15859 0 3
0 31 15923 0 3
0 31 15924 0 3
0 31 15925 0 3
0 31 15926 0 3
0 31 15927 0 3
0 31 15928 0 3
0 31 15988 0 3
0 31 15989 0 3
0 31 16052 0 3
0 31 16053 0 3
0 31 16119 0 3
0 31 16120 0 3
0 31 16182 0 3
0 31 16183 0 3
0 31 16247 0 3
0 31 16248 0 3
0 31 16311 0 3
0 31 16312 0 3
0 31 16375 0 3
0 31 16376 0 3
0 31 16439 0 3
0 31 16440 0 3
0 31 16500 0 3
0 31 16501 0 3
0 31 16503 0 3
0 31 16504 0 3
0 31 16505 0 3
0 31 16556 0 3
0 31 16557 0 3
0 31 16558 0 3
0 31 16559 0 3
0 31 16560 0 3
0 31 16561 0 3
0 31 16609 0 3
0 31 16610 0 3
0 31 16612 0 3
0 31 16613 0 3
0 31 16614 0 3
0 31 16665 0 3
0 31 16666 0 3
0 31 16667 0 3
0 31 16668 0 3
0 31 16669 0 3
0 31 16670 0 3
0 31 16717 0 3
0 31 16718 0 3
0 31 16719 0 3
0 31 16720 0 3
0 31 16764 0 3
0 31 16765 0 3
0 31 16766 0 3
0 31 16811 0 3
0 31 16812 0 3
0 31 16813 0 3
0 31 16855 0 3
0 31 16856 0 3
0 31 16895 0 3
0 31 16896 0 3
0 31 16935 0 3
0 31 16936 0 3
0 31 16971 0 3
0 31 16972 0 3
0 31 16973 0 3
0 31 17012 0 3
0 31 17013 0 3
0 31 17014 0 3
0 31 17054 0 3
0 31 17055 0 3
0 31 17056 0 3
0 31 17096 0 3
0 31 17097 0 3
0 31 17136 0 3
0 31 17137 0 3
0 31 17176 0 3
0 31 17177 0 3
0 31 17217 0 3
0 31 17218 0 3
0 31 17254 0 3
0 31 17255 0 3
0 31 17288 0 3
0 31 17289 0 3
0 31 17290 0 3
0 31 17322 0 3
0 31 17323 0 3
0 31 17324 0 3
0 31 17355 0 3
0 31 17357 0 3
0 31 17358 0 3
0 31 17359 0 3
0 31 17390 0 3
0 31 17391 0 3
0 31 17392 0 3
0 31 17393 0 3
0 31 17394 0 3
0 31 17425 0 3
0 31 17426 0 3
0 31 17427 0 3
0 31 17428 0 3
0 31 17460 0 3
0 31 17461 0 3
0 31 17462 0 3
0 31 17463 0 3
0 31 17464 0 3
0 31 17496 0 3
0 31 17497 0 3
0 31 17498 0 3
0 31 17499 0 3
0 31 17500 0 3
0 31 17501 0 3
0 31 17502 0 3
0 31 17532 0 3
0 31 17533 0 3
0 31 17534 0 3
0 31 17535 0 3
0 31 17536 0 3
0 31 17537 0 3
0 31 17567 0 3
0 31 17568 0 3
0 31 17569 0 3
0 31 17570 0 3
0 31 17571 0 3
0 31 17572 0 3
0 31 17602 0 3
0 31 17603 0 3
0 31 17604 0 3
0 31 17605 0 3
0 31 17606 0 3
0 31 17607 0 3
0 31 17608 0 3
0 31 17609 0 3
0 31 17636 0 3
0 31 17637 0 3
0 31 17639 0 3
0 31 17640 0 3
0 31 17641 0 3
0 31 17642 0 3
0 31 17643 0 3
0 31 17644 0 3
0 31 17645 0 3
0 31 17646 0 3
0 31 17647 0 3
0 31 17668 0 3
0 31 17669 0 3
0 31 17670 0 3
0 31 17671 0 3
0 31 17672 0 3
0 31 17673 0 3
0 31 17674 0 3
0 31 17675 0 3
0 31 17676 0 3
0 31 17677 0 3
0 31 17678 0 3
0 31 17679 0 3
0 31 17680 0 3
0 31 17681 0 3
0 31 17682 0 3
0 31 17699 0 3
0 31 17700 0 3
0 31 17701 0 3
0 31 17702 0 3
0 31 17703 0 3
0 31 17704 0 3
0 31 17705 0 3
0 31 17706 0 3
0 31 17707 0 3
0 31 17708 0 3
0 31 17709 0 3
0 31 17710 0 3
0 31 17711 0 3
0 31 17712 0 3
0 31 17713 0 3
0 31 17714 0 3
0 31 17715 0 3
0 31 17716 0 3
0 31 17717 0 3
0 31 17718 0 3
0 31 17719 0 3
0 31 17735 0 3
0 31 17736 0 3
0 31 17737 0 3
0 31 17738 0 3
0 31 17739 0 3
0 31 17740 0 3
0 31 17741 0 3
0 31 17742 0 3
0 31 17743 0 3
0 31 17744 0 3
0 31 17746 0 3
0 31 17747 0 3
0 31 17748 0 3
0 31 17752 0 3
0 31 17753 0 3
0 31 17754 0 3
0 31 17755 0 3
0 31 17756 0 3
0 31 17772 0 3
0 31 17773 0 3
0 31 17774 0 3
0 31 17775 0 3
0 31 17780 0 3
0 31 17781 0 3
0 31 17782 0 3
0 31 17788 0 3
0 31 17789 0 3
0 31 17790 0 3
0 31 17791 0 3
0 31 17792 0 3
0 31 17812 0 3
0 31 17813 0 3
0 31 17814 0 3
0 31 17820 0 3
0 31 17821 0 3
0 31 17822 0 3
0 31 17823 0 3
0 31 17824 0 3
0 31 17825 0 3
0 31 17826 0 3
0 31 17827 0 3
0 31 17828 0 3
0 31 17836 0 3
0 31 17843 0 3
0 31 17844 0 3
0 31 17847 0 3
0 31 17848 0 3
0 31 17849 0 3
0 31 17850 0 3
0 31 17851 0 3
0 31 17852 0 3
0 31 17853 0 3
0 31 17858 0 3
0 31 17859 0 3
0 31 17860 0 3
0 31 17861 0 3
0 31 17862 0 3
0 31 17867 0 3
0 31 17868 0 3
0 31 17870 0 3
0 31 17871 0 3
0 31 17873 0 3
0 31 17874 0 3
0 31 17875 0 3
0 31 17876 0 3
0 31 17877 0 3
0 31 17878 0 3
0 31 17879 0 3
0 31 17880 0 3
0 31 17881 0 3
0 31 17882 0 3
0 31 17884 0 3
0 31 17885 0 3
0 31 17886 0 3
0 31 17887 0 3
0 31 17888 0 3
0 31 17889 0 3
0 31 17890 0 3
0 31 17891 0 3
0 31 17892 0 3
0 31 17893 0 3
0 31 17894 0 3
0 31 17895 0 3
0 31 17896 0 3
0 31 17897 0 3
0 31 17898 0 3
0 31 17899 0 3
0 31 17900 0 3
0 31 17901 0 3
0 31 17902 0 3
0 31 17903 0 3
0 31 17904 0 3
0 31 17905 0 3
0 31 17906 0 3
0 31 17907 0 3
0 31 17908 0 3
0 31 17909 0 3
0 31 17910 0 3
0 31 17911 0 3
0 31 17912 0 3
0 31 17913 0 3
0 31 17914 0 3
0 31 17916 0 3
0 31 17917 0 3
0 31 17918 0 3
0 31 17919 0 3
0 31 17920 0 3
0 31 17921 0 3
0 31 17922 0 3
0 31 17923 0 3
0 31 17927 0 3
0 31 17931 0 3
0 31 17932 0 3
0 31 17933 0 3
0 31 17935 0 3
0 31 17936 0 3
0 31 17938 0 3
0 31 17940 0 3
0 31 17942 0 3
0 31 17943 0 3
0 31 17947 0 3
0 31 17953 0 3
0 31 17954 0 3
0 31 17955 0 3
0 31 17959 0 3
0 31 17960 0 3
0 31 17961 0 3
0 31 17962 0 3
0 31 17964 0 3
0 31 17965 0 3
0 31 17967 0 3
0 31 17970 0 3
0 31 17971 0 3
0 31 17974 0 3
0 31 17975 0 3
0 31 17976 0 3
0 31 17977 0 3
0 31 7141 0 3
0 31 7142 0 3
0 31 7143 0 3
0 31 7144 0 3
0 31 7252 0 3
0 31 7253 0 3
0 31 7254 0 3
0 31 7255 0 3
0 31 7256 0 3
0 31 7257 0 3
0 31 7363 0 3
0 31 7364 0 3
0 31 7365 0 3
0 31 7366 0 3
0 31 7473 0 3
0 31 7562 0 3
0 31 11240 0 3
0 31 13976 0 3
0 31 14035 0 3
0 31 14036 0 3
0 31 14037 0 3
0 31 14038 0 3
0 31 14039 0 3
0 31 14098 0 3
0 31 14099 0 3
0 31 14100 0 3
0 31 14101 0 3
0 31 14161 0 3
0 31 14162 0 3
0 31 14163 0 3
0 31 14164 0 3
0 31 14165 0 3
0 31 14227 0 3
0 31 14228 0 3
0 31 14229 0 3
0 31 14230 0 3
0 31 14295 0 3
0 31 14296 0 3
0 31 15533 0 3
0 31 15734 0 3
0 31 17749 0 3
0 31 17784 0 3
0 31 17785 0 3
0 31 17817 0 3
0 31 17818 0 3
0 31 15332 0 3
0 31 15469 0 3
0 31 15267 0 3
0 31 14493 0 3
0 31 14293 0 3
0 31 14629 0 3
0 31 11783 0 3
0 31 5804 0 3
0 31 5805 0 3
0 31 5806 0 3
0 31 5886 0 3
0 31 5887 0 3
0 31 5888 0 3
0 31 5968 0 3
0 31 5969 0 3
0 31 5970 0 3
0 31 6051 0 3
0 31 6052 0 3
0 31 6053 0 3
0 31 6054 0 3
0 31 6055 0 3
0 31 6056 0 3
0 31 6057 0 3
0 31 6058 0 3
0 31 6059 0 3
0 31 6060 0 3
0 31 6061 0 3
0 31 6062 0 3
0 31 6063 0 3
0 31 6064 0 3
0 31 6065 0 3
0 31 6066 0 3
0 31 6067 0 3
0 31 6068 0 3
0 31 6069 0 3
0 31 6070 0 3
0 31 6071 0 3
0 31 6153 0 3
0 31 6154 0 3
0 31 6155 0 3
0 31 6156 0 3
0 31 6157 0 3
0 31 6158 0 3
0 31 6159 0 3
0 31 6160 0 3
0 31 6161 0 3
0 31 6162 0 3
0 31 6163 0 3
0 31 6164 0 3
0 31 6165 0 3
0 31 6166 0 3
0 31 6167 0 3
0 31 6168 0 3
0 31 6169 0 3
0 31 6170 0 3
0 31 6171 0 3
0 31 6172 0 3
0 31 6173 0 3
0 31 6174 0 3
0 31 6175 0 3
0 31 6176 0 3
0 31 6177 0 3
0 31 6178 0 3
0 31 6259 0 3
0 31 6260 0 3
0 31 6261 0 3
0 31 6262 0 3
0 31 6263 0 3
0 31 6264 0 3
0 31 6265 0 3
0 31 6266 0 3
0 31 6273 0 3
0 31 6366 0 3
0 31 6367 0 3
0 31 6368 0 3
0 31 6369 0 3
0 31 6370 0 3
0 31 6474 0 3
0 31 6475 0 3
0 31 6581 0 3
0 31 6582 0 3
0 31 6583 0 3
0 31 6689 0 3
0 31 6690 0 3
0 31 6691 0 3
0 31 6692 0 3
0 31 6798 0 3
0 31 6799 0 3
0 31 6800 0 3
0 31 6801 0 3
0 31 6905 0 3
0 31 6906 0 3
0 31 6907 0 3
0 31 7013 0 3
0 31 7014 0 3
0 31 7015 0 3
0 31 7122 0 3
0 31 7123 0 3
0 31 7124 0 3
0 31 7232 0 3
0 31 7233 0 3
0 31 7340 0 3
0 31 7341 0 3
0 31 7447 0 3
0 31 7448 0 3
0 31 7554 0 3
0 31 7555 0 3
0 31 7556 0 3
0 31 7662 0 3
0 31 7663 0 3
0 31 7664 0 3
0 31 7665 0 3
0 31 7768 0 3
0 31 7769 0 3
0 31 7770 0 3
0 31 7771 0 3
0 31 7875 0 3
0 31 7876 0 3
0 31 7877 0 3
0 31 7980 0 3
0 31 7981 0 3
0 31 7982 0 3
0 31 8085 0 3
0 31 8086 0 3
0 31 8189 0 3
0 31 8190 0 3
0 31 8293 0 3
0 31 8294 0 3
0 31 8295 0 3
0 31 8398 0 3
0 31 8399 0 3
0 31 8400 0 3
0 31 8503 0 3
0 31 8504 0 3
0 31 8505 0 3
0 31 8607 0 3
0 31 8608 0 3
0 31 8709 0 3
0 31 8710 0 3
0 31 8711 0 3
0 31 8812 0 3
0 31 8813 0 3
0 31 8913 0 3
0 31 8914 0 3
0 31 8915 0 3
0 31 9013 0 3
0 31 9014 0 3
0 31 9112 0 3
0 31 9113 0 3
0 31 9114 0 3
0 31 9209 0 3
0 31 9210 0 3
0 31 9308 0 3
0 31 9309 0 3
0 31 9401 0 3
0 31 9402 0 3
0 31 9493 0 3
0 31 9494 0 3
0 31 9588 0 3
0 31 9589 0 3
0 31 9683 0 3
0 31 9684 0 3
0 31 9777 0 3
0 31 9778 0 3
0 31 9872 0 3
0 31 9873 0 3
0 31 9965 0 3
0 31 9966 0 3
0 31 10052 0 3
0 31 10053 0 3
0 31 10131 0 3
0 31 10132 0 3
0 31 10212 0 3
0 31 10213 0 3
0 31 10297 0 3
0 31 10298 0 3
0 31 10383 0 3
0 31 10384 0 3
0 31 10475 0 3
0 31 10476 0 3
0 31 10568 0 3
0 31 10569 0 3
0 31 10658 0 3
0 31 10659 0 3
0 31 10746 0 3
0 31 10747 0 3
0 31 10825 0 3
0 31 10826 0 3
0 31 10906 0 3
0 31 10907 0 3
0 31 10988 0 3
0 31 10989 0 3
0 31 11069 0 3
0 31 11070 0 3
0 31 11151 0 3
0 31 11237 0 3
0 31 11238 0 3
0 31 11324 0 3
0 31 11325 0 3
0 31 11402 0 3
0 31 11403 0 3
0 31 11478 0 3
0 31 11552 0 3
0 31 11553 0 3
0 31 11626 0 3
0 31 11627 0 3
0 31 11701 0 3
0 31 11702 0 3
0 31 11780 0 3
0 31 11781 0 3
0 31 11857 0 3
0 31 11858 0 3
0 31 11935 0 3
0 31 11936 0 3
0 31 12013 0 3
0 31 12086 0 3
0 31 12087 0 3
0 31 12161 0 3
0 31 12162 0 3
0 31 12227 0 3
0 31 12228 0 3
0 31 12293 0 3
0 31 12294 0 3
0 31 12354 0 3
0 31 12355 0 3
0 31 12415 0 3
0 31 12416 0 3
0 31 12476 0 3
0 31 12477 0 3
0 31 12537 0 3
0 31 12538 0 3
0 31 12598 0 3
0 31 12599 0 3
0 31 12660 0 3
0 31 12721 0 3
0 31 12722 0 3
0 31 12782 0 3
0 31 12783 0 3
0 31 12841 0 3
0 31 12842 0 3
0 31 12901 0 3
0 31 12902 0 3
0 31 12961 0 3
0 31 12962 0 3
0 31 13018 0 3
0 31 13019 0 3
0 31 13075 0 3
0 31 13076 0 3
0 31 13077 0 3
0 31 13078 0 3
0 31 13079 0 3
0 31 13133 0 3
0 31 13134 0 3
0 31 13135 0 3
0 31 13136 0 3
0 31 13137 0 3
0 31 13191 0 3
0 31 13192 0 3
0 31 13193 0 3
0 31 13194 0 3
0 31 13195 0 3
0 31 13196 0 3
0 31 13250 0 3
0 31 13251 0 3
0 31 13252 0 3
0 31 13309 0 3
0 31 13310 0 3
0 31 13311 0 3
0 31 13368 0 3
0 31 13369 0 3
0 31 13428 0 3
0 31 13429 0 3
0 31 13430 0 3
0 31 13484 0 3
0 31 13485 0 3
0 31 13541 0 3
0 31 13542 0 3
0 31 13543 0 3
0 31 13598 0 3
0 31 13599 0 3
0 31 13657 0 3
0 31 13658 0 3
0 31 13716 0 3
0 31 13717 0 3
0 31 13718 0 3
0 31 13775 0 3
0 31 13776 0 3
0 31 13834 0 3
0 31 13835 0 3
0 31 13836 0 3
0 31 13892 0 3
0 31 13893 0 3
0 31 13952 0 3
0 31 13953 0 3
0 31 13954 0 3
0 31 14014 0 3
0 31 14015 0 3
0 31 14016 0 3
0 31 14075 0 3
0 31 14076 0 3
0 31 14077 0 3
0 31 14136 0 3
0 31 14137 0 3
0 31 14138 0 3
0 31 14139 0 3
0 31 14200 0 3
0 31 14201 0 3
0 31 14202 0 3
0 31 14203 0 3
0 31 14267 0 3
0 31 14268 0 3
0 31 14269 0 3
0 31 14336 0 3
0 31 14337 0 3
0 31 14338 0 3
0 31 14406 0 3
0 31 14407 0 3
0 31 14481 0 3
0 31 14482 0 3
0 31 14552 0 3
0 31 14553 0 3
0 31 14554 0 3
0 31 14623 0 3
0 31 14624 0 3
0 31 14625 0 3
0 31 14692 0 3
0 31 14693 0 3
0 31 14763 0 3
0 31 14764 0 3
0 31 14833 0 3
0 31 14834 0 3
0 31 14835 0 3
0 31 14904 0 3
0 31 14905 0 3
0 31 14975 0 3
0 31 14976 0 3
0 31 15046 0 3
0 31 15047 0 3
0 31 15117 0 3
0 31 15118 0 3
0 31 15187 0 3
0 31 15188 0 3
0 31 15257 0 3
0 31 15258 0 3
0 31 15326 0 3
0 31 15327 0 3
0 31 15393 0 3
0 31 15394 0 3
0 31 15460 0 3
0 31 15461 0 3
0 31 15528 0 3
0 31 15529 0 3
0 31 15530 0 3
0 31 15531 0 3
0 31 15596 0 3
0 31 15597 0 3
0 31 15598 0 3
0 31 15599 0 3
0 31 15662 0 3
0 31 15663 0 3
0 31 15664 0 3
0 31 15665 0 3
0 31 15666 0 3
0 31 15728 0 3
0 31 15729 0 3
0 31 15730 0 3
0 31 15731 0 3
0 31 15732 0 3
0 31 15792 0 3
0 31 15793 0 3
0 31 15794 0 3
0 31 15795 0 3
0 31 15796 0 3
0 31 15855 0 3
0 31 15856 0 3
0 31 15857 0 3
0 31 15858 0 3
0 31 15859 0 3
0 31 15923 0 3
0 31 15924 0 3
0 31 15925 0 3
0 31 15926 0 3
0 31 15927 0 3
0 31 15928 0 3
0 31 15988 0 3
0 31 15989 0 3
0 31 16052 0 3
0 31 16053 0 3
0 31 16119 0 3
0 31 16120 0 3
0 31 16182 0 3
0 31 16183 0 3
0 31 16247 0 3
0 31 16248 0 3
0 31 16311 0 3
0 31 16312 0 3
0 31 16375 0 3
0 31 16376 0 3
0 31 16439 0 3
0 31 16440 0 3
0 31 16500 0 3
0 31 16501 0 3
0 31 16503 0 3
0 31 16504 0 3
0 31 16505 0 3
0 31 16556 0 3
0 31 16557 0 3
0 31 16558 0 3
0 31 16559 0 3
0 31 16560 0 3
0 31 16561 0 3
0 31 16609 0 3
0 31 16610 0 3
0 31 16612 0 3
0 31 16613 0 3
0 31 16614 0 3
0 31 16665 0 3
0 31 16666 0 3
0 31 16667 0 3
0 31 16668 0 3
0 31 16669 0 3
0 31 16670 0 3
0 31 16717 0 3
0 31 16718 0 3
0 31 16719 0 3
0 31 16720 0 3
0 31 16764 0 3
0 31 16765 0 3
0 31 16766 0 3
0 31 16811 0 3
0 31 16812 0 3
0 31 16813 0 3
0 31 16855 0 3
0 31 16856 0 3
0 31 16895 0 3
0 31 16896 0 3
0 31 16935 0 3
0 31 16936 0 3
0 31 16971 0 3
0 31 16972 0 3
0 31 16973 0 3
0 31 17012 0 3
0 31 17013 0 3
0 31 17014 0 3
0 31 17054 0 3
0 31 17055 0 3
0 31 17056 0 3
0 31 17096 0 3
0 31 17097 0 3
0 31 17136 0 3
0 31 17137 0 3
0 31 17176 0 3
0 31 17177 0 3
0 31 17217 0 3
0 31 17218 0 3
0 31 17254 0 3
0 31 17255 0 3
0 31 17288 0 3
0 31 17289 0 3
0 31 17290 0 3
0 31 17322 0 3
0 31 17323 0 3
0 31 17324 0 3
0 31 17355 0 3
0 31 17357 0 3
0 31 17358 0 3
0 31 17359 0 3
0 31 17390 0 3
0 31 17391 0 3
0 31 17392 0 3
0 31 17393 0 3
0 31 17394 0 3
0 31 17425 0 3
0 31 17426 0 3
0 31 17427 0 3
0 31 17428 0 3
0 31 17460 0 3
0 31 17461 0 3
0 31 17462 0 3
0 31 17463 0 3
0 31 17464 0 3
0 31 17496 0 3
0 31 17497 0 3
0 31 17498 0 3
0 31 17499 0 3
0 31 17500 0 3
0 31 17501 0 3
0 31 17502 0 3
0 31 17532 0 3
0 31 17533 0 3
0 31 17534 0 3
0 31 17535 0 3
0 31 17536 0 3
0 31 17537 0 3
0 31 17567 0 3
0 31 17568 0 3
0 31 17569 0 3
0 31 17570 0 3
0 31 17571 0 3
0 31 17572 0 3
0 31 17602 0 3
0 31 17603 0 3
0 31 17604 0 3
0 31 17605 0 3
0 31 17606 0 3
0 31 17607 0 3
0 31 17608 0 3
0 31 17609 0 3
0 31 17636 0 3
0 31 17637 0 3
0 31 17639 0 3
0 31 17640 0 3
0 31 17641 0 3
0 31 17642 0 3
0 31 17643 0 3
0 31 17644 0 3
0 31 17645 0 3
0 31 17646 0 3
0 31 17647 0 3
0 31 17668 0 3
0 31 17669 0 3
0 31 17670 0 3
0 31 17671 0 3
0 31 17672 0 3
0 31 17673 0 3
0 31 17674 0 3
0 31 17675 0 3
0 31 17676 0 3
0 31 17677 0 3
0 31 17678 0 3
0 31 17679 0 3
0 31 17680 0 3
0 31 17681 0 3
0 31 17682 0 3
0 31 17699 0 3
0 31 17700 0 3
0 31 17701 0 3
0 31 17702 0 3
0 31 17703 0 3
0 31 17704 0 3
0 31 17705 0 3
0 31 17706 0 3
0 31 17707 0 3
0 31 17708 0 3
0 31 17709 0 3
0 31 17710 0 3
0 31 17711 0 3
0 31 17712 0 3
0 31 17713 0 3
0 31 17714 0 3
0 31 17715 0 3
0 31 17716 0 3
0 31 17717 0 3
0 31 17718 0 3
0 31 17719 0 3
0 31 17735 0 3
0 31 17736 0 3
0 31 17737 0 3
0 31 17738 0 3
0 31 17739 0 3
0 31 17740 0 3
0 31 17741 0 3
0 31 17742 0 3
0 31 17743 0 3
0 31 17744 0 3
0 31 17746 0 3
0 31 17747 0 3
0 31 17748 0 3
0 31 17752 0 3
0 31 17753 0 3
0 31 17754 0 3
0 31 17755 0 3
0 31 17756 0 3
0 31 17772 0 3
0 31 17773 0 3
0 31 17774 0 3
0 31 17775 0 3
0 31 17780 0 3
0 31 17781 0 3
0 31 17782 0 3
0 31 17788 0 3
0 31 17789 0 3
0 31 17790 0 3
0 31 17791 0 3
0 31 17792 0 3
0 31 17812 0 3
0 31 17813 0 3
0 31 17814 0 3
0 31 17820 0 3
0 31 17821 0 3
0 31 17822 0 3
0 31 17823 0 3
0 31 17824 0 3
0 31 17825 0 3
0 31 17826 0 3
0 31 17827 0 3
0 31 17828 0 3
0 31 17836 0 3
0 31 17843 0 3
0 31 17844 0 3
0 31 17847 0 3
0 31 17848 0 3
0 31 17849 0 3
0 31 17850 0 3
0 31 17851 0 3
0 31 17852 0 3
0 31 17853 0 3
0 31 17858 0 3
0 31 17859 0 3
0 31 17860 0 3
0 31 17861 0 3
0 31 17862 0 3
0 31 17867 0 3
0 31 17868 0 3
0 31 17870 0 3
0 31 17871 0 3
0 31 17873 0 3
0 31 17874 0 3
0 31 17875 0 3
0 31 17876 0 3
0 31 17877 0 3
0 31 17878 0 3
0 31 17879 0 3
0 31 17880 0 3
0 31 17881 0 3
0 31 17882 0 3
0 31 17884 0 3
0 31 17885 0 3
0 31 17886 0 3
0 31 17887 0 3
0 31 17888 0 3
0 31 17889 0 3
0 31 17890 0 3
0 31 17891 0 3
0 31 17892 0 3
0 31 17893 0 3
0 31 17894 0 3
0 31 17895 0 3
0 31 17896 0 3
0 31 17897 0 3
0 31 17898 0 3
0 31 17899 0 3
0 31 17900 0 3
0 31 17901 0 3
0 31 17902 0 3
0 31 17903 0 3
0 31 17904 0 3
0 31 17905 0 3
0 31 17906 0 3
0 31 17907 0 3
0 31 17908 0 3
0 31 17909 0 3
0 31 17910 0 3
0 31 17911 0 3
0 31 17912 0 3
0 31 17913 0 3
0 31 17914 0 3
0 31 17916 0 3
0 31 17917 0 3
0 31 17918 0 3
0 31 17919 0 3
0 31 17920 0 3
0 31 17921 0 3
0 31 17922 0 3
0 31 17923 0 3
0 31 17927 0 3
0 31 17931 0 3
0 31 17932 0 3
0 31 17933 0 3
0 31 17935 0 3
0 31 17936 0 3
0 31 17938 0 3
0 31 17940 0 3
0 31 17942 0 3
0 31 17943 0 3
0 31 17947 0 3
0 31 17953 0 3
0 31 17954 0 3
0 31 17955 0 3
0 31 17959 0 3
0 31 17960 0 3
0 31 17961 0 3
0 31 17962 0 3
0 31 17964 0 3
0 31 17965 0 3
0 31 17967 0 3
0 31 17970 0 3
0 31 17971 0 3
0 31 17974 0 3
0 31 17975 0 3
0 31 17976 0 3
0 31 17977 0 3
0 31 7141 0 3
0 31 7142 0 3
0 31 7143 0 3
0 31 7144 0 3
0 31 7252 0 3
0 31 7253 0 3
0 31 7254 0 3
0 31 7255 0 3
0 31 7256 0 3
0 31 7257 0 3
0 31 7363 0 3
0 31 7364 0 3
0 31 7365 0 3
0 31 7366 0 3
0 31 7473 0 3
0 31 7562 0 3
0 31 11240 0 3
0 31 13976 0 3
0 31 14035 0 3
0 31 14036 0 3
0 31 14037 0 3
0 31 14038 0 3
0 31 14039 0 3
0 31 14098 0 3
0 31 14099 0 3
0 31 14100 0 3
0 31 14101 0 3
0 31 14161 0 3
0 31 14162 0 3
0 31 14163 0 3
0 31 14164 0 3
0 31 14165 0 3
0 31 14227 0 3
0 31 14228 0 3
0 31 14229 0 3
0 31 14230 0 3
0 31 14295 0 3
0 31 14296 0 3
0 31 15533 0 3
0 31 15734 0 3
0 31 17749 0 3
0 31 17784 0 3
0 31 17785 0 3
0 31 17817 0 3
0 31 17818 0 3
0 31 15332 0 3
0 31 15469 0 3
0 31 15267 0 3
0 31 14493 0 3
0 31 14293 0 3
0 31 14629 0 3
0 31 11783 0 3
0 31 5804 0 3
0 31 5805 0 3
0 31 5886 0 3
0 31 5887 0 3
0 31 5888 0 3
0 31 5968 0 3
0 31 5969 0 3
0 31 5970 0 3
0 31 5971 0 3
0 31 6051 0 3
0 31 6052 0 3
0 31 6053 0 3
0 31 6054 0 3
0 31 6055 0 3
0 31 6056 0 3
0 31 6057 0 3
0 31 6058 0 3
0 31 6059 0 3
0 31 6060 0 3
0 31 6061 0 3
0 31 6062 0 3
0 31 6063 0 3
0 31 6064 0 3
0 31 6065 0 3
0 31 6066 0 3
0 31 6067 0 3
0 31 6068 0 3
0 31 6069 0 3
0 31 6070 0 3
0 31 6071 0 3
0 31 6072 0 3
0 31 6153 0 3
0 31 6154 0 3
0 31 6155 0 3
0 31 6156 0 3
0 31 6157 0 3
0 31 6158 0 3
0 31 6159 0 3
0 31 6160 0 3
0 31 6161 0 3
0 31 6162 0 3
0 31 6163 0 3
0 31 6164 0 3
0 31 6165 0 3
0 31 6166 0 3
0 31 6167 0 3
0 31 6168 0 3
0 31 6169 0 3
0 31 6170 0 3
0 31 6171 0 3
0 31 6172 0 3
0 31 6173 0 3
0 31 6174 0 3
0 31 6175 0 3
0 31 6176 0 3
0 31 6177 0 3
0 31 6178 0 3
0 31 6179 0 3
0 31 6259 0 3
0 31 6260 0 3
0 31 6261 0 3
0 31 6262 0 3
0 31 6263 0 3
0 31 6264 0 3
0 31 6265 0 3
0 31 6266 0 3
0 31 6267 0 3
0 31 6268 0 3
0 31 6269 0 3
0 31 6270 0 3
0 31 6271 0 3
0 31 6272 0 3
0 31 6273 0 3
0 31 6274 0 3
0 31 6275 0 3
0 31 6279 0 3
0 31 6280 0 3
0 31 6281 0 3
0 31 6282 0 3
0 31 6283 0 3
0 31 6284 0 3
0 31 6285 0 3
0 31 6286 0 3
0 31 6366 0 3
0 31 6367 0 3
0 31 6368 0 3
0 31 6369 0 3
0 31 6370 0 3
0 31 6371 0 3
0 31 6372 0 3
0 31 6373 0 3
0 31 6374 0 3
0 31 6474 0 3
0 31 6475 0 3
0 31 6476 0 3
0 31 6477 0 3
0 31 6581 0 3
0 31 6582 0 3
0 31 6583 0 3
0 31 6584 0 3
0 31 6689 0 3
0 31 6690 0 3
0 31 6691 0 3
0 31 6692 0 3
0 31 6693 0 3
0 31 6798 0 3
0 31 6799 0 3
0 31 6800 0 3
0 31 6801 0 3
0 31 6802 0 3
0 31 6905 0 3
0 31 6906 0 3
0 31 6907 0 3
0 31 6908 0 3
0 31 6909 0 3
0 31 7013 0 3
0 31 7014 0 3
0 31 7015 0 3
0 31 7016 0 3
0 31 7122 0 3
0 31 7123 0 3
0 31 7124 0 3
0 31 7125 0 3
0 31 7232 0 3
0 31 7233 0 3
0 31 7234 0 3
0 31 7235 0 3
0 31 7340 0 3
0 31 7341 0 3
0 31 7447 0 3
0 31 7448 0 3
0 31 7449 0 3
0 31 7554 0 3
0 31 7555 0 3
0 31 7556 0 3
0 31 7557 0 3
0 31 7662 0 3
0 31 7663 0 3
0 31 7664 0 3
0 31 7665 0 3
0 31 7666 0 3
0 31 7768 0 3
0 31 7769 0 3
0 31 7770 0 3
0 31 7771 0 3
0 31 7772 0 3
0 31 7875 0 3
0 31 7876 0 3
0 31 7877 0 3
0 31 7878 0 3
0 31 7980 0 3
0 31 7981 0 3
0 31 7982 0 3
0 31 7983 0 3
0 31 8085 0 3
0 31 8086 0 3
0 31 8087 0 3
0 31 8189 0 3
0 31 8190 0 3
0 31 8191 0 3
0 31 8293 0 3
0 31 8294 0 3
0 31 8295 0 3
0 31 8296 0 3
0 31 8398 0 3
0 31 8399 0 3
0 31 8400 0 3
0 31 8503 0 3
0 31 8504 0 3
0 31 8505 0 3
0 31 8607 0 3
0 31 8608 0 3
0 31 8609 0 3
0 31 8709 0 3
0 31 8710 0 3
0 31 8711 0 3
0 31 8712 0 3
0 31 8812 0 3
0 31 8813 0 3
0 31 8814 0 3
0 31 8913 0 3
0 31 8914 0 3
0 31 8915 0 3
0 31 9013 0 3
0 31 9014 0 3
0 31 9015 0 3
0 31 9112 0 3
0 31 9113 0 3
0 31 9114 0 3
0 31 9115 0 3
0 31 9209 0 3
0 31 9210 0 3
0 31 9211 0 3
0 31 9308 0 3
0 31 9309 0 3
0 31 9310 0 3
0 31 9401 0 3
0 31 9402 0 3
0 31 9403 0 3
0 31 9493 0 3
0 31 9494 0 3
0 31 9588 0 3
0 31 9589 0 3
0 31 9590 0 3
0 31 9683 0 3
0 31 9684 0 3
0 31 9685 0 3
0 31 9777 0 3
0 31 9778 0 3
0 31 9779 0 3
0 31 9872 0 3
0 31 9873 0 3
0 31 9874 0 3
0 31 9965 0 3
0 31 9966 0 3
0 31 9967 0 3
0 31 10052 0 3
0 31 10053 0 3
0 31 10054 0 3
0 31 10131 0 3
0 31 10132 0 3
0 31 10133 0 3
0 31 10212 0 3
0 31 10213 0 3
0 31 10297 0 3
0 31 10298 0 3
0 31 10383 0 3
0 31 10384 0 3
0 31 10475 0 3
0 31 10476 0 3
0 31 10568 0 3
0 31 10569 0 3
0 31 10570 0 3
0 31 10658 0 3
0 31 10659 0 3
0 31 10660 0 3
0 31 10746 0 3
0 31 10747 0 3
0 31 10825 0 3
0 31 10826 0 3
0 31 10906 0 3
0 31 10907 0 3
0 31 10988 0 3
0 31 10989 0 3
0 31 10990 0 3
0 31 11069 0 3
0 31 11070 0 3
0 31 11071 0 3
0 31 11151 0 3
0 31 11152 0 3
0 31 11237 0 3
0 31 11238 0 3
0 31 11324 0 3
0 31 11325 0 3
0 31 11326 0 3
0 31 11402 0 3
0 31 11403 0 3
0 31 11404 0 3
0 31 11478 0 3
0 31 11479 0 3
0 31 11552 0 3
0 31 11553 0 3
0 31 11626 0 3
0 31 11627 0 3
0 31 11701 0 3
0 31 11702 0 3
0 31 11780 0 3
0 31 11781 0 3
0 31 11782 0 3
0 31 11857 0 3
0 31 11858 0 3
0 31 11859 0 3
0 31 11935 0 3
0 31 11936 0 3
0 31 11937 0 3
0 31 12013 0 3
0 31 12014 0 3
0 31 12086 0 3
0 31 12087 0 3
0 31 12161 0 3
0 31 12162 0 3
0 31 12227 0 3
0 31 12228 0 3
0 31 12293 0 3
0 31 12294 0 3
0 31 12295 0 3
0 31 12354 0 3
0 31 12355 0 3
0 31 12415 0 3
0 31 12416 0 3
0 31 12476 0 3
0 31 12477 0 3
0 31 12478 0 3
0 31 12537 0 3
0 31 12538 0 3
0 31 12539 0 3
0 31 12598 0 3
0 31 12599 0 3
0 31 12600 0 3
0 31 12660 0 3
0 31 12661 0 3
0 31 12721 0 3
0 31 12722 0 3
0 31 12782 0 3
0 31 12783 0 3
0 31 12841 0 3
0 31 12842 0 3
0 31 12843 0 3
0 31 12901 0 3
0 31 12902 0 3
0 31 12903 0 3
0 31 12961 0 3
0 31 12962 0 3
0 31 12963 0 3
0 31 13018 0 3
0 31 13019 0 3
0 31 13020 0 3
0 31 13075 0 3
0 31 13076 0 3
0 31 13077 0 3
0 31 13078 0 3
0 31 13079 0 3
0 31 13133 0 3
0 31 13134 0 3
0 31 13135 0 3
0 31 13136 0 3
0 31 13137 0 3
0 31 13138 0 3
0 31 13191 0 3
0 31 13192 0 3
0 31 13193 0 3
0 31 13194 0 3
0 31 13195 0 3
0 31 13196 0 3
0 31 13197 0 3
0 31 13250 0 3
0 31 13251 0 3
0 31 13252 0 3
0 31 13253 0 3
0 31 13254 0 3
0 31 13255 0 3
0 31 13309 0 3
0 31 13310 0 3
0 31 13311 0 3
0 31 13312 0 3
0 31 13368 0 3
0 31 13369 0 3
0 31 13370 0 3
0 31 13428 0 3
0 31 13429 0 3
0 31 13430 0 3
0 31 13484 0 3
0 31 13485 0 3
0 31 13486 0 3
0 31 13541 0 3
0 31 13542 0 3
0 31 13543 0 3
0 31 13544 0 3
0 31 13598 0 3
0 31 13599 0 3
0 31 13600 0 3
0 31 13657 0 3
0 31 13658 0 3
0 31 13659 0 3
0 31 13716 0 3
0 31 13717 0 3
0 31 13718 0 3
0 31 13775 0 3
0 31 13776 0 3
0 31 13777 0 3
0 31 13834 0 3
0 31 13835 0 3
0 31 13836 0 3
0 31 13837 0 3
0 31 13892 0 3
0 31 13893 0 3
0 31 13894 0 3
0 31 13952 0 3
0 31 13953 0 3
0 31 13954 0 3
0 31 13955 0 3
0 31 14014 0 3
0 31 14015 0 3
0 31 14016 0 3
0 31 14075 0 3
0 31 14076 0 3
0 31 14077 0 3
0 31 14078 0 3
0 31 14136 0 3
0 31 14137 0 3
0 31 14138 0 3
0 31 14139 0 3
0 31 14140 0 3
0 31 14200 0 3
0 31 14201 0 3
0 31 14202 0 3
0 31 14203 0 3
0 31 14204 0 3
0 31 14267 0 3
0 31 14268 0 3
0 31 14269 0 3
0 31 14270 0 3
0 31 14271 0 3
0 31 14336 0 3
0 31 14337 0 3
0 31 14338 0 3
0 31 14339 0 3
0 31 14406 0 3
0 31 14407 0 3
0 31 14408 0 3
0 31 14481 0 3
0 31 14482 0 3
0 31 14483 0 3
0 31 14552 0 3
0 31 14553 0 3
0 31 14554 0 3
0 31 14555 0 3
0 31 14623 0 3
0 31 14624 0 3
0 31 14625 0 3
0 31 14626 0 3
0 31 14692 0 3
0 31 14693 0 3
0 31 14694 0 3
0 31 14763 0 3
0 31 14764 0 3
0 31 14765 0 3
0 31 14833 0 3
0 31 14834 0 3
0 31 14835 0 3
0 31 14904 0 3
0 31 14905 0 3
0 31 14906 0 3
0 31 14975 0 3
0 31 14976 0 3
0 31 14977 0 3
0 31 15046 0 3
0 31 15047 0 3
0 31 15048 0 3
0 31 15117 0 3
0 31 15118 0 3
0 31 15119 0 3
0 31 15187 0 3
0 31 15188 0 3
0 31 15189 0 3
0 31 15257 0 3
0 31 15258 0 3
0 31 15326 0 3
0 31 15327 0 3
0 31 15393 0 3
0 31 15394 0 3
0 31 15395 0 3
0 31 15460 0 3
0 31 15461 0 3
0 31 15462 0 3
0 31 15528 0 3
0 31 15529 0 3
0 31 15596 0 3
0 31 15597 0 3
0 31 15662 0 3
0 31 15663 0 3
0 31 15664 0 3
0 31 15728 0 3
0 31 15729 0 3
0 31 15730 0 3
0 31 15792 0 3
0 31 15793 0 3
0 31 15855 0 3
0 31 15856 0 3
0 31 15923 0 3
0 31 15924 0 3
0 31 15925 0 3
0 31 15988 0 3
0 31 15989 0 3
0 31 16052 0 3
0 31 16053 0 3
0 31 16054 0 3
0 31 16119 0 3
0 31 16120 0 3
0 31 16182 0 3
0 31 16183 0 3
0 31 16184 0 3
0 31 16247 0 3
0 31 16248 0 3
0 31 16249 0 3
0 31 16311 0 3
0 31 16312 0 3
0 31 16313 0 3
0 31 16375 0 3
0 31 16376 0 3
0 31 16377 0 3
0 31 16439 0 3
0 31 16440 0 3
0 31 16442 0 3
0 31 16443 0 3
0 31 16500 0 3
0 31 16501 0 3
0 31 16502 0 3
0 31 16503 0 3
0 31 16504 0 3
0 31 16505 0 3
0 31 16506 0 3
0 31 16556 0 3
0 31 16557 0 3
0 31 16558 0 3
0 31 16559 0 3
0 31 16560 0 3
0 31 16561 0 3
0 31 16562 0 3
0 31 16609 0 3
0 31 16610 0 3
0 31 16612 0 3
0 31 16613 0 3
0 31 16614 0 3
0 31 16665 0 3
0 31 16666 0 3
0 31 16667 0 3
0 31 16668 0 3
0 31 16669 0 3
0 31 16670 0 3
0 31 16717 0 3
0 31 16718 0 3
0 31 16719 0 3
0 31 16720 0 3
0 31 16764 0 3
0 31 16765 0 3
0 31 16766 0 3
0 31 16767 0 3
0 31 16811 0 3
0 31 16812 0 3
0 31 16813 0 3
0 31 16814 0 3
0 31 16855 0 3
0 31 16856 0 3
0 31 16857 0 3
0 31 16895 0 3
0 31 16896 0 3
0 31 16897 0 3
0 31 16935 0 3
0 31 16936 0 3
0 31 16937 0 3
0 31 16971 0 3
0 31 16972 0 3
0 31 16973 0 3
0 31 16974 0 3
0 31 17012 0 3
0 31 17013 0 3
0 31 17014 0 3
0 31 17015 0 3
0 31 17054 0 3
0 31 17055 0 3
0 31 17056 0 3
0 31 17057 0 3
0 31 17096 0 3
0 31 17097 0 3
0 31 17098 0 3
0 31 17136 0 3
0 31 17137 0 3
0 31 17138 0 3
0 31 17176 0 3
0 31 17177 0 3
0 31 17217 0 3
0 31 17218 0 3
0 31 17254 0 3
0 31 17255 0 3
0 31 17256 0 3
0 31 17288 0 3
0 31 17289 0 3
0 31 17322 0 3
0 31 17323 0 3
0 31 17324 0 3
0 31 17355 0 3
0 31 17357 0 3
0 31 17358 0 3
0 31 17359 0 3
0 31 17390 0 3
0 31 17391 0 3
0 31 17392 0 3
0 31 17393 0 3
0 31 17394 0 3
0 31 17425 0 3
0 31 17426 0 3
0 31 17427 0 3
0 31 17428 0 3
0 31 17460 0 3
0 31 17461 0 3
0 31 17462 0 3
0 31 17463 0 3
0 31 17464 0 3
0 31 17465 0 3
0 31 17496 0 3
0 31 17497 0 3
0 31 17498 0 3
0 31 17499 0 3
0 31 17500 0 3
0 31 17501 0 3
0 31 17502 0 3
0 31 17532 0 3
0 31 17533 0 3
0 31 17534 0 3
0 31 17535 0 3
0 31 17536 0 3
0 31 17537 0 3
0 31 17538 0 3
0 31 17567 0 3
0 31 17568 0 3
0 31 17569 0 3
0 31 17570 0 3
0 31 17571 0 3
0 31 17572 0 3
0 31 17573 0 3
0 31 17574 0 3
0 31 17603 0 3
0 31 17604 0 3
0 31 17605 0 3
0 31 17606 0 3
0 31 17607 0 3
0 31 17608 0 3
0 31 17609 0 3
0 31 17610 0 3
0 31 17611 0 3
0 31 17639 0 3
0 31 17640 0 3
0 31 17641 0 3
0 31 17642 0 3
0 31 17643 0 3
0 31 17644 0 3
0 31 17645 0 3
0 31 17646 0 3
0 31 17647 0 3
0 31 17648 0 3
0 31 17649 0 3
0 31 17674 0 3
0 31 17675 0 3
0 31 17676 0 3
0 31 17677 0 3
0 31 17678 0 3
0 31 17679 0 3
0 31 17680 0 3
0 31 17681 0 3
0 31 17682 0 3
0 31 17683 0 3
0 31 17684 0 3
0 31 17711 0 3
0 31 17712 0 3
0 31 17713 0 3
0 31 17714 0 3
0 31 17715 0 3
0 31 17716 0 3
0 31 17717 0 3
0 31 17718 0 3
0 31 17719 0 3
0 31 17720 0 3
0 31 17721 0 3
0 31 17746 0 3
0 31 17747 0 3
0 31 17748 0 3
0 31 17749 0 3
0 31 17752 0 3
0 31 17753 0 3
0 31 17754 0 3
0 31 17755 0 3
0 31 17756 0 3
0 31 17757 0 3
0 31 17758 0 3
0 31 17780 0 3
0 31 17781 0 3
0 31 17782 0 3
0 31 17784 0 3
0 31 17785 0 3
0 31 17788 0 3
0 31 17789 0 3
0 31 17790 0 3
0 31 17791 0 3
0 31 17792 0 3
0 31 17793 0 3
0 31 17794 0 3
0 31 17795 0 3
0 31 17796 0 3
0 31 17797 0 3
0 31 17813 0 3
0 31 17814 0 3
0 31 17817 0 3
0 31 17818 0 3
0 31 17820 0 3
0 31 17821 0 3
0 31 17822 0 3
0 31 17823 0 3
0 31 17824 0 3
0 31 17825 0 3
0 31 17826 0 3
0 31 17827 0 3
0 31 17828 0 3
0 31 17829 0 3
0 31 17834 0 3
0 31 17835 0 3
0 31 17836 0 3
0 31 17837 0 3
0 31 17838 0 3
0 31 17842 0 3
0 31 17843 0 3
0 31 17844 0 3
0 31 17847 0 3
0 31 17848 0 3
0 31 17849 0 3
0 31 17850 0 3
0 31 17851 0 3
0 31 17852 0 3
0 31 17853 0 3
0 31 17854 0 3
0 31 17857 0 3
0 31 17858 0 3
0 31 17859 0 3
0 31 17860 0 3
0 31 17861 0 3
0 31 17862 0 3
0 31 17863 0 3
0 31 17864 0 3
0 31 17866 0 3
0 31 17867 0 3
0 31 17868 0 3
0 31 17870 0 3
0 31 17871 0 3
0 31 17872 0 3
0 31 17873 0 3
0 31 17874 0 3
0 31 17875 0 3
0 31 17876 0 3
0 31 17877 0 3
0 31 17878 0 3
0 31 17879 0 3
0 31 17880 0 3
0 31 17881 0 3
0 31 17882 0 3
0 31 17883 0 3
0 31 17884 0 3
0 31 17885 0 3
0 31 17886 0 3
0 31 17887 0 3
0 31 17888 0 3
0 31 17889 0 3
0 31 17890 0 3
0 31 17891 0 3
0 31 17892 0 3
0 31 17893 0 3
0 31 17894 0 3
0 31 17895 0 3
0 31 17896 0 3
0 31 17897 0 3
0 31 17898 0 3
0 31 17899 0 3
0 31 17900 0 3
0 31 17901 0 3
0 31 17902 0 3
0 31 17903 0 3
0 31 17904 0 3
0 31 17905 0 3
0 31 17906 0 3
0 31 17907 0 3
0 31 17908 0 3
0 31 17909 0 3
0 31 17910 0 3
0 31 17911 0 3
0 31 17912 0 3
0 31 17913 0 3
0 31 17914 0 3
0 31 17916 0 3
0 31 17917 0 3
0 31 17918 0 3
0 31 17919 0 3
0 31 17920 0 3
0 31 17921 0 3
0 31 17922 0 3
0 31 17923 0 3
0 31 17927 0 3
0 31 17931 0 3
0 31 17932 0 3
0 31 17933 0 3
0 31 17935 0 3
0 31 17936 0 3
0 31 17938 0 3
0 31 17940 0 3
0 31 17947 0 3
0 31 17953 0 3
0 31 17954 0 3
0 31 17955 0 3
0 31 17959 0 3
0 31 17960 0 3
0 31 17961 0 3
0 31 17962 0 3
0 31 17964 0 3
0 31 17965 0 3
0 31 17967 0 3
0 31 17970 0 3
0 31 17971 0 3
0 31 17974 0 3
0 31 17975 0 3
0 31 17976 0 3
0 31 5804 0 3
0 31 5805 0 3
0 31 5806 0 3
0 31 5886 0 3
0 31 5887 0 3
0 31 5888 0 3
0 31 5968 0 3
0 31 5969 0 3
0 31 5970 0 3
0 31 6051 0 3
0 31 6052 0 3
0 31 6053 0 3
0 31 6054 0 3
0 31 6055 0 3
0 31 6056 0 3
0 31 6057 0 3
0 31 6058 0 3
0 31 6059 0 3
0 31 6060 0 3
0 31 6061 0 3
0 31 6062 0 3
0 31 6063 0 3
0 31 6064 0 3
0 31 6065 0 3
0 31 6066 0 3
0 31 6067 0 3
0 31 6068 0 3
0 31 6069 0 3
0 31 6070 0 3
0 31 6071 0 3
0 31 6153 0 3
0 31 6154 0 3
0 31 6155 0 3
0 31 6156 0 3
0 31 6157 0 3
0 31 6158 0 3
0 31 6159 0 3
0 31 6160 0 3
0 31 6161 0 3
0 31 6162 0 3
0 31 6163 0 3
0 31 6164 0 3
0 31 6165 0 3
0 31 6166 0 3
0 31 6167 0 3
0 31 6168 0 3
0 31 6169 0 3
0 31 6170 0 3
0 31 6171 0 3
0 31 6172 0 3
0 31 6173 0 3
0 31 6174 0 3
0 31 6175 0 3
0 31 6176 0 3
0 31 6177 0 3
0 31 6178 0 3
0 31 6259 0 3
0 31 6260 0 3
0 31 6261 0 3
0 31 6262 0 3
0 31 6263 0 3
0 31 6264 0 3
0 31 6265 0 3
0 31 6266 0 3
0 31 6273 0 3
0 31 6366 0 3
0 31 6367 0 3
0 31 6368 0 3
0 31 6369 0 3
0 31 6370 0 3
0 31 6474 0 3
0 31 6475 0 3
0 31 6581 0 3
0 31 6582 0 3
0 31 6583 0 3
0 31 6689 0 3
0 31 6690 0 3
0 31 6691 0 3
0 31 6692 0 3
0 31 6798 0 3
0 31 6799 0 3
0 31 6800 0 3
0 31 6801 0 3
0 31 6905 0 3
0 31 6906 0 3
0 31 6907 0 3
0 31 7013 0 3
0 31 7014 0 3
0 31 7015 0 3
0 31 7122 0 3
0 31 7123 0 3
0 31 7124 0 3
0 31 7232 0 3
0 31 7233 0 3
0 31 7340 0 3
0 31 7341 0 3
0 31 7447 0 3
0 31 7448 0 3
0 31 7554 0 3
0 31 7555 0 3
0 31 7556 0 3
0 31 7662 0 3
0 31 7663 0 3
0 31 7664 0 3
0 31 7665 0 3
0 31 7768 0 3
0 31 7769 0 3
0 31 7770 0 3
0 31 7771 0 3
0 31 7875 0 3
0 31 7876 0 3
0 31 7877 0 3
0 31 7980 0 3
0 31 7981 0 3
0 31 7982 0 3
0 31 8085 0 3
0 31 8086 0 3
0 31 8189 0 3
0 31 8190 0 3
0 31 8293 0 3
0 31 8294 0 3
0 31 8295 0 3
0 31 8398 0 3
0 31 8399 0 3
0 31 8400 0 3
0 31 8503 0 3
0 31 8504 0 3
0 31 8505 0 3
0 31 8607 0 3
0 31 8608 0 3
0 31 8709 0 3
0 31 8710 0 3
0 31 8711 0 3
0 31 8812 0 3
0 31 8813 0 3
0 31 8913 0 3
0 31 8914 0 3
0 31 8915 0 3
0 31 9013 0 3
0 31 9014 0 3
0 31 9112 0 3
0 31 9113 0 3
0 31 9114 0 3
0 31 9209 0 3
0 31 9210 0 3
0 31 9308 0 3
0 31 9309 0 3
0 31 9401 0 3
0 31 9402 0 3
0 31 9493 0 3
0 31 9494 0 3
0 31 9588 0 3
0 31 9589 0 3
0 31 9683 0 3
0 31 9684 0 3
0 31 9777 0 3
0 31 9778 0 3
0 31 9872 0 3
0 31 9873 0 3
0 31 9965 0 3
0 31 9966 0 3
0 31 10052 0 3
0 31 10053 0 3
0 31 10131 0 3
0 31 10132 0 3
0 31 10212 0 3
0 31 10213 0 3
0 31 10297 0 3
0 31 10298 0 3
0 31 10383 0 3
0 31 10384 0 3
0 31 10475 0 3
0 31 10476 0 3
0 31 10568 0 3
0 31 10569 0 3
0 31 10658 0 3
0 31 10659 0 3
0 31 10746 0 3
0 31 10747 0 3
0 31 10825 0 3
0 31 10826 0 3
0 31 10906 0 3
0 31 10907 0 3
0 31 10988 0 3
0 31 10989 0 3
0 31 11069 0 3
0 31 11070 0 3
0 31 11151 0 3
0 31 11237 0 3
0 31 11238 0 3
0 31 11324 0 3
0 31 11325 0 3
0 31 11402 0 3
0 31 11403 0 3
0 31 11478 0 3
0 31 11552 0 3
0 31 11553 0 3
0 31 11626 0 3
0 31 11627 0 3
0 31 11701 0 3
0 31 11702 0 3
0 31 11780 0 3
0 31 11781 0 3
0 31 11857 0 3
0 31 11858 0 3
0 31 11935 0 3
0 31 11936 0 3
0 31 12013 0 3
0 31 12086 0 3
0 31 12087 0 3
0 31 12161 0 3
0 31 12162 0 3
0 31 12227 0 3
0 31 12228 0 3
0 31 12293 0 3
0 31 12294 0 3
0 31 12354 0 3
0 31 12355 0 3
0 31 12415 0 3
0 31 12416 0 3
0 31 12476 0 3
0 31 12477 0 3
0 31 12537 0 3
0 31 12538 0 3
0 31 12598 0 3
0 31 12599 0 3
0 31 12660 0 3
0 31 12721 0 3
0 31 12722 0 3
0 31 12782 0 3
0 31 12783 0 3
0 31 12841 0 3
0 31 12842 0 3
0 31 12901 0 3
0 31 12902 0 3
0 31 12961 0 3
0 31 12962 0 3
0 31 13018 0 3
0 31 13019 0 3
0 31 13075 0 3
0 31 13076 0 3
0 31 13077 0 3
0 31 13078 0 3
0 31 13079 0 3
0 31 13133 0 3
0 31 13134 0 3
0 31 13135 0 3
0 31 13136 0 3
0 31 13137 0 3
0 31 13191 0 3
0 31 13192 0 3
0 31 13193 0 3
0 31 13194 0 3
0 31 13195 0 3
0 31 13196 0 3
0 31 13250 0 3
0 31 13251 0 3
0 31 13252 0 3
0 31 13309 0 3
0 31 13310 0 3
0 31 13311 0 3
0 31 13368 0 3
0 31 13369 0 3
0 31 13428 0 3
0 31 13429 0 3
0 31 13430 0 3
0 31 13484 0 3
0 31 13485 0 3
0 31 13541 0 3
0 31 13542 0 3
0 31 13543 0 3
0 31 13598 0 3
0 31 13599 0 3
0 31 13657 0 3
0 31 13658 0 3
0 31 13716 0 3
0 31 13717 0 3
0 31 13718 0 3
0 31 13775 0 3
0 31 13776 0 3
0 31 13834 0 3
0 31 13835 0 3
0 31 13836 0 3
0 31 13892 0 3
0 31 13893 0 3
0 31 13952 0 3
0 31 13953 0 3
0 31 13954 0 3
0 31 14014 0 3
0 31 14015 0 3
0 31 14016 0 3
0 31 14075 0 3
0 31 14076 0 3
0 31 14077 0 3
0 31 14136 0 3
0 31 14137 0 3
0 31 14138 0 3
0 31 14139 0 3
0 31 14200 0 3
0 31 14201 0 3
0 31 14202 0 3
0 31 14203 0 3
0 31 14267 0 3
0 31 14268 0 3
0 31 14269 0 3
0 31 14336 0 3
0 31 14337 0 3
0 31 14338 0 3
0 31 14406 0 3
0 31 14407 0 3
0 31 14481 0 3
0 31 14482 0 3
0 31 14552 0 3
0 31 14553 0 3
0 31 14554 0 3
0 31 14623 0 3
0 31 14624 0 3
0 31 14625 0 3
0 31 14692 0 3
0 31 14693 0 3
0 31 14763 0 3
0 31 14764 0 3
0 31 14833 0 3
0 31 14834 0 3
0 31 14835 0 3
0 31 14904 0 3
0 31 14905 0 3
0 31 14975 0 3
0 31 14976 0 3
0 31 15046 0 3
0 31 15047 0 3
0 31 15117 0 3
0 31 15118 0 3
0 31 15187 0 3
0 31 15188 0 3
0 31 15257 0 3
0 31 15258 0 3
0 31 15326 0 3
0 31 15327 0 3
0 31 15393 0 3
0 31 15394 0 3
0 31 15460 0 3
0 31 15461 0 3
0 31 15528 0 3
0 31 15529 0 3
0 31 15530 0 3
0 31 15531 0 3
0 31 15596 0 3
0 31 15597 0 3
0 31 15598 0 3
0 31 15599 0 3
0 31 15662 0 3
0 31 15663 0 3
0 31 15664 0 3
0 31 15665 0 3
0 31 15666 0 3
0 31 15728 0 3
0 31 15729 0 3
0 31 15730 0 3
0 31 15731 0 3
0 31 15732 0 3
0 31 15792 0 3
0 31 15793 0 3
0 31 15794 0 3
0 31 15795 0 3
0 31 15796 0 3
0 31 15855 0 3
0 31 15856 0 3
0 31 15857 0 3
0 31 15858 0 3
0 31 15859 0 3
0 31 15923 0 3
0 31 15924 0 3
0 31 15925 0 3
0 31 15926 0 3
0 31 15927 0 3
0 31 15928 0 3
0 31 15988 0 3
0 31 15989 0 3
0 31 16052 0 3
0 31 16053 0 3
0 31 16119 0 3
0 31 16120 0 3
0 31 16182 0 3
0 31 16183 0 3
0 31 16247 0 3
0 31 16248 0 3
0 31 16311 0 3
0 31 16312 0 3
0 31 16375 0 3
0 31 16376 0 3
0 31 16439 0 3
0 31 16440 0 3
0 31 16500 0 3
0 31 16501 0 3
0 31 16503 0 3
0 31 16504 0 3
0 31 16505 0 3
0 31 16556 0 3
0 31 16557 0 3
0 31 16558 0 3
0 31 16559 0 3
0 31 16560 0 3
0 31 16561 0 3
0 31 16609 0 3
0 31 16610 0 3
0 31 16612 0 3
0 31 16613 0 3
0 31 16614 0 3
0 31 16665 0 3
0 31 16666 0 3
0 31 16667 0 3
0 31 16668 0 3
0 31 16669 0 3
0 31 16670 0 3
0 31 16717 0 3
0 31 16718 0 3
0 31 16719 0 3
0 31 16720 0 3
0 31 16764 0 3
0 31 16765 0 3
0 31 16766 0 3
0 31 16811 0 3
0 31 16812 0 3
0 31 16813 0 3
0 31 16855 0 3
0 31 16856 0 3
0 31 16895 0 3
0 31 16896 0 3
0 31 16935 0 3
0 31 16936 0 3
0 31 16971 0 3
0 31 16972 0 3
0 31 16973 0 3
0 31 17012 0 3
0 31 17013 0 3
0 31 17014 0 3
0 31 17054 0 3
0 31 17055 0 3
0 31 17056 0 3
0 31 17096 0 3
0 31 17097 0 3
0 31 17136 0 3
0 31 17137 0 3
0 31 17176 0 3
0 31 17177 0 3
0 31 17217 0 3
0 31 17218 0 3
0 31 17254 0 3
0 31 17255 0 3
0 31 17288 0 3
0 31 17289 0 3
0 31 17290 0 3
0 31 17322 0 3
0 31 17323 0 3
0 31 17324 0 3
0 31 17355 0 3
0 31 17357 0 3
0 31 17358 0 3
0 31 17359 0 3
0 31 17390 0 3
0 31 17391 0 3
0 31 17392 0 3
0 31 17393 0 3
0 31 17394 0 3
0 31 17425 0 3
0 31 17426 0 3
0 31 17427 0 3
0 31 17428 0 3
0 31 17460 0 3
0 31 17461 0 3
0 31 17462 0 3
0 31 17463 0 3
0 31 17464 0 3
0 31 17496 0 3
0 31 17497 0 3
0 31 17498 0 3
0 31 17499 0 3
0 31 17500 0 3
0 31 17501 0 3
0 31 17502 0 3
0 31 17532 0 3
0 31 17533 0 3
0 31 17534 0 3
0 31 17535 0 3
0 31 17536 0 3
0 31 17537 0 3
0 31 17567 0 3
0 31 17568 0 3
0 31 17569 0 3
0 31 17570 0 3
0 31 17571 0 3
0 31 17572 0 3
0 31 17602 0 3
0 31 17603 0 3
0 31 17604 0 3
0 31 17605 0 3
0 31 17606 0 3
0 31 17607 0 3
0 31 17608 0 3
0 31 17609 0 3
0 31 17636 0 3
0 31 17637 0 3
0 31 17639 0 3
0 31 17640 0 3
0 31 17641 0 3
0 31 17642 0 3
0 31 17643 0 3
0 31 17644 0 3
0 31 17645 0 3
0 31 17646 0 3
0 31 17647 0 3
0 31 17668 0 3
0 31 17669 0 3
0 31 17670 0 3
0 31 17671 0 3
0 31 17672 0 3
0 31 17673 0 3
0 31 17674 0 3
0 31 17675 0 3
0 31 17676 0 3
0 31 17677 0 3
0 31 17678 0 3
0 31 17679 0 3
0 31 17680 0 3
0 31 17681 0 3
0 31 17682 0 3
0 31 17699 0 3
0 31 17700 0 3
0 31 17701 0 3
0 31 17702 0 3
0 31 17703 0 3
0 31 17704 0 3
0 31 17705 0 3
0 31 17706 0 3
0 31 17707 0 3
0 31 17708 0 3
0 31 17709 0 3
0 31 17710 0 3
0 31 17711 0 3
0 31 17712 0 3
0 31 17713 0 3
0 31 17714 0 3
0 31 17715 0 3
0 31 17716 0 3
0 31 17717 0 3
0 31 17718 0 3
0 31 17719 0 3
0 31 17735 0 3
0 31 17736 0 3
0 31 17737 0 3
0 31 17738 0 3
0 31 17739 0 3
0 31 17740 0 3
0 31 17741 0 3
0 31 17742 0 3
0 31 17743 0 3
0 31 17744 0 3
0 31 17746 0 3
0 31 17747 0 3
0 31 17748 0 3
0 31 17752 0 3
0 31 17753 0 3
0 31 17754 0 3
0 31 17755 0 3
0 31 17756 0 3
0 31 17772 0 3
0 31 17773 0 3
0 31 17774 0 3
0 31 17775 0 3
0 31 17780 0 3
0 31 17781 0 3
0 31 17782 0 3
0 31 17788 0 3
0 31 17789 0 3
0 31 17790 0 3
0 31 17791 0 3
0 31 17792 0 3
0 31 17812 0 3
0 31 17813 0 3
0 31 17814 0 3
0 31 17820 0 3
0 31 17821 0 3
0 31 17822 0 3
0 31 17823 0 3
0 31 17824 0 3
0 31 17825 0 3
0 31 17826 0 3
0 31 17827 0 3
0 31 17828 0 3
0 31 17836 0 3
0 31 17843 0 3
0 31 17844 0 3
0 31 17847 0 3
0 31 17848 0 3
0 31 17849 0 3
0 31 17850 0 3
0 31 17851 0 3
0 31 17852 0 3
0 31 17853 0 3
0 31 17858 0 3
0 31 17859 0 3
0 31 17860 0 3
0 31 17861 0 3
0 31 17862 0 3
0 31 17867 0 3
0 31 17868 0 3
0 31 17870 0 3
0 31 17871 0 3
0 31 17873 0 3
0 31 17874 0 3
0 31 17875 0 3
0 31 17876 0 3
0 31 17877 0 3
0 31 17878 0 3
0 31 17879 0 3
0 31 17880 0 3
0 31 17881 0 3
0 31 17882 0 3
0 31 17884 0 3
0 31 17885 0 3
0 31 17886 0 3
0 31 17887 0 3
0 31 17888 0 3
0 31 17889 0 3
0 31 17890 0 3
0 31 17891 0 3
0 31 17892 0 3
0 31 17893 0 3
0 31 17894 0 3
0 31 17895 0 3
0 31 17896 0 3
0 31 17897 0 3
0 31 17898 0 3
0 31 17899 0 3
0 31 17900 0 3
0 31 17901 0 3
0 31 17902 0 3
0 31 17903 0 3
0 31 17904 0 3
0 31 17905 0 3
0 31 17906 0 3
0 31 17907 0 3
0 31 17908 0 3
0 31 17909 0 3
0 31 17910 0 3
0 31 17911 0 3
0 31 17912 0 3
0 31 17913 0 3
0 31 17914 0 3
0 31 17916 0 3
0 31 17917 0 3
0 31 17918 0 3
0 31 17919 0 3
0 31 17920 0 3
0 31 17921 0 3
0 31 17922 0 3
0 31 17923 0 3
0 31 17927 0 3
0 31 17931 0 3
0 31 17932 0 3
0 31 17933 0 3
0 31 17935 0 3
0 31 17936 0 3
0 31 17938 0 3
0 31 17940 0 3
0 31 17942 0 3
0 31 17943 0 3
0 31 17947 0 3
0 31 17953 0 3
0 31 17954 0 3
0 31 17955 0 3
0 31 17959 0 3
0 31 17960 0 3
0 31 17961 0 3
0 31 17962 0 3
0 31 17964 0 3
0 31 17965 0 3
0 31 17967 0 3
0 31 17970 0 3
0 31 17971 0 3
0 31 17974 0 3
0 31 17975 0 3
0 31 17976 0 3
0 31 17977 0 3
0 31 7141 0 3
0 31 7142 0 3
0 31 7143 0 3
0 31 7144 0 3
0 31 7252 0 3
0 31 7253 0 3
0 31 7254 0 3
0 31 7255 0 3
0 31 7256 0 3
0 31 7257 0 3
0 31 7363 0 3
0 31 7364 0 3
0 31 7365 0 3
0 31 7366 0 3
0 31 7473 0 3
0 31 7562 0 3
0 31 11240 0 3
0 31 13976 0 3
0 31 14035 0 3
0 31 14036 0 3
0 31 14037 0 3
0 31 14038 0 3
0 31 14039 0 3
0 31 14098 0 3
0 31 14099 0 3
0 31 14100 0 3
0 31 14101 0 3
0 31 14161 0 3
0 31 14162 0 3
0 31 14163 0 3
0 31 14164 0 3
0 31 14165 0 3
0 31 14227 0 3
0 31 14228 0 3
0 31 14229 0 3
0 31 14230 0 3
0 31 14295 0 3
0 31 14296 0 3
0 31 15533 0 3
0 31 15734 0 3
0 31 17749 0 3
0 31 17784 0 3
0 31 17785 0 3
0 31 17817 0 3
0 31 17818 0 3
0 31 15332 0 3
0 31 15469 0 3
0 31 15267 0 3
0 31 14493 0 3
0 31 14293 0 3
0 31 14629 0 3
0 31 11783 0 3
0 31 5804 0 3
0 31 5805 0 3
0 31 5886 0 3
0 31 5887 0 3
0 31 5888 0 3
0 31 5889 0 3
0 31 5968 0 3
0 31 5969 0 3
0 31 5970 0 3
0 31 5971 0 3
0 31 5972 0 3
0 31 6051 0 3
0 31 6052 0 3
0 31 6053 0 3
0 31 6054 0 3
0 31 6055 0 3
0 31 6056 0 3
0 31 6057 0 3
0 31 6058 0 3
0 31 6059 0 3
0 31 6060 0 3
0 31 6061 0 3
0 31 6062 0 3
0 31 6063 0 3
0 31 6064 0 3
0 31 6065 0 3
0 31 6066 0 3
0 31 6067 0 3
0 31 6068 0 3
0 31 6069 0 3
0 31 6070 0 3
0 31 6071 0 3
0 31 6072 0 3
0 31 6073 0 3
0 31 6074 0 3
0 31 6153 0 3
0 31 6154 0 3
0 31 6155 0 3
0 31 6156 0 3
0 31 6157 0 3
0 31 6158 0 3
0 31 6159 0 3
0 31 6160 0 3
0 31 6161 0 3
0 31 6162 0 3
0 31 6163 0 3
0 31 6164 0 3
0 31 6165 0 3
0 31 6166 0 3
0 31 6167 0 3
0 31 6168 0 3
0 31 6169 0 3
0 31 6170 0 3
0 31 6171 0 3
0 31 6172 0 3
0 31 6173 0 3
0 31 6174 0 3
0 31 6175 0 3
0 31 6176 0 3
0 31 6177 0 3
0 31 6178 0 3
0 31 6179 0 3
0 31 6180 0 3
0 31 6181 0 3
0 31 6259 0 3
0 31 6260 0 3
0 31 6261 0 3
0 31 6262 0 3
0 31 6263 0 3
0 31 6264 0 3
0 31 6265 0 3
0 31 6266 0 3
0 31 6267 0 3
0 31 6268 0 3
0 31 6269 0 3
0 31 6270 0 3
0 31 6271 0 3
0 31 6272 0 3
0 31 6273 0 3
0 31 6274 0 3
0 31 6275 0 3
0 31 6276 0 3
0 31 6277 0 3
0 31 6278 0 3
0 31 6279 0 3
0 31 6280 0 3
0 31 6281 0 3
0 31 6282 0 3
0 31 6283 0 3
0 31 6284 0 3
0 31 6285 0 3
0 31 6286 0 3
0 31 6287 0 3
0 31 6288 0 3
0 31 6366 0 3
0 31 6367 0 3
0 31 6368 0 3
0 31 6369 0 3
0 31 6370 0 3
0 31 6371 0 3
0 31 6372 0 3
0 31 6373 0 3
0 31 6374 0 3
0 31 6375 0 3
0 31 6376 0 3
0 31 6377 0 3
0 31 6378 0 3
0 31 6379 0 3
0 31 6380 0 3
0 31 6381 0 3
0 31 6382 0 3
0 31 6383 0 3
0 31 6384 0 3
0 31 6385 0 3
0 31 6386 0 3
0 31 6387 0 3
0 31 6388 0 3
0 31 6389 0 3
0 31 6390 0 3
0 31 6391 0 3
0 31 6392 0 3
0 31 6393 0 3
0 31 6394 0 3
0 31 6395 0 3
0 31 6474 0 3
0 31 6475 0 3
0 31 6476 0 3
0 31 6477 0 3
0 31 6478 0 3
0 31 6479 0 3
0 31 6480 0 3
0 31 6481 0 3
0 31 6482 0 3
0 31 6483 0 3
0 31 6488 0 3
0 31 6489 0 3
0 31 6490 0 3
0 31 6491 0 3
0 31 6581 0 3
0 31 6582 0 3
0 31 6583 0 3
0 31 6584 0 3
0 31 6585 0 3
0 31 6586 0 3
0 31 6587 0 3
0 31 6588 0 3
0 31 6589 0 3
0 31 6689 0 3
0 31 6690 0 3
0 31 6691 0 3
0 31 6692 0 3
0 31 6693 0 3
0 31 6694 0 3
0 31 6798 0 3
0 31 6799 0 3
0 31 6800 0 3
0 31 6801 0 3
0 31 6802 0 3
0 31 6803 0 3
0 31 6804 0 3
0 31 6905 0 3
0 31 6906 0 3
0 31 6907 0 3
0 31 6908 0 3
0 31 6909 0 3
0 31 6910 0 3
0 31 6911 0 3
0 31 7013 0 3
0 31 7014 0 3
0 31 7015 0 3
0 31 7016 0 3
0 31 7017 0 3
0 31 7018 0 3
0 31 7019 0 3
0 31 7020 0 3
0 31 7122 0 3
0 31 7123 0 3
0 31 7124 0 3
0 31 7125 0 3
0 31 7126 0 3
0 31 7127 0 3
0 31 7128 0 3
0 31 7232 0 3
0 31 7233 0 3
0 31 7234 0 3
0 31 7235 0 3
0 31 7236 0 3
0 31 7340 0 3
0 31 7341 0 3
0 31 7342 0 3
0 31 7343 0 3
0 31 7447 0 3
0 31 7448 0 3
0 31 7449 0 3
0 31 7450 0 3
0 31 7554 0 3
0 31 7555 0 3
0 31 7556 0 3
0 31 7557 0 3
0 31 7558 0 3
0 31 7662 0 3
0 31 7663 0 3
0 31 7664 0 3
0 31 7665 0 3
0 31 7666 0 3
0 31 7667 0 3
0 31 7768 0 3
0 31 7769 0 3
0 31 7770 0 3
0 31 7771 0 3
0 31 7772 0 3
0 31 7773 0 3
0 31 7774 0 3
0 31 7875 0 3
0 31 7876 0 3
0 31 7877 0 3
0 31 7878 0 3
0 31 7879 0 3
0 31 7880 0 3
0 31 7881 0 3
0 31 7980 0 3
0 31 7981 0 3
0 31 7982 0 3
0 31 7983 0 3
0 31 7984 0 3
0 31 7985 0 3
0 31 8085 0 3
0 31 8086 0 3
0 31 8087 0 3
0 31 8088 0 3
0 31 8089 0 3
0 31 8189 0 3
0 31 8190 0 3
0 31 8191 0 3
0 31 8192 0 3
0 31 8293 0 3
0 31 8294 0 3
0 31 8295 0 3
0 31 8296 0 3
0 31 8297 0 3
0 31 8398 0 3
0 31 8399 0 3
0 31 8400 0 3
0 31 8401 0 3
0 31 8402 0 3
0 31 8503 0 3
0 31 8504 0 3
0 31 8505 0 3
0 31 8506 0 3
0 31 8507 0 3
0 31 8607 0 3
0 31 8608 0 3
0 31 8609 0 3
0 31 8610 0 3
0 31 8611 0 3
0 31 8709 0 3
0 31 8710 0 3
0 31 8711 0 3
0 31 8712 0 3
0 31 8713 0 3
0 31 8812 0 3
0 31 8813 0 3
0 31 8814 0 3
0 31 8815 0 3
0 31 8816 0 3
0 31 8913 0 3
0 31 8914 0 3
0 31 8915 0 3
0 31 8916 0 3
0 31 8917 0 3
0 31 9013 0 3
0 31 9014 0 3
0 31 9015 0 3
0 31 9016 0 3
0 31 9017 0 3
0 31 9112 0 3
0 31 9113 0 3
0 31 9114 0 3
0 31 9115 0 3
0 31 9116 0 3
0 31 9209 0 3
0 31 9210 0 3
0 31 9211 0 3
0 31 9212 0 3
0 31 9213 0 3
0 31 9308 0 3
0 31 9309 0 3
0 31 9310 0 3
0 31 9311 0 3
0 31 9401 0 3
0 31 9402 0 3
0 31 9403 0 3
0 31 9404 0 3
0 31 9493 0 3
0 31 9494 0 3
0 31 9495 0 3
0 31 9496 0 3
0 31 9588 0 3
0 31 9589 0 3
0 31 9590 0 3
0 31 9591 0 3
0 31 9592 0 3
0 31 9683 0 3
0 31 9684 0 3
0 31 9685 0 3
0 31 9686 0 3
0 31 9687 0 3
0 31 9777 0 3
0 31 9778 0 3
0 31 9779 0 3
0 31 9780 0 3
0 31 9872 0 3
0 31 9873 0 3
0 31 9874 0 3
0 31 9875 0 3
0 31 9965 0 3
0 31 9966 0 3
0 31 9967 0 3
0 31 9968 0 3
0 31 10052 0 3
0 31 10053 0 3
0 31 10054 0 3
0 31 10055 0 3
0 31 10131 0 3
0 31 10132 0 3
0 31 10133 0 3
0 31 10134 0 3
0 31 10212 0 3
0 31 10213 0 3
0 31 10214 0 3
0 31 10297 0 3
0 31 10298 0 3
0 31 10299 0 3
0 31 10300 0 3
0 31 10383 0 3
0 31 10384 0 3
0 31 10385 0 3
0 31 10386 0 3
0 31 10475 0 3
0 31 10476 0 3
0 31 10477 0 3
0 31 10478 0 3
0 31 10568 0 3
0 31 10569 0 3
0 31 10570 0 3
0 31 10571 0 3
0 31 10658 0 3
0 31 10659 0 3
0 31 10660 0 3
0 31 10661 0 3
0 31 10746 0 3
0 31 10747 0 3
0 31 10748 0 3
0 31 10825 0 3
0 31 10826 0 3
0 31 10827 0 3
0 31 10828 0 3
0 31 10906 0 3
0 31 10907 0 3
0 31 10908 0 3
0 31 10909 0 3
0 31 10988 0 3
0 31 10989 0 3
0 31 10990 0 3
0 31 10991 0 3
0 31 11069 0 3
0 31 11070 0 3
0 31 11071 0 3
0 31 11072 0 3
0 31 11151 0 3
0 31 11152 0 3
0 31 11153 0 3
0 31 11237 0 3
0 31 11238 0 3
0 31 11239 0 3
0 31 11324 0 3
0 31 11325 0 3
0 31 11326 0 3
0 31 11327 0 3
0 31 11402 0 3
0 31 11403 0 3
0 31 11404 0 3
0 31 11405 0 3
0 31 11478 0 3
0 31 11479 0 3
0 31 11480 0 3
0 31 11552 0 3
0 31 11553 0 3
0 31 11554 0 3
0 31 11555 0 3
0 31 11626 0 3
0 31 11627 0 3
0 31 11628 0 3
0 31 11629 0 3
0 31 11701 0 3
0 31 11702 0 3
0 31 11703 0 3
0 31 11704 0 3
0 31 11780 0 3
0 31 11781 0 3
0 31 11782 0 3
0 31 11783 0 3
0 31 11857 0 3
0 31 11858 0 3
0 31 11859 0 3
0 31 11860 0 3
0 31 11935 0 3
0 31 11936 0 3
0 31 11937 0 3
0 31 11938 0 3
0 31 12013 0 3
0 31 12014 0 3
0 31 12015 0 3
0 31 12086 0 3
0 31 12087 0 3
0 31 12088 0 3
0 31 12089 0 3
0 31 12161 0 3
0 31 12162 0 3
0 31 12163 0 3
0 31 12164 0 3
0 31 12227 0 3
0 31 12228 0 3
0 31 12229 0 3
0 31 12230 0 3
0 31 12293 0 3
0 31 12294 0 3
0 31 12295 0 3
0 31 12296 0 3
0 31 12354 0 3
0 31 12355 0 3
0 31 12356 0 3
0 31 12357 0 3
0 31 12415 0 3
0 31 12416 0 3
0 31 12417 0 3
0 31 12418 0 3
0 31 12476 0 3
0 31 12477 0 3
0 31 12478 0 3
0 31 12479 0 3
0 31 12537 0 3
0 31 12538 0 3
0 31 12539 0 3
0 31 12540 0 3
0 31 12598 0 3
0 31 12599 0 3
0 31 12600 0 3
0 31 12601 0 3
0 31 12660 0 3
0 31 12661 0 3
0 31 12662 0 3
0 31 12721 0 3
0 31 12722 0 3
0 31 12723 0 3
0 31 12782 0 3
0 31 12783 0 3
0 31 12784 0 3
0 31 12785 0 3
0 31 12841 0 3
0 31 12842 0 3
0 31 12843 0 3
0 31 12844 0 3
0 31 12901 0 3
0 31 12902 0 3
0 31 12903 0 3
0 31 12904 0 3
0 31 12961 0 3
0 31 12962 0 3
0 31 12963 0 3
0 31 12964 0 3
0 31 13018 0 3
0 31 13019 0 3
0 31 13020 0 3
0 31 13021 0 3
0 31 13075 0 3
0 31 13076 0 3
0 31 13077 0 3
0 31 13078 0 3
0 31 13079 0 3
0 31 13080 0 3
0 31 13081 0 3
0 31 13133 0 3
0 31 13134 0 3
0 31 13135 0 3
0 31 13136 0 3
0 31 13137 0 3
0 31 13138 0 3
0 31 13139 0 3
0 31 13140 0 3
0 31 13191 0 3
0 31 13192 0 3
0 31 13193 0 3
0 31 13194 0 3
0 31 13195 0 3
0 31 13196 0 3
0 31 13197 0 3
0 31 13198 0 3
0 31 13250 0 3
0 31 13251 0 3
0 31 13252 0 3
0 31 13253 0 3
0 31 13254 0 3
0 31 13255 0 3
0 31 13256 0 3
0 31 13257 0 3
0 31 13309 0 3
0 31 13310 0 3
0 31 13311 0 3
0 31 13312 0 3
0 31 13313 0 3
0 31 13314 0 3
0 31 13315 0 3
0 31 13316 0 3
0 31 13368 0 3
0 31 13369 0 3
0 31 13370 0 3
0 31 13371 0 3
0 31 13372 0 3
0 31 13428 0 3
0 31 13429 0 3
0 31 13430 0 3
0 31 13431 0 3
0 31 13432 0 3
0 31 13484 0 3
0 31 13485 0 3
0 31 13486 0 3
0 31 13487 0 3
0 31 13488 0 3
0 31 13541 0 3
0 31 13542 0 3
0 31 13543 0 3
0 31 13544 0 3
0 31 13545 0 3
0 31 13598 0 3
0 31 13599 0 3
0 31 13600 0 3
0 31 13601 0 3
0 31 13602 0 3
0 31 13657 0 3
0 31 13658 0 3
0 31 13659 0 3
0 31 13660 0 3
0 31 13716 0 3
0 31 13717 0 3
0 31 13718 0 3
0 31 13719 0 3
0 31 13720 0 3
0 31 13775 0 3
0 31 13776 0 3
0 31 13777 0 3
0 31 13778 0 3
0 31 13779 0 3
0 31 13834 0 3
0 31 13835 0 3
0 31 13836 0 3
0 31 13837 0 3
0 31 13838 0 3
0 31 13892 0 3
0 31 13893 0 3
0 31 13894 0 3
0 31 13895 0 3
0 31 13896 0 3
0 31 13952 0 3
0 31 13953 0 3
0 31 13954 0 3
0 31 13955 0 3
0 31 13956 0 3
0 31 14014 0 3
0 31 14015 0 3
0 31 14016 0 3
0 31 14017 0 3
0 31 14018 0 3
0 31 14075 0 3
0 31 14076 0 3
0 31 14077 0 3
0 31 14078 0 3
0 31 14079 0 3
0 31 14136 0 3
0 31 14137 0 3
0 31 14138 0 3
0 31 14139 0 3
0 31 14140 0 3
0 31 14141 0 3
0 31 14142 0 3
0 31 14200 0 3
0 31 14201 0 3
0 31 14202 0 3
0 31 14203 0 3
0 31 14204 0 3
0 31 14205 0 3
0 31 14206 0 3
0 31 14207 0 3
0 31 14267 0 3
0 31 14268 0 3
0 31 14269 0 3
0 31 14270 0 3
0 31 14271 0 3
0 31 14272 0 3
0 31 14273 0 3
0 31 14336 0 3
0 31 14337 0 3
0 31 14338 0 3
0 31 14339 0 3
0 31 14340 0 3
0 31 14341 0 3
0 31 14342 0 3
0 31 14406 0 3
0 31 14407 0 3
0 31 14408 0 3
0 31 14409 0 3
0 31 14410 0 3
0 31 14481 0 3
0 31 14482 0 3
0 31 14483 0 3
0 31 14484 0 3
0 31 14552 0 3
0 31 14553 0 3
0 31 14554 0 3
0 31 14555 0 3
0 31 14556 0 3
0 31 14623 0 3
0 31 14624 0 3
0 31 14625 0 3
0 31 14626 0 3
0 31 14627 0 3
0 31 14692 0 3
0 31 14693 0 3
0 31 14694 0 3
0 31 14695 0 3
0 31 14696 0 3
0 31 14763 0 3
0 31 14764 0 3
0 31 14765 0 3
0 31 14766 0 3
0 31 14833 0 3
0 31 14834 0 3
0 31 14835 0 3
0 31 14836 0 3
0 31 14837 0 3
0 31 14904 0 3
0 31 14905 0 3
0 31 14906 0 3
0 31 14907 0 3
0 31 14908 0 3
0 31 14975 0 3
0 31 14976 0 3
0 31 14977 0 3
0 31 14978 0 3
0 31 15046 0 3
0 31 15047 0 3
0 31 15048 0 3
0 31 15049 0 3
0 31 15117 0 3
0 31 15118 0 3
0 31 15119 0 3
0 31 15120 0 3
0 31 15187 0 3
0 31 15188 0 3
0 31 15189 0 3
0 31 15190 0 3
0 31 15257 0 3
0 31 15258 0 3
0 31 15259 0 3
0 31 15326 0 3
0 31 15327 0 3
0 31 15328 0 3
0 31 15329 0 3
0 31 15393 0 3
0 31 15394 0 3
0 31 15395 0 3
0 31 15396 0 3
0 31 15460 0 3
0 31 15461 0 3
0 31 15462 0 3
0 31 15463 0 3
0 31 15528 0 3
0 31 15529 0 3
0 31 15530 0 3
0 31 15596 0 3
0 31 15597 0 3
0 31 15598 0 3
0 31 15599 0 3
0 31 15662 0 3
0 31 15663 0 3
0 31 15664 0 3
0 31 15665 0 3
0 31 15728 0 3
0 31 15729 0 3
0 31 15730 0 3
0 31 15731 0 3
0 31 15792 0 3
0 31 15793 0 3
0 31 15794 0 3
0 31 15855 0 3
0 31 15856 0 3
0 31 15857 0 3
0 31 15858 0 3
0 31 15923 0 3
0 31 15924 0 3
0 31 15925 0 3
0 31 15926 0 3
0 31 15988 0 3
0 31 15989 0 3
0 31 15990 0 3
0 31 15991 0 3
0 31 16052 0 3
0 31 16053 0 3
0 31 16054 0 3
0 31 16055 0 3
0 31 16119 0 3
0 31 16120 0 3
0 31 16121 0 3
0 31 16122 0 3
0 31 16182 0 3
0 31 16183 0 3
0 31 16184 0 3
0 31 16185 0 3
0 31 16247 0 3
0 31 16248 0 3
0 31 16249 0 3
0 31 16250 0 3
0 31 16311 0 3
0 31 16312 0 3
0 31 16313 0 3
0 31 16314 0 3
0 31 16375 0 3
0 31 16376 0 3
0 31 16377 0 3
0 31 16378 0 3
0 31 16379 0 3
0 31 16380 0 3
0 31 16381 0 3
0 31 16439 0 3
0 31 16440 0 3
0 31 16441 0 3
0 31 16442 0 3
0 31 16443 0 3
0 31 16444 0 3
0 31 16445 0 3
0 31 16446 0 3
0 31 16500 0 3
0 31 16501 0 3
0 31 16502 0 3
0 31 16503 0 3
0 31 16504 0 3
0 31 16505 0 3
0 31 16506 0 3
0 31 16507 0 3
0 31 16508 0 3
0 31 16556 0 3
0 31 16557 0 3
0 31 16558 0 3
0 31 16559 0 3
0 31 16560 0 3
0 31 16561 0 3
0 31 16562 0 3
0 31 16563 0 3
0 31 16564 0 3
0 31 16609 0 3
0 31 16610 0 3
0 31 16612 0 3
0 31 16613 0 3
0 31 16614 0 3
0 31 16615 0 3
0 31 16616 0 3
0 31 16665 0 3
0 31 16666 0 3
0 31 16667 0 3
0 31 16668 0 3
0 31 16669 0 3
0 31 16670 0 3
0 31 16671 0 3
0 31 16672 0 3
0 31 16717 0 3
0 31 16718 0 3
0 31 16719 0 3
0 31 16720 0 3
0 31 16721 0 3
0 31 16722 0 3
0 31 16764 0 3
0 31 16765 0 3
0 31 16766 0 3
0 31 16767 0 3
0 31 16768 0 3
0 31 16769 0 3
0 31 16811 0 3
0 31 16812 0 3
0 31 16813 0 3
0 31 16814 0 3
0 31 16815 0 3
0 31 16816 0 3
0 31 16855 0 3
0 31 16856 0 3
0 31 16857 0 3
0 31 16858 0 3
0 31 16895 0 3
0 31 16896 0 3
0 31 16897 0 3
0 31 16898 0 3
0 31 16935 0 3
0 31 16936 0 3
0 31 16937 0 3
0 31 16938 0 3
0 31 16971 0 3
0 31 16972 0 3
0 31 16973 0 3
0 31 16974 0 3
0 31 16975 0 3
0 31 17012 0 3
0 31 17013 0 3
0 31 17014 0 3
0 31 17015 0 3
0 31 17016 0 3
0 31 17054 0 3
0 31 17055 0 3
0 31 17056 0 3
0 31 17057 0 3
0 31 17058 0 3
0 31 17059 0 3
0 31 17096 0 3
0 31 17097 0 3
0 31 17098 0 3
0 31 17099 0 3
0 31 17100 0 3
0 31 17136 0 3
0 31 17137 0 3
0 31 17138 0 3
0 31 17139 0 3
0 31 17176 0 3
0 31 17177 0 3
0 31 17178 0 3
0 31 17179 0 3
0 31 17217 0 3
0 31 17218 0 3
0 31 17219 0 3
0 31 17220 0 3
0 31 17254 0 3
0 31 17255 0 3
0 31 17256 0 3
0 31 17257 0 3
0 31 17288 0 3
0 31 17289 0 3
0 31 17290 0 3
0 31 17291 0 3
0 31 17322 0 3
0 31 17323 0 3
0 31 17324 0 3
0 31 17325 0 3
0 31 17355 0 3
0 31 17357 0 3
0 31 17358 0 3
0 31 17359 0 3
0 31 17360 0 3
0 31 17390 0 3
0 31 17391 0 3
0 31 17392 0 3
0 31 17393 0 3
0 31 17394 0 3
0 31 17395 0 3
0 31 17425 0 3
0 31 17426 0 3
0 31 17427 0 3
0 31 17428 0 3
0 31 17429 0 3
0 31 17430 0 3
0 31 17460 0 3
0 31 17461 0 3
0 31 17462 0 3
0 31 17463 0 3
0 31 17464 0 3
0 31 17465 0 3
0 31 17466 0 3
0 31 17467 0 3
0 31 17496 0 3
0 31 17497 0 3
0 31 17498 0 3
0 31 17499 0 3
0 31 17500 0 3
0 31 17501 0 3
0 31 17502 0 3
0 31 17503 0 3
0 31 17504 0 3
0 31 17532 0 3
0 31 17533 0 3
0 31 17534 0 3
0 31 17535 0 3
0 31 17536 0 3
0 31 17537 0 3
0 31 17538 0 3
0 31 17539 0 3
0 31 17540 0 3
0 31 17567 0 3
0 31 17568 0 3
0 31 17569 0 3
0 31 17570 0 3
0 31 17571 0 3
0 31 17572 0 3
0 31 17573 0 3
0 31 17574 0 3
0 31 17575 0 3
0 31 17576 0 3
0 31 17577 0 3
0 31 17603 0 3
0 31 17604 0 3
0 31 17605 0 3
0 31 17606 0 3
0 31 17607 0 3
0 31 17608 0 3
0 31 17609 0 3
0 31 17610 0 3
0 31 17611 0 3
0 31 17612 0 3
0 31 17613 0 3
0 31 17614 0 3
0 31 17615 0 3
0 31 17639 0 3
0 31 17640 0 3
0 31 17641 0 3
0 31 17642 0 3
0 31 17643 0 3
0 31 17644 0 3
0 31 17645 0 3
0 31 17646 0 3
0 31 17647 0 3
0 31 17648 0 3
0 31 17649 0 3
0 31 17650 0 3
0 31 17651 0 3
0 31 17652 0 3
0 31 17653 0 3
0 31 17674 0 3
0 31 17675 0 3
0 31 17676 0 3
0 31 17677 0 3
0 31 17678 0 3
0 31 17679 0 3
0 31 17680 0 3
0 31 17681 0 3
0 31 17682 0 3
0 31 17683 0 3
0 31 17684 0 3
0 31 17685 0 3
0 31 17686 0 3
0 31 17687 0 3
0 31 17711 0 3
0 31 17712 0 3
0 31 17713 0 3
0 31 17714 0 3
0 31 17715 0 3
0 31 17716 0 3
0 31 17717 0 3
0 31 17718 0 3
0 31 17719 0 3
0 31 17720 0 3
0 31 17721 0 3
0 31 17722 0 3
0 31 17723 0 3
0 31 17724 0 3
0 31 17746 0 3
0 31 17747 0 3
0 31 17748 0 3
0 31 17749 0 3
0 31 17752 0 3
0 31 17753 0 3
0 31 17754 0 3
0 31 17755 0 3
0 31 17756 0 3
0 31 17757 0 3
0 31 17758 0 3
0 31 17759 0 3
0 31 17760 0 3
0 31 17761 0 3
0 31 17762 0 3
0 31 17763 0 3
0 31 17764 0 3
0 31 17765 0 3
0 31 17771 0 3
0 31 17772 0 3
0 31 17773 0 3
0 31 17774 0 3
0 31 17775 0 3
0 31 17776 0 3
0 31 17777 0 3
0 31 17778 0 3
0 31 17779 0 3
0 31 17780 0 3
0 31 17781 0 3
0 31 17782 0 3
0 31 17784 0 3
0 31 17785 0 3
0 31 17788 0 3
0 31 17789 0 3
0 31 17790 0 3
0 31 17791 0 3
0 31 17792 0 3
0 31 17793 0 3
0 31 17794 0 3
0 31 17795 0 3
0 31 17796 0 3
0 31 17797 0 3
0 31 17798 0 3
0 31 17799 0 3
0 31 17800 0 3
0 31 17803 0 3
0 31 17804 0 3
0 31 17805 0 3
0 31 17806 0 3
0 31 17807 0 3
0 31 17808 0 3
0 31 17809 0 3
0 31 17810 0 3
0 31 17811 0 3
0 31 17812 0 3
0 31 17813 0 3
0 31 17814 0 3
0 31 17817 0 3
0 31 17818 0 3
0 31 17820 0 3
0 31 17821 0 3
0 31 17822 0 3
0 31 17823 0 3
0 31 17824 0 3
0 31 17825 0 3
0 31 17826 0 3
0 31 17827 0 3
0 31 17828 0 3
0 31 17829 0 3
0 31 17830 0 3
0 31 17831 0 3
0 31 17832 0 3
0 31 17833 0 3
0 31 17834 0 3
0 31 17835 0 3
0 31 17836 0 3
0 31 17837 0 3
0 31 17838 0 3
0 31 17839 0 3
0 31 17840 0 3
0 31 17841 0 3
0 31 17842 0 3
0 31 17843 0 3
0 31 17844 0 3
0 31 17847 0 3
0 31 17848 0 3
0 31 17849 0 3
0 31 17850 0 3
0 31 17851 0 3
0 31 17852 0 3
0 31 17853 0 3
0 31 17854 0 3
0 31 17855 0 3
0 31 17856 0 3
0 31 17857 0 3
0 31 17858 0 3
0 31 17859 0 3
0 31 17860 0 3
0 31 17861 0 3
0 31 17862 0 3
0 31 17863 0 3
0 31 17864 0 3
0 31 17865 0 3
0 31 17866 0 3
0 31 17867 0 3
0 31 17868 0 3
0 31 17870 0 3
0 31 17871 0 3
0 31 17872 0 3
0 31 17873 0 3
0 31 17874 0 3
0 31 17875 0 3
0 31 17876 0 3
0 31 17877 0 3
0 31 17878 0 3
0 31 17879 0 3
0 31 17880 0 3
0 31 17881 0 3
0 31 17882 0 3
0 31 17883 0 3
0 31 17884 0 3
0 31 17885 0 3
0 31 17886 0 3
0 31 17887 0 3
0 31 17888 0 3
0 31 17889 0 3
0 31 17890 0 3
0 31 17891 0 3
0 31 17892 0 3
0 31 17893 0 3
0 31 17894 0 3
0 31 17895 0 3
0 31 17896 0 3
0 31 17897 0 3
0 31 17898 0 3
0 31 17899 0 3
0 31 17900 0 3
0 31 17901 0 3
0 31 17902 0 3
0 31 17903 0 3
0 31 17904 0 3
0 31 17905 0 3
0 31 17906 0 3
0 31 17907 0 3
0 31 17908 0 3
0 31 17909 0 3
0 31 17910 0 3
0 31 17911 0 3
0 31 17912 0 3
0 31 17913 0 3
0 31 17914 0 3
0 31 17916 0 3
0 31 17917 0 3
0 31 17918 0 3
0 31 17919 0 3
0 31 17920 0 3
0 31 17921 0 3
0 31 17922 0 3
0 31 17923 0 3
0 31 17927 0 3
0 31 17931 0 3
0 31 17932 0 3
0 31 17933 0 3
0 31 17935 0 3
0 31 17936 0 3
0 31 17938 0 3
0 31 17940 0 3
0 31 17947 0 3
0 31 17953 0 3
0 31 17954 0 3
0 31 17955 0 3
0 31 17959 0 3
0 31 17960 0 3
0 31 17961 0 3
0 31 17962 0 3
0 31 17964 0 3
0 31 17965 0 3
0 31 17967 0 3
0 31 17970 0 3
0 31 17971 0 3
0 31 17974 0 3
0 31 17975 0 3
0 31 17976 0 3
0 31 10243 0 1 2 3
0 31 10328 0 1 2 3
0 31 10329 0 1 2 3
0 31 10330 0 1 2 3
0 31 10414 0 1 2 3
0 31 10415 0 1 2 3
0 31 10416 0 1 2 3
0 31 10417 0 1 2 3
0 31 10418 0 1 2 3
0 31 10506 0 1 2 3
0 31 10507 0 1 2 3
0 31 10508 0 1 2 3
0 31 10509 0 1 2 3
0 31 10510 0 1 2 3
0 31 10511 0 1 2 3
0 31 10599 0 1 2 3
0 31 10600 0 1 2 3
0 31 10601 0 1 2 3
0 31 10602 0 1 2 3
0 31 10603 0 1 2 3
0 31 10604 0 1 2 3
0 31 10689 0 1 2 3
0 31 10690 0 1 2 3
0 31 10691 0 1 2 3
0 31 10692 0 1 2 3
0 31 10693 0 1 2 3
0 31 10776 0 1 2 3
0 31 10777 0 1 2 3
0 31 10778 0 1 2 3
0 31 10779 0 1 2 3
0 31 10780 0 1 2 3
0 31 10854 0 1 2 3
0 31 10855 0 1 2 3
0 31 10856 0 1 2 3
0 31 10857 0 1 2 3
0 31 10858 0 1 2 3
0 31 10859 0 1 2 3
0 31 10935 0 1 2 3
0 31 10936 0 1 2 3
0 31 10937 0 1 2 3
0 31 10938 0 1 2 3
0 31 10939 0 1 2 3
0 31 10940 0 1 2 3
0 31 10941 0 1 2 3
0 31 11017 0 1 2 3
0 31 11018 0 1 2 3
0 31 11019 0 1 2 3
0 31 11020 0 1 2 3
0 31 11021 0 1 2 3
0 31 11022 0 1 2 3
0 31 11023 0 1 2 3
0 31 11098 0 1 2 3
0 31 11099 0 1 2 3
0 31 11100 0 1 2 3
0 31 11101 0 1 2 3
0 31 11102 0 1 2 3
0 31 11103 0 1 2 3
0 31 11104 0 1 2 3
0 31 11181 0 1 2 3
0 31 11182 0 1 2 3
0 31 11183 0 1 2 3
0 31 11184 0 1 2 3
0 31 11185 0 1 2 3
0 31 11186 0 1 2 3
0 31 11268 0 1 2 3
0 31 11269 0 1 2 3
0 31 11270 0 1 2 3
0 31 11271 0 1 2 3
0 31 11272 0 1 2 3
0 31 11356 0 1 2 3
0 31 11357 0 1 2 3
0 31 11358 0 1 2 3
0 31 11359 0 1 2 3
0 31 11360 0 1 2 3
0 31 11435 0 1 2 3
0 31 11436 0 1 2 3
0 31 11437 0 1 2 3
0 31 11438 0 1 2 3
0 31 11439 0 1 2 3
0 31 11510 0 1 2 3
0 31 11511 0 1 2 3
0 31 11512 0 1 2 3
0 31 11513 0 1 2 3
0 31 11514 0 1 2 3
0 31 11515 0 1 2 3
0 31 11585 0 1 2 3
0 31 11586 0 1 2 3
0 31 11587 0 1 2 3
0 31 11588 0 1 2 3
0 31 11589 0 1 2 3
0 31 11590 0 1 2 3
0 31 11660 0 1 2 3
0 31 11661 0 1 2 3
0 31 11662 0 1 2 3
0 31 11663 0 1 2 3
0 31 11664 0 1 2 3
0 31 11665 0 1 2 3
0 31 11666 0 1 2 3
0 31 11736 0 1 2 3
0 31 11737 0 1 2 3
0 31 11738 0 1 2 3
0 31 11739 0 1 2 3
0 31 11740 0 1 2 3
0 31 11741 0 1 2 3
0 31 11742 0 1 2 3
0 31 11743 0 1 2 3
0 31 11744 0 1 2 3
0 31 11745 0 1 2 3
0 31 11746 0 1 2 3
0 31 11816 0 1 2 3
0 31 11817 0 1 2 3
0 31 11818 0 1 2 3
0 31 11819 0 1 2 3
0 31 11820 0 1 2 3
0 31 11821 0 1 2 3
0 31 11822 0 1 2 3
0 31 11823 0 1 2 3
0 31 11824 0 1 2 3
0 31 11825 0 1 2 3
0 31 11826 0 1 2 3
0 31 11894 0 1 2 3
0 31 11895 0 1 2 3
0 31 11896 0 1 2 3
0 31 11897 0 1 2 3
0 31 11898 0 1 2 3
0 31 11899 0 1 2 3
0 31 11900 0 1 2 3
0 31 11901 0 1 2 3
0 31 11902 0 1 2 3
0 31 11903 0 1 2 3
0 31 11973 0 1 2 3
0 31 11974 0 1 2 3
0 31 11975 0 1 2 3
0 31 11976 0 1 2 3
0 31 11977 0 1 2 3
0 31 11978 0 1 2 3
0 31 11979 0 1 2 3
0 31 11980 0 1 2 3
0 31 11981 0 1 2 3
0 31 11982 0 1 2 3
0 31 12050 0 1 2 3
0 31 12051 0 1 2 3
0 31 12052 0 1 2 3
0 31 12053 0 1 2 3
0 31 12054 0 1 2 3
0 31 12055 0 1 2 3
0 31 12056 0 1 2 3
0 31 12057 0 1 2 3
0 31 12058 0 1 2 3
0 31 12059 0 1 2 3
0 31 12060 0 1 2 3
0 31 12124 0 1 2 3
0 31 12125 0 1 2 3
0 31 12126 0 1 2 3
0 31 12127 0 1 2 3
0 31 12128 0 1 2 3
0 31 12129 0 1 2 3
0 31 12130 0 1 2 3
0 31 12131 0 1 2 3
0 31 12132 0 1 2 3
0 31 12133 0 1 2 3
0 31 12200 0 1 2 3
0 31 12201 0 1 2 3
0 31 12202 0 1 2 3
0 31 12203 0 1 2 3
0 31 12204 0 1 2 3
0 31 12205 0 1 2 3
0 31 12206 0 1 2 3
0 31 12207 0 1 2 3
0 31 12267 0 1 2 3
0 31 12268 0 1 2 3
0 31 12269 0 1 2 3
0 31 12270 0 1 2 3
0 31 12271 0 1 2 3
0 31 12272 0 1 2 3
0 31 12334 0 1 2 3
0 31 12335 0 1 2 3
0 31 12336 0 1 2 3
0 31 12337 0 1 2 3
0 31 12396 0 1 2 3
0 31 12397 0 1 2 3
0 31 12458 0 1 2 3
0 23 9330 0 3
0 23 9331 0 3
0 23 9423 0 3
0 23 9424 0 3
0 23 9514 0 3
0 23 9515 0 3
0 23 9516 0 3
0 23 9517 0 3
0 23 9609 0 3
0 23 9610 0 3
0 23 9611 0 3
0 23 9612 0 3
0 23 9613 0 3
0 23 9614 0 3
0 23 9704 0 3
0 23 9705 0 3
0 23 9706 0 3
0 23 9707 0 3
0 23 9708 0 3
0 23 9709 0 3
0 23 9710 0 3
0 23 9797 0 3
0 23 9798 0 3
0 23 9799 0 3
0 23 9800 0 3
0 23 9801 0 3
0 23 9802 0 3
0 23 9803 0 3
0 23 9804 0 3
0 23 9891 0 3
0 23 9892 0 3
0 23 9893 0 3
0 23 9894 0 3
0 23 9895 0 3
0 23 9896 0 3
0 23 9897 0 3
0 23 9898 0 3
0 23 9899 0 3
0 23 9900 0 3
0 23 9984 0 3
0 23 9985 0 3
0 23 9986 0 3
0 23 9987 0 3
0 23 9988 0 3
0 23 9989 0 3
0 23 9990 0 3
0 23 9991 0 3
0 23 9992 0 3
0 23 9993 0 3
0 23 9994 0 3
0 23 10070 0 3
0 23 10071 0 3
0 23 10072 0 3
0 23 10073 0 3
0 23 10074 0 3
0 23 10075 0 3
0 23 10076 0 3
0 23 10077 0 3
0 23 10078 0 3
0 23 10079 0 3
0 23 10080 0 3
0 23 10081 0 3
0 23 10148 0 3
0 23 10149 0 3
0 23 10150 0 3
0 23 10151 0 3
0 23 10152 0 3
0 23 10153 0 3
0 23 10154 0 3
0 23 10155 0 3
0 23 10156 0 3
0 23 10157 0 3
0 23 10158 0 3
0 23 10159 0 3
0 23 10160 0 3
0 23 10161 0 3
0 23 10227 0 3
0 23 10228 0 3
0 23 10229 0 3
0 23 10230 0 3
0 23 10231 0 3
0 23 10232 0 3
0 23 10233 0 3
0 23 10234 0 3
0 23 10235 0 3
0 23 10236 0 3
0 23 10237 0 3
0 23 10238 0 3
0 23 10239 0 3
0 23 10240 0 3
0 23 10241 0 3
0 23 10242 0 3
0 23 10312 0 3
0 23 10313 0 3
0 23 10314 0 3
0 23 10315 0 3
0 23 10316 0 3
0 23 10317 0 3
0 23 10318 0 3
0 23 10319 0 3
0 23 10320 0 3
0 23 10321 0 3
0 23 10322 0 3
0 23 10323 0 3
0 23 10324 0 3
0 23 10325 0 3
0 23 10326 0 3
0 23 10327 0 3
0 23 10399 0 3
0 23 10400 0 3
0 23 10401 0 3
0 23 10402 0 3
0 23 10403 0 3
0 23 10404 0 3
0 23 10405 0 3
0 23 10406 0 3
0 23 10407 0 3
0 23 10408 0 3
0 23 10409 0 3
0 23 10410 0 3
0 23 10411 0 3
0 23 10412 0 3
0 23 10413 0 3
0 23 10493 0 3
0 23 10494 0 3
0 23 10495 0 3
0 23 10496 0 3
0 23 10497 0 3
0 23 10498 0 3
0 23 10499 0 3
0 23 10500 0 3
0 23 10501 0 3
0 23 10502 0 3
0 23 10503 0 3
0 23 10504 0 3
0 23 10505 0 3
0 23 10587 0 3
0 23 10588 0 3
0 23 10589 0 3
0 23 10590 0 3
0 23 10591 0 3
0 23 10592 0 3
0 23 10593 0 3
0 23 10594 0 3
0 23 10595 0 3
0 23 10596 0 3
0 23 10597 0 3
0 23 10598 0 3
0 23 10679 0 3
0 23 10680 0 3
0 23 10681 0 3
0 23 10682 0 3
0 23 10683 0 3
0 23 10684 0 3
0 23 10685 0 3
0 23 10686 0 3
0 23 10687 0 3
0 23 10688 0 3
0 23 10768 0 3
0 23 10769 0 3
0 23 10770 0 3
0 23 10771 0 3
0 23 10772 0 3
0 23 10773 0 3
0 23 10774 0 3
0 23 10775 0 3
0 23 10849 0 3
0 23 10850 0 3
0 23 10851 0 3
0 23 10852 0 3
0 23 10853 0 3
0 23 10932 0 3
0 23 10933 0 3
0 23 10934 0 3
0 23 11016 0 3
0 23 11379 0 3
0 23 11456 0 3
0 23 11457 0 3
0 23 11458 0 3
0 23 11527 0 3
0 23 11528 0 3
0 23 11529 0 3
0 23 11530 0 3
0 23 11531 0 3
0 23 11532 0 3
0 23 11533 0 3
0 23 11600 0 3
0 23 11601 0 3
0 23 11602 0 3
0 23 11603 0 3
0 23 11604 0 3
0 23 11605 0 3
0 23 11606 0 3
0 23 11607 0 3
0 23 11673 0 3
0 23 11674 0 3
0 23 11675 0 3
0 23 11676 0 3
0 23 11677 0 3
0 23 11678 0 3
0 23 11679 0 3
0 23 11680 0 3
0 23 11747 0 3
0 23 11748 0 3
0 23 11749 0 3
0 23 11750 0 3
0 23 11751 0 3
0 23 11752 0 3
0 23 11753 0 3
0 23 11754 0 3
0 23 11755 0 3
0 23 11827 0 3
0 23 11828 0 3
0 23 11829 0 3
0 23 11830 0 3
0 23 11831 0 3
0 23 11832 0 3
0 23 11833 0 3
0 23 11904 0 3
0 23 11905 0 3
0 23 11906 0 3
0 23 11907 0 3
0 23 11908 0 3
0 23 11909 0 3
0 23 11983 0 3
0 23 11984 0 3
0 23 11985 0 3
0 23 12061 0 3
0 15 11379 1 2
0 15 11456 1 2
0 15 11457 1 2
0 15 11458 1 2
0 15 11527 1 2
0 15 11528 1 2
0 15 11529 1 2
0 15 11530 1 2
0 15 11531 1 2
0 15 11532 1 2
0 15 11533 1 2
0 15 11600 1 2
0 15 11601 1 2
0 15 11602 1 2
0 15 11603 1 2
0 15 11604 1 2
0 15 11605 1 2
0 15 11606 1 2
0 15 11607 1 2
0 15 11673 1 2
0 15 11674 1 2
0 15 11675 1 2
0 15 11676 1 2
0 15 11677 1 2
0 15 11678 1 2
0 15 11679 1 2
0 15 11680 1 2
0 15 11747 1 2
0 15 11748 1 2
0 15 11749 1 2
0 15 11750 1 2
0 15 11751 1 2
0 15 11752 1 2
0 15 11753 1 2
0 15 11754 1 2
0 15 11755 1 2
0 15 11827 1 2
0 15 11828 1 2
0 15 11829 1 2
0 15 11830 1 2
0 15 11831 1 2
0 15 11832 1 2
0 15 11833 1 2
0 15 11904 1 2
0 15 11905 1 2
0 15 11906 1 2
0 15 11907 1 2
0 15 11908 1 2
0 15 11909 1 2
0 15 11983 1 2
0 15 11984 1 2
0 15 11985 1 2
0 15 12061 1 2
