0 29 3808 0 1 2
0 29 3809 0 1 2
0 29 3979 0 1 2
0 29 3980 0 1 2
0 29 3981 0 1 2
0 29 4150 0 1 2
0 29 4151 0 1 2
0 29 4152 0 1 2
0 29 4153 0 1 2
0 29 4154 0 1 2
0 29 4320 0 1 2
0 29 4321 0 1 2
0 29 4322 0 1 2
0 29 4323 0 1 2
0 29 4324 0 1 2
0 29 4325 0 1 2
0 29 4326 0 1 2
0 29 4489 0 1 2
0 29 4490 0 1 2
0 29 4491 0 1 2
0 29 4492 0 1 2
0 29 4493 0 1 2
0 29 4494 0 1 2
0 29 4495 0 1 2
0 29 4496 0 1 2
0 29 4497 0 1 2
0 29 4657 0 1 2
0 29 4658 0 1 2
0 29 4659 0 1 2
0 29 4660 0 1 2
0 29 4661 0 1 2
0 29 4662 0 1 2
0 29 4663 0 1 2
0 29 4664 0 1 2
0 29 4665 0 1 2
0 29 4666 0 1 2
0 29 4667 0 1 2
0 29 4823 0 1 2
0 29 4824 0 1 2
0 29 4825 0 1 2
0 29 4826 0 1 2
0 29 4827 0 1 2
0 29 4828 0 1 2
0 29 4829 0 1 2
0 29 4830 0 1 2
0 29 4831 0 1 2
0 29 4832 0 1 2
0 29 4833 0 1 2
0 29 4834 0 1 2
0 29 4986 0 1 2
0 29 4987 0 1 2
0 29 4988 0 1 2
0 29 4989 0 1 2
0 29 4990 0 1 2
0 29 4991 0 1 2
0 29 4992 0 1 2
0 29 4993 0 1 2
0 29 4994 0 1 2
0 29 4995 0 1 2
0 29 4996 0 1 2
0 29 4997 0 1 2
0 29 4998 0 1 2
0 29 4999 0 1 2
0 29 5000 0 1 2
0 29 5146 0 1 2
0 29 5147 0 1 2
0 29 5148 0 1 2
0 29 5149 0 1 2
0 29 5150 0 1 2
0 29 5151 0 1 2
0 29 5152 0 1 2
0 29 5153 0 1 2
0 29 5154 0 1 2
0 29 5155 0 1 2
0 29 5156 0 1 2
0 29 5157 0 1 2
0 29 5158 0 1 2
0 29 5159 0 1 2
0 29 5160 0 1 2
0 29 5161 0 1 2
0 29 5162 0 1 2
0 29 5304 0 1 2
0 29 5305 0 1 2
0 29 5306 0 1 2
0 29 5307 0 1 2
0 29 5308 0 1 2
0 29 5309 0 1 2
0 29 5310 0 1 2
0 29 5311 0 1 2
0 29 5312 0 1 2
0 29 5313 0 1 2
0 29 5314 0 1 2
0 29 5315 0 1 2
0 29 5316 0 1 2
0 29 5317 0 1 2
0 29 5318 0 1 2
0 29 5319 0 1 2
0 29 5320 0 1 2
0 29 5321 0 1 2
0 29 5322 0 1 2
0 29 5459 0 1 2
0 29 5460 0 1 2
0 29 5461 0 1 2
0 29 5462 0 1 2
0 29 5463 0 1 2
0 29 5464 0 1 2
0 29 5465 0 1 2
0 29 5466 0 1 2
0 29 5467 0 1 2
0 29 5468 0 1 2
0 29 5469 0 1 2
0 29 5470 0 1 2
0 29 5471 0 1 2
0 29 5472 0 1 2
0 29 5473 0 1 2
0 29 5474 0 1 2
0 29 5475 0 1 2
0 29 5476 0 1 2
0 29 5477 0 1 2
0 29 5478 0 1 2
0 29 5479 0 1 2
0 29 5614 0 1 2
0 29 5615 0 1 2
0 29 5616 0 1 2
0 29 5617 0 1 2
0 29 5618 0 1 2
0 29 5619 0 1 2
0 29 5620 0 1 2
0 29 5621 0 1 2
0 29 5622 0 1 2
0 29 5623 0 1 2
0 29 5624 0 1 2
0 29 5625 0 1 2
0 29 5626 0 1 2
0 29 5627 0 1 2
0 29 5628 0 1 2
0 29 5629 0 1 2
0 29 5630 0 1 2
0 29 5631 0 1 2
0 29 5632 0 1 2
0 29 5633 0 1 2
0 29 5634 0 1 2
0 29 5635 0 1 2
0 29 5636 0 1 2
0 29 5772 0 1 2
0 29 5773 0 1 2
0 29 5774 0 1 2
0 29 5775 0 1 2
0 29 5776 0 1 2
0 29 5777 0 1 2
0 29 5778 0 1 2
0 29 5779 0 1 2
0 29 5780 0 1 2
0 29 5781 0 1 2
0 29 5782 0 1 2
0 29 5783 0 1 2
0 29 5784 0 1 2
0 29 5785 0 1 2
0 29 5786 0 1 2
0 29 5787 0 1 2
0 29 5788 0 1 2
0 29 5789 0 1 2
0 29 5790 0 1 2
0 29 5791 0 1 2
0 29 5792 0 1 2
0 29 5793 0 1 2
0 29 5794 0 1 2
0 29 5795 0 1 2
0 29 5927 0 1 2
0 29 5928 0 1 2
0 29 5929 0 1 2
0 29 5930 0 1 2
0 29 5931 0 1 2
0 29 5932 0 1 2
0 29 5933 0 1 2
0 29 5934 0 1 2
0 29 5935 0 1 2
0 29 5936 0 1 2
0 29 5937 0 1 2
0 29 5938 0 1 2
0 29 5939 0 1 2
0 29 5940 0 1 2
0 29 5941 0 1 2
0 29 5942 0 1 2
0 29 5943 0 1 2
0 29 5944 0 1 2
0 29 5945 0 1 2
0 29 5946 0 1 2
0 29 5947 0 1 2
0 29 5948 0 1 2
0 29 5949 0 1 2
0 29 5950 0 1 2
0 29 5951 0 1 2
0 29 6080 0 1 2
0 29 6081 0 1 2
0 29 6082 0 1 2
0 29 6083 0 1 2
0 29 6084 0 1 2
0 29 6085 0 1 2
0 29 6086 0 1 2
0 29 6087 0 1 2
0 29 6088 0 1 2
0 29 6089 0 1 2
0 29 6090 0 1 2
0 29 6091 0 1 2
0 29 6092 0 1 2
0 29 6093 0 1 2
0 29 6094 0 1 2
0 29 6095 0 1 2
0 29 6096 0 1 2
0 29 6097 0 1 2
0 29 6098 0 1 2
0 29 6099 0 1 2
0 29 6100 0 1 2
0 29 6101 0 1 2
0 29 6102 0 1 2
0 29 6103 0 1 2
0 29 6104 0 1 2
0 29 6105 0 1 2
0 29 6232 0 1 2
0 29 6233 0 1 2
0 29 6234 0 1 2
0 29 6235 0 1 2
0 29 6236 0 1 2
0 29 6237 0 1 2
0 29 6238 0 1 2
0 29 6239 0 1 2
0 29 6240 0 1 2
0 29 6241 0 1 2
0 29 6242 0 1 2
0 29 6243 0 1 2
0 29 6244 0 1 2
0 29 6245 0 1 2
0 29 6246 0 1 2
0 29 6247 0 1 2
0 29 6248 0 1 2
0 29 6249 0 1 2
0 29 6250 0 1 2
0 29 6251 0 1 2
0 29 6252 0 1 2
0 29 6253 0 1 2
0 29 6254 0 1 2
0 29 6255 0 1 2
0 29 6256 0 1 2
0 29 6257 0 1 2
0 29 6383 0 1 2
0 29 6384 0 1 2
0 29 6385 0 1 2
0 29 6386 0 1 2
0 29 6387 0 1 2
0 29 6388 0 1 2
0 29 6389 0 1 2
0 29 6390 0 1 2
0 29 6391 0 1 2
0 29 6392 0 1 2
0 29 6393 0 1 2
0 29 6394 0 1 2
0 29 6395 0 1 2
0 29 6396 0 1 2
0 29 6397 0 1 2
0 29 6398 0 1 2
0 29 6399 0 1 2
0 29 6400 0 1 2
0 29 6401 0 1 2
0 29 6402 0 1 2
0 29 6403 0 1 2
0 29 6404 0 1 2
0 29 6405 0 1 2
0 29 6406 0 1 2
0 29 6407 0 1 2
0 29 6408 0 1 2
0 29 6531 0 1 2
0 29 6532 0 1 2
0 29 6533 0 1 2
0 29 6534 0 1 2
0 29 6535 0 1 2
0 29 6536 0 1 2
0 29 6537 0 1 2
0 29 6538 0 1 2
0 29 6539 0 1 2
0 29 6540 0 1 2
0 29 6541 0 1 2
0 29 6542 0 1 2
0 29 6543 0 1 2
0 29 6544 0 1 2
0 29 6545 0 1 2
0 29 6546 0 1 2
0 29 6547 0 1 2
0 29 6548 0 1 2
0 29 6549 0 1 2
0 29 6550 0 1 2
0 29 6551 0 1 2
0 29 6552 0 1 2
0 29 6553 0 1 2
0 29 6554 0 1 2
0 29 6555 0 1 2
0 29 6556 0 1 2
0 29 6662 0 1 2
0 29 6663 0 1 2
0 29 6664 0 1 2
0 29 6665 0 1 2
0 29 6666 0 1 2
0 29 6667 0 1 2
0 29 6668 0 1 2
0 29 6669 0 1 2
0 29 6670 0 1 2
0 29 6671 0 1 2
0 29 6672 0 1 2
0 29 6673 0 1 2
0 29 6674 0 1 2
0 29 6675 0 1 2
0 29 6676 0 1 2
0 29 6677 0 1 2
0 29 6678 0 1 2
0 29 6679 0 1 2
0 29 6680 0 1 2
0 29 6681 0 1 2
0 29 6682 0 1 2
0 29 6683 0 1 2
0 29 6684 0 1 2
0 29 6685 0 1 2
0 29 6793 0 1 2
0 29 6794 0 1 2
0 29 6795 0 1 2
0 29 6796 0 1 2
0 29 6797 0 1 2
0 29 6798 0 1 2
0 29 6799 0 1 2
0 29 6800 0 1 2
0 29 6801 0 1 2
0 29 6802 0 1 2
0 29 6803 0 1 2
0 29 6804 0 1 2
0 29 6805 0 1 2
0 29 6806 0 1 2
0 29 6807 0 1 2
0 29 6808 0 1 2
0 29 6809 0 1 2
0 29 6810 0 1 2
0 29 6811 0 1 2
0 29 6812 0 1 2
0 29 6813 0 1 2
0 29 6922 0 1 2
0 29 6923 0 1 2
0 29 6924 0 1 2
0 29 6925 0 1 2
0 29 6926 0 1 2
0 29 6927 0 1 2
0 29 6928 0 1 2
0 29 6929 0 1 2
0 29 6930 0 1 2
0 29 6931 0 1 2
0 29 6932 0 1 2
0 29 6933 0 1 2
0 29 6934 0 1 2
0 29 6935 0 1 2
0 29 6936 0 1 2
0 29 6937 0 1 2
0 29 6938 0 1 2
0 29 6939 0 1 2
0 29 6940 0 1 2
0 29 7064 0 1 2
0 29 7065 0 1 2
0 29 7066 0 1 2
0 29 7067 0 1 2
0 29 7068 0 1 2
0 29 7069 0 1 2
0 29 7070 0 1 2
0 29 7071 0 1 2
0 29 7072 0 1 2
0 29 7073 0 1 2
0 29 7074 0 1 2
0 29 7075 0 1 2
0 29 7076 0 1 2
0 29 7077 0 1 2
0 29 7078 0 1 2
0 29 7079 0 1 2
0 29 7080 0 1 2
0 29 7208 0 1 2
0 29 7209 0 1 2
0 29 7210 0 1 2
0 29 7211 0 1 2
0 29 7212 0 1 2
0 29 7213 0 1 2
0 29 7214 0 1 2
0 29 7215 0 1 2
0 29 7216 0 1 2
0 29 7217 0 1 2
0 29 7218 0 1 2
0 29 7219 0 1 2
0 29 7220 0 1 2
0 29 7221 0 1 2
0 29 7222 0 1 2
0 29 7355 0 1 2
0 29 7356 0 1 2
0 29 7357 0 1 2
0 29 7358 0 1 2
0 29 7359 0 1 2
0 29 7360 0 1 2
0 29 7361 0 1 2
0 29 7362 0 1 2
0 29 7363 0 1 2
0 29 7364 0 1 2
0 29 7365 0 1 2
0 29 7366 0 1 2
0 29 7367 0 1 2
0 29 7505 0 1 2
0 29 7506 0 1 2
0 29 7507 0 1 2
0 29 7508 0 1 2
0 29 7509 0 1 2
0 29 7510 0 1 2
0 29 7511 0 1 2
0 29 7512 0 1 2
0 29 7513 0 1 2
0 29 7514 0 1 2
0 29 7515 0 1 2
0 29 7654 0 1 2
0 29 7655 0 1 2
0 29 7656 0 1 2
0 29 7657 0 1 2
0 29 7658 0 1 2
0 29 7659 0 1 2
0 29 7660 0 1 2
0 29 7661 0 1 2
0 29 7662 0 1 2
0 29 7663 0 1 2
0 29 7803 0 1 2
0 29 7804 0 1 2
0 29 7805 0 1 2
0 29 7806 0 1 2
0 29 7807 0 1 2
0 29 7808 0 1 2
0 29 7809 0 1 2
0 29 7810 0 1 2
0 29 7950 0 1 2
0 29 7951 0 1 2
0 29 7952 0 1 2
0 29 7953 0 1 2
0 29 7954 0 1 2
0 29 7955 0 1 2
0 29 7956 0 1 2
0 29 7957 0 1 2
0 29 8082 0 1 2
0 29 8083 0 1 2
0 29 8084 0 1 2
0 29 8085 0 1 2
0 29 8086 0 1 2
0 29 8087 0 1 2
0 29 8088 0 1 2
0 29 8205 0 1 2
0 29 8206 0 1 2
0 29 8207 0 1 2
0 29 8208 0 1 2
0 29 8209 0 1 2
0 29 8210 0 1 2
0 29 8211 0 1 2
0 29 8333 0 1 2
0 29 8334 0 1 2
0 29 8335 0 1 2
0 29 8336 0 1 2
0 29 8337 0 1 2
0 29 8338 0 1 2
0 29 8339 0 1 2
0 29 8465 0 1 2
0 29 8466 0 1 2
0 29 8467 0 1 2
0 29 8468 0 1 2
0 29 8469 0 1 2
0 29 8470 0 1 2
0 29 8471 0 1 2
0 29 8595 0 1 2
0 29 8596 0 1 2
0 29 8597 0 1 2
0 29 8598 0 1 2
0 29 8599 0 1 2
0 29 8600 0 1 2
0 29 8601 0 1 2
0 29 8602 0 1 2
0 29 8726 0 1 2
0 29 8727 0 1 2
0 29 8728 0 1 2
0 29 8729 0 1 2
0 29 8730 0 1 2
0 29 8731 0 1 2
0 29 8732 0 1 2
0 29 8733 0 1 2
0 29 8865 0 1 2
0 29 8866 0 1 2
0 29 8867 0 1 2
0 29 8868 0 1 2
0 29 8869 0 1 2
0 29 8870 0 1 2
0 29 8871 0 1 2
0 29 8872 0 1 2
0 29 8873 0 1 2
0 29 9004 0 1 2
0 29 9005 0 1 2
0 29 9006 0 1 2
0 29 9007 0 1 2
0 29 9008 0 1 2
0 29 9009 0 1 2
0 29 9010 0 1 2
0 29 9011 0 1 2
0 29 9012 0 1 2
0 29 9013 0 1 2
0 29 9014 0 1 2
0 29 9132 0 1 2
0 29 9133 0 1 2
0 29 9134 0 1 2
0 29 9135 0 1 2
0 29 9136 0 1 2
0 29 9137 0 1 2
0 29 9138 0 1 2
0 29 9139 0 1 2
0 29 9140 0 1 2
0 29 9141 0 1 2
0 29 9142 0 1 2
0 29 9143 0 1 2
0 29 9144 0 1 2
0 29 9145 0 1 2
0 29 9146 0 1 2
0 29 9147 0 1 2
0 29 9254 0 1 2
0 29 9255 0 1 2
0 29 9256 0 1 2
0 29 9257 0 1 2
0 29 9258 0 1 2
0 29 9259 0 1 2
0 29 9260 0 1 2
0 29 9261 0 1 2
0 29 9262 0 1 2
0 29 9263 0 1 2
0 29 9264 0 1 2
0 29 9265 0 1 2
0 29 9266 0 1 2
0 29 9267 0 1 2
0 29 9268 0 1 2
0 29 9269 0 1 2
0 29 9371 0 1 2
0 29 9372 0 1 2
0 29 9373 0 1 2
0 29 9374 0 1 2
0 29 9375 0 1 2
0 29 9376 0 1 2
0 29 9377 0 1 2
0 29 9378 0 1 2
0 29 9379 0 1 2
0 29 9380 0 1 2
0 29 9381 0 1 2
0 29 9382 0 1 2
0 29 9383 0 1 2
0 29 9384 0 1 2
0 29 9385 0 1 2
0 29 9386 0 1 2
0 29 9490 0 1 2
0 29 9491 0 1 2
0 29 9492 0 1 2
0 29 9493 0 1 2
0 29 9494 0 1 2
0 29 9495 0 1 2
0 29 9496 0 1 2
0 29 9497 0 1 2
0 29 9498 0 1 2
0 29 9499 0 1 2
0 29 9500 0 1 2
0 29 9501 0 1 2
0 29 9502 0 1 2
0 29 9503 0 1 2
0 29 9504 0 1 2
0 29 9505 0 1 2
0 29 9611 0 1 2
0 29 9612 0 1 2
0 29 9613 0 1 2
0 29 9614 0 1 2
0 29 9615 0 1 2
0 29 9616 0 1 2
0 29 9617 0 1 2
0 29 9618 0 1 2
0 29 9619 0 1 2
0 29 9620 0 1 2
0 29 9621 0 1 2
0 29 9622 0 1 2
0 29 9623 0 1 2
0 29 9624 0 1 2
0 29 9625 0 1 2
0 29 9626 0 1 2
0 29 9737 0 1 2
0 29 9738 0 1 2
0 29 9739 0 1 2
0 29 9740 0 1 2
0 29 9741 0 1 2
0 29 9742 0 1 2
0 29 9743 0 1 2
0 29 9744 0 1 2
0 29 9745 0 1 2
0 29 9746 0 1 2
0 29 9747 0 1 2
0 29 9748 0 1 2
0 29 9749 0 1 2
0 29 9750 0 1 2
0 29 9751 0 1 2
0 29 9872 0 1 2
0 29 9873 0 1 2
0 29 9874 0 1 2
0 29 9875 0 1 2
0 29 9876 0 1 2
0 29 9877 0 1 2
0 29 9878 0 1 2
0 29 9879 0 1 2
0 29 9880 0 1 2
0 29 9881 0 1 2
0 29 9882 0 1 2
0 29 9883 0 1 2
0 29 9884 0 1 2
0 29 9885 0 1 2
0 29 9886 0 1 2
0 29 10004 0 1 2
0 29 10005 0 1 2
0 29 10006 0 1 2
0 29 10007 0 1 2
0 29 10008 0 1 2
0 29 10009 0 1 2
0 29 10010 0 1 2
0 29 10011 0 1 2
0 29 10012 0 1 2
0 29 10013 0 1 2
0 29 10014 0 1 2
0 29 10015 0 1 2
0 29 10016 0 1 2
0 29 10133 0 1 2
0 29 10134 0 1 2
0 29 10135 0 1 2
0 29 10136 0 1 2
0 29 10137 0 1 2
0 29 10138 0 1 2
0 29 10139 0 1 2
0 29 10140 0 1 2
0 29 10141 0 1 2
0 29 10259 0 1 2
0 29 10260 0 1 2
0 29 10261 0 1 2
0 29 10262 0 1 2
0 29 10263 0 1 2
0 29 10264 0 1 2
0 29 10265 0 1 2
0 29 10383 0 1 2
0 29 10384 0 1 2
0 29 10385 0 1 2
0 29 10386 0 1 2
0 29 10387 0 1 2
0 29 10506 0 1 2
0 29 10507 0 1 2
