0 31 3808 0 1 2
0 31 3809 0 1 2
0 31 3979 0 1 2
0 31 3980 0 1 2
0 31 3981 0 1 2
0 31 4150 0 1 2
0 31 4151 0 1 2
0 31 4152 0 1 2
0 31 4153 0 1 2
0 31 4154 0 1 2
0 31 4320 0 1 2
0 31 4321 0 1 2
0 31 4322 0 1 2
0 31 4323 0 1 2
0 31 4324 0 1 2
0 31 4325 0 1 2
0 31 4326 0 1 2
0 31 4489 0 1 2
0 31 4490 0 1 2
0 31 4491 0 1 2
0 31 4492 0 1 2
0 31 4493 0 1 2
0 31 4494 0 1 2
0 31 4495 0 1 2
0 31 4496 0 1 2
0 31 4497 0 1 2
0 31 4657 0 1 2
0 31 4658 0 1 2
0 31 4659 0 1 2
0 31 4660 0 1 2
0 31 4661 0 1 2
0 31 4662 0 1 2
0 31 4663 0 1 2
0 31 4664 0 1 2
0 31 4665 0 1 2
0 31 4666 0 1 2
0 31 4667 0 1 2
0 31 4823 0 1 2
0 31 4824 0 1 2
0 31 4825 0 1 2
0 31 4826 0 1 2
0 31 4827 0 1 2
0 31 4828 0 1 2
0 31 4829 0 1 2
0 31 4830 0 1 2
0 31 4831 0 1 2
0 31 4832 0 1 2
0 31 4833 0 1 2
0 31 4834 0 1 2
0 31 4986 0 1 2
0 31 4987 0 1 2
0 31 4988 0 1 2
0 31 4989 0 1 2
0 31 4990 0 1 2
0 31 4991 0 1 2
0 31 4992 0 1 2
0 31 4993 0 1 2
0 31 4994 0 1 2
0 31 4995 0 1 2
0 31 4996 0 1 2
0 31 4997 0 1 2
0 31 4998 0 1 2
0 31 4999 0 1 2
0 31 5000 0 1 2
0 31 5146 0 1 2
0 31 5147 0 1 2
0 31 5148 0 1 2
0 31 5149 0 1 2
0 31 5150 0 1 2
0 31 5151 0 1 2
0 31 5152 0 1 2
0 31 5153 0 1 2
0 31 5154 0 1 2
0 31 5155 0 1 2
0 31 5156 0 1 2
0 31 5157 0 1 2
0 31 5158 0 1 2
0 31 5159 0 1 2
0 31 5160 0 1 2
0 31 5161 0 1 2
0 31 5162 0 1 2
0 31 5304 0 1 2
0 31 5305 0 1 2
0 31 5306 0 1 2
0 31 5307 0 1 2
0 31 5308 0 1 2
0 31 5309 0 1 2
0 31 5310 0 1 2
0 31 5311 0 1 2
0 31 5312 0 1 2
0 31 5313 0 1 2
0 31 5314 0 1 2
0 31 5315 0 1 2
0 31 5316 0 1 2
0 31 5317 0 1 2
0 31 5318 0 1 2
0 31 5319 0 1 2
0 31 5320 0 1 2
0 31 5321 0 1 2
0 31 5322 0 1 2
0 31 5459 0 1 2
0 31 5460 0 1 2
0 31 5461 0 1 2
0 31 5462 0 1 2
0 31 5463 0 1 2
0 31 5464 0 1 2
0 31 5465 0 1 2
0 31 5466 0 1 2
0 31 5467 0 1 2
0 31 5468 0 1 2
0 31 5469 0 1 2
0 31 5470 0 1 2
0 31 5471 0 1 2
0 31 5472 0 1 2
0 31 5473 0 1 2
0 31 5474 0 1 2
0 31 5475 0 1 2
0 31 5476 0 1 2
0 31 5477 0 1 2
0 31 5478 0 1 2
0 31 5479 0 1 2
0 31 5614 0 1 2
0 31 5615 0 1 2
0 31 5616 0 1 2
0 31 5617 0 1 2
0 31 5618 0 1 2
0 31 5619 0 1 2
0 31 5620 0 1 2
0 31 5621 0 1 2
0 31 5622 0 1 2
0 31 5623 0 1 2
0 31 5624 0 1 2
0 31 5625 0 1 2
0 31 5626 0 1 2
0 31 5627 0 1 2
0 31 5628 0 1 2
0 31 5629 0 1 2
0 31 5630 0 1 2
0 31 5631 0 1 2
0 31 5632 0 1 2
0 31 5633 0 1 2
0 31 5634 0 1 2
0 31 5635 0 1 2
0 31 5636 0 1 2
0 31 5772 0 1 2
0 31 5773 0 1 2
0 31 5774 0 1 2
0 31 5775 0 1 2
0 31 5776 0 1 2
0 31 5777 0 1 2
0 31 5778 0 1 2
0 31 5779 0 1 2
0 31 5780 0 1 2
0 31 5781 0 1 2
0 31 5782 0 1 2
0 31 5783 0 1 2
0 31 5784 0 1 2
0 31 5785 0 1 2
0 31 5786 0 1 2
0 31 5787 0 1 2
0 31 5788 0 1 2
0 31 5789 0 1 2
0 31 5790 0 1 2
0 31 5791 0 1 2
0 31 5792 0 1 2
0 31 5793 0 1 2
0 31 5794 0 1 2
0 31 5795 0 1 2
0 31 5927 0 1 2
0 31 5928 0 1 2
0 31 5929 0 1 2
0 31 5930 0 1 2
0 31 5931 0 1 2
0 31 5932 0 1 2
0 31 5933 0 1 2
0 31 5934 0 1 2
0 31 5935 0 1 2
0 31 5936 0 1 2
0 31 5937 0 1 2
0 31 5938 0 1 2
0 31 5939 0 1 2
0 31 5940 0 1 2
0 31 5941 0 1 2
0 31 5942 0 1 2
0 31 5943 0 1 2
0 31 5944 0 1 2
0 31 5945 0 1 2
0 31 5946 0 1 2
0 31 5947 0 1 2
0 31 5948 0 1 2
0 31 5949 0 1 2
0 31 5950 0 1 2
0 31 5951 0 1 2
0 31 6080 0 1 2
0 31 6081 0 1 2
0 31 6082 0 1 2
0 31 6083 0 1 2
0 31 6084 0 1 2
0 31 6085 0 1 2
0 31 6086 0 1 2
0 31 6087 0 1 2
0 31 6088 0 1 2
0 31 6089 0 1 2
0 31 6090 0 1 2
0 31 6091 0 1 2
0 31 6092 0 1 2
0 31 6093 0 1 2
0 31 6094 0 1 2
0 31 6095 0 1 2
0 31 6096 0 1 2
0 31 6097 0 1 2
0 31 6098 0 1 2
0 31 6099 0 1 2
0 31 6100 0 1 2
0 31 6101 0 1 2
0 31 6102 0 1 2
0 31 6103 0 1 2
0 31 6104 0 1 2
0 31 6105 0 1 2
0 31 6232 0 1 2
0 31 6233 0 1 2
0 31 6234 0 1 2
0 31 6235 0 1 2
0 31 6236 0 1 2
0 31 6237 0 1 2
0 31 6238 0 1 2
0 31 6239 0 1 2
0 31 6240 0 1 2
0 31 6241 0 1 2
0 31 6242 0 1 2
0 31 6243 0 1 2
0 31 6244 0 1 2
0 31 6245 0 1 2
0 31 6246 0 1 2
0 31 6247 0 1 2
0 31 6248 0 1 2
0 31 6249 0 1 2
0 31 6250 0 1 2
0 31 6251 0 1 2
0 31 6252 0 1 2
0 31 6253 0 1 2
0 31 6254 0 1 2
0 31 6255 0 1 2
0 31 6256 0 1 2
0 31 6257 0 1 2
0 31 6383 0 1 2
0 31 6384 0 1 2
0 31 6385 0 1 2
0 31 6386 0 1 2
0 31 6387 0 1 2
0 31 6388 0 1 2
0 31 6389 0 1 2
0 31 6390 0 1 2
0 31 6391 0 1 2
0 31 6392 0 1 2
0 31 6393 0 1 2
0 31 6394 0 1 2
0 31 6395 0 1 2
0 31 6396 0 1 2
0 31 6397 0 1 2
0 31 6398 0 1 2
0 31 6399 0 1 2
0 31 6400 0 1 2
0 31 6401 0 1 2
0 31 6402 0 1 2
0 31 6403 0 1 2
0 31 6404 0 1 2
0 31 6405 0 1 2
0 31 6406 0 1 2
0 31 6407 0 1 2
0 31 6408 0 1 2
0 31 6531 0 1 2
0 31 6532 0 1 2
0 31 6533 0 1 2
0 31 6534 0 1 2
0 31 6535 0 1 2
0 31 6536 0 1 2
0 31 6537 0 1 2
0 31 6538 0 1 2
0 31 6539 0 1 2
0 31 6540 0 1 2
0 31 6541 0 1 2
0 31 6542 0 1 2
0 31 6543 0 1 2
0 31 6544 0 1 2
0 31 6545 0 1 2
0 31 6546 0 1 2
0 31 6547 0 1 2
0 31 6548 0 1 2
0 31 6549 0 1 2
0 31 6550 0 1 2
0 31 6551 0 1 2
0 31 6552 0 1 2
0 31 6553 0 1 2
0 31 6554 0 1 2
0 31 6555 0 1 2
0 31 6556 0 1 2
0 31 6662 0 1 2
0 31 6663 0 1 2
0 31 6664 0 1 2
0 31 6665 0 1 2
0 31 6666 0 1 2
0 31 6667 0 1 2
0 31 6668 0 1 2
0 31 6669 0 1 2
0 31 6670 0 1 2
0 31 6671 0 1 2
0 31 6672 0 1 2
0 31 6673 0 1 2
0 31 6674 0 1 2
0 31 6675 0 1 2
0 31 6676 0 1 2
0 31 6677 0 1 2
0 31 6678 0 1 2
0 31 6679 0 1 2
0 31 6680 0 1 2
0 31 6681 0 1 2
0 31 6682 0 1 2
0 31 6683 0 1 2
0 31 6684 0 1 2
0 31 6685 0 1 2
0 31 6793 0 1 2
0 31 6794 0 1 2
0 31 6795 0 1 2
0 31 6796 0 1 2
0 31 6797 0 1 2
0 31 6798 0 1 2
0 31 6799 0 1 2
0 31 6800 0 1 2
0 31 6801 0 1 2
0 31 6802 0 1 2
0 31 6803 0 1 2
0 31 6804 0 1 2
0 31 6805 0 1 2
0 31 6806 0 1 2
0 31 6807 0 1 2
0 31 6808 0 1 2
0 31 6809 0 1 2
0 31 6810 0 1 2
0 31 6811 0 1 2
0 31 6812 0 1 2
0 31 6813 0 1 2
0 31 6922 0 1 2
0 31 6923 0 1 2
0 31 6924 0 1 2
0 31 6925 0 1 2
0 31 6926 0 1 2
0 31 6927 0 1 2
0 31 6928 0 1 2
0 31 6929 0 1 2
0 31 6930 0 1 2
0 31 6931 0 1 2
0 31 6932 0 1 2
0 31 6933 0 1 2
0 31 6934 0 1 2
0 31 6935 0 1 2
0 31 6936 0 1 2
0 31 6937 0 1 2
0 31 6938 0 1 2
0 31 6939 0 1 2
0 31 6940 0 1 2
0 31 7064 0 1 2
0 31 7065 0 1 2
0 31 7066 0 1 2
0 31 7067 0 1 2
0 31 7068 0 1 2
0 31 7069 0 1 2
0 31 7070 0 1 2
0 31 7071 0 1 2
0 31 7072 0 1 2
0 31 7073 0 1 2
0 31 7074 0 1 2
0 31 7075 0 1 2
0 31 7076 0 1 2
0 31 7077 0 1 2
0 31 7078 0 1 2
0 31 7079 0 1 2
0 31 7080 0 1 2
0 31 7208 0 1 2
0 31 7209 0 1 2
0 31 7210 0 1 2
0 31 7211 0 1 2
0 31 7212 0 1 2
0 31 7213 0 1 2
0 31 7214 0 1 2
0 31 7215 0 1 2
0 31 7216 0 1 2
0 31 7217 0 1 2
0 31 7218 0 1 2
0 31 7219 0 1 2
0 31 7220 0 1 2
0 31 7221 0 1 2
0 31 7222 0 1 2
0 31 7355 0 1 2
0 31 7356 0 1 2
0 31 7357 0 1 2
0 31 7358 0 1 2
0 31 7359 0 1 2
0 31 7360 0 1 2
0 31 7361 0 1 2
0 31 7362 0 1 2
0 31 7363 0 1 2
0 31 7364 0 1 2
0 31 7365 0 1 2
0 31 7366 0 1 2
0 31 7367 0 1 2
0 31 7505 0 1 2
0 31 7506 0 1 2
0 31 7507 0 1 2
0 31 7508 0 1 2
0 31 7509 0 1 2
0 31 7510 0 1 2
0 31 7511 0 1 2
0 31 7512 0 1 2
0 31 7513 0 1 2
0 31 7514 0 1 2
0 31 7515 0 1 2
0 31 7654 0 1 2
0 31 7655 0 1 2
0 31 7656 0 1 2
0 31 7657 0 1 2
0 31 7658 0 1 2
0 31 7659 0 1 2
0 31 7660 0 1 2
0 31 7661 0 1 2
0 31 7662 0 1 2
0 31 7663 0 1 2
0 31 7803 0 1 2
0 31 7804 0 1 2
0 31 7805 0 1 2
0 31 7806 0 1 2
0 31 7807 0 1 2
0 31 7808 0 1 2
0 31 7809 0 1 2
0 31 7810 0 1 2
0 31 7950 0 1 2
0 31 7951 0 1 2
0 31 7952 0 1 2
0 31 7953 0 1 2
0 31 7954 0 1 2
0 31 7955 0 1 2
0 31 7956 0 1 2
0 31 7957 0 1 2
0 31 8082 0 1 2
0 31 8083 0 1 2
0 31 8084 0 1 2
0 31 8085 0 1 2
0 31 8086 0 1 2
0 31 8087 0 1 2
0 31 8088 0 1 2
0 31 8205 0 1 2
0 31 8206 0 1 2
0 31 8207 0 1 2
0 31 8208 0 1 2
0 31 8209 0 1 2
0 31 8210 0 1 2
0 31 8211 0 1 2
0 31 8333 0 1 2
0 31 8334 0 1 2
0 31 8335 0 1 2
0 31 8336 0 1 2
0 31 8337 0 1 2
0 31 8338 0 1 2
0 31 8339 0 1 2
0 31 8465 0 1 2
0 31 8466 0 1 2
0 31 8467 0 1 2
0 31 8468 0 1 2
0 31 8469 0 1 2
0 31 8470 0 1 2
0 31 8471 0 1 2
0 31 8595 0 1 2
0 31 8596 0 1 2
0 31 8597 0 1 2
0 31 8598 0 1 2
0 31 8599 0 1 2
0 31 8600 0 1 2
0 31 8601 0 1 2
0 31 8602 0 1 2
0 31 8726 0 1 2
0 31 8727 0 1 2
0 31 8728 0 1 2
0 31 8729 0 1 2
0 31 8730 0 1 2
0 31 8731 0 1 2
0 31 8732 0 1 2
0 31 8733 0 1 2
0 31 8865 0 1 2
0 31 8866 0 1 2
0 31 8867 0 1 2
0 31 8868 0 1 2
0 31 8869 0 1 2
0 31 8870 0 1 2
0 31 8871 0 1 2
0 31 8872 0 1 2
0 31 8873 0 1 2
0 31 9004 0 1 2
0 31 9005 0 1 2
0 31 9006 0 1 2
0 31 9007 0 1 2
0 31 9008 0 1 2
0 31 9009 0 1 2
0 31 9010 0 1 2
0 31 9011 0 1 2
0 31 9012 0 1 2
0 31 9013 0 1 2
0 31 9014 0 1 2
0 31 9132 0 1 2
0 31 9133 0 1 2
0 31 9134 0 1 2
0 31 9135 0 1 2
0 31 9136 0 1 2
0 31 9137 0 1 2
0 31 9138 0 1 2
0 31 9139 0 1 2
0 31 9140 0 1 2
0 31 9141 0 1 2
0 31 9142 0 1 2
0 31 9143 0 1 2
0 31 9144 0 1 2
0 31 9145 0 1 2
0 31 9146 0 1 2
0 31 9147 0 1 2
0 31 9254 0 1 2
0 31 9255 0 1 2
0 31 9256 0 1 2
0 31 9257 0 1 2
0 31 9258 0 1 2
0 31 9259 0 1 2
0 31 9260 0 1 2
0 31 9261 0 1 2
0 31 9262 0 1 2
0 31 9263 0 1 2
0 31 9264 0 1 2
0 31 9265 0 1 2
0 31 9266 0 1 2
0 31 9267 0 1 2
0 31 9268 0 1 2
0 31 9269 0 1 2
0 31 9371 0 1 2
0 31 9372 0 1 2
0 31 9373 0 1 2
0 31 9374 0 1 2
0 31 9375 0 1 2
0 31 9376 0 1 2
0 31 9377 0 1 2
0 31 9378 0 1 2
0 31 9379 0 1 2
0 31 9380 0 1 2
0 31 9381 0 1 2
0 31 9382 0 1 2
0 31 9383 0 1 2
0 31 9384 0 1 2
0 31 9385 0 1 2
0 31 9386 0 1 2
0 31 9490 0 1 2
0 31 9491 0 1 2
0 31 9492 0 1 2
0 31 9493 0 1 2
0 31 9494 0 1 2
0 31 9495 0 1 2
0 31 9496 0 1 2
0 31 9497 0 1 2
0 31 9498 0 1 2
0 31 9499 0 1 2
0 31 9500 0 1 2
0 31 9501 0 1 2
0 31 9502 0 1 2
0 31 9503 0 1 2
0 31 9504 0 1 2
0 31 9505 0 1 2
0 31 9611 0 1 2
0 31 9612 0 1 2
0 31 9613 0 1 2
0 31 9614 0 1 2
0 31 9615 0 1 2
0 31 9616 0 1 2
0 31 9617 0 1 2
0 31 9618 0 1 2
0 31 9619 0 1 2
0 31 9620 0 1 2
0 31 9621 0 1 2
0 31 9622 0 1 2
0 31 9623 0 1 2
0 31 9624 0 1 2
0 31 9625 0 1 2
0 31 9626 0 1 2
0 31 9737 0 1 2
0 31 9738 0 1 2
0 31 9739 0 1 2
0 31 9740 0 1 2
0 31 9741 0 1 2
0 31 9742 0 1 2
0 31 9743 0 1 2
0 31 9744 0 1 2
0 31 9745 0 1 2
0 31 9746 0 1 2
0 31 9747 0 1 2
0 31 9748 0 1 2
0 31 9749 0 1 2
0 31 9750 0 1 2
0 31 9751 0 1 2
0 31 9872 0 1 2
0 31 9873 0 1 2
0 31 9874 0 1 2
0 31 9875 0 1 2
0 31 9876 0 1 2
0 31 9877 0 1 2
0 31 9878 0 1 2
0 31 9879 0 1 2
0 31 9880 0 1 2
0 31 9881 0 1 2
0 31 9882 0 1 2
0 31 9883 0 1 2
0 31 9884 0 1 2
0 31 9885 0 1 2
0 31 9886 0 1 2
0 31 10004 0 1 2
0 31 10005 0 1 2
0 31 10006 0 1 2
0 31 10007 0 1 2
0 31 10008 0 1 2
0 31 10009 0 1 2
0 31 10010 0 1 2
0 31 10011 0 1 2
0 31 10012 0 1 2
0 31 10013 0 1 2
0 31 10014 0 1 2
0 31 10015 0 1 2
0 31 10016 0 1 2
0 31 10133 0 1 2
0 31 10134 0 1 2
0 31 10135 0 1 2
0 31 10136 0 1 2
0 31 10137 0 1 2
0 31 10138 0 1 2
0 31 10139 0 1 2
0 31 10140 0 1 2
0 31 10141 0 1 2
0 31 10259 0 1 2
0 31 10260 0 1 2
0 31 10261 0 1 2
0 31 10262 0 1 2
0 31 10263 0 1 2
0 31 10264 0 1 2
0 31 10265 0 1 2
0 31 10383 0 1 2
0 31 10384 0 1 2
0 31 10385 0 1 2
0 31 10386 0 1 2
0 31 10387 0 1 2
0 31 10506 0 1 2
0 31 10507 0 1 2
