0 31 5804 0 1 2 3 4
0 31 5805 0 1 2 3 4
0 31 5806 0 1 2 3 4
0 31 5886 0 1 2 3 4
0 31 5887 0 1 2 3 4
0 31 5888 0 1 2 3 4
0 31 5968 0 1 2 3 4
0 31 5969 0 1 2 3 4
0 31 5970 0 1 2 3 4
0 31 6051 0 1 2 3 4
0 31 6052 0 1 2 3 4
0 31 6053 0 1 2 3 4
0 31 6054 0 1 2 3 4
0 31 6055 0 1 2 3 4
0 31 6056 0 1 2 3 4
0 31 6057 0 1 2 3 4
0 31 6058 0 1 2 3 4
0 31 6059 0 1 2 3 4
0 31 6060 0 1 2 3 4
0 31 6061 0 1 2 3 4
0 31 6062 0 1 2 3 4
0 31 6063 0 1 2 3 4
0 31 6064 0 1 2 3 4
0 31 6065 0 1 2 3 4
0 31 6066 0 1 2 3 4
0 31 6067 0 1 2 3 4
0 31 6068 0 1 2 3 4
0 31 6069 0 1 2 3 4
0 31 6070 0 1 2 3 4
0 31 6071 0 1 2 3 4
0 31 6153 0 1 2 3 4
0 31 6154 0 1 2 3 4
0 31 6155 0 1 2 3 4
0 31 6156 0 1 2 3 4
0 31 6157 0 1 2 3 4
0 31 6158 0 1 2 3 4
0 31 6159 0 1 2 3 4
0 31 6160 0 1 2 3 4
0 31 6161 0 1 2 3 4
0 31 6162 0 1 2 3 4
0 31 6163 0 1 2 3 4
0 31 6164 0 1 2 3 4
0 31 6165 0 1 2 3 4
0 31 6166 0 1 2 3 4
0 31 6167 0 1 2 3 4
0 31 6168 0 1 2 3 4
0 31 6169 0 1 2 3 4
0 31 6170 0 1 2 3 4
0 31 6171 0 1 2 3 4
0 31 6172 0 1 2 3 4
0 31 6173 0 1 2 3 4
0 31 6174 0 1 2 3 4
0 31 6175 0 1 2 3 4
0 31 6176 0 1 2 3 4
0 31 6177 0 1 2 3 4
0 31 6178 0 1 2 3 4
0 31 6259 0 1 2 3 4
0 31 6260 0 1 2 3 4
0 31 6261 0 1 2 3 4
0 31 6262 0 1 2 3 4
0 31 6263 0 1 2 3 4
0 31 6264 0 1 2 3 4
0 31 6265 0 1 2 3 4
0 31 6266 0 1 2 3 4
0 31 6273 0 1 2 3 4
0 31 6366 0 1 2 3 4
0 31 6367 0 1 2 3 4
0 31 6368 0 1 2 3 4
0 31 6369 0 1 2 3 4
0 31 6370 0 1 2 3 4
0 31 6474 0 1 2 3 4
0 31 6475 0 1 2 3 4
0 31 6581 0 1 2 3 4
0 31 6582 0 1 2 3 4
0 31 6583 0 1 2 3 4
0 31 6689 0 1 2 3 4
0 31 6690 0 1 2 3 4
0 31 6691 0 1 2 3 4
0 31 6692 0 1 2 3 4
0 31 6798 0 1 2 3 4
0 31 6799 0 1 2 3 4
0 31 6800 0 1 2 3 4
0 31 6801 0 1 2 3 4
0 31 6905 0 1 2 3 4
0 31 6906 0 1 2 3 4
0 31 6907 0 1 2 3 4
0 31 7013 0 1 2 3 4
0 31 7014 0 1 2 3 4
0 31 7015 0 1 2 3 4
0 31 7122 0 1 2 3 4
0 31 7123 0 1 2 3 4
0 31 7124 0 1 2 3 4
0 31 7232 0 1 2 3 4
0 31 7233 0 1 2 3 4
0 31 7340 0 1 2 3 4
0 31 7341 0 1 2 3 4
0 31 7447 0 1 2 3 4
0 31 7448 0 1 2 3 4
0 31 7554 0 1 2 3 4
0 31 7555 0 1 2 3 4
0 31 7556 0 1 2 3 4
0 31 7662 0 1 2 3 4
0 31 7663 0 1 2 3 4
0 31 7664 0 1 2 3 4
0 31 7665 0 1 2 3 4
0 31 7768 0 1 2 3 4
0 31 7769 0 1 2 3 4
0 31 7770 0 1 2 3 4
0 31 7771 0 1 2 3 4
0 31 7875 0 1 2 3 4
0 31 7876 0 1 2 3 4
0 31 7877 0 1 2 3 4
0 31 7980 0 1 2 3 4
0 31 7981 0 1 2 3 4
0 31 7982 0 1 2 3 4
0 31 8085 0 1 2 3 4
0 31 8086 0 1 2 3 4
0 31 8189 0 1 2 3 4
0 31 8190 0 1 2 3 4
0 31 8293 0 1 2 3 4
0 31 8294 0 1 2 3 4
0 31 8295 0 1 2 3 4
0 31 8398 0 1 2 3 4
0 31 8399 0 1 2 3 4
0 31 8400 0 1 2 3 4
0 31 8503 0 1 2 3 4
0 31 8504 0 1 2 3 4
0 31 8505 0 1 2 3 4
0 31 8607 0 1 2 3 4
0 31 8608 0 1 2 3 4
0 31 8709 0 1 2 3 4
0 31 8710 0 1 2 3 4
0 31 8711 0 1 2 3 4
0 31 8812 0 1 2 3 4
0 31 8813 0 1 2 3 4
0 31 8913 0 1 2 3 4
0 31 8914 0 1 2 3 4
0 31 8915 0 1 2 3 4
0 31 9013 0 1 2 3 4
0 31 9014 0 1 2 3 4
0 31 9112 0 1 2 3 4
0 31 9113 0 1 2 3 4
0 31 9114 0 1 2 3 4
0 31 9209 0 1 2 3 4
0 31 9210 0 1 2 3 4
0 31 9308 0 1 2 3 4
0 31 9309 0 1 2 3 4
0 31 9401 0 1 2 3 4
0 31 9402 0 1 2 3 4
0 31 9493 0 1 2 3 4
0 31 9494 0 1 2 3 4
0 31 9588 0 1 2 3 4
0 31 9589 0 1 2 3 4
0 31 9683 0 1 2 3 4
0 31 9684 0 1 2 3 4
0 31 9777 0 1 2 3 4
0 31 9778 0 1 2 3 4
0 31 9872 0 1 2 3 4
0 31 9873 0 1 2 3 4
0 31 9965 0 1 2 3 4
0 31 9966 0 1 2 3 4
0 31 10052 0 1 2 3 4
0 31 10053 0 1 2 3 4
0 31 10131 0 1 2 3 4
0 31 10132 0 1 2 3 4
0 31 10212 0 1 2 3 4
0 31 10213 0 1 2 3 4
0 31 10297 0 1 2 3 4
0 31 10298 0 1 2 3 4
0 31 10383 0 1 2 3 4
0 31 10384 0 1 2 3 4
0 31 10475 0 1 2 3 4
0 31 10476 0 1 2 3 4
0 31 10568 0 1 2 3 4
0 31 10569 0 1 2 3 4
0 31 10658 0 1 2 3 4
0 31 10659 0 1 2 3 4
0 31 10746 0 1 2 3 4
0 31 10747 0 1 2 3 4
0 31 10825 0 1 2 3 4
0 31 10826 0 1 2 3 4
0 31 10906 0 1 2 3 4
0 31 10907 0 1 2 3 4
0 31 10988 0 1 2 3 4
0 31 10989 0 1 2 3 4
0 31 11069 0 1 2 3 4
0 31 11070 0 1 2 3 4
0 31 11151 0 1 2 3 4
0 31 11237 0 1 2 3 4
0 31 11238 0 1 2 3 4
0 31 11324 0 1 2 3 4
0 31 11325 0 1 2 3 4
0 31 11402 0 1 2 3 4
0 31 11403 0 1 2 3 4
0 31 11478 0 1 2 3 4
0 31 11552 0 1 2 3 4
0 31 11553 0 1 2 3 4
0 31 11626 0 1 2 3 4
0 31 11627 0 1 2 3 4
0 31 11701 0 1 2 3 4
0 31 11702 0 1 2 3 4
0 31 11780 0 1 2 3 4
0 31 11781 0 1 2 3 4
0 31 11857 0 1 2 3 4
0 31 11858 0 1 2 3 4
0 31 11935 0 1 2 3 4
0 31 11936 0 1 2 3 4
0 31 12013 0 1 2 3 4
0 31 12086 0 1 2 3 4
0 31 12087 0 1 2 3 4
0 31 12161 0 1 2 3 4
0 31 12162 0 1 2 3 4
0 31 12227 0 1 2 3 4
0 31 12228 0 1 2 3 4
0 31 12293 0 1 2 3 4
0 31 12294 0 1 2 3 4
0 31 12354 0 1 2 3 4
0 31 12355 0 1 2 3 4
0 31 12415 0 1 2 3 4
0 31 12416 0 1 2 3 4
0 31 12476 0 1 2 3 4
0 31 12477 0 1 2 3 4
0 31 12537 0 1 2 3 4
0 31 12538 0 1 2 3 4
0 31 12598 0 1 2 3 4
0 31 12599 0 1 2 3 4
0 31 12660 0 1 2 3 4
0 31 12721 0 1 2 3 4
0 31 12722 0 1 2 3 4
0 31 12782 0 1 2 3 4
0 31 12783 0 1 2 3 4
0 31 12841 0 1 2 3 4
0 31 12842 0 1 2 3 4
0 31 12901 0 1 2 3 4
0 31 12902 0 1 2 3 4
0 31 12961 0 1 2 3 4
0 31 12962 0 1 2 3 4
0 31 13018 0 1 2 3 4
0 31 13019 0 1 2 3 4
0 31 13075 0 1 2 3 4
0 31 13076 0 1 2 3 4
0 31 13077 0 1 2 3 4
0 31 13078 0 1 2 3 4
0 31 13079 0 1 2 3 4
0 31 13133 0 1 2 3 4
0 31 13134 0 1 2 3 4
0 31 13135 0 1 2 3 4
0 31 13136 0 1 2 3 4
0 31 13137 0 1 2 3 4
0 31 13191 0 1 2 3 4
0 31 13192 0 1 2 3 4
0 31 13193 0 1 2 3 4
0 31 13194 0 1 2 3 4
0 31 13195 0 1 2 3 4
0 31 13196 0 1 2 3 4
0 31 13250 0 1 2 3 4
0 31 13251 0 1 2 3 4
0 31 13252 0 1 2 3 4
0 31 13309 0 1 2 3 4
0 31 13310 0 1 2 3 4
0 31 13311 0 1 2 3 4
0 31 13368 0 1 2 3 4
0 31 13369 0 1 2 3 4
0 31 13428 0 1 2 3 4
0 31 13429 0 1 2 3 4
0 31 13430 0 1 2 3 4
0 31 13484 0 1 2 3 4
0 31 13485 0 1 2 3 4
0 31 13541 0 1 2 3 4
0 31 13542 0 1 2 3 4
0 31 13543 0 1 2 3 4
0 31 13598 0 1 2 3 4
0 31 13599 0 1 2 3 4
0 31 13657 0 1 2 3 4
0 31 13658 0 1 2 3 4
0 31 13716 0 1 2 3 4
0 31 13717 0 1 2 3 4
0 31 13718 0 1 2 3 4
0 31 13775 0 1 2 3 4
0 31 13776 0 1 2 3 4
0 31 13834 0 1 2 3 4
0 31 13835 0 1 2 3 4
0 31 13836 0 1 2 3 4
0 31 13892 0 1 2 3 4
0 31 13893 0 1 2 3 4
0 31 13952 0 1 2 3 4
0 31 13953 0 1 2 3 4
0 31 13954 0 1 2 3 4
0 31 14014 0 1 2 3 4
0 31 14015 0 1 2 3 4
0 31 14016 0 1 2 3 4
0 31 14075 0 1 2 3 4
0 31 14076 0 1 2 3 4
0 31 14077 0 1 2 3 4
0 31 14136 0 1 2 3 4
0 31 14137 0 1 2 3 4
0 31 14138 0 1 2 3 4
0 31 14139 0 1 2 3 4
0 31 14200 0 1 2 3 4
0 31 14201 0 1 2 3 4
0 31 14202 0 1 2 3 4
0 31 14203 0 1 2 3 4
0 31 14267 0 1 2 3 4
0 31 14268 0 1 2 3 4
0 31 14269 0 1 2 3 4
0 31 14336 0 1 2 3 4
0 31 14337 0 1 2 3 4
0 31 14338 0 1 2 3 4
0 31 14406 0 1 2 3 4
0 31 14407 0 1 2 3 4
0 31 14481 0 1 2 3 4
0 31 14482 0 1 2 3 4
0 31 14552 0 1 2 3 4
0 31 14553 0 1 2 3 4
0 31 14554 0 1 2 3 4
0 31 14623 0 1 2 3 4
0 31 14624 0 1 2 3 4
0 31 14625 0 1 2 3 4
0 31 14692 0 1 2 3 4
0 31 14693 0 1 2 3 4
0 31 14763 0 1 2 3 4
0 31 14764 0 1 2 3 4
0 31 14833 0 1 2 3 4
0 31 14834 0 1 2 3 4
0 31 14835 0 1 2 3 4
0 31 14904 0 1 2 3 4
0 31 14905 0 1 2 3 4
0 31 14975 0 1 2 3 4
0 31 14976 0 1 2 3 4
0 31 15046 0 1 2 3 4
0 31 15047 0 1 2 3 4
0 31 15117 0 1 2 3 4
0 31 15118 0 1 2 3 4
0 31 15187 0 1 2 3 4
0 31 15188 0 1 2 3 4
0 31 15257 0 1 2 3 4
0 31 15258 0 1 2 3 4
0 31 15326 0 1 2 3 4
0 31 15327 0 1 2 3 4
0 31 15393 0 1 2 3 4
0 31 15394 0 1 2 3 4
0 31 15460 0 1 2 3 4
0 31 15461 0 1 2 3 4
0 31 15528 0 1 2 3 4
0 31 15529 0 1 2 3 4
0 31 15530 0 1 2 3 4
0 31 15531 0 1 2 3 4
0 31 15596 0 1 2 3 4
0 31 15597 0 1 2 3 4
0 31 15598 0 1 2 3 4
0 31 15599 0 1 2 3 4
0 31 15662 0 1 2 3 4
0 31 15663 0 1 2 3 4
0 31 15664 0 1 2 3 4
0 31 15665 0 1 2 3 4
0 31 15666 0 1 2 3 4
0 31 15728 0 1 2 3 4
0 31 15729 0 1 2 3 4
0 31 15730 0 1 2 3 4
0 31 15731 0 1 2 3 4
0 31 15732 0 1 2 3 4
0 31 15792 0 1 2 3 4
0 31 15793 0 1 2 3 4
0 31 15794 0 1 2 3 4
0 31 15795 0 1 2 3 4
0 31 15796 0 1 2 3 4
0 31 15855 0 1 2 3 4
0 31 15856 0 1 2 3 4
0 31 15857 0 1 2 3 4
0 31 15858 0 1 2 3 4
0 31 15859 0 1 2 3 4
0 31 15923 0 1 2 3 4
0 31 15924 0 1 2 3 4
0 31 15925 0 1 2 3 4
0 31 15926 0 1 2 3 4
0 31 15927 0 1 2 3 4
0 31 15928 0 1 2 3 4
0 31 15988 0 1 2 3 4
0 31 15989 0 1 2 3 4
0 31 16052 0 1 2 3 4
0 31 16053 0 1 2 3 4
0 31 16119 0 1 2 3 4
0 31 16120 0 1 2 3 4
0 31 16182 0 1 2 3 4
0 31 16183 0 1 2 3 4
0 31 16247 0 1 2 3 4
0 31 16248 0 1 2 3 4
0 31 16311 0 1 2 3 4
0 31 16312 0 1 2 3 4
0 31 16375 0 1 2 3 4
0 31 16376 0 1 2 3 4
0 31 16439 0 1 2 3 4
0 31 16440 0 1 2 3 4
0 31 16500 0 1 2 3 4
0 31 16501 0 1 2 3 4
0 31 16503 0 1 2 3 4
0 31 16504 0 1 2 3 4
0 31 16505 0 1 2 3 4
0 31 16556 0 1 2 3 4
0 31 16557 0 1 2 3 4
0 31 16558 0 1 2 3 4
0 31 16559 0 1 2 3 4
0 31 16560 0 1 2 3 4
0 31 16561 0 1 2 3 4
0 31 16609 0 1 2 3 4
0 31 16610 0 1 2 3 4
0 31 16612 0 1 2 3 4
0 31 16613 0 1 2 3 4
0 31 16614 0 1 2 3 4
0 31 16665 0 1 2 3 4
0 31 16666 0 1 2 3 4
0 31 16667 0 1 2 3 4
0 31 16668 0 1 2 3 4
0 31 16669 0 1 2 3 4
0 31 16670 0 1 2 3 4
0 31 16717 0 1 2 3 4
0 31 16718 0 1 2 3 4
0 31 16719 0 1 2 3 4
0 31 16720 0 1 2 3 4
0 31 16764 0 1 2 3 4
0 31 16765 0 1 2 3 4
0 31 16766 0 1 2 3 4
0 31 16811 0 1 2 3 4
0 31 16812 0 1 2 3 4
0 31 16813 0 1 2 3 4
0 31 16855 0 1 2 3 4
0 31 16856 0 1 2 3 4
0 31 16895 0 1 2 3 4
0 31 16896 0 1 2 3 4
0 31 16935 0 1 2 3 4
0 31 16936 0 1 2 3 4
0 31 16971 0 1 2 3 4
0 31 16972 0 1 2 3 4
0 31 16973 0 1 2 3 4
0 31 17012 0 1 2 3 4
0 31 17013 0 1 2 3 4
0 31 17014 0 1 2 3 4
0 31 17054 0 1 2 3 4
0 31 17055 0 1 2 3 4
0 31 17056 0 1 2 3 4
0 31 17096 0 1 2 3 4
0 31 17097 0 1 2 3 4
0 31 17136 0 1 2 3 4
0 31 17137 0 1 2 3 4
0 31 17176 0 1 2 3 4
0 31 17177 0 1 2 3 4
0 31 17217 0 1 2 3 4
0 31 17218 0 1 2 3 4
0 31 17254 0 1 2 3 4
0 31 17255 0 1 2 3 4
0 31 17288 0 1 2 3 4
0 31 17289 0 1 2 3 4
0 31 17290 0 1 2 3 4
0 31 17322 0 1 2 3 4
0 31 17323 0 1 2 3 4
0 31 17324 0 1 2 3 4
0 31 17355 0 1 2 3 4
0 31 17357 0 1 2 3 4
0 31 17358 0 1 2 3 4
0 31 17359 0 1 2 3 4
0 31 17390 0 1 2 3 4
0 31 17391 0 1 2 3 4
0 31 17392 0 1 2 3 4
0 31 17393 0 1 2 3 4
0 31 17394 0 1 2 3 4
0 31 17425 0 1 2 3 4
0 31 17426 0 1 2 3 4
0 31 17427 0 1 2 3 4
0 31 17428 0 1 2 3 4
0 31 17460 0 1 2 3 4
0 31 17461 0 1 2 3 4
0 31 17462 0 1 2 3 4
0 31 17463 0 1 2 3 4
0 31 17464 0 1 2 3 4
0 31 17496 0 1 2 3 4
0 31 17497 0 1 2 3 4
0 31 17498 0 1 2 3 4
0 31 17499 0 1 2 3 4
0 31 17500 0 1 2 3 4
0 31 17501 0 1 2 3 4
0 31 17502 0 1 2 3 4
0 31 17532 0 1 2 3 4
0 31 17533 0 1 2 3 4
0 31 17534 0 1 2 3 4
0 31 17535 0 1 2 3 4
0 31 17536 0 1 2 3 4
0 31 17537 0 1 2 3 4
0 31 17567 0 1 2 3 4
0 31 17568 0 1 2 3 4
0 31 17569 0 1 2 3 4
0 31 17570 0 1 2 3 4
0 31 17571 0 1 2 3 4
0 31 17572 0 1 2 3 4
0 31 17602 0 1 2 3 4
0 31 17603 0 1 2 3 4
0 31 17604 0 1 2 3 4
0 31 17605 0 1 2 3 4
0 31 17606 0 1 2 3 4
0 31 17607 0 1 2 3 4
0 31 17608 0 1 2 3 4
0 31 17609 0 1 2 3 4
0 31 17636 0 1 2 3 4
0 31 17637 0 1 2 3 4
0 31 17639 0 1 2 3 4
0 31 17640 0 1 2 3 4
0 31 17641 0 1 2 3 4
0 31 17642 0 1 2 3 4
0 31 17643 0 1 2 3 4
0 31 17644 0 1 2 3 4
0 31 17645 0 1 2 3 4
0 31 17646 0 1 2 3 4
0 31 17647 0 1 2 3 4
0 31 17668 0 1 2 3 4
0 31 17669 0 1 2 3 4
0 31 17670 0 1 2 3 4
0 31 17671 0 1 2 3 4
0 31 17672 0 1 2 3 4
0 31 17673 0 1 2 3 4
0 31 17674 0 1 2 3 4
0 31 17675 0 1 2 3 4
0 31 17676 0 1 2 3 4
0 31 17677 0 1 2 3 4
0 31 17678 0 1 2 3 4
0 31 17679 0 1 2 3 4
0 31 17680 0 1 2 3 4
0 31 17681 0 1 2 3 4
0 31 17682 0 1 2 3 4
0 31 17699 0 1 2 3 4
0 31 17700 0 1 2 3 4
0 31 17701 0 1 2 3 4
0 31 17702 0 1 2 3 4
0 31 17703 0 1 2 3 4
0 31 17704 0 1 2 3 4
0 31 17705 0 1 2 3 4
0 31 17706 0 1 2 3 4
0 31 17707 0 1 2 3 4
0 31 17708 0 1 2 3 4
0 31 17709 0 1 2 3 4
0 31 17710 0 1 2 3 4
0 31 17711 0 1 2 3 4
0 31 17712 0 1 2 3 4
0 31 17713 0 1 2 3 4
0 31 17714 0 1 2 3 4
0 31 17715 0 1 2 3 4
0 31 17716 0 1 2 3 4
0 31 17717 0 1 2 3 4
0 31 17718 0 1 2 3 4
0 31 17719 0 1 2 3 4
0 31 17735 0 1 2 3 4
0 31 17736 0 1 2 3 4
0 31 17737 0 1 2 3 4
0 31 17738 0 1 2 3 4
0 31 17739 0 1 2 3 4
0 31 17740 0 1 2 3 4
0 31 17741 0 1 2 3 4
0 31 17742 0 1 2 3 4
0 31 17743 0 1 2 3 4
0 31 17744 0 1 2 3 4
0 31 17746 0 1 2 3 4
0 31 17747 0 1 2 3 4
0 31 17748 0 1 2 3 4
0 31 17752 0 1 2 3 4
0 31 17753 0 1 2 3 4
0 31 17754 0 1 2 3 4
0 31 17755 0 1 2 3 4
0 31 17756 0 1 2 3 4
0 31 17772 0 1 2 3 4
0 31 17773 0 1 2 3 4
0 31 17774 0 1 2 3 4
0 31 17775 0 1 2 3 4
0 31 17780 0 1 2 3 4
0 31 17781 0 1 2 3 4
0 31 17782 0 1 2 3 4
0 31 17788 0 1 2 3 4
0 31 17789 0 1 2 3 4
0 31 17790 0 1 2 3 4
0 31 17791 0 1 2 3 4
0 31 17792 0 1 2 3 4
0 31 17812 0 1 2 3 4
0 31 17813 0 1 2 3 4
0 31 17814 0 1 2 3 4
0 31 17820 0 1 2 3 4
0 31 17821 0 1 2 3 4
0 31 17822 0 1 2 3 4
0 31 17823 0 1 2 3 4
0 31 17824 0 1 2 3 4
0 31 17825 0 1 2 3 4
0 31 17826 0 1 2 3 4
0 31 17827 0 1 2 3 4
0 31 17828 0 1 2 3 4
0 31 17836 0 1 2 3 4
0 31 17843 0 1 2 3 4
0 31 17844 0 1 2 3 4
0 31 17847 0 1 2 3 4
0 31 17848 0 1 2 3 4
0 31 17849 0 1 2 3 4
0 31 17850 0 1 2 3 4
0 31 17851 0 1 2 3 4
0 31 17852 0 1 2 3 4
0 31 17853 0 1 2 3 4
0 31 17858 0 1 2 3 4
0 31 17859 0 1 2 3 4
0 31 17860 0 1 2 3 4
0 31 17861 0 1 2 3 4
0 31 17862 0 1 2 3 4
0 31 17867 0 1 2 3 4
0 31 17868 0 1 2 3 4
0 31 17870 0 1 2 3 4
0 31 17871 0 1 2 3 4
0 31 17873 0 1 2 3 4
0 31 17874 0 1 2 3 4
0 31 17875 0 1 2 3 4
0 31 17876 0 1 2 3 4
0 31 17877 0 1 2 3 4
0 31 17878 0 1 2 3 4
0 31 17879 0 1 2 3 4
0 31 17880 0 1 2 3 4
0 31 17881 0 1 2 3 4
0 31 17882 0 1 2 3 4
0 31 17884 0 1 2 3 4
0 31 17885 0 1 2 3 4
0 31 17886 0 1 2 3 4
0 31 17887 0 1 2 3 4
0 31 17888 0 1 2 3 4
0 31 17889 0 1 2 3 4
0 31 17890 0 1 2 3 4
0 31 17891 0 1 2 3 4
0 31 17892 0 1 2 3 4
0 31 17893 0 1 2 3 4
0 31 17894 0 1 2 3 4
0 31 17895 0 1 2 3 4
0 31 17896 0 1 2 3 4
0 31 17897 0 1 2 3 4
0 31 17898 0 1 2 3 4
0 31 17899 0 1 2 3 4
0 31 17900 0 1 2 3 4
0 31 17901 0 1 2 3 4
0 31 17902 0 1 2 3 4
0 31 17903 0 1 2 3 4
0 31 17904 0 1 2 3 4
0 31 17905 0 1 2 3 4
0 31 17906 0 1 2 3 4
0 31 17907 0 1 2 3 4
0 31 17908 0 1 2 3 4
0 31 17909 0 1 2 3 4
0 31 17910 0 1 2 3 4
0 31 17911 0 1 2 3 4
0 31 17912 0 1 2 3 4
0 31 17913 0 1 2 3 4
0 31 17914 0 1 2 3 4
0 31 17916 0 1 2 3 4
0 31 17917 0 1 2 3 4
0 31 17918 0 1 2 3 4
0 31 17919 0 1 2 3 4
0 31 17920 0 1 2 3 4
0 31 17921 0 1 2 3 4
0 31 17922 0 1 2 3 4
0 31 17923 0 1 2 3 4
0 31 17927 0 1 2 3 4
0 31 17931 0 1 2 3 4
0 31 17932 0 1 2 3 4
0 31 17933 0 1 2 3 4
0 31 17935 0 1 2 3 4
0 31 17936 0 1 2 3 4
0 31 17938 0 1 2 3 4
0 31 17940 0 1 2 3 4
0 31 17942 0 1 2 3 4
0 31 17943 0 1 2 3 4
0 31 17947 0 1 2 3 4
0 31 17953 0 1 2 3 4
0 31 17954 0 1 2 3 4
0 31 17955 0 1 2 3 4
0 31 17959 0 1 2 3 4
0 31 17960 0 1 2 3 4
0 31 17961 0 1 2 3 4
0 31 17962 0 1 2 3 4
0 31 17964 0 1 2 3 4
0 31 17965 0 1 2 3 4
0 31 17967 0 1 2 3 4
0 31 17970 0 1 2 3 4
0 31 17971 0 1 2 3 4
0 31 17974 0 1 2 3 4
0 31 17975 0 1 2 3 4
0 31 17976 0 1 2 3 4
0 31 17977 0 1 2 3 4
0 31 7141 0 1 2 3 4
0 31 7142 0 1 2 3 4
0 31 7143 0 1 2 3 4
0 31 7144 0 1 2 3 4
0 31 7252 0 1 2 3 4
0 31 7253 0 1 2 3 4
0 31 7254 0 1 2 3 4
0 31 7255 0 1 2 3 4
0 31 7256 0 1 2 3 4
0 31 7257 0 1 2 3 4
0 31 7363 0 1 2 3 4
0 31 7364 0 1 2 3 4
0 31 7365 0 1 2 3 4
0 31 7366 0 1 2 3 4
0 31 7473 0 1 2 3 4
0 31 7562 0 1 2 3 4
0 31 11240 0 1 2 3 4
0 31 13976 0 1 2 3 4
0 31 14035 0 1 2 3 4
0 31 14036 0 1 2 3 4
0 31 14037 0 1 2 3 4
0 31 14038 0 1 2 3 4
0 31 14039 0 1 2 3 4
0 31 14098 0 1 2 3 4
0 31 14099 0 1 2 3 4
0 31 14100 0 1 2 3 4
0 31 14101 0 1 2 3 4
0 31 14161 0 1 2 3 4
0 31 14162 0 1 2 3 4
0 31 14163 0 1 2 3 4
0 31 14164 0 1 2 3 4
0 31 14165 0 1 2 3 4
0 31 14227 0 1 2 3 4
0 31 14228 0 1 2 3 4
0 31 14229 0 1 2 3 4
0 31 14230 0 1 2 3 4
0 31 14295 0 1 2 3 4
0 31 14296 0 1 2 3 4
0 31 15533 0 1 2 3 4
0 31 15734 0 1 2 3 4
0 31 17749 0 1 2 3 4
0 31 17784 0 1 2 3 4
0 31 17785 0 1 2 3 4
0 31 17817 0 1 2 3 4
0 31 17818 0 1 2 3 4
0 31 15332 0 1 2 3 4
0 31 15469 0 1 2 3 4
0 31 15267 0 1 2 3 4
0 31 14493 0 1 2 3 4
0 31 14293 0 1 2 3 4
0 31 14629 0 1 2 3 4
0 31 11783 0 1 2 3 4
0 31 5804 0
0 31 5805 0
0 31 5806 0
0 31 5886 0
0 31 5887 0
0 31 5888 0
0 31 5968 0
0 31 5969 0
0 31 5970 0
0 31 6051 0
0 31 6052 0
0 31 6053 0
0 31 6054 0
0 31 6055 0
0 31 6056 0
0 31 6057 0
0 31 6058 0
0 31 6059 0
0 31 6060 0
0 31 6061 0
0 31 6062 0
0 31 6063 0
0 31 6064 0
0 31 6065 0
0 31 6066 0
0 31 6067 0
0 31 6068 0
0 31 6069 0
0 31 6070 0
0 31 6071 0
0 31 6153 0
0 31 6154 0
0 31 6155 0
0 31 6156 0
0 31 6157 0
0 31 6158 0
0 31 6159 0
0 31 6160 0
0 31 6161 0
0 31 6162 0
0 31 6163 0
0 31 6164 0
0 31 6165 0
0 31 6166 0
0 31 6167 0
0 31 6168 0
0 31 6169 0
0 31 6170 0
0 31 6171 0
0 31 6172 0
0 31 6173 0
0 31 6174 0
0 31 6175 0
0 31 6176 0
0 31 6177 0
0 31 6178 0
0 31 6259 0
0 31 6260 0
0 31 6261 0
0 31 6262 0
0 31 6263 0
0 31 6264 0
0 31 6265 0
0 31 6266 0
0 31 6273 0
0 31 6366 0
0 31 6367 0
0 31 6368 0
0 31 6369 0
0 31 6370 0
0 31 6474 0
0 31 6475 0
0 31 6581 0
0 31 6582 0
0 31 6583 0
0 31 6689 0
0 31 6690 0
0 31 6691 0
0 31 6692 0
0 31 6798 0
0 31 6799 0
0 31 6800 0
0 31 6801 0
0 31 6905 0
0 31 6906 0
0 31 6907 0
0 31 7013 0
0 31 7014 0
0 31 7015 0
0 31 7122 0
0 31 7123 0
0 31 7124 0
0 31 7232 0
0 31 7233 0
0 31 7340 0
0 31 7341 0
0 31 7447 0
0 31 7448 0
0 31 7554 0
0 31 7555 0
0 31 7556 0
0 31 7662 0
0 31 7663 0
0 31 7664 0
0 31 7665 0
0 31 7768 0
0 31 7769 0
0 31 7770 0
0 31 7771 0
0 31 7875 0
0 31 7876 0
0 31 7877 0
0 31 7980 0
0 31 7981 0
0 31 7982 0
0 31 8085 0
0 31 8086 0
0 31 8189 0
0 31 8190 0
0 31 8293 0
0 31 8294 0
0 31 8295 0
0 31 8398 0
0 31 8399 0
0 31 8400 0
0 31 8503 0
0 31 8504 0
0 31 8505 0
0 31 8607 0
0 31 8608 0
0 31 8709 0
0 31 8710 0
0 31 8711 0
0 31 8812 0
0 31 8813 0
0 31 8913 0
0 31 8914 0
0 31 8915 0
0 31 9013 0
0 31 9014 0
0 31 9112 0
0 31 9113 0
0 31 9114 0
0 31 9209 0
0 31 9210 0
0 31 9308 0
0 31 9309 0
0 31 9401 0
0 31 9402 0
0 31 9493 0
0 31 9494 0
0 31 9588 0
0 31 9589 0
0 31 9683 0
0 31 9684 0
0 31 9777 0
0 31 9778 0
0 31 9872 0
0 31 9873 0
0 31 9965 0
0 31 9966 0
0 31 10052 0
0 31 10053 0
0 31 10131 0
0 31 10132 0
0 31 10212 0
0 31 10213 0
0 31 10297 0
0 31 10298 0
0 31 10383 0
0 31 10384 0
0 31 10475 0
0 31 10476 0
0 31 10568 0
0 31 10569 0
0 31 10658 0
0 31 10659 0
0 31 10746 0
0 31 10747 0
0 31 10825 0
0 31 10826 0
0 31 10906 0
0 31 10907 0
0 31 10988 0
0 31 10989 0
0 31 11069 0
0 31 11070 0
0 31 11151 0
0 31 11237 0
0 31 11238 0
0 31 11324 0
0 31 11325 0
0 31 11402 0
0 31 11403 0
0 31 11478 0
0 31 11552 0
0 31 11553 0
0 31 11626 0
0 31 11627 0
0 31 11701 0
0 31 11702 0
0 31 11780 0
0 31 11781 0
0 31 11857 0
0 31 11858 0
0 31 11935 0
0 31 11936 0
0 31 12013 0
0 31 12086 0
0 31 12087 0
0 31 12161 0
0 31 12162 0
0 31 12227 0
0 31 12228 0
0 31 12293 0
0 31 12294 0
0 31 12354 0
0 31 12355 0
0 31 12415 0
0 31 12416 0
0 31 12476 0
0 31 12477 0
0 31 12537 0
0 31 12538 0
0 31 12598 0
0 31 12599 0
0 31 12660 0
0 31 12721 0
0 31 12722 0
0 31 12782 0
0 31 12783 0
0 31 12841 0
0 31 12842 0
0 31 12901 0
0 31 12902 0
0 31 12961 0
0 31 12962 0
0 31 13018 0
0 31 13019 0
0 31 13075 0
0 31 13076 0
0 31 13077 0
0 31 13078 0
0 31 13079 0
0 31 13133 0
0 31 13134 0
0 31 13135 0
0 31 13136 0
0 31 13137 0
0 31 13191 0
0 31 13192 0
0 31 13193 0
0 31 13194 0
0 31 13195 0
0 31 13196 0
0 31 13250 0
0 31 13251 0
0 31 13252 0
0 31 13309 0
0 31 13310 0
0 31 13311 0
0 31 13368 0
0 31 13369 0
0 31 13428 0
0 31 13429 0
0 31 13430 0
0 31 13484 0
0 31 13485 0
0 31 13541 0
0 31 13542 0
0 31 13543 0
0 31 13598 0
0 31 13599 0
0 31 13657 0
0 31 13658 0
0 31 13716 0
0 31 13717 0
0 31 13718 0
0 31 13775 0
0 31 13776 0
0 31 13834 0
0 31 13835 0
0 31 13836 0
0 31 13892 0
0 31 13893 0
0 31 13952 0
0 31 13953 0
0 31 13954 0
0 31 14014 0
0 31 14015 0
0 31 14016 0
0 31 14075 0
0 31 14076 0
0 31 14077 0
0 31 14136 0
0 31 14137 0
0 31 14138 0
0 31 14139 0
0 31 14200 0
0 31 14201 0
0 31 14202 0
0 31 14203 0
0 31 14267 0
0 31 14268 0
0 31 14269 0
0 31 14336 0
0 31 14337 0
0 31 14338 0
0 31 14406 0
0 31 14407 0
0 31 14481 0
0 31 14482 0
0 31 14552 0
0 31 14553 0
0 31 14554 0
0 31 14623 0
0 31 14624 0
0 31 14625 0
0 31 14692 0
0 31 14693 0
0 31 14763 0
0 31 14764 0
0 31 14833 0
0 31 14834 0
0 31 14835 0
0 31 14904 0
0 31 14905 0
0 31 14975 0
0 31 14976 0
0 31 15046 0
0 31 15047 0
0 31 15117 0
0 31 15118 0
0 31 15187 0
0 31 15188 0
0 31 15257 0
0 31 15258 0
0 31 15326 0
0 31 15327 0
0 31 15393 0
0 31 15394 0
0 31 15460 0
0 31 15461 0
0 31 15528 0
0 31 15529 0
0 31 15530 0
0 31 15531 0
0 31 15596 0
0 31 15597 0
0 31 15598 0
0 31 15599 0
0 31 15662 0
0 31 15663 0
0 31 15664 0
0 31 15665 0
0 31 15666 0
0 31 15728 0
0 31 15729 0
0 31 15730 0
0 31 15731 0
0 31 15732 0
0 31 15792 0
0 31 15793 0
0 31 15794 0
0 31 15795 0
0 31 15796 0
0 31 15855 0
0 31 15856 0
0 31 15857 0
0 31 15858 0
0 31 15859 0
0 31 15923 0
0 31 15924 0
0 31 15925 0
0 31 15926 0
0 31 15927 0
0 31 15928 0
0 31 15988 0
0 31 15989 0
0 31 16052 0
0 31 16053 0
0 31 16119 0
0 31 16120 0
0 31 16182 0
0 31 16183 0
0 31 16247 0
0 31 16248 0
0 31 16311 0
0 31 16312 0
0 31 16375 0
0 31 16376 0
0 31 16439 0
0 31 16440 0
0 31 16500 0
0 31 16501 0
0 31 16503 0
0 31 16504 0
0 31 16505 0
0 31 16556 0
0 31 16557 0
0 31 16558 0
0 31 16559 0
0 31 16560 0
0 31 16561 0
0 31 16609 0
0 31 16610 0
0 31 16612 0
0 31 16613 0
0 31 16614 0
0 31 16665 0
0 31 16666 0
0 31 16667 0
0 31 16668 0
0 31 16669 0
0 31 16670 0
0 31 16717 0
0 31 16718 0
0 31 16719 0
0 31 16720 0
0 31 16764 0
0 31 16765 0
0 31 16766 0
0 31 16811 0
0 31 16812 0
0 31 16813 0
0 31 16855 0
0 31 16856 0
0 31 16895 0
0 31 16896 0
0 31 16935 0
0 31 16936 0
0 31 16971 0
0 31 16972 0
0 31 16973 0
0 31 17012 0
0 31 17013 0
0 31 17014 0
0 31 17054 0
0 31 17055 0
0 31 17056 0
0 31 17096 0
0 31 17097 0
0 31 17136 0
0 31 17137 0
0 31 17176 0
0 31 17177 0
0 31 17217 0
0 31 17218 0
0 31 17254 0
0 31 17255 0
0 31 17288 0
0 31 17289 0
0 31 17290 0
0 31 17322 0
0 31 17323 0
0 31 17324 0
0 31 17355 0
0 31 17357 0
0 31 17358 0
0 31 17359 0
0 31 17390 0
0 31 17391 0
0 31 17392 0
0 31 17393 0
0 31 17394 0
0 31 17425 0
0 31 17426 0
0 31 17427 0
0 31 17428 0
0 31 17460 0
0 31 17461 0
0 31 17462 0
0 31 17463 0
0 31 17464 0
0 31 17496 0
0 31 17497 0
0 31 17498 0
0 31 17499 0
0 31 17500 0
0 31 17501 0
0 31 17502 0
0 31 17532 0
0 31 17533 0
0 31 17534 0
0 31 17535 0
0 31 17536 0
0 31 17537 0
0 31 17567 0
0 31 17568 0
0 31 17569 0
0 31 17570 0
0 31 17571 0
0 31 17572 0
0 31 17602 0
0 31 17603 0
0 31 17604 0
0 31 17605 0
0 31 17606 0
0 31 17607 0
0 31 17608 0
0 31 17609 0
0 31 17636 0
0 31 17637 0
0 31 17639 0
0 31 17640 0
0 31 17641 0
0 31 17642 0
0 31 17643 0
0 31 17644 0
0 31 17645 0
0 31 17646 0
0 31 17647 0
0 31 17668 0
0 31 17669 0
0 31 17670 0
0 31 17671 0
0 31 17672 0
0 31 17673 0
0 31 17674 0
0 31 17675 0
0 31 17676 0
0 31 17677 0
0 31 17678 0
0 31 17679 0
0 31 17680 0
0 31 17681 0
0 31 17682 0
0 31 17699 0
0 31 17700 0
0 31 17701 0
0 31 17702 0
0 31 17703 0
0 31 17704 0
0 31 17705 0
0 31 17706 0
0 31 17707 0
0 31 17708 0
0 31 17709 0
0 31 17710 0
0 31 17711 0
0 31 17712 0
0 31 17713 0
0 31 17714 0
0 31 17715 0
0 31 17716 0
0 31 17717 0
0 31 17718 0
0 31 17719 0
0 31 17735 0
0 31 17736 0
0 31 17737 0
0 31 17738 0
0 31 17739 0
0 31 17740 0
0 31 17741 0
0 31 17742 0
0 31 17743 0
0 31 17744 0
0 31 17746 0
0 31 17747 0
0 31 17748 0
0 31 17752 0
0 31 17753 0
0 31 17754 0
0 31 17755 0
0 31 17756 0
0 31 17782 0
0 31 17788 0
0 31 17789 0
0 31 17790 0
0 31 17791 0
0 31 17792 0
0 31 17820 0
0 31 17821 0
0 31 17822 0
0 31 17823 0
0 31 17824 0
0 31 17825 0
0 31 17826 0
0 31 17827 0
0 31 17828 0
0 31 17847 0
0 31 17848 0
0 31 17849 0
0 31 17850 0
0 31 17851 0
0 31 17852 0
0 31 17853 0
0 31 17870 0
0 31 17871 0
0 31 17886 0
0 31 17887 0
0 31 17888 0
0 31 17900 0
0 31 17901 0
0 31 17909 0
0 31 17910 0
0 31 17911 0
0 31 17912 0
0 31 17919 0
0 31 17920 0
0 31 17924 0
0 31 17927 0
0 31 17931 0
0 31 17932 0
0 31 17933 0
0 31 17935 0
0 31 17936 0
0 31 17938 0
0 31 17942 0
0 31 17943 0
0 31 17954 0
0 31 17955 0
0 31 17958 0
0 31 17959 0
0 31 17960 0
0 31 17961 0
0 31 17962 0
0 31 17964 0
0 31 17965 0
0 31 17967 0
0 31 17968 0
0 31 17970 0
0 31 17971 0
0 31 17975 0
0 31 17976 0
0 31 17977 0
0 31 7141 0
0 31 7142 0
0 31 7143 0
0 31 7144 0
0 31 7252 0
0 31 7253 0
0 31 7254 0
0 31 7255 0
0 31 7256 0
0 31 7257 0
0 31 7363 0
0 31 7364 0
0 31 7365 0
0 31 7366 0
0 31 7473 0
0 31 7562 0
0 31 13976 0
0 31 14035 0
0 31 14036 0
0 31 14037 0
0 31 14038 0
0 31 14039 0
0 31 14098 0
0 31 14099 0
0 31 14100 0
0 31 14101 0
0 31 14161 0
0 31 14162 0
0 31 14163 0
0 31 14164 0
0 31 14165 0
0 31 14227 0
0 31 14228 0
0 31 14229 0
0 31 14230 0
0 31 14295 0
0 31 14296 0
0 31 15533 0
0 31 15734 0
0 31 17749 0
0 31 17784 0
0 31 17785 0
0 31 17817 0
0 31 17818 0
0 31 15332 0
0 31 15469 0
0 31 15267 0
0 31 14493 0
0 31 14629 0
0 31 11783 0
0 31 5804 0
0 31 5805 0
0 31 5886 0
0 31 5887 0
0 31 5888 0
0 31 5968 0
0 31 5969 0
0 31 5970 0
0 31 5971 0
0 31 6051 0
0 31 6052 0
0 31 6053 0
0 31 6054 0
0 31 6055 0
0 31 6056 0
0 31 6057 0
0 31 6058 0
0 31 6059 0
0 31 6060 0
0 31 6061 0
0 31 6062 0
0 31 6063 0
0 31 6064 0
0 31 6065 0
0 31 6066 0
0 31 6067 0
0 31 6068 0
0 31 6069 0
0 31 6070 0
0 31 6071 0
0 31 6072 0
0 31 6153 0
0 31 6154 0
0 31 6155 0
0 31 6156 0
0 31 6157 0
0 31 6158 0
0 31 6159 0
0 31 6160 0
0 31 6161 0
0 31 6162 0
0 31 6163 0
0 31 6164 0
0 31 6165 0
0 31 6166 0
0 31 6167 0
0 31 6168 0
0 31 6169 0
0 31 6170 0
0 31 6171 0
0 31 6172 0
0 31 6173 0
0 31 6174 0
0 31 6175 0
0 31 6176 0
0 31 6177 0
0 31 6178 0
0 31 6179 0
0 31 6259 0
0 31 6260 0
0 31 6261 0
0 31 6262 0
0 31 6263 0
0 31 6264 0
0 31 6265 0
0 31 6266 0
0 31 6267 0
0 31 6268 0
0 31 6269 0
0 31 6270 0
0 31 6271 0
0 31 6272 0
0 31 6273 0
0 31 6274 0
0 31 6275 0
0 31 6279 0
0 31 6280 0
0 31 6281 0
0 31 6282 0
0 31 6283 0
0 31 6284 0
0 31 6285 0
0 31 6286 0
0 31 6366 0
0 31 6367 0
0 31 6368 0
0 31 6369 0
0 31 6370 0
0 31 6371 0
0 31 6372 0
0 31 6373 0
0 31 6374 0
0 31 6474 0
0 31 6475 0
0 31 6476 0
0 31 6477 0
0 31 6581 0
0 31 6582 0
0 31 6583 0
0 31 6584 0
0 31 6689 0
0 31 6690 0
0 31 6691 0
0 31 6692 0
0 31 6693 0
0 31 6798 0
0 31 6799 0
0 31 6800 0
0 31 6801 0
0 31 6802 0
0 31 6905 0
0 31 6906 0
0 31 6907 0
0 31 6908 0
0 31 6909 0
0 31 7013 0
0 31 7014 0
0 31 7015 0
0 31 7016 0
0 31 7122 0
0 31 7123 0
0 31 7124 0
0 31 7125 0
0 31 7232 0
0 31 7233 0
0 31 7234 0
0 31 7235 0
0 31 7340 0
0 31 7341 0
0 31 7447 0
0 31 7448 0
0 31 7449 0
0 31 7554 0
0 31 7555 0
0 31 7556 0
0 31 7557 0
0 31 7662 0
0 31 7663 0
0 31 7664 0
0 31 7665 0
0 31 7666 0
0 31 7768 0
0 31 7769 0
0 31 7770 0
0 31 7771 0
0 31 7772 0
0 31 7875 0
0 31 7876 0
0 31 7877 0
0 31 7878 0
0 31 7980 0
0 31 7981 0
0 31 7982 0
0 31 7983 0
0 31 8085 0
0 31 8086 0
0 31 8087 0
0 31 8189 0
0 31 8190 0
0 31 8191 0
0 31 8293 0
0 31 8294 0
0 31 8295 0
0 31 8296 0
0 31 8398 0
0 31 8399 0
0 31 8400 0
0 31 8503 0
0 31 8504 0
0 31 8505 0
0 31 8607 0
0 31 8608 0
0 31 8609 0
0 31 8709 0
0 31 8710 0
0 31 8711 0
0 31 8712 0
0 31 8812 0
0 31 8813 0
0 31 8814 0
0 31 8913 0
0 31 8914 0
0 31 8915 0
0 31 9013 0
0 31 9014 0
0 31 9015 0
0 31 9112 0
0 31 9113 0
0 31 9114 0
0 31 9115 0
0 31 9209 0
0 31 9210 0
0 31 9211 0
0 31 9308 0
0 31 9309 0
0 31 9310 0
0 31 9401 0
0 31 9402 0
0 31 9403 0
0 31 9493 0
0 31 9494 0
0 31 9588 0
0 31 9589 0
0 31 9590 0
0 31 9683 0
0 31 9684 0
0 31 9685 0
0 31 9777 0
0 31 9778 0
0 31 9779 0
0 31 9872 0
0 31 9873 0
0 31 9874 0
0 31 9965 0
0 31 9966 0
0 31 9967 0
0 31 10052 0
0 31 10053 0
0 31 10054 0
0 31 10131 0
0 31 10132 0
0 31 10133 0
0 31 10212 0
0 31 10213 0
0 31 10297 0
0 31 10298 0
0 31 10383 0
0 31 10384 0
0 31 10475 0
0 31 10476 0
0 31 10568 0
0 31 10569 0
0 31 10570 0
0 31 10658 0
0 31 10659 0
0 31 10660 0
0 31 10746 0
0 31 10747 0
0 31 10825 0
0 31 10826 0
0 31 10906 0
0 31 10907 0
0 31 10988 0
0 31 10989 0
0 31 10990 0
0 31 11069 0
0 31 11070 0
0 31 11071 0
0 31 11151 0
0 31 11152 0
0 31 11237 0
0 31 11238 0
0 31 11324 0
0 31 11325 0
0 31 11326 0
0 31 11402 0
0 31 11403 0
0 31 11404 0
0 31 11478 0
0 31 11479 0
0 31 11552 0
0 31 11553 0
0 31 11626 0
0 31 11627 0
0 31 11701 0
0 31 11702 0
0 31 11780 0
0 31 11781 0
0 31 11782 0
0 31 11857 0
0 31 11858 0
0 31 11859 0
0 31 11935 0
0 31 11936 0
0 31 11937 0
0 31 12013 0
0 31 12014 0
0 31 12086 0
0 31 12087 0
0 31 12161 0
0 31 12162 0
0 31 12227 0
0 31 12228 0
0 31 12293 0
0 31 12294 0
0 31 12295 0
0 31 12354 0
0 31 12355 0
0 31 12415 0
0 31 12416 0
0 31 12476 0
0 31 12477 0
0 31 12478 0
0 31 12537 0
0 31 12538 0
0 31 12539 0
0 31 12598 0
0 31 12599 0
0 31 12600 0
0 31 12660 0
0 31 12661 0
0 31 12721 0
0 31 12722 0
0 31 12782 0
0 31 12783 0
0 31 12841 0
0 31 12842 0
0 31 12843 0
0 31 12901 0
0 31 12902 0
0 31 12903 0
0 31 12961 0
0 31 12962 0
0 31 12963 0
0 31 13018 0
0 31 13019 0
0 31 13020 0
0 31 13075 0
0 31 13076 0
0 31 13077 0
0 31 13078 0
0 31 13079 0
0 31 13133 0
0 31 13134 0
0 31 13135 0
0 31 13136 0
0 31 13137 0
0 31 13138 0
0 31 13191 0
0 31 13192 0
0 31 13193 0
0 31 13194 0
0 31 13195 0
0 31 13196 0
0 31 13197 0
0 31 13250 0
0 31 13251 0
0 31 13252 0
0 31 13253 0
0 31 13254 0
0 31 13255 0
0 31 13309 0
0 31 13310 0
0 31 13311 0
0 31 13312 0
0 31 13368 0
0 31 13369 0
0 31 13370 0
0 31 13428 0
0 31 13429 0
0 31 13430 0
0 31 13484 0
0 31 13485 0
0 31 13486 0
0 31 13541 0
0 31 13542 0
0 31 13543 0
0 31 13544 0
0 31 13598 0
0 31 13599 0
0 31 13600 0
0 31 13657 0
0 31 13658 0
0 31 13659 0
0 31 13716 0
0 31 13717 0
0 31 13718 0
0 31 13775 0
0 31 13776 0
0 31 13777 0
0 31 13834 0
0 31 13835 0
0 31 13836 0
0 31 13837 0
0 31 13892 0
0 31 13893 0
0 31 13894 0
0 31 13952 0
0 31 13953 0
0 31 13954 0
0 31 13955 0
0 31 14014 0
0 31 14015 0
0 31 14016 0
0 31 14075 0
0 31 14076 0
0 31 14077 0
0 31 14078 0
0 31 14136 0
0 31 14137 0
0 31 14138 0
0 31 14139 0
0 31 14140 0
0 31 14200 0
0 31 14201 0
0 31 14202 0
0 31 14203 0
0 31 14204 0
0 31 14267 0
0 31 14268 0
0 31 14269 0
0 31 14270 0
0 31 14271 0
0 31 14336 0
0 31 14337 0
0 31 14338 0
0 31 14339 0
0 31 14406 0
0 31 14407 0
0 31 14408 0
0 31 14481 0
0 31 14482 0
0 31 14483 0
0 31 14552 0
0 31 14553 0
0 31 14554 0
0 31 14555 0
0 31 14623 0
0 31 14624 0
0 31 14625 0
0 31 14626 0
0 31 14692 0
0 31 14693 0
0 31 14694 0
0 31 14763 0
0 31 14764 0
0 31 14765 0
0 31 14833 0
0 31 14834 0
0 31 14835 0
0 31 14904 0
0 31 14905 0
0 31 14906 0
0 31 14975 0
0 31 14976 0
0 31 14977 0
0 31 15046 0
0 31 15047 0
0 31 15048 0
0 31 15117 0
0 31 15118 0
0 31 15119 0
0 31 15187 0
0 31 15188 0
0 31 15189 0
0 31 15257 0
0 31 15258 0
0 31 15326 0
0 31 15327 0
0 31 15393 0
0 31 15394 0
0 31 15395 0
0 31 15460 0
0 31 15461 0
0 31 15462 0
0 31 15528 0
0 31 15529 0
0 31 15596 0
0 31 15597 0
0 31 15662 0
0 31 15663 0
0 31 15664 0
0 31 15728 0
0 31 15729 0
0 31 15730 0
0 31 15792 0
0 31 15793 0
0 31 15855 0
0 31 15856 0
0 31 15923 0
0 31 15924 0
0 31 15925 0
0 31 15988 0
0 31 15989 0
0 31 16052 0
0 31 16053 0
0 31 16054 0
0 31 16119 0
0 31 16120 0
0 31 16182 0
0 31 16183 0
0 31 16184 0
0 31 16247 0
0 31 16248 0
0 31 16249 0
0 31 16311 0
0 31 16312 0
0 31 16313 0
0 31 16375 0
0 31 16376 0
0 31 16377 0
0 31 16439 0
0 31 16440 0
0 31 16442 0
0 31 16443 0
0 31 16500 0
0 31 16501 0
0 31 16502 0
0 31 16503 0
0 31 16504 0
0 31 16505 0
0 31 16506 0
0 31 16556 0
0 31 16557 0
0 31 16558 0
0 31 16559 0
0 31 16560 0
0 31 16561 0
0 31 16562 0
0 31 16609 0
0 31 16610 0
0 31 16612 0
0 31 16613 0
0 31 16614 0
0 31 16665 0
0 31 16666 0
0 31 16667 0
0 31 16668 0
0 31 16669 0
0 31 16670 0
0 31 16717 0
0 31 16718 0
0 31 16719 0
0 31 16720 0
0 31 16764 0
0 31 16765 0
0 31 16766 0
0 31 16767 0
0 31 16811 0
0 31 16812 0
0 31 16813 0
0 31 16814 0
0 31 16855 0
0 31 16856 0
0 31 16857 0
0 31 16895 0
0 31 16896 0
0 31 16897 0
0 31 16935 0
0 31 16936 0
0 31 16937 0
0 31 16971 0
0 31 16972 0
0 31 16973 0
0 31 16974 0
0 31 17012 0
0 31 17013 0
0 31 17014 0
0 31 17015 0
0 31 17054 0
0 31 17055 0
0 31 17056 0
0 31 17057 0
0 31 17096 0
0 31 17097 0
0 31 17098 0
0 31 17136 0
0 31 17137 0
0 31 17138 0
0 31 17176 0
0 31 17177 0
0 31 17217 0
0 31 17218 0
0 31 17254 0
0 31 17255 0
0 31 17256 0
0 31 17288 0
0 31 17289 0
0 31 17322 0
0 31 17323 0
0 31 17324 0
0 31 17355 0
0 31 17357 0
0 31 17358 0
0 31 17359 0
0 31 17390 0
0 31 17391 0
0 31 17392 0
0 31 17393 0
0 31 17394 0
0 31 17425 0
0 31 17426 0
0 31 17427 0
0 31 17428 0
0 31 17460 0
0 31 17461 0
0 31 17462 0
0 31 17463 0
0 31 17464 0
0 31 17465 0
0 31 17496 0
0 31 17497 0
0 31 17498 0
0 31 17499 0
0 31 17500 0
0 31 17501 0
0 31 17502 0
0 31 17532 0
0 31 17533 0
0 31 17534 0
0 31 17535 0
0 31 17536 0
0 31 17537 0
0 31 17538 0
0 31 17567 0
0 31 17568 0
0 31 17569 0
0 31 17570 0
0 31 17571 0
0 31 17572 0
0 31 17573 0
0 31 17574 0
0 31 17603 0
0 31 17604 0
0 31 17605 0
0 31 17606 0
0 31 17607 0
0 31 17608 0
0 31 17609 0
0 31 17610 0
0 31 17611 0
0 31 17639 0
0 31 17640 0
0 31 17641 0
0 31 17642 0
0 31 17643 0
0 31 17644 0
0 31 17645 0
0 31 17646 0
0 31 17647 0
0 31 17648 0
0 31 17649 0
0 31 17674 0
0 31 17675 0
0 31 17676 0
0 31 17677 0
0 31 17678 0
0 31 17679 0
0 31 17680 0
0 31 17681 0
0 31 17682 0
0 31 17683 0
0 31 17684 0
0 31 17711 0
0 31 17712 0
0 31 17713 0
0 31 17714 0
0 31 17715 0
0 31 17716 0
0 31 17717 0
0 31 17718 0
0 31 17719 0
0 31 17720 0
0 31 17721 0
0 31 17746 0
0 31 17747 0
0 31 17748 0
0 31 17749 0
0 31 17752 0
0 31 17753 0
0 31 17754 0
0 31 17755 0
0 31 17756 0
0 31 17757 0
0 31 17758 0
0 31 17782 0
0 31 17784 0
0 31 17785 0
0 31 17788 0
0 31 17789 0
0 31 17790 0
0 31 17791 0
0 31 17792 0
0 31 17793 0
0 31 17794 0
0 31 17795 0
0 31 17796 0
0 31 17797 0
0 31 17817 0
0 31 17818 0
0 31 17820 0
0 31 17821 0
0 31 17822 0
0 31 17823 0
0 31 17824 0
0 31 17825 0
0 31 17826 0
0 31 17827 0
0 31 17828 0
0 31 17829 0
0 31 17847 0
0 31 17848 0
0 31 17849 0
0 31 17850 0
0 31 17851 0
0 31 17852 0
0 31 17853 0
0 31 17854 0
0 31 17870 0
0 31 17871 0
0 31 17872 0
0 31 17886 0
0 31 17887 0
0 31 17888 0
0 31 17900 0
0 31 17901 0
0 31 17909 0
0 31 17910 0
0 31 17911 0
0 31 17912 0
0 31 17919 0
0 31 17920 0
0 31 17924 0
0 31 17927 0
0 31 17931 0
0 31 17932 0
0 31 17933 0
0 31 17935 0
0 31 17936 0
0 31 17938 0
0 31 17954 0
0 31 17955 0
0 31 17958 0
0 31 17959 0
0 31 17960 0
0 31 17961 0
0 31 17962 0
0 31 17964 0
0 31 17965 0
0 31 17967 0
0 31 17968 0
0 31 17970 0
0 31 17971 0
0 31 17975 0
0 31 17976 0
0 31 5804 1 2 3 4
0 31 5805 1 2 3 4
0 31 5806 1 2 3 4
0 31 5886 1 2 3 4
0 31 5887 1 2 3 4
0 31 5888 1 2 3 4
0 31 5968 1 2 3 4
0 31 5969 1 2 3 4
0 31 5970 1 2 3 4
0 31 6051 1 2 3 4
0 31 6052 1 2 3 4
0 31 6053 1 2 3 4
0 31 6054 1 2 3 4
0 31 6055 1 2 3 4
0 31 6056 1 2 3 4
0 31 6057 1 2 3 4
0 31 6058 1 2 3 4
0 31 6059 1 2 3 4
0 31 6060 1 2 3 4
0 31 6061 1 2 3 4
0 31 6062 1 2 3 4
0 31 6063 1 2 3 4
0 31 6064 1 2 3 4
0 31 6065 1 2 3 4
0 31 6066 1 2 3 4
0 31 6067 1 2 3 4
0 31 6068 1 2 3 4
0 31 6069 1 2 3 4
0 31 6070 1 2 3 4
0 31 6071 1 2 3 4
0 31 6153 1 2 3 4
0 31 6154 1 2 3 4
0 31 6155 1 2 3 4
0 31 6156 1 2 3 4
0 31 6157 1 2 3 4
0 31 6158 1 2 3 4
0 31 6159 1 2 3 4
0 31 6160 1 2 3 4
0 31 6161 1 2 3 4
0 31 6162 1 2 3 4
0 31 6163 1 2 3 4
0 31 6164 1 2 3 4
0 31 6165 1 2 3 4
0 31 6166 1 2 3 4
0 31 6167 1 2 3 4
0 31 6168 1 2 3 4
0 31 6169 1 2 3 4
0 31 6170 1 2 3 4
0 31 6171 1 2 3 4
0 31 6172 1 2 3 4
0 31 6173 1 2 3 4
0 31 6174 1 2 3 4
0 31 6175 1 2 3 4
0 31 6176 1 2 3 4
0 31 6177 1 2 3 4
0 31 6178 1 2 3 4
0 31 6259 1 2 3 4
0 31 6260 1 2 3 4
0 31 6261 1 2 3 4
0 31 6262 1 2 3 4
0 31 6263 1 2 3 4
0 31 6264 1 2 3 4
0 31 6265 1 2 3 4
0 31 6266 1 2 3 4
0 31 6273 1 2 3 4
0 31 6366 1 2 3 4
0 31 6367 1 2 3 4
0 31 6368 1 2 3 4
0 31 6369 1 2 3 4
0 31 6370 1 2 3 4
0 31 6474 1 2 3 4
0 31 6475 1 2 3 4
0 31 6581 1 2 3 4
0 31 6582 1 2 3 4
0 31 6583 1 2 3 4
0 31 6689 1 2 3 4
0 31 6690 1 2 3 4
0 31 6691 1 2 3 4
0 31 6692 1 2 3 4
0 31 6798 1 2 3 4
0 31 6799 1 2 3 4
0 31 6800 1 2 3 4
0 31 6801 1 2 3 4
0 31 6905 1 2 3 4
0 31 6906 1 2 3 4
0 31 6907 1 2 3 4
0 31 7013 1 2 3 4
0 31 7014 1 2 3 4
0 31 7015 1 2 3 4
0 31 7122 1 2 3 4
0 31 7123 1 2 3 4
0 31 7124 1 2 3 4
0 31 7232 1 2 3 4
0 31 7233 1 2 3 4
0 31 7340 1 2 3 4
0 31 7341 1 2 3 4
0 31 7447 1 2 3 4
0 31 7448 1 2 3 4
0 31 7554 1 2 3 4
0 31 7555 1 2 3 4
0 31 7556 1 2 3 4
0 31 7662 1 2 3 4
0 31 7663 1 2 3 4
0 31 7664 1 2 3 4
0 31 7665 1 2 3 4
0 31 7768 1 2 3 4
0 31 7769 1 2 3 4
0 31 7770 1 2 3 4
0 31 7771 1 2 3 4
0 31 7875 1 2 3 4
0 31 7876 1 2 3 4
0 31 7877 1 2 3 4
0 31 7980 1 2 3 4
0 31 7981 1 2 3 4
0 31 7982 1 2 3 4
0 31 8085 1 2 3 4
0 31 8086 1 2 3 4
0 31 8189 1 2 3 4
0 31 8190 1 2 3 4
0 31 8293 1 2 3 4
0 31 8294 1 2 3 4
0 31 8295 1 2 3 4
0 31 8398 1 2 3 4
0 31 8399 1 2 3 4
0 31 8400 1 2 3 4
0 31 8503 1 2 3 4
0 31 8504 1 2 3 4
0 31 8505 1 2 3 4
0 31 8607 1 2 3 4
0 31 8608 1 2 3 4
0 31 8709 1 2 3 4
0 31 8710 1 2 3 4
0 31 8711 1 2 3 4
0 31 8812 1 2 3 4
0 31 8813 1 2 3 4
0 31 8913 1 2 3 4
0 31 8914 1 2 3 4
0 31 8915 1 2 3 4
0 31 9013 1 2 3 4
0 31 9014 1 2 3 4
0 31 9112 1 2 3 4
0 31 9113 1 2 3 4
0 31 9114 1 2 3 4
0 31 9209 1 2 3 4
0 31 9210 1 2 3 4
0 31 9308 1 2 3 4
0 31 9309 1 2 3 4
0 31 9401 1 2 3 4
0 31 9402 1 2 3 4
0 31 9493 1 2 3 4
0 31 9494 1 2 3 4
0 31 9588 1 2 3 4
0 31 9589 1 2 3 4
0 31 9683 1 2 3 4
0 31 9684 1 2 3 4
0 31 9777 1 2 3 4
0 31 9778 1 2 3 4
0 31 9872 1 2 3 4
0 31 9873 1 2 3 4
0 31 9965 1 2 3 4
0 31 9966 1 2 3 4
0 31 10052 1 2 3 4
0 31 10053 1 2 3 4
0 31 10131 1 2 3 4
0 31 10132 1 2 3 4
0 31 10212 1 2 3 4
0 31 10213 1 2 3 4
0 31 10297 1 2 3 4
0 31 10298 1 2 3 4
0 31 10383 1 2 3 4
0 31 10384 1 2 3 4
0 31 10475 1 2 3 4
0 31 10476 1 2 3 4
0 31 10568 1 2 3 4
0 31 10569 1 2 3 4
0 31 10658 1 2 3 4
0 31 10659 1 2 3 4
0 31 10746 1 2 3 4
0 31 10747 1 2 3 4
0 31 10825 1 2 3 4
0 31 10826 1 2 3 4
0 31 10906 1 2 3 4
0 31 10907 1 2 3 4
0 31 10988 1 2 3 4
0 31 10989 1 2 3 4
0 31 11069 1 2 3 4
0 31 11070 1 2 3 4
0 31 11151 1 2 3 4
0 31 11237 1 2 3 4
0 31 11238 1 2 3 4
0 31 11324 1 2 3 4
0 31 11325 1 2 3 4
0 31 11402 1 2 3 4
0 31 11403 1 2 3 4
0 31 11478 1 2 3 4
0 31 11552 1 2 3 4
0 31 11553 1 2 3 4
0 31 11626 1 2 3 4
0 31 11627 1 2 3 4
0 31 11701 1 2 3 4
0 31 11702 1 2 3 4
0 31 11780 1 2 3 4
0 31 11781 1 2 3 4
0 31 11857 1 2 3 4
0 31 11858 1 2 3 4
0 31 11935 1 2 3 4
0 31 11936 1 2 3 4
0 31 12013 1 2 3 4
0 31 12086 1 2 3 4
0 31 12087 1 2 3 4
0 31 12161 1 2 3 4
0 31 12162 1 2 3 4
0 31 12227 1 2 3 4
0 31 12228 1 2 3 4
0 31 12293 1 2 3 4
0 31 12294 1 2 3 4
0 31 12354 1 2 3 4
0 31 12355 1 2 3 4
0 31 12415 1 2 3 4
0 31 12416 1 2 3 4
0 31 12476 1 2 3 4
0 31 12477 1 2 3 4
0 31 12537 1 2 3 4
0 31 12538 1 2 3 4
0 31 12598 1 2 3 4
0 31 12599 1 2 3 4
0 31 12660 1 2 3 4
0 31 12721 1 2 3 4
0 31 12722 1 2 3 4
0 31 12782 1 2 3 4
0 31 12783 1 2 3 4
0 31 12841 1 2 3 4
0 31 12842 1 2 3 4
0 31 12901 1 2 3 4
0 31 12902 1 2 3 4
0 31 12961 1 2 3 4
0 31 12962 1 2 3 4
0 31 13018 1 2 3 4
0 31 13019 1 2 3 4
0 31 13075 1 2 3 4
0 31 13076 1 2 3 4
0 31 13077 1 2 3 4
0 31 13078 1 2 3 4
0 31 13079 1 2 3 4
0 31 13133 1 2 3 4
0 31 13134 1 2 3 4
0 31 13135 1 2 3 4
0 31 13136 1 2 3 4
0 31 13137 1 2 3 4
0 31 13191 1 2 3 4
0 31 13192 1 2 3 4
0 31 13193 1 2 3 4
0 31 13194 1 2 3 4
0 31 13195 1 2 3 4
0 31 13196 1 2 3 4
0 31 13250 1 2 3 4
0 31 13251 1 2 3 4
0 31 13252 1 2 3 4
0 31 13309 1 2 3 4
0 31 13310 1 2 3 4
0 31 13311 1 2 3 4
0 31 13368 1 2 3 4
0 31 13369 1 2 3 4
0 31 13428 1 2 3 4
0 31 13429 1 2 3 4
0 31 13430 1 2 3 4
0 31 13484 1 2 3 4
0 31 13485 1 2 3 4
0 31 13541 1 2 3 4
0 31 13542 1 2 3 4
0 31 13543 1 2 3 4
0 31 13598 1 2 3 4
0 31 13599 1 2 3 4
0 31 13657 1 2 3 4
0 31 13658 1 2 3 4
0 31 13716 1 2 3 4
0 31 13717 1 2 3 4
0 31 13718 1 2 3 4
0 31 13775 1 2 3 4
0 31 13776 1 2 3 4
0 31 13834 1 2 3 4
0 31 13835 1 2 3 4
0 31 13836 1 2 3 4
0 31 13892 1 2 3 4
0 31 13893 1 2 3 4
0 31 13952 1 2 3 4
0 31 13953 1 2 3 4
0 31 13954 1 2 3 4
0 31 14014 1 2 3 4
0 31 14015 1 2 3 4
0 31 14016 1 2 3 4
0 31 14075 1 2 3 4
0 31 14076 1 2 3 4
0 31 14077 1 2 3 4
0 31 14136 1 2 3 4
0 31 14137 1 2 3 4
0 31 14138 1 2 3 4
0 31 14139 1 2 3 4
0 31 14200 1 2 3 4
0 31 14201 1 2 3 4
0 31 14202 1 2 3 4
0 31 14203 1 2 3 4
0 31 14267 1 2 3 4
0 31 14268 1 2 3 4
0 31 14269 1 2 3 4
0 31 14336 1 2 3 4
0 31 14337 1 2 3 4
0 31 14338 1 2 3 4
0 31 14406 1 2 3 4
0 31 14407 1 2 3 4
0 31 14481 1 2 3 4
0 31 14482 1 2 3 4
0 31 14552 1 2 3 4
0 31 14553 1 2 3 4
0 31 14554 1 2 3 4
0 31 14623 1 2 3 4
0 31 14624 1 2 3 4
0 31 14625 1 2 3 4
0 31 14692 1 2 3 4
0 31 14693 1 2 3 4
0 31 14763 1 2 3 4
0 31 14764 1 2 3 4
0 31 14833 1 2 3 4
0 31 14834 1 2 3 4
0 31 14835 1 2 3 4
0 31 14904 1 2 3 4
0 31 14905 1 2 3 4
0 31 14975 1 2 3 4
0 31 14976 1 2 3 4
0 31 15046 1 2 3 4
0 31 15047 1 2 3 4
0 31 15117 1 2 3 4
0 31 15118 1 2 3 4
0 31 15187 1 2 3 4
0 31 15188 1 2 3 4
0 31 15257 1 2 3 4
0 31 15258 1 2 3 4
0 31 15326 1 2 3 4
0 31 15327 1 2 3 4
0 31 15393 1 2 3 4
0 31 15394 1 2 3 4
0 31 15460 1 2 3 4
0 31 15461 1 2 3 4
0 31 15528 1 2 3 4
0 31 15529 1 2 3 4
0 31 15530 1 2 3 4
0 31 15531 1 2 3 4
0 31 15596 1 2 3 4
0 31 15597 1 2 3 4
0 31 15598 1 2 3 4
0 31 15599 1 2 3 4
0 31 15662 1 2 3 4
0 31 15663 1 2 3 4
0 31 15664 1 2 3 4
0 31 15665 1 2 3 4
0 31 15666 1 2 3 4
0 31 15728 1 2 3 4
0 31 15729 1 2 3 4
0 31 15730 1 2 3 4
0 31 15731 1 2 3 4
0 31 15732 1 2 3 4
0 31 15792 1 2 3 4
0 31 15793 1 2 3 4
0 31 15794 1 2 3 4
0 31 15795 1 2 3 4
0 31 15796 1 2 3 4
0 31 15855 1 2 3 4
0 31 15856 1 2 3 4
0 31 15857 1 2 3 4
0 31 15858 1 2 3 4
0 31 15859 1 2 3 4
0 31 15923 1 2 3 4
0 31 15924 1 2 3 4
0 31 15925 1 2 3 4
0 31 15926 1 2 3 4
0 31 15927 1 2 3 4
0 31 15928 1 2 3 4
0 31 15988 1 2 3 4
0 31 15989 1 2 3 4
0 31 16052 1 2 3 4
0 31 16053 1 2 3 4
0 31 16119 1 2 3 4
0 31 16120 1 2 3 4
0 31 16182 1 2 3 4
0 31 16183 1 2 3 4
0 31 16247 1 2 3 4
0 31 16248 1 2 3 4
0 31 16311 1 2 3 4
0 31 16312 1 2 3 4
0 31 16375 1 2 3 4
0 31 16376 1 2 3 4
0 31 16439 1 2 3 4
0 31 16440 1 2 3 4
0 31 16500 1 2 3 4
0 31 16501 1 2 3 4
0 31 16503 1 2 3 4
0 31 16504 1 2 3 4
0 31 16505 1 2 3 4
0 31 16556 1 2 3 4
0 31 16557 1 2 3 4
0 31 16558 1 2 3 4
0 31 16559 1 2 3 4
0 31 16560 1 2 3 4
0 31 16561 1 2 3 4
0 31 16609 1 2 3 4
0 31 16610 1 2 3 4
0 31 16612 1 2 3 4
0 31 16613 1 2 3 4
0 31 16614 1 2 3 4
0 31 16665 1 2 3 4
0 31 16666 1 2 3 4
0 31 16667 1 2 3 4
0 31 16668 1 2 3 4
0 31 16669 1 2 3 4
0 31 16670 1 2 3 4
0 31 16717 1 2 3 4
0 31 16718 1 2 3 4
0 31 16719 1 2 3 4
0 31 16720 1 2 3 4
0 31 16764 1 2 3 4
0 31 16765 1 2 3 4
0 31 16766 1 2 3 4
0 31 16811 1 2 3 4
0 31 16812 1 2 3 4
0 31 16813 1 2 3 4
0 31 16855 1 2 3 4
0 31 16856 1 2 3 4
0 31 16895 1 2 3 4
0 31 16896 1 2 3 4
0 31 16935 1 2 3 4
0 31 16936 1 2 3 4
0 31 16971 1 2 3 4
0 31 16972 1 2 3 4
0 31 16973 1 2 3 4
0 31 17012 1 2 3 4
0 31 17013 1 2 3 4
0 31 17014 1 2 3 4
0 31 17054 1 2 3 4
0 31 17055 1 2 3 4
0 31 17056 1 2 3 4
0 31 17096 1 2 3 4
0 31 17097 1 2 3 4
0 31 17136 1 2 3 4
0 31 17137 1 2 3 4
0 31 17176 1 2 3 4
0 31 17177 1 2 3 4
0 31 17217 1 2 3 4
0 31 17218 1 2 3 4
0 31 17254 1 2 3 4
0 31 17255 1 2 3 4
0 31 17288 1 2 3 4
0 31 17289 1 2 3 4
0 31 17290 1 2 3 4
0 31 17322 1 2 3 4
0 31 17323 1 2 3 4
0 31 17324 1 2 3 4
0 31 17355 1 2 3 4
0 31 17357 1 2 3 4
0 31 17358 1 2 3 4
0 31 17359 1 2 3 4
0 31 17390 1 2 3 4
0 31 17391 1 2 3 4
0 31 17392 1 2 3 4
0 31 17393 1 2 3 4
0 31 17394 1 2 3 4
0 31 17425 1 2 3 4
0 31 17426 1 2 3 4
0 31 17427 1 2 3 4
0 31 17428 1 2 3 4
0 31 17460 1 2 3 4
0 31 17461 1 2 3 4
0 31 17462 1 2 3 4
0 31 17463 1 2 3 4
0 31 17464 1 2 3 4
0 31 17496 1 2 3 4
0 31 17497 1 2 3 4
0 31 17498 1 2 3 4
0 31 17499 1 2 3 4
0 31 17500 1 2 3 4
0 31 17501 1 2 3 4
0 31 17502 1 2 3 4
0 31 17532 1 2 3 4
0 31 17533 1 2 3 4
0 31 17534 1 2 3 4
0 31 17535 1 2 3 4
0 31 17536 1 2 3 4
0 31 17537 1 2 3 4
0 31 17567 1 2 3 4
0 31 17568 1 2 3 4
0 31 17569 1 2 3 4
0 31 17570 1 2 3 4
0 31 17571 1 2 3 4
0 31 17572 1 2 3 4
0 31 17602 1 2 3 4
0 31 17603 1 2 3 4
0 31 17604 1 2 3 4
0 31 17605 1 2 3 4
0 31 17606 1 2 3 4
0 31 17607 1 2 3 4
0 31 17608 1 2 3 4
0 31 17609 1 2 3 4
0 31 17636 1 2 3 4
0 31 17637 1 2 3 4
0 31 17639 1 2 3 4
0 31 17640 1 2 3 4
0 31 17641 1 2 3 4
0 31 17642 1 2 3 4
0 31 17643 1 2 3 4
0 31 17644 1 2 3 4
0 31 17645 1 2 3 4
0 31 17646 1 2 3 4
0 31 17647 1 2 3 4
0 31 17668 1 2 3 4
0 31 17669 1 2 3 4
0 31 17670 1 2 3 4
0 31 17671 1 2 3 4
0 31 17672 1 2 3 4
0 31 17673 1 2 3 4
0 31 17674 1 2 3 4
0 31 17675 1 2 3 4
0 31 17676 1 2 3 4
0 31 17677 1 2 3 4
0 31 17678 1 2 3 4
0 31 17679 1 2 3 4
0 31 17680 1 2 3 4
0 31 17681 1 2 3 4
0 31 17682 1 2 3 4
0 31 17699 1 2 3 4
0 31 17700 1 2 3 4
0 31 17701 1 2 3 4
0 31 17702 1 2 3 4
0 31 17703 1 2 3 4
0 31 17704 1 2 3 4
0 31 17705 1 2 3 4
0 31 17706 1 2 3 4
0 31 17707 1 2 3 4
0 31 17708 1 2 3 4
0 31 17709 1 2 3 4
0 31 17710 1 2 3 4
0 31 17711 1 2 3 4
0 31 17712 1 2 3 4
0 31 17713 1 2 3 4
0 31 17714 1 2 3 4
0 31 17715 1 2 3 4
0 31 17716 1 2 3 4
0 31 17717 1 2 3 4
0 31 17718 1 2 3 4
0 31 17719 1 2 3 4
0 31 17735 1 2 3 4
0 31 17736 1 2 3 4
0 31 17737 1 2 3 4
0 31 17738 1 2 3 4
0 31 17739 1 2 3 4
0 31 17740 1 2 3 4
0 31 17741 1 2 3 4
0 31 17742 1 2 3 4
0 31 17743 1 2 3 4
0 31 17744 1 2 3 4
0 31 17746 1 2 3 4
0 31 17747 1 2 3 4
0 31 17748 1 2 3 4
0 31 17752 1 2 3 4
0 31 17753 1 2 3 4
0 31 17754 1 2 3 4
0 31 17755 1 2 3 4
0 31 17756 1 2 3 4
0 31 17782 1 2 3 4
0 31 17788 1 2 3 4
0 31 17789 1 2 3 4
0 31 17790 1 2 3 4
0 31 17791 1 2 3 4
0 31 17792 1 2 3 4
0 31 17820 1 2 3 4
0 31 17821 1 2 3 4
0 31 17822 1 2 3 4
0 31 17823 1 2 3 4
0 31 17824 1 2 3 4
0 31 17825 1 2 3 4
0 31 17826 1 2 3 4
0 31 17827 1 2 3 4
0 31 17828 1 2 3 4
0 31 17847 1 2 3 4
0 31 17848 1 2 3 4
0 31 17849 1 2 3 4
0 31 17850 1 2 3 4
0 31 17851 1 2 3 4
0 31 17852 1 2 3 4
0 31 17853 1 2 3 4
0 31 17870 1 2 3 4
0 31 17871 1 2 3 4
0 31 17886 1 2 3 4
0 31 17887 1 2 3 4
0 31 17888 1 2 3 4
0 31 17900 1 2 3 4
0 31 17901 1 2 3 4
0 31 17909 1 2 3 4
0 31 17910 1 2 3 4
0 31 17911 1 2 3 4
0 31 17912 1 2 3 4
0 31 17919 1 2 3 4
0 31 17920 1 2 3 4
0 31 17924 1 2 3 4
0 31 17927 1 2 3 4
0 31 17931 1 2 3 4
0 31 17932 1 2 3 4
0 31 17933 1 2 3 4
0 31 17935 1 2 3 4
0 31 17936 1 2 3 4
0 31 17938 1 2 3 4
0 31 17942 1 2 3 4
0 31 17943 1 2 3 4
0 31 17954 1 2 3 4
0 31 17955 1 2 3 4
0 31 17958 1 2 3 4
0 31 17959 1 2 3 4
0 31 17960 1 2 3 4
0 31 17961 1 2 3 4
0 31 17962 1 2 3 4
0 31 17964 1 2 3 4
0 31 17965 1 2 3 4
0 31 17967 1 2 3 4
0 31 17968 1 2 3 4
0 31 17970 1 2 3 4
0 31 17971 1 2 3 4
0 31 17975 1 2 3 4
0 31 17976 1 2 3 4
0 31 17977 1 2 3 4
0 31 7141 1 2 3 4
0 31 7142 1 2 3 4
0 31 7143 1 2 3 4
0 31 7144 1 2 3 4
0 31 7252 1 2 3 4
0 31 7253 1 2 3 4
0 31 7254 1 2 3 4
0 31 7255 1 2 3 4
0 31 7256 1 2 3 4
0 31 7257 1 2 3 4
0 31 7363 1 2 3 4
0 31 7364 1 2 3 4
0 31 7365 1 2 3 4
0 31 7366 1 2 3 4
0 31 7473 1 2 3 4
0 31 7562 1 2 3 4
0 31 13976 1 2 3 4
0 31 14035 1 2 3 4
0 31 14036 1 2 3 4
0 31 14037 1 2 3 4
0 31 14038 1 2 3 4
0 31 14039 1 2 3 4
0 31 14098 1 2 3 4
0 31 14099 1 2 3 4
0 31 14100 1 2 3 4
0 31 14101 1 2 3 4
0 31 14161 1 2 3 4
0 31 14162 1 2 3 4
0 31 14163 1 2 3 4
0 31 14164 1 2 3 4
0 31 14165 1 2 3 4
0 31 14227 1 2 3 4
0 31 14228 1 2 3 4
0 31 14229 1 2 3 4
0 31 14230 1 2 3 4
0 31 14295 1 2 3 4
0 31 14296 1 2 3 4
0 31 15533 1 2 3 4
0 31 15734 1 2 3 4
0 31 17749 1 2 3 4
0 31 17784 1 2 3 4
0 31 17785 1 2 3 4
0 31 17817 1 2 3 4
0 31 17818 1 2 3 4
0 31 15332 1 2 3 4
0 31 15469 1 2 3 4
0 31 15267 1 2 3 4
0 31 14493 1 2 3 4
0 31 14293 1 2 3 4
0 31 14629 1 2 3 4
0 31 11783 1 2 3 4
0 31 5804 1 2 3 4
0 31 5805 1 2 3 4
0 31 5886 1 2 3 4
0 31 5887 1 2 3 4
0 31 5888 1 2 3 4
0 31 5889 1 2 3 4
0 31 5968 1 2 3 4
0 31 5969 1 2 3 4
0 31 5970 1 2 3 4
0 31 5971 1 2 3 4
0 31 5972 1 2 3 4
0 31 6051 1 2 3 4
0 31 6052 1 2 3 4
0 31 6053 1 2 3 4
0 31 6054 1 2 3 4
0 31 6055 1 2 3 4
0 31 6056 1 2 3 4
0 31 6057 1 2 3 4
0 31 6058 1 2 3 4
0 31 6059 1 2 3 4
0 31 6060 1 2 3 4
0 31 6061 1 2 3 4
0 31 6062 1 2 3 4
0 31 6063 1 2 3 4
0 31 6064 1 2 3 4
0 31 6065 1 2 3 4
0 31 6066 1 2 3 4
0 31 6067 1 2 3 4
0 31 6068 1 2 3 4
0 31 6069 1 2 3 4
0 31 6070 1 2 3 4
0 31 6071 1 2 3 4
0 31 6072 1 2 3 4
0 31 6073 1 2 3 4
0 31 6074 1 2 3 4
0 31 6153 1 2 3 4
0 31 6154 1 2 3 4
0 31 6155 1 2 3 4
0 31 6156 1 2 3 4
0 31 6157 1 2 3 4
0 31 6158 1 2 3 4
0 31 6159 1 2 3 4
0 31 6160 1 2 3 4
0 31 6161 1 2 3 4
0 31 6162 1 2 3 4
0 31 6163 1 2 3 4
0 31 6164 1 2 3 4
0 31 6165 1 2 3 4
0 31 6166 1 2 3 4
0 31 6167 1 2 3 4
0 31 6168 1 2 3 4
0 31 6169 1 2 3 4
0 31 6170 1 2 3 4
0 31 6171 1 2 3 4
0 31 6172 1 2 3 4
0 31 6173 1 2 3 4
0 31 6174 1 2 3 4
0 31 6175 1 2 3 4
0 31 6176 1 2 3 4
0 31 6177 1 2 3 4
0 31 6178 1 2 3 4
0 31 6179 1 2 3 4
0 31 6180 1 2 3 4
0 31 6181 1 2 3 4
0 31 6259 1 2 3 4
0 31 6260 1 2 3 4
0 31 6261 1 2 3 4
0 31 6262 1 2 3 4
0 31 6263 1 2 3 4
0 31 6264 1 2 3 4
0 31 6265 1 2 3 4
0 31 6266 1 2 3 4
0 31 6267 1 2 3 4
0 31 6268 1 2 3 4
0 31 6269 1 2 3 4
0 31 6270 1 2 3 4
0 31 6271 1 2 3 4
0 31 6272 1 2 3 4
0 31 6273 1 2 3 4
0 31 6274 1 2 3 4
0 31 6275 1 2 3 4
0 31 6276 1 2 3 4
0 31 6277 1 2 3 4
0 31 6278 1 2 3 4
0 31 6279 1 2 3 4
0 31 6280 1 2 3 4
0 31 6281 1 2 3 4
0 31 6282 1 2 3 4
0 31 6283 1 2 3 4
0 31 6284 1 2 3 4
0 31 6285 1 2 3 4
0 31 6286 1 2 3 4
0 31 6287 1 2 3 4
0 31 6288 1 2 3 4
0 31 6366 1 2 3 4
0 31 6367 1 2 3 4
0 31 6368 1 2 3 4
0 31 6369 1 2 3 4
0 31 6370 1 2 3 4
0 31 6371 1 2 3 4
0 31 6372 1 2 3 4
0 31 6373 1 2 3 4
0 31 6374 1 2 3 4
0 31 6375 1 2 3 4
0 31 6376 1 2 3 4
0 31 6377 1 2 3 4
0 31 6378 1 2 3 4
0 31 6379 1 2 3 4
0 31 6380 1 2 3 4
0 31 6381 1 2 3 4
0 31 6382 1 2 3 4
0 31 6383 1 2 3 4
0 31 6384 1 2 3 4
0 31 6385 1 2 3 4
0 31 6386 1 2 3 4
0 31 6387 1 2 3 4
0 31 6388 1 2 3 4
0 31 6389 1 2 3 4
0 31 6390 1 2 3 4
0 31 6391 1 2 3 4
0 31 6392 1 2 3 4
0 31 6393 1 2 3 4
0 31 6394 1 2 3 4
0 31 6395 1 2 3 4
0 31 6474 1 2 3 4
0 31 6475 1 2 3 4
0 31 6476 1 2 3 4
0 31 6477 1 2 3 4
0 31 6478 1 2 3 4
0 31 6479 1 2 3 4
0 31 6480 1 2 3 4
0 31 6481 1 2 3 4
0 31 6482 1 2 3 4
0 31 6483 1 2 3 4
0 31 6488 1 2 3 4
0 31 6489 1 2 3 4
0 31 6490 1 2 3 4
0 31 6491 1 2 3 4
0 31 6581 1 2 3 4
0 31 6582 1 2 3 4
0 31 6583 1 2 3 4
0 31 6584 1 2 3 4
0 31 6585 1 2 3 4
0 31 6586 1 2 3 4
0 31 6587 1 2 3 4
0 31 6588 1 2 3 4
0 31 6589 1 2 3 4
0 31 6689 1 2 3 4
0 31 6690 1 2 3 4
0 31 6691 1 2 3 4
0 31 6692 1 2 3 4
0 31 6693 1 2 3 4
0 31 6694 1 2 3 4
0 31 6798 1 2 3 4
0 31 6799 1 2 3 4
0 31 6800 1 2 3 4
0 31 6801 1 2 3 4
0 31 6802 1 2 3 4
0 31 6803 1 2 3 4
0 31 6804 1 2 3 4
0 31 6905 1 2 3 4
0 31 6906 1 2 3 4
0 31 6907 1 2 3 4
0 31 6908 1 2 3 4
0 31 6909 1 2 3 4
0 31 6910 1 2 3 4
0 31 6911 1 2 3 4
0 31 7013 1 2 3 4
0 31 7014 1 2 3 4
0 31 7015 1 2 3 4
0 31 7016 1 2 3 4
0 31 7017 1 2 3 4
0 31 7018 1 2 3 4
0 31 7019 1 2 3 4
0 31 7020 1 2 3 4
0 31 7122 1 2 3 4
0 31 7123 1 2 3 4
0 31 7124 1 2 3 4
0 31 7125 1 2 3 4
0 31 7126 1 2 3 4
0 31 7127 1 2 3 4
0 31 7128 1 2 3 4
0 31 7232 1 2 3 4
0 31 7233 1 2 3 4
0 31 7234 1 2 3 4
0 31 7235 1 2 3 4
0 31 7236 1 2 3 4
0 31 7340 1 2 3 4
0 31 7341 1 2 3 4
0 31 7342 1 2 3 4
0 31 7343 1 2 3 4
0 31 7447 1 2 3 4
0 31 7448 1 2 3 4
0 31 7449 1 2 3 4
0 31 7450 1 2 3 4
0 31 7554 1 2 3 4
0 31 7555 1 2 3 4
0 31 7556 1 2 3 4
0 31 7557 1 2 3 4
0 31 7558 1 2 3 4
0 31 7662 1 2 3 4
0 31 7663 1 2 3 4
0 31 7664 1 2 3 4
0 31 7665 1 2 3 4
0 31 7666 1 2 3 4
0 31 7667 1 2 3 4
0 31 7768 1 2 3 4
0 31 7769 1 2 3 4
0 31 7770 1 2 3 4
0 31 7771 1 2 3 4
0 31 7772 1 2 3 4
0 31 7773 1 2 3 4
0 31 7774 1 2 3 4
0 31 7875 1 2 3 4
0 31 7876 1 2 3 4
0 31 7877 1 2 3 4
0 31 7878 1 2 3 4
0 31 7879 1 2 3 4
0 31 7880 1 2 3 4
0 31 7881 1 2 3 4
0 31 7980 1 2 3 4
0 31 7981 1 2 3 4
0 31 7982 1 2 3 4
0 31 7983 1 2 3 4
0 31 7984 1 2 3 4
0 31 7985 1 2 3 4
0 31 8085 1 2 3 4
0 31 8086 1 2 3 4
0 31 8087 1 2 3 4
0 31 8088 1 2 3 4
0 31 8089 1 2 3 4
0 31 8189 1 2 3 4
0 31 8190 1 2 3 4
0 31 8191 1 2 3 4
0 31 8192 1 2 3 4
0 31 8293 1 2 3 4
0 31 8294 1 2 3 4
0 31 8295 1 2 3 4
0 31 8296 1 2 3 4
0 31 8297 1 2 3 4
0 31 8398 1 2 3 4
0 31 8399 1 2 3 4
0 31 8400 1 2 3 4
0 31 8401 1 2 3 4
0 31 8402 1 2 3 4
0 31 8503 1 2 3 4
0 31 8504 1 2 3 4
0 31 8505 1 2 3 4
0 31 8506 1 2 3 4
0 31 8507 1 2 3 4
0 31 8607 1 2 3 4
0 31 8608 1 2 3 4
0 31 8609 1 2 3 4
0 31 8610 1 2 3 4
0 31 8611 1 2 3 4
0 31 8709 1 2 3 4
0 31 8710 1 2 3 4
0 31 8711 1 2 3 4
0 31 8712 1 2 3 4
0 31 8713 1 2 3 4
0 31 8812 1 2 3 4
0 31 8813 1 2 3 4
0 31 8814 1 2 3 4
0 31 8815 1 2 3 4
0 31 8816 1 2 3 4
0 31 8913 1 2 3 4
0 31 8914 1 2 3 4
0 31 8915 1 2 3 4
0 31 8916 1 2 3 4
0 31 8917 1 2 3 4
0 31 9013 1 2 3 4
0 31 9014 1 2 3 4
0 31 9015 1 2 3 4
0 31 9016 1 2 3 4
0 31 9017 1 2 3 4
0 31 9112 1 2 3 4
0 31 9113 1 2 3 4
0 31 9114 1 2 3 4
0 31 9115 1 2 3 4
0 31 9116 1 2 3 4
0 31 9209 1 2 3 4
0 31 9210 1 2 3 4
0 31 9211 1 2 3 4
0 31 9212 1 2 3 4
0 31 9213 1 2 3 4
0 31 9308 1 2 3 4
0 31 9309 1 2 3 4
0 31 9310 1 2 3 4
0 31 9311 1 2 3 4
0 31 9401 1 2 3 4
0 31 9402 1 2 3 4
0 31 9403 1 2 3 4
0 31 9404 1 2 3 4
0 31 9493 1 2 3 4
0 31 9494 1 2 3 4
0 31 9495 1 2 3 4
0 31 9496 1 2 3 4
0 31 9588 1 2 3 4
0 31 9589 1 2 3 4
0 31 9590 1 2 3 4
0 31 9591 1 2 3 4
0 31 9592 1 2 3 4
0 31 9683 1 2 3 4
0 31 9684 1 2 3 4
0 31 9685 1 2 3 4
0 31 9686 1 2 3 4
0 31 9687 1 2 3 4
0 31 9777 1 2 3 4
0 31 9778 1 2 3 4
0 31 9779 1 2 3 4
0 31 9780 1 2 3 4
0 31 9872 1 2 3 4
0 31 9873 1 2 3 4
0 31 9874 1 2 3 4
0 31 9875 1 2 3 4
0 31 9965 1 2 3 4
0 31 9966 1 2 3 4
0 31 9967 1 2 3 4
0 31 9968 1 2 3 4
0 31 10052 1 2 3 4
0 31 10053 1 2 3 4
0 31 10054 1 2 3 4
0 31 10055 1 2 3 4
0 31 10131 1 2 3 4
0 31 10132 1 2 3 4
0 31 10133 1 2 3 4
0 31 10134 1 2 3 4
0 31 10212 1 2 3 4
0 31 10213 1 2 3 4
0 31 10214 1 2 3 4
0 31 10297 1 2 3 4
0 31 10298 1 2 3 4
0 31 10299 1 2 3 4
0 31 10300 1 2 3 4
0 31 10383 1 2 3 4
0 31 10384 1 2 3 4
0 31 10385 1 2 3 4
0 31 10386 1 2 3 4
0 31 10475 1 2 3 4
0 31 10476 1 2 3 4
0 31 10477 1 2 3 4
0 31 10478 1 2 3 4
0 31 10568 1 2 3 4
0 31 10569 1 2 3 4
0 31 10570 1 2 3 4
0 31 10571 1 2 3 4
0 31 10658 1 2 3 4
0 31 10659 1 2 3 4
0 31 10660 1 2 3 4
0 31 10661 1 2 3 4
0 31 10746 1 2 3 4
0 31 10747 1 2 3 4
0 31 10748 1 2 3 4
0 31 10825 1 2 3 4
0 31 10826 1 2 3 4
0 31 10827 1 2 3 4
0 31 10828 1 2 3 4
0 31 10906 1 2 3 4
0 31 10907 1 2 3 4
0 31 10908 1 2 3 4
0 31 10909 1 2 3 4
0 31 10988 1 2 3 4
0 31 10989 1 2 3 4
0 31 10990 1 2 3 4
0 31 10991 1 2 3 4
0 31 11069 1 2 3 4
0 31 11070 1 2 3 4
0 31 11071 1 2 3 4
0 31 11072 1 2 3 4
0 31 11151 1 2 3 4
0 31 11152 1 2 3 4
0 31 11153 1 2 3 4
0 31 11237 1 2 3 4
0 31 11238 1 2 3 4
0 31 11239 1 2 3 4
0 31 11324 1 2 3 4
0 31 11325 1 2 3 4
0 31 11326 1 2 3 4
0 31 11327 1 2 3 4
0 31 11402 1 2 3 4
0 31 11403 1 2 3 4
0 31 11404 1 2 3 4
0 31 11405 1 2 3 4
0 31 11478 1 2 3 4
0 31 11479 1 2 3 4
0 31 11480 1 2 3 4
0 31 11552 1 2 3 4
0 31 11553 1 2 3 4
0 31 11554 1 2 3 4
0 31 11555 1 2 3 4
0 31 11626 1 2 3 4
0 31 11627 1 2 3 4
0 31 11628 1 2 3 4
0 31 11629 1 2 3 4
0 31 11701 1 2 3 4
0 31 11702 1 2 3 4
0 31 11703 1 2 3 4
0 31 11704 1 2 3 4
0 31 11780 1 2 3 4
0 31 11781 1 2 3 4
0 31 11782 1 2 3 4
0 31 11783 1 2 3 4
0 31 11857 1 2 3 4
0 31 11858 1 2 3 4
0 31 11859 1 2 3 4
0 31 11860 1 2 3 4
0 31 11935 1 2 3 4
0 31 11936 1 2 3 4
0 31 11937 1 2 3 4
0 31 11938 1 2 3 4
0 31 12013 1 2 3 4
0 31 12014 1 2 3 4
0 31 12015 1 2 3 4
0 31 12086 1 2 3 4
0 31 12087 1 2 3 4
0 31 12088 1 2 3 4
0 31 12089 1 2 3 4
0 31 12161 1 2 3 4
0 31 12162 1 2 3 4
0 31 12163 1 2 3 4
0 31 12164 1 2 3 4
0 31 12227 1 2 3 4
0 31 12228 1 2 3 4
0 31 12229 1 2 3 4
0 31 12230 1 2 3 4
0 31 12293 1 2 3 4
0 31 12294 1 2 3 4
0 31 12295 1 2 3 4
0 31 12296 1 2 3 4
0 31 12354 1 2 3 4
0 31 12355 1 2 3 4
0 31 12356 1 2 3 4
0 31 12357 1 2 3 4
0 31 12415 1 2 3 4
0 31 12416 1 2 3 4
0 31 12417 1 2 3 4
0 31 12418 1 2 3 4
0 31 12476 1 2 3 4
0 31 12477 1 2 3 4
0 31 12478 1 2 3 4
0 31 12479 1 2 3 4
0 31 12537 1 2 3 4
0 31 12538 1 2 3 4
0 31 12539 1 2 3 4
0 31 12540 1 2 3 4
0 31 12598 1 2 3 4
0 31 12599 1 2 3 4
0 31 12600 1 2 3 4
0 31 12601 1 2 3 4
0 31 12660 1 2 3 4
0 31 12661 1 2 3 4
0 31 12662 1 2 3 4
0 31 12721 1 2 3 4
0 31 12722 1 2 3 4
0 31 12723 1 2 3 4
0 31 12782 1 2 3 4
0 31 12783 1 2 3 4
0 31 12784 1 2 3 4
0 31 12785 1 2 3 4
0 31 12841 1 2 3 4
0 31 12842 1 2 3 4
0 31 12843 1 2 3 4
0 31 12844 1 2 3 4
0 31 12901 1 2 3 4
0 31 12902 1 2 3 4
0 31 12903 1 2 3 4
0 31 12904 1 2 3 4
0 31 12961 1 2 3 4
0 31 12962 1 2 3 4
0 31 12963 1 2 3 4
0 31 12964 1 2 3 4
0 31 13018 1 2 3 4
0 31 13019 1 2 3 4
0 31 13020 1 2 3 4
0 31 13021 1 2 3 4
0 31 13075 1 2 3 4
0 31 13076 1 2 3 4
0 31 13077 1 2 3 4
0 31 13078 1 2 3 4
0 31 13079 1 2 3 4
0 31 13080 1 2 3 4
0 31 13081 1 2 3 4
0 31 13133 1 2 3 4
0 31 13134 1 2 3 4
0 31 13135 1 2 3 4
0 31 13136 1 2 3 4
0 31 13137 1 2 3 4
0 31 13138 1 2 3 4
0 31 13139 1 2 3 4
0 31 13140 1 2 3 4
0 31 13191 1 2 3 4
0 31 13192 1 2 3 4
0 31 13193 1 2 3 4
0 31 13194 1 2 3 4
0 31 13195 1 2 3 4
0 31 13196 1 2 3 4
0 31 13197 1 2 3 4
0 31 13198 1 2 3 4
0 31 13250 1 2 3 4
0 31 13251 1 2 3 4
0 31 13252 1 2 3 4
0 31 13253 1 2 3 4
0 31 13254 1 2 3 4
0 31 13255 1 2 3 4
0 31 13256 1 2 3 4
0 31 13257 1 2 3 4
0 31 13309 1 2 3 4
0 31 13310 1 2 3 4
0 31 13311 1 2 3 4
0 31 13312 1 2 3 4
0 31 13313 1 2 3 4
0 31 13314 1 2 3 4
0 31 13315 1 2 3 4
0 31 13316 1 2 3 4
0 31 13368 1 2 3 4
0 31 13369 1 2 3 4
0 31 13370 1 2 3 4
0 31 13371 1 2 3 4
0 31 13372 1 2 3 4
0 31 13428 1 2 3 4
0 31 13429 1 2 3 4
0 31 13430 1 2 3 4
0 31 13431 1 2 3 4
0 31 13432 1 2 3 4
0 31 13484 1 2 3 4
0 31 13485 1 2 3 4
0 31 13486 1 2 3 4
0 31 13487 1 2 3 4
0 31 13488 1 2 3 4
0 31 13541 1 2 3 4
0 31 13542 1 2 3 4
0 31 13543 1 2 3 4
0 31 13544 1 2 3 4
0 31 13545 1 2 3 4
0 31 13598 1 2 3 4
0 31 13599 1 2 3 4
0 31 13600 1 2 3 4
0 31 13601 1 2 3 4
0 31 13602 1 2 3 4
0 31 13657 1 2 3 4
0 31 13658 1 2 3 4
0 31 13659 1 2 3 4
0 31 13660 1 2 3 4
0 31 13716 1 2 3 4
0 31 13717 1 2 3 4
0 31 13718 1 2 3 4
0 31 13719 1 2 3 4
0 31 13720 1 2 3 4
0 31 13775 1 2 3 4
0 31 13776 1 2 3 4
0 31 13777 1 2 3 4
0 31 13778 1 2 3 4
0 31 13779 1 2 3 4
0 31 13834 1 2 3 4
0 31 13835 1 2 3 4
0 31 13836 1 2 3 4
0 31 13837 1 2 3 4
0 31 13838 1 2 3 4
0 31 13892 1 2 3 4
0 31 13893 1 2 3 4
0 31 13894 1 2 3 4
0 31 13895 1 2 3 4
0 31 13896 1 2 3 4
0 31 13952 1 2 3 4
0 31 13953 1 2 3 4
0 31 13954 1 2 3 4
0 31 13955 1 2 3 4
0 31 13956 1 2 3 4
0 31 14014 1 2 3 4
0 31 14015 1 2 3 4
0 31 14016 1 2 3 4
0 31 14017 1 2 3 4
0 31 14018 1 2 3 4
0 31 14075 1 2 3 4
0 31 14076 1 2 3 4
0 31 14077 1 2 3 4
0 31 14078 1 2 3 4
0 31 14079 1 2 3 4
0 31 14136 1 2 3 4
0 31 14137 1 2 3 4
0 31 14138 1 2 3 4
0 31 14139 1 2 3 4
0 31 14140 1 2 3 4
0 31 14141 1 2 3 4
0 31 14142 1 2 3 4
0 31 14200 1 2 3 4
0 31 14201 1 2 3 4
0 31 14202 1 2 3 4
0 31 14203 1 2 3 4
0 31 14204 1 2 3 4
0 31 14205 1 2 3 4
0 31 14206 1 2 3 4
0 31 14207 1 2 3 4
0 31 14267 1 2 3 4
0 31 14268 1 2 3 4
0 31 14269 1 2 3 4
0 31 14270 1 2 3 4
0 31 14271 1 2 3 4
0 31 14272 1 2 3 4
0 31 14273 1 2 3 4
0 31 14336 1 2 3 4
0 31 14337 1 2 3 4
0 31 14338 1 2 3 4
0 31 14339 1 2 3 4
0 31 14340 1 2 3 4
0 31 14341 1 2 3 4
0 31 14342 1 2 3 4
0 31 14406 1 2 3 4
0 31 14407 1 2 3 4
0 31 14408 1 2 3 4
0 31 14409 1 2 3 4
0 31 14410 1 2 3 4
0 31 14481 1 2 3 4
0 31 14482 1 2 3 4
0 31 14483 1 2 3 4
0 31 14484 1 2 3 4
0 31 14552 1 2 3 4
0 31 14553 1 2 3 4
0 31 14554 1 2 3 4
0 31 14555 1 2 3 4
0 31 14556 1 2 3 4
0 31 14623 1 2 3 4
0 31 14624 1 2 3 4
0 31 14625 1 2 3 4
0 31 14626 1 2 3 4
0 31 14627 1 2 3 4
0 31 14692 1 2 3 4
0 31 14693 1 2 3 4
0 31 14694 1 2 3 4
0 31 14695 1 2 3 4
0 31 14696 1 2 3 4
0 31 14763 1 2 3 4
0 31 14764 1 2 3 4
0 31 14765 1 2 3 4
0 31 14766 1 2 3 4
0 31 14833 1 2 3 4
0 31 14834 1 2 3 4
0 31 14835 1 2 3 4
0 31 14836 1 2 3 4
0 31 14837 1 2 3 4
0 31 14904 1 2 3 4
0 31 14905 1 2 3 4
0 31 14906 1 2 3 4
0 31 14907 1 2 3 4
0 31 14908 1 2 3 4
0 31 14975 1 2 3 4
0 31 14976 1 2 3 4
0 31 14977 1 2 3 4
0 31 14978 1 2 3 4
0 31 15046 1 2 3 4
0 31 15047 1 2 3 4
0 31 15048 1 2 3 4
0 31 15049 1 2 3 4
0 31 15117 1 2 3 4
0 31 15118 1 2 3 4
0 31 15119 1 2 3 4
0 31 15120 1 2 3 4
0 31 15187 1 2 3 4
0 31 15188 1 2 3 4
0 31 15189 1 2 3 4
0 31 15190 1 2 3 4
0 31 15257 1 2 3 4
0 31 15258 1 2 3 4
0 31 15259 1 2 3 4
0 31 15326 1 2 3 4
0 31 15327 1 2 3 4
0 31 15328 1 2 3 4
0 31 15329 1 2 3 4
0 31 15393 1 2 3 4
0 31 15394 1 2 3 4
0 31 15395 1 2 3 4
0 31 15396 1 2 3 4
0 31 15460 1 2 3 4
0 31 15461 1 2 3 4
0 31 15462 1 2 3 4
0 31 15463 1 2 3 4
0 31 15528 1 2 3 4
0 31 15529 1 2 3 4
0 31 15530 1 2 3 4
0 31 15596 1 2 3 4
0 31 15597 1 2 3 4
0 31 15598 1 2 3 4
0 31 15599 1 2 3 4
0 31 15662 1 2 3 4
0 31 15663 1 2 3 4
0 31 15664 1 2 3 4
0 31 15665 1 2 3 4
0 31 15728 1 2 3 4
0 31 15729 1 2 3 4
0 31 15730 1 2 3 4
0 31 15731 1 2 3 4
0 31 15792 1 2 3 4
0 31 15793 1 2 3 4
0 31 15794 1 2 3 4
0 31 15855 1 2 3 4
0 31 15856 1 2 3 4
0 31 15857 1 2 3 4
0 31 15858 1 2 3 4
0 31 15923 1 2 3 4
0 31 15924 1 2 3 4
0 31 15925 1 2 3 4
0 31 15926 1 2 3 4
0 31 15988 1 2 3 4
0 31 15989 1 2 3 4
0 31 15990 1 2 3 4
0 31 15991 1 2 3 4
0 31 16052 1 2 3 4
0 31 16053 1 2 3 4
0 31 16054 1 2 3 4
0 31 16055 1 2 3 4
0 31 16119 1 2 3 4
0 31 16120 1 2 3 4
0 31 16121 1 2 3 4
0 31 16122 1 2 3 4
0 31 16182 1 2 3 4
0 31 16183 1 2 3 4
0 31 16184 1 2 3 4
0 31 16185 1 2 3 4
0 31 16247 1 2 3 4
0 31 16248 1 2 3 4
0 31 16249 1 2 3 4
0 31 16250 1 2 3 4
0 31 16311 1 2 3 4
0 31 16312 1 2 3 4
0 31 16313 1 2 3 4
0 31 16314 1 2 3 4
0 31 16375 1 2 3 4
0 31 16376 1 2 3 4
0 31 16377 1 2 3 4
0 31 16378 1 2 3 4
0 31 16379 1 2 3 4
0 31 16380 1 2 3 4
0 31 16381 1 2 3 4
0 31 16439 1 2 3 4
0 31 16440 1 2 3 4
0 31 16441 1 2 3 4
0 31 16442 1 2 3 4
0 31 16443 1 2 3 4
0 31 16444 1 2 3 4
0 31 16445 1 2 3 4
0 31 16446 1 2 3 4
0 31 16500 1 2 3 4
0 31 16501 1 2 3 4
0 31 16502 1 2 3 4
0 31 16503 1 2 3 4
0 31 16504 1 2 3 4
0 31 16505 1 2 3 4
0 31 16506 1 2 3 4
0 31 16507 1 2 3 4
0 31 16508 1 2 3 4
0 31 16556 1 2 3 4
0 31 16557 1 2 3 4
0 31 16558 1 2 3 4
0 31 16559 1 2 3 4
0 31 16560 1 2 3 4
0 31 16561 1 2 3 4
0 31 16562 1 2 3 4
0 31 16563 1 2 3 4
0 31 16564 1 2 3 4
0 31 16609 1 2 3 4
0 31 16610 1 2 3 4
0 31 16612 1 2 3 4
0 31 16613 1 2 3 4
0 31 16614 1 2 3 4
0 31 16615 1 2 3 4
0 31 16616 1 2 3 4
0 31 16665 1 2 3 4
0 31 16666 1 2 3 4
0 31 16667 1 2 3 4
0 31 16668 1 2 3 4
0 31 16669 1 2 3 4
0 31 16670 1 2 3 4
0 31 16671 1 2 3 4
0 31 16672 1 2 3 4
0 31 16717 1 2 3 4
0 31 16718 1 2 3 4
0 31 16719 1 2 3 4
0 31 16720 1 2 3 4
0 31 16721 1 2 3 4
0 31 16722 1 2 3 4
0 31 16764 1 2 3 4
0 31 16765 1 2 3 4
0 31 16766 1 2 3 4
0 31 16767 1 2 3 4
0 31 16768 1 2 3 4
0 31 16769 1 2 3 4
0 31 16811 1 2 3 4
0 31 16812 1 2 3 4
0 31 16813 1 2 3 4
0 31 16814 1 2 3 4
0 31 16815 1 2 3 4
0 31 16816 1 2 3 4
0 31 16855 1 2 3 4
0 31 16856 1 2 3 4
0 31 16857 1 2 3 4
0 31 16858 1 2 3 4
0 31 16895 1 2 3 4
0 31 16896 1 2 3 4
0 31 16897 1 2 3 4
0 31 16898 1 2 3 4
0 31 16935 1 2 3 4
0 31 16936 1 2 3 4
0 31 16937 1 2 3 4
0 31 16938 1 2 3 4
0 31 16971 1 2 3 4
0 31 16972 1 2 3 4
0 31 16973 1 2 3 4
0 31 16974 1 2 3 4
0 31 16975 1 2 3 4
0 31 17012 1 2 3 4
0 31 17013 1 2 3 4
0 31 17014 1 2 3 4
0 31 17015 1 2 3 4
0 31 17016 1 2 3 4
0 31 17054 1 2 3 4
0 31 17055 1 2 3 4
0 31 17056 1 2 3 4
0 31 17057 1 2 3 4
0 31 17058 1 2 3 4
0 31 17059 1 2 3 4
0 31 17096 1 2 3 4
0 31 17097 1 2 3 4
0 31 17098 1 2 3 4
0 31 17099 1 2 3 4
0 31 17100 1 2 3 4
0 31 17136 1 2 3 4
0 31 17137 1 2 3 4
0 31 17138 1 2 3 4
0 31 17139 1 2 3 4
0 31 17176 1 2 3 4
0 31 17177 1 2 3 4
0 31 17178 1 2 3 4
0 31 17179 1 2 3 4
0 31 17217 1 2 3 4
0 31 17218 1 2 3 4
0 31 17219 1 2 3 4
0 31 17220 1 2 3 4
0 31 17254 1 2 3 4
0 31 17255 1 2 3 4
0 31 17256 1 2 3 4
0 31 17257 1 2 3 4
0 31 17288 1 2 3 4
0 31 17289 1 2 3 4
0 31 17290 1 2 3 4
0 31 17291 1 2 3 4
0 31 17322 1 2 3 4
0 31 17323 1 2 3 4
0 31 17324 1 2 3 4
0 31 17325 1 2 3 4
0 31 17355 1 2 3 4
0 31 17357 1 2 3 4
0 31 17358 1 2 3 4
0 31 17359 1 2 3 4
0 31 17360 1 2 3 4
0 31 17390 1 2 3 4
0 31 17391 1 2 3 4
0 31 17392 1 2 3 4
0 31 17393 1 2 3 4
0 31 17394 1 2 3 4
0 31 17395 1 2 3 4
0 31 17425 1 2 3 4
0 31 17426 1 2 3 4
0 31 17427 1 2 3 4
0 31 17428 1 2 3 4
0 31 17429 1 2 3 4
0 31 17430 1 2 3 4
0 31 17460 1 2 3 4
0 31 17461 1 2 3 4
0 31 17462 1 2 3 4
0 31 17463 1 2 3 4
0 31 17464 1 2 3 4
0 31 17465 1 2 3 4
0 31 17466 1 2 3 4
0 31 17467 1 2 3 4
0 31 17496 1 2 3 4
0 31 17497 1 2 3 4
0 31 17498 1 2 3 4
0 31 17499 1 2 3 4
0 31 17500 1 2 3 4
0 31 17501 1 2 3 4
0 31 17502 1 2 3 4
0 31 17503 1 2 3 4
0 31 17504 1 2 3 4
0 31 17532 1 2 3 4
0 31 17533 1 2 3 4
0 31 17534 1 2 3 4
0 31 17535 1 2 3 4
0 31 17536 1 2 3 4
0 31 17537 1 2 3 4
0 31 17538 1 2 3 4
0 31 17539 1 2 3 4
0 31 17540 1 2 3 4
0 31 17567 1 2 3 4
0 31 17568 1 2 3 4
0 31 17569 1 2 3 4
0 31 17570 1 2 3 4
0 31 17571 1 2 3 4
0 31 17572 1 2 3 4
0 31 17573 1 2 3 4
0 31 17574 1 2 3 4
0 31 17575 1 2 3 4
0 31 17576 1 2 3 4
0 31 17577 1 2 3 4
0 31 17603 1 2 3 4
0 31 17604 1 2 3 4
0 31 17605 1 2 3 4
0 31 17606 1 2 3 4
0 31 17607 1 2 3 4
0 31 17608 1 2 3 4
0 31 17609 1 2 3 4
0 31 17610 1 2 3 4
0 31 17611 1 2 3 4
0 31 17612 1 2 3 4
0 31 17613 1 2 3 4
0 31 17614 1 2 3 4
0 31 17615 1 2 3 4
0 31 17639 1 2 3 4
0 31 17640 1 2 3 4
0 31 17641 1 2 3 4
0 31 17642 1 2 3 4
0 31 17643 1 2 3 4
0 31 17644 1 2 3 4
0 31 17645 1 2 3 4
0 31 17646 1 2 3 4
0 31 17647 1 2 3 4
0 31 17648 1 2 3 4
0 31 17649 1 2 3 4
0 31 17650 1 2 3 4
0 31 17651 1 2 3 4
0 31 17652 1 2 3 4
0 31 17653 1 2 3 4
0 31 17674 1 2 3 4
0 31 17675 1 2 3 4
0 31 17676 1 2 3 4
0 31 17677 1 2 3 4
0 31 17678 1 2 3 4
0 31 17679 1 2 3 4
0 31 17680 1 2 3 4
0 31 17681 1 2 3 4
0 31 17682 1 2 3 4
0 31 17683 1 2 3 4
0 31 17684 1 2 3 4
0 31 17685 1 2 3 4
0 31 17686 1 2 3 4
0 31 17687 1 2 3 4
0 31 17711 1 2 3 4
0 31 17712 1 2 3 4
0 31 17713 1 2 3 4
0 31 17714 1 2 3 4
0 31 17715 1 2 3 4
0 31 17716 1 2 3 4
0 31 17717 1 2 3 4
0 31 17718 1 2 3 4
0 31 17719 1 2 3 4
0 31 17720 1 2 3 4
0 31 17721 1 2 3 4
0 31 17722 1 2 3 4
0 31 17723 1 2 3 4
0 31 17724 1 2 3 4
0 31 17746 1 2 3 4
0 31 17747 1 2 3 4
0 31 17748 1 2 3 4
0 31 17749 1 2 3 4
0 31 17752 1 2 3 4
0 31 17753 1 2 3 4
0 31 17754 1 2 3 4
0 31 17755 1 2 3 4
0 31 17756 1 2 3 4
0 31 17757 1 2 3 4
0 31 17758 1 2 3 4
0 31 17759 1 2 3 4
0 31 17760 1 2 3 4
0 31 17761 1 2 3 4
0 31 17762 1 2 3 4
0 31 17763 1 2 3 4
0 31 17764 1 2 3 4
0 31 17765 1 2 3 4
0 31 17782 1 2 3 4
0 31 17784 1 2 3 4
0 31 17785 1 2 3 4
0 31 17788 1 2 3 4
0 31 17789 1 2 3 4
0 31 17790 1 2 3 4
0 31 17791 1 2 3 4
0 31 17792 1 2 3 4
0 31 17793 1 2 3 4
0 31 17794 1 2 3 4
0 31 17795 1 2 3 4
0 31 17796 1 2 3 4
0 31 17797 1 2 3 4
0 31 17798 1 2 3 4
0 31 17799 1 2 3 4
0 31 17800 1 2 3 4
0 31 17817 1 2 3 4
0 31 17818 1 2 3 4
0 31 17820 1 2 3 4
0 31 17821 1 2 3 4
0 31 17822 1 2 3 4
0 31 17823 1 2 3 4
0 31 17824 1 2 3 4
0 31 17825 1 2 3 4
0 31 17826 1 2 3 4
0 31 17827 1 2 3 4
0 31 17828 1 2 3 4
0 31 17829 1 2 3 4
0 31 17830 1 2 3 4
0 31 17847 1 2 3 4
0 31 17848 1 2 3 4
0 31 17849 1 2 3 4
0 31 17850 1 2 3 4
0 31 17851 1 2 3 4
0 31 17852 1 2 3 4
0 31 17853 1 2 3 4
0 31 17854 1 2 3 4
0 31 17855 1 2 3 4
0 31 17870 1 2 3 4
0 31 17871 1 2 3 4
0 31 17872 1 2 3 4
0 31 17886 1 2 3 4
0 31 17887 1 2 3 4
0 31 17888 1 2 3 4
0 31 17900 1 2 3 4
0 31 17901 1 2 3 4
0 31 17909 1 2 3 4
0 31 17910 1 2 3 4
0 31 17911 1 2 3 4
0 31 17912 1 2 3 4
0 31 17919 1 2 3 4
0 31 17920 1 2 3 4
0 31 17924 1 2 3 4
0 31 17927 1 2 3 4
0 31 17931 1 2 3 4
0 31 17932 1 2 3 4
0 31 17933 1 2 3 4
0 31 17935 1 2 3 4
0 31 17936 1 2 3 4
0 31 17938 1 2 3 4
0 31 17954 1 2 3 4
0 31 17955 1 2 3 4
0 31 17958 1 2 3 4
0 31 17959 1 2 3 4
0 31 17960 1 2 3 4
0 31 17961 1 2 3 4
0 31 17962 1 2 3 4
0 31 17964 1 2 3 4
0 31 17965 1 2 3 4
0 31 17967 1 2 3 4
0 31 17968 1 2 3 4
0 31 17970 1 2 3 4
0 31 17971 1 2 3 4
0 31 17975 1 2 3 4
0 31 17976 1 2 3 4
0 31 17179 0 1 2 3 4
0 31 17180 0 1 2 3 4
0 31 17181 0 1 2 3 4
0 31 17182 0 1 2 3 4
0 31 17220 0 1 2 3 4
0 31 17221 0 1 2 3 4
0 31 17222 0 1 2 3 4
0 31 17223 0 1 2 3 4
0 31 17224 0 1 2 3 4
0 31 17225 0 1 2 3 4
0 31 17257 0 1 2 3 4
0 31 17258 0 1 2 3 4
0 31 17259 0 1 2 3 4
0 31 17260 0 1 2 3 4
0 31 17261 0 1 2 3 4
0 31 17262 0 1 2 3 4
0 31 17263 0 1 2 3 4
0 31 17291 0 1 2 3 4
0 31 17292 0 1 2 3 4
0 31 17293 0 1 2 3 4
0 31 17294 0 1 2 3 4
0 31 17295 0 1 2 3 4
0 31 17296 0 1 2 3 4
0 31 17325 0 1 2 3 4
0 31 17326 0 1 2 3 4
0 31 17327 0 1 2 3 4
0 31 17328 0 1 2 3 4
0 31 17329 0 1 2 3 4
0 31 17330 0 1 2 3 4
0 31 17331 0 1 2 3 4
0 31 17361 0 1 2 3 4
0 31 17362 0 1 2 3 4
0 31 17363 0 1 2 3 4
0 31 17364 0 1 2 3 4
0 31 17365 0 1 2 3 4
0 31 17366 0 1 2 3 4
0 31 17367 0 1 2 3 4
0 31 17397 0 1 2 3 4
0 31 17398 0 1 2 3 4
0 31 17399 0 1 2 3 4
0 31 17400 0 1 2 3 4
0 31 17401 0 1 2 3 4
0 31 17402 0 1 2 3 4
0 31 17403 0 1 2 3 4
0 31 17404 0 1 2 3 4
0 31 17405 0 1 2 3 4
0 31 17432 0 1 2 3 4
0 31 17433 0 1 2 3 4
0 31 17434 0 1 2 3 4
0 31 17435 0 1 2 3 4
0 31 17436 0 1 2 3 4
0 31 17437 0 1 2 3 4
0 31 17438 0 1 2 3 4
0 31 17439 0 1 2 3 4
0 31 17440 0 1 2 3 4
0 31 17441 0 1 2 3 4
0 31 17470 0 1 2 3 4
0 31 17471 0 1 2 3 4
0 31 17472 0 1 2 3 4
0 31 17473 0 1 2 3 4
0 31 17474 0 1 2 3 4
0 31 17475 0 1 2 3 4
0 31 17476 0 1 2 3 4
0 31 17477 0 1 2 3 4
0 31 17478 0 1 2 3 4
0 31 17479 0 1 2 3 4
0 31 17480 0 1 2 3 4
0 31 17507 0 1 2 3 4
0 31 17508 0 1 2 3 4
0 31 17509 0 1 2 3 4
0 31 17510 0 1 2 3 4
0 31 17511 0 1 2 3 4
0 31 17512 0 1 2 3 4
0 31 17513 0 1 2 3 4
0 31 17514 0 1 2 3 4
0 31 17515 0 1 2 3 4
0 31 17516 0 1 2 3 4
0 31 17542 0 1 2 3 4
0 31 17543 0 1 2 3 4
0 31 17544 0 1 2 3 4
0 31 17545 0 1 2 3 4
0 31 17546 0 1 2 3 4
0 31 17547 0 1 2 3 4
0 31 17548 0 1 2 3 4
0 31 17549 0 1 2 3 4
0 31 17550 0 1 2 3 4
0 31 17551 0 1 2 3 4
0 31 17577 0 1 2 3 4
0 31 17578 0 1 2 3 4
0 31 17579 0 1 2 3 4
0 31 17580 0 1 2 3 4
0 31 17581 0 1 2 3 4
0 31 17582 0 1 2 3 4
0 31 17583 0 1 2 3 4
0 31 17584 0 1 2 3 4
0 31 17585 0 1 2 3 4
0 31 17612 0 1 2 3 4
0 31 17613 0 1 2 3 4
0 31 17614 0 1 2 3 4
0 31 17615 0 1 2 3 4
0 31 17616 0 1 2 3 4
0 31 17617 0 1 2 3 4
0 31 17618 0 1 2 3 4
0 31 17648 0 1 2 3 4
0 31 17649 0 1 2 3 4
0 31 17650 0 1 2 3 4
0 31 17651 0 1 2 3 4
0 31 17652 0 1 2 3 4
0 31 17653 0 1 2 3 4
0 31 17681 0 1 2 3 4
0 31 17682 0 1 2 3 4
0 31 17683 0 1 2 3 4
0 31 17684 0 1 2 3 4
0 31 17685 0 1 2 3 4
0 31 17686 0 1 2 3 4
0 31 17715 0 1 2 3 4
0 31 17716 0 1 2 3 4
0 31 17717 0 1 2 3 4
0 31 17718 0 1 2 3 4
0 31 17719 0 1 2 3 4
0 31 17720 0 1 2 3 4
0 31 17752 0 1 2 3 4
0 31 17753 0 1 2 3 4
0 31 17754 0 1 2 3 4
0 31 17755 0 1 2 3 4
0 31 17788 0 1 2 3 4
